0.02 -0.0018911
0.04 -0.0034871
0.06 -0.0012974
0.08 0.0018417
0.1 0.0049809
0.12 0.0040387
0.14 0.001271
0.16 0.00079252
0.18 0.00022191
0.2 0.0016758
0.22 0.00026117
0.24 -0.0006298
0.26 -0.001986
0.28 -0.0022626
0.3 -0.00034788
0.32 -0.00048114
0.34 0.00074455
0.36 0.0017098
0.38 -0.00014662
0.4 -0.001456
0.42 -0.0030828
0.44 -0.0045575
0.46 -0.0022611
0.48 -0.00059658
0.5 0.00064663
0.52 0.0032927
0.54 0.00089784
0.56 -0.0013697
0.58 -0.00072777
0.6 0.00098205
0.62 0.0037349
0.64 0.0050687
0.66 0.0060851
0.68 0.0046748
0.7 0.002274
0.72 0.002483
0.74 0.00038651
0.76 -0.003439
0.78 -0.0052488
0.8 -0.0075354
0.82 -0.0056048
0.84 -0.00098838
0.86 0.00062775
0.88 -0.0014526
0.9 -0.0054494
0.92 -0.0051937
0.94 -0.0022303
0.96 0.0027152
0.98 0.0053699
1 0.006199
1.02 0.0080828
1.04 0.0071243
1.06 0.0053686
1.08 0.0030863
1.1 0.0035234
1.12 0.0078617
1.14 0.0094998
1.16 0.0082414
1.18 -0.0017632
1.2 -0.0079761
1.22 -0.0059929
1.24 -0.0029813
1.26 0.0019012
1.28 0.0071465
1.3 0.00057952
1.32 -0.0090316
1.34 -0.01285
1.36 -0.013406
1.38 -0.0058965
1.4 0.0119
1.42 0.022901
1.44 0.014708
1.46 0.0082883
1.48 -0.00088691
1.5 -0.0036886
1.52 0.0028658
1.54 0.0079253
1.56 0.0031736
1.58 -0.00331
1.6 0.00041531
1.62 0.0029865
1.64 -0.0097288
1.66 -0.018116
1.68 -0.013333
1.7 0.000571
1.72 0.0139
1.74 0.011515
1.76 -0.00028618
1.78 -0.0096575
1.8 -0.005075
1.82 0.0041783
1.84 0.0077135
1.86 -0.0016374
1.88 -0.0041495
1.9 0.00093764
1.92 0.0043396
1.94 0.0068961
1.96 0.014967
1.98 0.017825
2 0.0093901
2.02 0.0015503
2.04 -0.0052918
2.06 -0.0014963
2.08 0.0071966
2.1 0.0072034
2.12 -0.019653
2.14 -0.043565
2.16 -0.039508
2.18 -0.013025
2.2 0.028152
2.22 0.042903
2.24 0.043441
2.26 0.021213
2.28 -0.014159
2.3 -0.013188
2.32 -0.0073565
2.34 -0.018707
2.36 -0.020162
2.38 0.016603
2.4 0.041057
2.42 0.011824
2.44 -0.027497
2.46 -0.029853
2.48 -0.001949
2.5 0.024356
2.52 0.022923
2.54 -0.014372
2.56 -0.031572
2.58 -0.017063
2.6 -0.0029534
2.62 -0.0023587
2.64 -0.0057458
2.66 0.01566
2.68 0.041574
2.7 0.025036
2.72 -0.0038878
2.74 -0.0049958
2.76 -0.016803
2.78 -0.019501
2.8 -0.014878
2.82 -0.018208
2.84 -0.0059677
2.86 0.012114
2.88 0.027146
2.9 0.021636
2.92 -0.0026558
2.94 -0.01356
2.96 0.0076732
2.98 0.036512
3 0.025606
3.02 -0.014318
3.04 -0.019654
3.06 0.0075393
3.08 0.0087542
3.1 -0.015825
3.12 -0.028218
3.14 0.0035253
3.16 0.039693
3.18 0.025077
3.2 -0.0098837
3.22 -0.028392
3.24 -0.029327
3.26 -0.021728
3.28 -0.017568
3.3 -0.010225
3.32 0.027792
3.34 0.030682
3.36 -0.0024398
3.38 -0.0097313
3.4 -0.0092933
3.42 -0.00192
3.44 0.016857
3.46 0.044229
3.48 0.043131
3.5 0.0060871
3.52 -0.016223
3.54 -0.025232
3.56 -0.026409
3.58 -0.011362
3.6 0.008659
3.62 0.013777
3.64 0.018534
3.66 0.017196
3.68 -0.032435
3.7 -0.069913
3.72 -0.055767
3.74 0.013826
3.76 0.046858
3.78 0.021956
3.8 0.025373
3.82 0.040518
3.84 0.027611
3.86 -0.007076
3.88 -0.024582
3.9 -0.022679
3.92 0.0026988
3.94 0.018474
3.96 0.014539
3.98 0.0090125
4 0.0072811
4.02 0.015403
4.04 0.026476
4.06 0.031579
4.08 0.035511
4.1 0.0095644
4.12 -0.038869
4.14 -0.061896
4.16 -0.061005
4.18 -0.040593
4.2 -0.031964
4.22 -0.037696
4.24 0.0037929
4.26 0.052308
4.28 0.057206
4.3 0.023532
4.32 -0.035163
4.34 -0.089689
4.36 -0.11982
4.38 -0.13352
4.4 -0.14912
4.42 -0.14299
4.44 -0.12046
4.46 -0.097604
4.48 -0.058324
4.5 0.013257
4.52 0.1164
4.54 0.19545
4.56 0.22308
4.58 0.21242
4.6 0.16237
4.62 0.076045
4.64 -0.031394
4.66 -0.096906
4.68 -0.11638
4.7 -0.12102
4.72 -0.10801
4.74 -0.084358
4.76 -0.077021
4.78 -0.084088
4.8 -0.082124
4.82 -0.054097
4.84 -0.011073
4.86 0.03533
4.88 0.078903
4.9 0.097293
4.92 0.10678
4.94 0.12067
4.96 0.13226
4.98 0.13277
5 0.10451
5.02 0.063865
5.04 0.036537
5.06 -0.0026862
5.08 -0.054159
5.1 -0.13244
5.12 -0.1992
5.14 -0.20873
5.16 -0.15941
5.18 -0.10558
5.2 -0.081907
5.22 -0.049664
5.24 0.014094
5.26 0.08708
5.28 0.10694
5.3 0.073165
5.32 0.005509
5.34 -0.049551
5.36 -0.073023
5.38 -0.07669
5.4 -0.067638
5.42 -0.03661
5.44 -0.019344
5.46 0.0017228
5.48 0.051529
5.5 0.074398
5.52 0.074893
5.54 0.059023
5.56 0.038437
5.58 0.033684
5.6 0.065222
5.62 0.13781
5.64 0.17147
5.66 0.15455
5.68 0.083024
5.7 -0.039788
5.72 -0.1384
5.74 -0.19807
5.76 -0.21677
5.78 -0.20574
5.8 -0.14552
5.82 -0.028526
5.84 0.079538
5.86 0.16158
5.88 0.21475
5.9 0.23351
5.92 0.21551
5.94 0.16298
5.96 0.1273
5.98 0.10671
6 0.076433
6.02 0.041021
6.04 0.011633
6.06 -0.022157
6.08 -0.049105
6.1 -0.059876
6.12 -0.067344
6.14 -0.084798
6.16 -0.081777
6.18 -0.029297
6.2 0.02704
6.22 0.06428
6.24 0.062637
6.26 0.002637
6.28 -0.050918
6.3 -0.053074
6.32 -0.04604
6.34 -0.039045
6.36 -0.07948
6.38 -0.13536
6.4 -0.1594
6.42 -0.13332
6.44 -0.04059
6.46 0.025704
6.48 0.030843
6.5 0.019225
6.52 0.017989
6.54 0.013553
6.56 0.00034087
6.58 -0.020987
6.6 -0.039526
6.62 -0.044083
6.64 -0.0097298
6.66 0.033957
6.68 0.040476
6.7 0.035778
6.72 0.037375
6.74 0.042359
6.76 0.059071
6.78 0.086652
6.8 0.10558
6.82 0.1027
6.84 0.055796
6.86 -0.035852
6.88 -0.1431
6.9 -0.19545
6.92 -0.17733
6.94 -0.12027
6.96 -0.067396
6.98 -0.028449
7 -0.013726
7.02 0.01869
7.04 0.084773
7.06 0.13267
7.08 0.12675
7.1 0.055905
7.12 0.0064546
7.14 0.027316
7.16 0.098264
7.18 0.14792
7.2 0.14517
7.22 0.1065
7.24 0.083555
7.26 0.07784
7.28 0.072329
7.3 0.060248
7.32 0.027361
7.34 0.0078531
7.36 -0.00101
7.38 -0.0071303
7.4 -0.012137
7.42 -0.0071797
7.44 0.017957
7.46 0.019447
7.48 -0.044936
7.5 -0.11752
7.52 -0.14965
7.54 -0.15542
7.56 -0.14642
7.58 -0.12328
7.6 -0.095545
7.62 -0.062657
7.64 -0.021952
7.66 0.018712
7.68 0.046517
7.7 0.047045
7.72 0.013813
7.74 -0.054627
7.76 -0.10899
7.78 -0.10711
7.8 -0.07099
7.82 -0.024597
7.84 0.01758
7.86 0.061835
7.88 0.10067
7.9 0.11332
7.92 0.09785
7.94 0.072478
7.96 0.042913
7.98 0.016885
8 0.02277
8.02 0.042984
8.04 0.070752
8.06 0.10269
8.08 0.14524
8.1 0.17751
8.12 0.1891
8.14 0.16181
8.16 0.096305
8.18 0.036301
8.2 -0.015263
8.22 -0.055271
8.24 -0.10009
8.26 -0.12476
8.28 -0.12363
8.3 -0.090289
8.32 -0.056031
8.34 -0.048315
8.36 -0.043979
8.38 -0.0092196
8.4 0.035462
8.42 0.045326
8.44 0.024163
8.46 -0.021763
8.48 -0.063221
8.5 -0.092676
8.52 -0.1059
8.54 -0.11129
8.56 -0.08636
8.58 -0.019913
8.6 0.019684
8.62 -0.0032831
8.64 -0.066597
8.66 -0.1052
8.68 -0.11173
8.7 -0.11062
8.72 -0.10727
8.74 -0.10478
8.76 -0.098701
8.78 -0.088047
8.8 -0.069366
8.82 -0.040311
8.84 0.0080085
8.86 0.046287
8.88 0.05748
8.9 0.054099
8.92 0.055794
8.94 0.064798
8.96 0.062846
8.98 0.02839
9 -0.034276
9.02 -0.094001
9.04 -0.12173
9.06 -0.11786
9.08 -0.080216
9.1 -0.056619
9.12 -0.041951
9.14 -0.00057546
9.16 0.062729
9.18 0.11123
9.2 0.11862
9.22 0.12027
9.24 0.10666
9.26 0.073588
9.28 0.059808
9.3 0.06241
9.32 0.048761
9.34 0.036075
9.36 0.033148
9.38 0.034345
9.4 0.018447
9.42 -0.011705
9.44 -0.020055
9.46 -0.019799
9.48 -0.02072
9.5 -0.047629
9.52 -0.098332
9.54 -0.11813
9.56 -0.11364
9.58 -0.077656
9.6 -0.017756
9.62 0.05753
9.64 0.1449
9.66 0.2472
9.68 0.34179
9.7 0.40735
9.72 0.41868
9.74 0.34706
9.76 0.17177
9.78 -0.072429
9.8 -0.24079
9.82 -0.32659
9.84 -0.34986
9.86 -0.34666
9.88 -0.29312
9.9 -0.18524
9.92 -0.070339
9.94 0.028864
9.96 0.066487
9.98 0.066259
10 0.073567
10.02 0.095596
10.04 0.10568
10.06 0.090922
10.08 0.030171
10.1 -0.058929
10.12 -0.10995
10.14 -0.084721
10.16 0.0022131
10.18 0.097511
10.2 0.17073
10.22 0.20761
10.24 0.19816
10.26 0.14673
10.28 0.087027
10.3 0.024224
10.32 -0.056419
10.34 -0.12625
10.36 -0.16115
10.38 -0.16594
10.4 -0.14247
10.42 -0.090175
10.44 -0.045454
10.46 0.00037746
10.48 0.041954
10.5 0.053145
10.52 0.045338
10.54 0.024948
10.56 -0.0018772
10.58 -0.037196
10.6 -0.10487
10.62 -0.15687
10.64 -0.16356
10.66 -0.11162
10.68 -0.033718
10.7 0.017937
10.72 0.049171
10.74 0.064206
10.76 0.070528
10.78 0.071342
10.8 0.052051
10.82 0.010469
10.84 -0.014759
10.86 -0.025499
10.88 -0.035197
10.9 -0.025515
10.92 0.022132
10.94 0.051584
10.96 0.058362
10.98 0.049078
11 0.020506
11.02 -0.025256
11.04 -0.064376
11.06 -0.06939
11.08 -0.066727
11.1 -0.041689
11.12 -0.014145
11.14 -0.013971
11.16 -0.032667
11.18 -0.075655
11.2 -0.11651
11.22 -0.14537
11.24 -0.15737
11.26 -0.15938
11.28 -0.14293
11.3 -0.079491
11.32 0.034092
11.34 0.15105
11.36 0.23705
11.38 0.28394
11.4 0.30094
11.42 0.25508
11.44 0.13623
11.46 0.03922
11.48 -0.047427
11.5 -0.1006
11.52 -0.084819
11.54 -0.024217
11.56 0.038401
11.58 0.071995
11.6 0.077439
11.62 0.075416
11.64 0.018179
11.66 -0.024856
11.68 -0.028871
11.7 -0.040875
11.72 -0.043177
11.74 -0.047954
11.76 -0.049312
11.78 -0.051231
11.8 -0.044988
11.82 -0.016365
11.84 0.018223
11.86 0.032112
11.88 0.040908
11.9 0.050573
11.92 0.055201
11.94 0.040861
11.96 -0.0042279
11.98 -0.068425
12 -0.097209
12.02 -0.096826
12.04 -0.064744
12.06 -0.0056256
12.08 0.061569
12.1 0.10799
12.12 0.12081
12.14 0.089627
12.16 0.040073
12.18 0.026411
12.2 0.0032819
12.22 -0.04157
12.24 -0.099908
12.26 -0.15661
12.28 -0.19109
12.3 -0.20231
12.32 -0.20535
12.34 -0.16938
12.36 -0.08399
12.38 0.0040221
12.4 0.070873
12.42 0.10318
12.44 0.11
12.46 0.086096
12.48 0.050219
12.5 0.0095419
12.52 -0.0222
12.54 -0.030698
12.56 -0.032885
12.58 -0.046369
12.6 -0.06524
12.62 -0.066928
12.64 -0.037354
12.66 0.023129
12.68 0.077765
12.7 0.10569
12.72 0.10172
12.74 0.062775
12.76 0.0097694
12.78 -0.013386
12.8 -0.0050156
12.82 0.019862
12.84 0.040387
12.86 0.043456
12.88 0.040894
12.9 0.037161
12.92 0.040566
12.94 0.048307
12.96 0.061805
12.98 0.070681
13 0.064601
13.02 0.050412
13.04 0.030254
13.06 0.023098
13.08 0.029083
13.1 0.052361
13.12 0.082846
13.14 0.10546
13.16 0.11719
13.18 0.1133
13.2 0.07746
13.22 0.025962
13.24 -0.026218
13.26 -0.07229
13.28 -0.092673
13.3 -0.10157
13.32 -0.10714
13.34 -0.11008
13.36 -0.10633
13.38 -0.097139
13.4 -0.07566
13.42 -0.05547
13.44 -0.045148
13.46 -0.037543
13.48 -0.011976
13.5 0.040351
13.52 0.09804
13.54 0.13225
13.56 0.1389
13.58 0.11448
13.6 0.049927
13.62 -0.023276
13.64 -0.088817
13.66 -0.11942
13.68 -0.12021
13.7 -0.099791
13.72 -0.070185
13.74 -0.055785
13.76 -0.041935
13.78 -0.024202
13.8 -0.0071292
13.82 0.0035594
13.84 -0.0010925
13.86 -0.013658
13.88 -0.01877
13.9 -0.013113
13.92 0.0018148
13.94 0.012291
13.96 0.016936
13.98 0.014494
14 0.00049028
14.02 -0.020788
14.04 -0.050894
14.06 -0.07418
14.08 -0.073061
14.1 -0.037608
14.12 0.017334
14.14 0.056376
14.16 0.072157
14.18 0.076146
14.2 0.07883
14.22 0.080557
14.24 0.083784
14.26 0.082106
14.28 0.069669
14.3 0.030725
14.32 -0.028302
14.34 -0.075025
14.36 -0.10577
14.38 -0.11967
14.4 -0.12105
14.42 -0.087537
14.44 -0.026037
14.46 0.033243
14.48 0.064556
14.5 0.070268
14.52 0.077537
14.54 0.090934
14.56 0.10264
14.58 0.098942
14.6 0.074385
14.62 0.040013
14.64 -0.0014756
14.66 -0.042019
14.68 -0.0581
14.7 -0.058125
14.72 -0.041645
14.74 -0.015389
14.76 0.011298
14.78 0.038438
14.8 0.059183
14.82 0.073229
14.84 0.084533
14.86 0.092516
14.88 0.097995
14.9 0.10462
14.92 0.11089
14.94 0.11179
14.96 0.1053
14.98 0.086055
15 0.046785
15.02 0.0030484
15.04 -0.039309
15.06 -0.069337
15.08 -0.090401
15.1 -0.1077
15.12 -0.11391
15.14 -0.11659
15.16 -0.11156
15.18 -0.10901
15.2 -0.10666
15.22 -0.10225
15.24 -0.093701
15.26 -0.081206
15.28 -0.064068
15.3 -0.041514
15.32 -0.026546
15.34 -0.022102
15.36 -0.023146
15.38 -0.02102
15.4 -0.020506
15.42 -0.021749
15.44 -0.024178
15.46 -0.027915
15.48 -0.032568
15.5 -0.040454
15.52 -0.046566
15.54 -0.047456
15.56 -0.028348
15.58 0.0059837
15.6 0.037038
15.62 0.057995
15.64 0.062716
15.66 0.049082
15.68 0.026192
15.7 0.0076824
15.72 0.0020109
15.74 0.012517
15.76 0.029364
15.78 0.036395
15.8 0.030387
15.82 0.020031
15.84 0.01031
15.86 0.0044892
15.88 -0.0019225
15.9 -0.010006
15.92 -0.025299
15.94 -0.048403
15.96 -0.080052
15.98 -0.10119
16 -0.10028
16.02 -0.070852
16.04 -0.031414
16.06 -0.007452
16.08 0.010614
16.1 0.032267
16.12 0.064528
16.14 0.085443
16.16 0.087877
16.18 0.078255
16.2 0.061198
16.22 0.045426
16.24 0.038188
16.26 0.036833
16.28 0.035664
16.3 0.033291
16.32 0.026065
16.34 0.0074268
16.36 -0.018846
16.38 -0.037685
16.4 -0.054006
16.42 -0.071804
16.44 -0.08588
16.46 -0.093776
16.48 -0.08559
16.5 -0.04328
16.52 0.01523
16.54 0.053217
16.56 0.067405
16.58 0.073208
16.6 0.069706
16.62 0.060926
16.64 0.052661
16.66 0.048219
16.68 0.046769
16.7 0.042343
16.72 0.029917
16.74 0.0059739
16.76 -0.010421
16.78 -0.020517
16.8 -0.028637
16.82 -0.032838
16.84 -0.035474
16.86 -0.030499
16.88 -0.011871
16.9 0.002617
16.92 0.0045433
16.94 -0.0040084
16.96 -0.03001
16.98 -0.056678
17 -0.073134
17.02 -0.076474
17.04 -0.075227
17.06 -0.061824
17.08 -0.032175
17.1 -0.0017862
17.12 0.020323
17.14 0.024221
17.16 0.021983
17.18 0.024045
17.2 0.033416
17.22 0.059154
17.24 0.079611
17.26 0.091267
17.28 0.097307
17.3 0.095438
17.32 0.074875
17.34 0.036216
17.36 -0.0035845
17.38 -0.027246
17.4 -0.032284
17.42 -0.026929
17.44 -0.016759
17.46 -0.015153
17.48 -0.015368
17.5 -0.013366
17.52 0.0014508
17.54 0.015394
17.56 0.02661
17.58 0.045813
17.6 0.072501
17.62 0.093491
17.64 0.096211
17.66 0.077376
17.68 0.039702
17.7 0.0022336
17.72 -0.027934
17.74 -0.046778
17.76 -0.057565
17.78 -0.060928
17.8 -0.055772
17.82 -0.04348
17.84 -0.028315
17.86 -0.022015
17.88 -0.019014
17.9 -0.01574
17.92 -0.014868
17.94 -0.020816
17.96 -0.028565
17.98 -0.03922
18 -0.040895
18.02 -0.033777
18.04 -0.01888
18.06 0.00031046
18.08 0.0084611
18.1 0.0035898
18.12 -0.019766
18.14 -0.042856
18.16 -0.052716
18.18 -0.046752
18.2 -0.028204
18.22 -0.014297
18.24 -0.013513
18.26 -0.018538
18.28 -0.023409
18.3 -0.02239
18.32 -0.013762
18.34 -0.0052647
18.36 0.00034364
18.38 -0.00067753
18.4 -0.0048569
18.42 -0.0051189
18.44 0.0035584
18.46 0.016987
18.48 0.02492
18.5 0.020198
18.52 0.0061325
18.54 -0.0080072
18.56 -0.013031
18.58 -0.0030865
18.6 0.018414
18.62 0.043115
18.64 0.053126
18.66 0.053392
18.68 0.039267
18.7 0.016607
18.72 0.0052112
18.74 0.0091709
18.76 0.023255
18.78 0.03739
18.8 0.048839
18.82 0.050878
18.84 0.046409
18.86 0.036256
18.88 0.017937
18.9 0.0013791
18.92 -0.006115
18.94 -0.0067091
18.96 -0.0078633
18.98 -0.015713
19 -0.027691
19.02 -0.035956
19.04 -0.03612
19.06 -0.026705
19.08 -0.010055
19.1 0.0095727
19.12 0.026598
19.14 0.036566
19.16 0.041757
19.18 0.047096
19.2 0.045339
19.22 0.039474
19.24 0.032864
19.26 0.024958
19.28 0.019339
19.3 0.017026
19.32 0.019633
19.34 0.024523
19.36 0.022614
19.38 0.016319
19.4 0.0083146
19.42 -0.0052736
19.44 -0.021866
19.46 -0.038491
19.48 -0.049452
19.5 -0.055275
19.52 -0.051041
19.54 -0.040866
19.56 -0.021839
19.58 -0.005226
19.6 -0.0013467
19.62 -0.00252
19.64 -0.0030613
19.66 -0.0016601
19.68 0.0021329
19.7 0.0047806
19.72 0.0016647
19.74 -0.0046036
19.76 -0.016498
19.78 -0.037029
19.8 -0.063001
19.82 -0.079487
19.84 -0.086038
19.86 -0.083751
19.88 -0.073715
19.9 -0.060332
19.92 -0.049919
19.94 -0.041042
19.96 -0.028678
19.98 -0.013907
20 -0.00021034
20.02 0.0087918
20.04 0.014682
20.06 0.016685
20.08 0.019581
20.1 0.022224
20.12 0.025391
20.14 0.025974
20.16 0.029585
20.18 0.037312
20.2 0.042291
20.22 0.040833
20.24 0.031966
20.26 0.020429
20.28 0.0081896
20.3 -0.0036783
20.32 -0.010622
20.34 -0.0093629
20.36 0.001317
20.38 0.019195
20.4 0.032811
20.42 0.040942
20.44 0.042678
20.46 0.038326
20.48 0.027331
20.5 0.012416
20.52 0.0053744
20.54 0.0054738
20.56 0.0087709
20.58 0.011912
20.6 0.009078
20.62 0.0021442
20.64 -0.0044547
20.66 -0.006058
20.68 -0.0043407
20.7 -0.0047094
20.72 -0.0065145
20.74 -0.0080242
20.76 -0.010227
20.78 -0.013159
20.8 -0.013953
20.82 -0.010422
20.84 -0.0036668
20.86 0.0023015
20.88 0.0016227
20.9 -0.0041774
20.92 -0.010588
20.94 -0.012277
20.96 -0.0089975
20.98 -0.0090561
21 -0.011462
21.02 -0.016732
21.04 -0.024357
21.06 -0.035457
21.08 -0.040677
21.1 -0.038074
21.12 -0.021916
21.14 4.9582e-005
21.16 0.01288
21.18 0.019662
21.2 0.018655
21.22 0.015864
21.24 0.011648
21.26 0.004568
21.28 -0.0055504
21.3 -0.01373
21.32 -0.014594
21.34 -0.0058079
21.36 0.0049394
21.38 0.017855
21.4 0.027846
21.42 0.036377
21.44 0.045263
21.46 0.049056
21.48 0.047965
21.5 0.042567
21.52 0.035966
21.54 0.026807
21.56 0.017413
21.58 0.0080592
21.6 -0.00069722
21.62 -0.0068118
21.64 -0.0096702
21.66 -0.0078607
21.68 -0.0017228
21.7 0.0030387
21.72 0.0036457
21.74 -0.0041979
21.76 -0.017322
21.78 -0.027643
21.8 -0.030581
21.82 -0.024862
21.84 -0.018642
21.86 -0.016019
21.88 -0.018406
21.9 -0.026177
21.92 -0.031771
21.94 -0.032199
21.96 -0.027128
21.98 -0.024138
22 -0.025292
22.02 -0.028114
22.04 -0.031649
22.06 -0.032452
22.08 -0.027614
22.1 -0.017678
22.12 -0.00014764
22.14 0.015269
22.16 0.023007
22.18 0.028137
22.2 0.029828
22.22 0.028823
22.24 0.024123
22.26 0.017596
22.28 0.013653
22.3 0.013514
22.32 0.013329
22.34 0.013631
22.36 0.010301
22.38 0.0055646
22.4 0.0033206
22.42 0.0029579
22.44 0.005
22.46 0.0089861
22.48 0.014856
22.5 0.018712
22.52 0.015499
22.54 0.0042583
22.56 -0.0090416
22.58 -0.01319
22.6 -0.010187
22.62 0.0012011
22.64 0.012665
22.66 0.017762
22.68 0.022196
22.7 0.022055
22.72 0.020671
22.74 0.019116
22.76 0.019012
22.78 0.018749
22.8 0.019489
22.82 0.016809
22.84 0.0095554
22.86 0.0028001
22.88 -0.0016454
22.9 -0.0021808
22.92 -0.0017068
22.94 -0.0004122
22.96 -0.00043997
22.98 0.00017004
23 0.0023994
23.02 0.0041811
23.04 0.0030987
23.06 -0.0014594
23.08 -0.0051004
23.1 -0.0068616
23.12 -0.0051427
23.14 -0.0013745
23.16 0.0046904
23.18 0.0096654
23.2 0.010438
23.22 0.0048075
23.24 -0.0034764
23.26 -0.0175
23.28 -0.032136
23.3 -0.040269
23.32 -0.046493
23.34 -0.047207
23.36 -0.04695
23.38 -0.041995
23.4 -0.03677
23.42 -0.032201
23.44 -0.032007
23.46 -0.033433
23.48 -0.032345
23.5 -0.029429
23.52 -0.026255
23.54 -0.024365
23.56 -0.020848
23.58 -0.015409
23.6 -0.0092744
23.62 -0.0052999
23.64 0.0010648
23.66 0.0094571
23.68 0.018639
23.7 0.02921
23.72 0.036636
23.74 0.037811
23.76 0.03538
23.78 0.033281
23.8 0.031097
23.82 0.028669
23.84 0.025196
23.86 0.018752
23.88 0.012268
23.9 0.0045498
23.92 -0.0037545
23.94 -0.0067927
23.96 -0.0031751
23.98 0.0063683
24 0.015248
24.02 0.020869
24.04 0.020362
24.06 0.017141
24.08 0.012653
24.1 0.0043222
24.12 -0.0015466
24.14 -0.0092571
24.16 -0.018062
24.18 -0.028452
24.2 -0.037034
24.22 -0.040709
24.24 -0.042463
24.26 -0.040069
24.28 -0.034489
24.3 -0.024773
24.32 -0.01295
24.34 -0.0036934
24.36 0.0019327
24.38 0.00743
24.4 0.012205
24.42 0.015464
24.44 0.014595
24.46 0.01369
24.48 0.011896
24.5 0.010147
24.52 0.014152
24.54 0.018498
24.56 0.024462
24.58 0.028326
24.6 0.029475
24.62 0.029211
24.64 0.026695
24.66 0.030997
24.68 0.035138
24.7 0.036524
24.72 0.035029
24.74 0.028067
24.76 0.019213
24.78 0.013128
24.8 0.0095965
24.82 0.0077709
24.84 0.0050897
24.86 0.0026044
24.88 0.00060044
24.9 -0.0022403
24.92 -0.00054772
24.94 0.0011141
24.96 0.001556
24.98 -1.355e-005
25 -0.00060298
25.02 -0.0010388
25.04 -0.0031876
25.06 -0.0068651
25.08 -0.0097848
25.1 -0.012788
25.12 -0.014094
25.14 -0.016009
25.16 -0.017714
25.18 -0.015666
25.2 -0.014898
25.22 -0.014806
25.24 -0.013486
25.26 -0.010122
25.28 -0.0066462
25.3 -0.0032201
25.32 -0.0016709
25.34 -0.0022326
25.36 -0.006479
25.38 -0.010793
25.4 -0.014674
25.42 -0.013829
25.44 -0.010342
25.46 -0.0092491
25.48 -0.0090413
25.5 -0.011205
25.52 -0.012173
25.54 -0.012214
25.56 -0.012635
25.58 -0.0096933
25.6 -0.0078822
25.62 -0.0084599
25.64 -0.009042
25.66 -0.011754
25.68 -0.011183
25.7 -0.010821
25.72 -0.011087
25.74 -0.010235
25.76 -0.0072363
25.78 -0.0051576
25.8 -0.0035235
25.82 -0.0047829
25.84 -0.0060627
25.86 -0.0060597
25.88 -0.0040833
25.9 -0.00054322
25.92 0.00047647
25.94 0.00081595
25.96 0.0014963
25.98 0.0057005
26 0.0068694
26.02 0.0062493
26.04 0.0038474
26.06 0.0010316
26.08 0.0015335
26.1 0.00039405
26.12 -0.0016552
26.14 -0.0060304
26.16 -0.0076555
26.18 -0.0083224
26.2 -0.010062
26.22 -0.0093345
26.24 -0.0082256
26.26 -0.0071605
26.28 -0.0070331
26.3 -0.0074148
26.32 -0.0094583
26.34 -0.010226
26.36 -0.013595
26.38 -0.017558
26.4 -0.02133
26.42 -0.023505
26.44 -0.024671
26.46 -0.02463
26.48 -0.021328
26.5 -0.017449
26.52 -0.012421
26.54 -0.0085793
26.56 -0.0044658
26.58 0.00011445
26.6 0.003027
26.62 0.0040936
26.64 0.005574
26.66 0.0093965
26.68 0.01398
26.7 0.016184
26.72 0.017943
26.74 0.022608
26.76 0.026234
26.78 0.030055
26.8 0.032772
26.82 0.03381
26.84 0.032923
26.86 0.028273
26.88 0.025138
26.9 0.020938
26.92 0.02203
26.94 0.024528
26.96 0.027196
26.98 0.031225
27 0.032318
27.02 0.033281
27.04 0.033184
27.06 0.034138
27.08 0.03468
27.1 0.031306
27.12 0.026339
27.14 0.019092
27.16 0.011961
27.18 0.007523
27.2 0.0025393
27.22 0.0025306
27.24 0.0034084
27.26 0.0036265
27.28 0.0041065
27.3 0.0056396
27.32 0.0057875
27.34 0.0026221
27.36 -0.0028253
27.38 -0.006137
27.4 -0.0079888
27.42 -0.010568
27.44 -0.011384
27.46 -0.0078494
27.48 -0.0029883
27.5 -0.00039902
27.52 0.00098055
27.54 -0.00090782
27.56 -0.0029878
27.58 -0.003605
27.6 -0.0055636
27.62 -0.0078717
27.64 -0.0066502
27.66 -0.0035547
27.68 -0.00019301
27.7 0.0016152
27.72 0.0048613
27.74 0.010473
27.76 0.014306
27.78 0.016065
27.8 0.015675
27.82 0.013806
27.84 0.01125
27.86 0.0078069
27.88 0.0043109
27.9 0.0023465
27.92 -0.001603
27.94 -0.0056563
27.96 -0.0093337
27.98 -0.012435
28 -0.01171
28.02 -0.009797
28.04 -0.011235
28.06 -0.012929
28.08 -0.014028
28.1 -0.016691
28.12 -0.017821
28.14 -0.01648
28.16 -0.010494
28.18 -0.0022024
28.2 0.0027684
28.22 0.0035161
28.24 0.0014829
28.26 -0.00025187
28.28 -0.00047553
28.3 -0.0029578
28.32 -0.0062578
28.34 -0.0089156
28.36 -0.0084883
28.38 -0.0088699
28.4 -0.0084031
28.42 -0.011452
28.44 -0.014869
28.46 -0.018291
28.48 -0.021097
28.5 -0.021271
28.52 -0.019565
28.54 -0.016708
28.56 -0.016101
28.58 -0.013526
28.6 -0.014674
28.62 -0.017499
28.64 -0.022102
28.66 -0.027996
28.68 -0.030645
28.7 -0.032935
28.72 -0.033377
28.74 -0.028928
28.76 -0.022123
28.78 -0.015817
28.8 -0.010625
28.82 -0.0083006
28.84 -0.007256
28.86 -0.0039923
28.88 -0.00064381
28.9 0.0043197
28.92 0.0067905
28.94 0.0044136
28.96 -0.0010104
28.98 -0.0086023
29 -0.014954
29.02 -0.017094
29.04 -0.014926
29.06 -0.010669
29.08 -0.0036572
29.1 0.004188
29.12 0.0096415
29.14 0.012327
29.16 0.012683
29.18 0.016122
29.2 0.016759
29.22 0.013558
29.24 0.010368
29.26 0.004236
29.28 0.00061128
29.3 -0.0019368
29.32 -0.0038676
29.34 -0.004062
29.36 -0.0040721
29.38 -0.0011668
29.4 0.00025377
29.42 0.0001837
29.44 0.00022919
29.46 -0.003043
29.48 -0.0038254
29.5 -0.0010606
29.52 0.0071591
29.54 0.013837
29.56 0.016659
29.58 0.019681
29.6 0.020764
29.62 0.019737
29.64 0.017062
29.66 0.016448
29.68 0.016781
29.7 0.014871
29.72 0.013376
29.74 0.01306
29.76 0.014125
29.78 0.015474
29.8 0.014225
29.82 0.015608
29.84 0.016981
29.86 0.016875
29.88 0.01607
29.9 0.013828
29.92 0.012393
29.94 0.012304
29.96 0.013944
29.98 0.017405
30 0.021355
30.02 0.026217
30.04 0.028406
30.06 0.027879
30.08 0.029487
30.1 0.031156
30.12 0.030656
30.14 0.028673
30.16 0.023372
30.18 0.019349
30.2 0.016102
30.22 0.015116
30.24 0.013797
30.26 0.011307
30.28 0.0095827
30.3 0.0087461
30.32 0.0076886
30.34 0.0057841
30.36 0.0043814
30.38 -0.0018617
30.4 -0.0057907
30.42 -0.01204
30.44 -0.018397
30.46 -0.022583
30.48 -0.02771
30.5 -0.031414
30.52 -0.032796
30.54 -0.034168
30.56 -0.035251
30.58 -0.032155
30.6 -0.029769
30.62 -0.026709
30.64 -0.024259
30.66 -0.022148
30.68 -0.018593
30.7 -0.016081
30.72 -0.015219
30.74 -0.015108
30.76 -0.016272
30.78 -0.018913
30.8 -0.01873
30.82 -0.018595
30.84 -0.019215
30.86 -0.018995
30.88 -0.019162
30.9 -0.016908
30.92 -0.014339
30.94 -0.010543
30.96 -0.0068504
30.98 -0.0031566
31 -0.00081599
31.02 0.0015875
31.04 -0.0011288
31.06 -0.0064928
31.08 -0.0092047
31.1 -0.0096127
31.12 -0.0060038
31.14 -0.0036939
31.16 -0.0016824
31.18 -0.00037306
31.2 -0.0016485
31.22 -0.0038938
31.24 -0.0066584
31.26 -0.0090163
31.28 -0.0086637
31.3 -0.0046964
31.32 -0.00026539
31.34 0.0019509
31.36 0.0058012
31.38 0.0071851
31.4 0.0067127
31.42 0.0070479
31.44 0.0041092
31.46 0.0025397
31.48 0.00081808
31.5 0.0016974
31.52 0.0044563
31.54 0.0069184
31.56 0.01075
31.58 0.011998
31.6 0.013197
31.62 0.010684
31.64 0.0104
31.66 0.011634
31.68 0.012977
31.7 0.011834
31.72 0.0080253
31.74 0.0056147
31.76 0.0047766
31.78 0.0077945
31.8 0.011583
31.82 0.015619
31.84 0.017359
31.86 0.017227
31.88 0.015032
31.9 0.012074
31.92 0.012571
31.94 0.014562
31.96 0.017772
31.98 0.017229
32 0.014288
32.02 0.01174
32.04 0.008289
32.06 0.0066083
32.08 0.0061681
32.1 0.0064388
32.12 0.0039799
32.14 0.00028347
32.16 -0.0020584
32.18 -0.0020554
32.2 -0.0015579
32.22 0.0010226
32.24 0.0014718
32.26 0.0025939
32.28 0.0047911
32.3 0.0057786
32.32 0.0048293
32.34 0.0017648
32.36 0.0019566
32.38 -0.00063692
32.4 -0.0029744
32.42 -0.0035536
32.44 -0.0015728
32.46 0.0017961
32.48 0.0017392
32.5 -0.0007607
32.52 -0.0038969
32.54 -0.0071925
32.56 -0.010256
32.58 -0.011623
32.6 -0.015153
32.62 -0.01802
32.64 -0.022855
32.66 -0.024896
32.68 -0.023883
32.7 -0.024278
32.72 -0.025805
32.74 -0.025452
32.76 -0.023855
32.78 -0.023855
32.8 -0.024754
32.82 -0.027526
32.84 -0.029382
32.86 -0.031777
32.88 -0.031854
32.9 -0.032431
32.92 -0.031203
32.94 -0.027078
32.96 -0.022022
32.98 -0.017113
33 -0.013797
33.02 -0.0093307
33.04 -0.0068555
33.06 -0.0043936
33.08 -0.0016961
33.1 -0.002265
33.12 -0.0033123
33.14 -0.0067338
33.16 -0.0054728
33.18 -0.00026217
33.2 0.0041219
33.22 0.010035
33.24 0.012672
33.26 0.012279
33.28 0.014138
33.3 0.016037
33.32 0.016062
33.34 0.01665
33.36 0.016868
33.38 0.0177
33.4 0.019511
33.42 0.019693
33.44 0.020913
33.46 0.023934
33.48 0.025364
33.5 0.027172
33.52 0.028556
33.54 0.027979
33.56 0.027734
33.58 0.028214
33.6 0.029093
33.62 0.029124
33.64 0.026865
33.66 0.021902
33.68 0.018288
33.7 0.016231
33.72 0.015216
33.74 0.015602
33.76 0.01575
33.78 0.015582
33.8 0.0138
33.82 0.012273
33.84 0.012687
33.86 0.0092141
33.88 0.0032517
33.9 -0.0038986
33.92 -0.010287
33.94 -0.014957
33.96 -0.017791
33.98 -0.0161
34 -0.011556
34.02 -0.0048127
34.04 0.0012727
34.06 0.0030617
34.08 0.0030383
34.1 0.0017364
34.12 -0.00049437
34.14 -0.0025862
34.16 -0.0039919
34.18 -0.0036657
34.2 -0.0063178
34.22 -0.0066776
34.24 -0.0053479
34.26 -0.0052177
34.28 -0.0063397
34.3 -0.0069965
34.32 -0.0066981
34.34 -0.0072057
34.36 -0.0070653
34.38 -0.0064918
34.4 -0.0037915
34.42 -0.0025378
34.44 -0.0026051
34.46 -0.003398
34.48 -0.0060282
34.5 -0.010061
34.52 -0.011051
34.54 -0.011125
34.56 -0.010829
34.58 -0.0070317
34.6 -0.0058176
34.62 -0.005152
34.64 -0.0063296
34.66 -0.0033089
34.68 0.00027498
34.7 0.0038252
34.72 0.0070595
34.74 0.0090547
34.76 0.011312
34.78 0.012573
34.8 0.013551
34.82 0.011796
34.84 0.010879
34.86 0.010665
34.88 0.010854
34.9 0.011712
34.92 0.013332
34.94 0.01501
34.96 0.014821
34.98 0.012335
35 0.0076983
35.02 0.0043016
35.04 -0.00036342
35.06 -0.0044272
35.08 -0.0043204
35.1 -0.0053196
35.12 -0.0042342
35.14 -0.0036711
35.16 -0.0049555
35.18 -0.0064169
35.2 -0.010083
35.22 -0.012889
35.24 -0.013908
35.26 -0.013958
35.28 -0.014227
35.3 -0.013159
35.32 -0.01166
35.34 -0.0094776
35.36 -0.0061864
35.38 -0.0051756
35.4 -0.0025821
35.42 -0.0033443
35.44 -0.004383
35.46 -0.004936
35.48 -0.0051029
35.5 -0.0020808
35.52 0.0024978
35.54 0.006399
35.56 0.0076833
35.58 0.0089997
35.6 0.0070087
35.62 0.0062173
35.64 0.0036426
35.66 0.0019369
35.68 0.00062609
35.7 -0.0042657
35.72 -0.0054902
35.74 -0.0086499
35.76 -0.0086164
35.78 -0.0056528
35.8 -0.0055374
35.82 -0.0048412
35.84 -0.0032541
35.86 -0.0014828
35.88 -0.0007939
35.9 0.001289
35.92 0.0042233
35.94 0.0090812
35.96 0.01179
35.98 0.014432
36 0.017534
36.02 0.018842
36.04 0.017275
36.06 0.013079
36.08 0.0087774
36.1 0.0060624
36.12 0.0051417
36.14 0.0038699
36.16 0.002902
36.18 0.001047
36.2 -0.004113
36.22 -0.0084301
36.24 -0.011877
36.26 -0.01364
36.28 -0.011819
36.3 -0.00893
36.32 -0.0058065
36.34 -0.0051383
36.36 -0.0041576
36.38 -0.0037995
36.4 -0.0025526
36.42 -0.0020179
36.44 -0.001005
36.46 0.0001622
36.48 -0.0018719
36.5 -0.0033549
36.52 -0.0047279
36.54 -0.0074299
36.56 -0.010897
36.58 -0.012857
36.6 -0.015388
36.62 -0.016421
36.64 -0.015969
36.66 -0.013072
36.68 -0.0086018
36.7 -0.006168
36.72 -0.0031294
36.74 -0.001976
36.76 -0.00013723
36.78 0.0012924
36.8 0.003546
36.82 0.0057562
36.84 0.0060322
36.86 0.0055027
36.88 0.0036662
36.9 0.00026573
36.92 -0.0031434
36.94 -0.0062428
36.96 -0.0097798
36.98 -0.012381
37 -0.013616
37.02 -0.012519
37.04 -0.012216
37.06 -0.010399
37.08 -0.007679
37.1 -0.0065816
37.12 -0.0034906
37.14 -0.0023271
37.16 -0.0010947
37.18 0.00085686
37.2 -0.00013615
37.22 -0.00079448
37.24 -0.00085334
37.26 -0.00043323
37.28 9.9085e-005
37.3 0.0024476
37.32 0.002864
37.34 0.003368
37.36 0.0039653
37.38 0.0034238
37.4 0.0060931
37.42 0.0081864
37.44 0.01008
37.46 0.010904
37.48 0.011031
37.5 0.010105
37.52 0.0090952
37.54 0.0076842
37.56 0.0043233
37.58 0.0011287
37.6 0.00041794
37.62 0.0021005
37.64 0.0044408
37.66 0.0076121
37.68 0.010571
37.7 0.010443
37.72 0.010026
37.74 0.0088182
37.76 0.0073921
37.78 0.0065363
37.8 0.0054541
37.82 0.0047947
37.84 0.0040979
37.86 0.0038684
37.88 0.0037019
37.9 0.0042586
37.92 0.0042216
37.94 0.0044536
37.96 0.0041178
37.98 0.002041
38 0.00016417
38.02 -0.000556
38.04 -0.0014658
38.06 -0.0018936
38.08 -0.001058
38.1 -2.2901e-005
38.12 0.00095892
38.14 0.00092327
38.16 0.0010246
38.18 0.001059
38.2 -0.00027647
38.22 -0.0016976
38.24 -0.0033632
38.26 -0.0045894
38.28 -0.0057313
38.3 -0.0060533
38.32 -0.00602
38.34 -0.0069234
38.36 -0.0069835
38.38 -0.0064812
38.4 -0.0057938
38.42 -0.0050337
38.44 -0.0045493
38.46 -0.0043691
38.48 -0.0040581
38.5 -0.004424
38.52 -0.0043188
38.54 -0.0035628
38.56 -0.0030047
38.58 -0.0017727
38.6 -0.0011091
38.62 -0.00014051
38.64 -6.5335e-005
38.66 0.0004376
38.68 0.00089247
38.7 0.00072419
38.72 0.00067442
38.74 0.00076671
38.76 0.0015373
38.78 0.0019326
38.8 0.0017747
38.82 0.00093219
38.84 0.00014566
38.86 -0.00079997
38.88 -0.00095497
38.9 -0.00071147
38.92 -0.00023921
38.94 0.00037798
38.96 0.0009301
38.98 0.0016379
39 0.0022836
39.02 0.0026801
39.04 0.0028597
39.06 0.0027795
39.08 0.0024188
39.1 0.0020297
39.12 0.0017154
39.14 0.0013328
39.16 0.0011073
39.18 0.0010255
39.2 0.00079173
39.22 0.00063992
39.24 0.00051492
39.26 0.00031956
39.28 0.00017725
39.3 0.00029921
39.32 0.00038891
39.34 0.00036574
39.36 0.00035443
39.38 0.00028613
39.4 0.00031082
39.42 0.00034744
39.44 0.0002757
39.46 0.00016696
39.48 0.00013466
39.5 0.00015816
39.52 0.00019881
39.54 0.00022359
39.56 0.00020732
39.58 0.00018391
39.6 0.00015718
39.62 0.00010813
39.64 3.4756e-005
39.66 -4.8113e-006
39.68 -4.4903e-005
39.7 -8.036e-005
39.72 -0.00011788
39.74 -0.00016096
39.76 -0.00020546
39.78 -0.00022986
39.8 -0.00024494
39.82 -0.00025484
39.84 -0.00026124
39.86 -0.00026366
39.88 -0.00025888
39.9 -0.00025231
