0.005 1.2278e-005
0.01 7.1887e-006
0.015 1.1638e-005
0.02 6.2657e-006
0.025 1.1214e-005
0.03 7.1416e-006
0.035 1.3384e-005
0.04 9.2875e-006
0.045 1.3892e-005
0.05 7.8875e-006
0.055 1.2849e-005
0.06 1.2659e-005
0.065 2.6407e-005
0.07 3.312e-005
0.075 5.2393e-005
0.08 6.2775e-005
0.085 8.007e-005
0.09 8.1183e-005
0.095 8.393e-005
0.1 7.0775e-005
0.105 6.5886e-005
0.11 4.839e-005
0.115 4.5448e-005
0.12 5.3681e-005
0.125 0.00010809
0.13 0.00018849
0.135 0.00027908
0.14 0.00030171
0.145 0.00020164
0.15 -2.5867e-005
0.155 -0.00027468
0.16 -0.00042617
0.165 -0.00036645
0.17 -0.00016052
0.175 3.9904e-005
0.18 6.4425e-005
0.185 -8.6527e-005
0.19 -0.00033499
0.195 -0.00047192
0.2 -0.00031052
0.205 0.00024079
0.21 0.0010053
0.215 0.0016374
0.22 0.0017568
0.225 0.0012916
0.23 0.00036875
0.235 -0.00050384
0.24 -0.00098765
0.245 -0.00099039
0.25 -0.00068199
0.255 -0.00032767
0.26 -0.00010271
0.265 1.8521e-005
0.27 -9.1387e-005
0.275 -0.00043318
0.28 -0.00092388
0.285 -0.0013926
0.29 -0.0017387
0.295 -0.0019021
0.3 -0.0019588
0.305 -0.0019865
0.31 -0.0021069
0.315 -0.0022303
0.32 -0.0020502
0.325 -0.0011898
0.33 0.00020616
0.335 0.0016968
0.34 0.0028215
0.345 0.0036205
0.35 0.004261
0.355 0.0046166
0.36 0.0043207
0.365 0.0032523
0.37 0.0017282
0.375 0.00030965
0.38 -0.00049905
0.385 -0.00046648
0.39 0.00023949
0.395 0.0013943
0.4 0.0023564
0.405 0.0025084
0.41 0.0015557
0.415 -0.00023386
0.42 -0.0023306
0.425 -0.0037484
0.43 -0.0035606
0.435 -0.0021626
0.44 -0.0010809
0.445 -0.0011633
0.45 -0.002476
0.455 -0.0045291
0.46 -0.0063004
0.465 -0.0067281
0.47 -0.0052352
0.475 -0.0015967
0.48 0.0029882
0.485 0.0066241
0.49 0.008005
0.495 0.0072215
0.5 0.0051262
0.505 0.0029199
0.51 0.0013399
0.515 0.00069133
0.52 0.00092307
0.525 0.0018023
0.53 0.0029057
0.535 0.0038619
0.54 0.0041838
0.545 0.0032342
0.55 0.00056316
0.555 -0.0029549
0.56 -0.0056856
0.565 -0.0066191
0.57 -0.0059549
0.575 -0.0046638
0.58 -0.0037533
0.585 -0.0035342
0.59 -0.0041221
0.595 -0.0054434
0.6 -0.007244
0.605 -0.009162
0.61 -0.010225
0.615 -0.0088751
0.62 -0.0050372
0.625 0.00050317
0.63 0.0066724
0.635 0.012023
0.64 0.015214
0.645 0.015902
0.65 0.014628
0.655 0.012713
0.66 0.01111
0.665 0.010211
0.67 0.0099854
0.675 0.0094199
0.68 0.0070822
0.685 0.0020898
0.69 -0.0050406
0.695 -0.011386
0.7 -0.014098
0.705 -0.012469
0.71 -0.0074305
0.715 -0.0016068
0.72 0.0021133
0.725 0.0026016
0.73 0.00013487
0.735 -0.0038131
0.74 -0.0074728
0.745 -0.0091275
0.75 -0.0080035
0.755 -0.0047491
0.76 -0.0010708
0.765 0.0012035
0.77 0.0014523
0.775 0.00043993
0.78 -0.0010041
0.785 -0.001661
0.79 -0.00084434
0.795 0.0012063
0.8 0.00428
0.805 0.0081977
0.81 0.01201
0.815 0.014771
0.82 0.015854
0.825 0.014899
0.83 0.012478
0.835 0.0088336
0.84 0.0037316
0.845 -0.0026666
0.85 -0.0099215
0.855 -0.016558
0.86 -0.020113
0.865 -0.018772
0.87 -0.013282
0.875 -0.0052661
0.88 0.0039365
0.885 0.01184
0.89 0.016178
0.895 0.016191
0.9 0.011773
0.905 0.0038137
0.91 -0.0049117
0.915 -0.012627
0.92 -0.018271
0.925 -0.020783
0.93 -0.019134
0.935 -0.013108
0.94 -0.0046167
0.945 0.0034347
0.95 0.0091129
0.955 0.011587
0.96 0.011905
0.965 0.012116
0.97 0.012549
0.975 0.012145
0.98 0.0094246
0.985 0.004676
0.99 9.0433e-005
0.995 -0.0018985
1 -0.00093101
1.005 0.00042451
1.01 -0.00093173
1.015 -0.0061946
1.02 -0.01326
1.025 -0.01901
1.03 -0.021407
1.035 -0.020239
1.04 -0.016929
1.045 -0.013014
1.05 -0.0094539
1.055 -0.0067177
1.06 -0.0045766
1.065 -0.0021991
1.07 -0.00010054
1.075 0.00062198
1.08 -0.00080589
1.085 -0.0039306
1.09 -0.0073558
1.095 -0.0089975
1.1 -0.0070555
1.105 -0.0011847
1.11 0.006457
1.115 0.012656
1.12 0.014747
1.125 0.012868
1.13 0.0087754
1.135 0.0042595
1.14 0.00061327
1.145 -0.0023393
1.15 -0.0060463
1.155 -0.010473
1.16 -0.013776
1.165 -0.013942
1.17 -0.01023
1.175 -0.0047672
1.18 -6.1471e-005
1.185 0.0030397
1.19 0.0047681
1.195 0.0060311
1.2 0.0065948
1.205 0.0055445
1.21 0.0030149
1.215 0.00063069
1.22 2.2119e-005
1.225 0.0017796
1.23 0.004917
1.235 0.0073157
1.24 0.0074587
1.245 0.005534
1.25 0.0024041
1.255 -0.0011208
1.26 -0.004597
1.265 -0.0080446
1.27 -0.010661
1.275 -0.011223
1.28 -0.0086455
1.285 -0.0036448
1.29 0.0017334
1.295 0.0055624
1.3 0.0074313
1.305 0.0086954
1.31 0.010141
1.315 0.011842
1.32 0.013097
1.325 0.012978
1.33 0.01003
1.335 0.0030815
1.34 -0.0069468
1.345 -0.017426
1.35 -0.026337
1.355 -0.031923
1.36 -0.033232
1.365 -0.029697
1.37 -0.019855
1.375 -0.0041684
1.38 0.01288
1.385 0.024765
1.39 0.028839
1.395 0.027351
1.4 0.022984
1.405 0.018206
1.41 0.014658
1.415 0.012896
1.42 0.011361
1.425 0.0084496
1.43 0.0030453
1.435 -0.0040518
1.44 -0.01027
1.445 -0.01322
1.45 -0.012569
1.455 -0.0088299
1.46 -0.0043406
1.465 -0.0019579
1.47 -0.00358
1.475 -0.011547
1.48 -0.024448
1.485 -0.037564
1.49 -0.047178
1.495 -0.051231
1.5 -0.050574
1.505 -0.047451
1.51 -0.043073
1.515 -0.037639
1.52 -0.031087
1.525 -0.023687
1.53 -0.017015
1.535 -0.011065
1.54 -0.0050114
1.545 0.0030306
1.55 0.014594
1.555 0.02992
1.56 0.047118
1.565 0.064279
1.57 0.077237
1.575 0.082858
1.58 0.080578
1.585 0.071534
1.59 0.05617
1.595 0.038626
1.6 0.020317
1.605 0.0025254
1.61 -0.014154
1.615 -0.0311
1.62 -0.047629
1.625 -0.062313
1.63 -0.073261
1.635 -0.079525
1.64 -0.081471
1.645 -0.080925
1.65 -0.080171
1.655 -0.081084
1.66 -0.084118
1.665 -0.088319
1.67 -0.09081
1.675 -0.087954
1.68 -0.076122
1.685 -0.052743
1.69 -0.017326
1.695 0.0218
1.7 0.056972
1.705 0.084856
1.71 0.10469
1.715 0.1182
1.72 0.12584
1.725 0.12831
1.73 0.12626
1.735 0.12185
1.74 0.11657
1.745 0.11004
1.75 0.096719
1.755 0.071637
1.76 0.034705
1.765 -0.0079494
1.77 -0.047659
1.775 -0.07905
1.78 -0.099411
1.785 -0.10875
1.79 -0.1111
1.795 -0.11168
1.8 -0.11535
1.805 -0.12417
1.81 -0.13738
1.815 -0.14995
1.82 -0.15666
1.825 -0.15344
1.83 -0.13945
1.835 -0.109
1.84 -0.064789
1.845 -0.004071
1.85 0.06901
1.855 0.14352
1.86 0.21079
1.865 0.26386
1.87 0.29277
1.875 0.29438
1.88 0.27739
1.885 0.25211
1.89 0.22459
1.895 0.19982
1.9 0.18332
1.905 0.17771
1.91 0.18068
1.915 0.18952
1.92 0.20173
1.925 0.21149
1.93 0.21333
1.935 0.20503
1.94 0.17572
1.945 0.11692
1.95 0.038887
1.955 -0.042479
1.96 -0.11952
1.965 -0.1802
1.97 -0.21578
1.975 -0.22479
1.98 -0.21223
1.985 -0.18415
1.99 -0.14844
1.995 -0.11378
2 -0.087613
2.005 -0.078792
2.01 -0.088056
2.015 -0.10786
2.02 -0.12812
2.025 -0.13859
2.03 -0.12931
2.035 -0.1009
2.04 -0.054213
2.045 0.0083584
2.05 0.070079
2.055 0.1131
2.06 0.12842
2.065 0.1153
2.07 0.075087
2.075 0.011338
2.08 -0.061525
2.085 -0.1259
2.09 -0.17056
2.095 -0.1952
2.1 -0.20385
2.105 -0.2002
2.11 -0.18582
2.115 -0.16663
2.12 -0.14897
2.125 -0.13597
2.13 -0.12721
2.135 -0.11955
2.14 -0.10851
2.145 -0.091595
2.15 -0.064342
2.155 -0.023811
2.16 0.028423
2.165 0.082891
2.17 0.12868
2.175 0.1611
2.18 0.18215
2.185 0.19593
2.19 0.2068
2.195 0.21876
2.2 0.22903
2.205 0.23193
2.21 0.22487
2.215 0.20712
2.22 0.18026
2.225 0.15035
2.23 0.1169
2.235 0.073419
2.24 0.017932
2.245 -0.043996
2.25 -0.10016
2.255 -0.1428
2.26 -0.17187
2.265 -0.18683
2.27 -0.18822
2.275 -0.17447
2.28 -0.14663
2.285 -0.11039
2.29 -0.078169
2.295 -0.060574
2.3 -0.058672
2.305 -0.065822
2.31 -0.076256
2.315 -0.082542
2.32 -0.077208
2.325 -0.050404
2.33 0.0007336
2.335 0.064735
2.34 0.12346
2.345 0.16711
2.35 0.19483
2.355 0.20493
2.36 0.20078
2.365 0.18537
2.37 0.16038
2.375 0.12263
2.38 0.071683
2.385 0.016326
2.39 -0.029171
2.395 -0.052302
2.4 -0.051908
2.405 -0.036994
2.41 -0.019481
2.415 -0.009874
2.42 -0.015045
2.425 -0.036262
2.43 -0.068503
2.435 -0.10184
2.44 -0.12553
2.445 -0.13522
2.45 -0.1342
2.455 -0.12817
2.46 -0.12067
2.465 -0.11155
2.47 -0.098957
2.475 -0.081881
2.48 -0.063062
2.485 -0.045878
2.49 -0.034378
2.495 -0.030961
2.5 -0.033862
2.505 -0.039756
2.51 -0.046304
2.515 -0.051361
2.52 -0.052372
2.525 -0.047327
2.53 -0.034311
2.535 -0.014392
2.54 0.011233
2.545 0.0388
2.55 0.064361
2.555 0.086851
2.56 0.10597
2.565 0.12355
2.57 0.1392
2.575 0.1527
2.58 0.16156
2.585 0.16253
2.59 0.14696
2.595 0.10593
2.6 0.047332
2.605 -0.012382
2.61 -0.064788
2.615 -0.10906
2.62 -0.14754
2.625 -0.17873
2.63 -0.19894
2.635 -0.20766
2.64 -0.20907
2.645 -0.20742
2.65 -0.20493
2.655 -0.19932
2.66 -0.1833
2.665 -0.1444
2.67 -0.072397
2.675 0.037888
2.68 0.15116
2.685 0.23553
2.69 0.28404
2.695 0.29873
2.7 0.29081
2.705 0.26615
2.71 0.22656
2.715 0.17511
2.72 0.12405
2.725 0.085147
2.73 0.063822
2.735 0.058995
2.74 0.065077
2.745 0.07659
2.75 0.087887
2.755 0.093961
2.76 0.09407
2.765 0.08065
2.77 0.046632
2.775 -0.002558
2.78 -0.048095
2.785 -0.070221
2.79 -0.06171
2.795 -0.027308
2.8 0.021061
2.805 0.066723
2.81 0.096472
2.815 0.10404
2.82 0.084259
2.825 0.037353
2.83 -0.024194
2.835 -0.081336
2.84 -0.11967
2.845 -0.13541
2.85 -0.13409
2.855 -0.12621
2.86 -0.12786
2.865 -0.14682
2.87 -0.17398
2.875 -0.19611
2.88 -0.20658
2.885 -0.20606
2.89 -0.19927
2.895 -0.18776
2.9 -0.15996
2.905 -0.10702
2.91 -0.03315
2.915 0.047962
2.92 0.12364
2.925 0.17751
2.93 0.20157
2.935 0.20298
2.94 0.1926
2.945 0.16776
2.95 0.12717
2.955 0.06823
2.96 -0.0093747
2.965 -0.08086
2.97 -0.13017
2.975 -0.15437
2.98 -0.15404
2.985 -0.12724
2.99 -0.081143
2.995 -0.033107
3 -0.0010552
3.005 0.0059077
3.01 -0.014929
3.015 -0.052395
3.02 -0.08893
3.025 -0.11046
3.03 -0.11049
3.035 -0.084708
3.04 -0.032999
3.045 0.034484
3.05 0.10068
3.055 0.15162
3.06 0.18126
3.065 0.19039
3.07 0.18544
3.075 0.17291
3.08 0.14224
3.085 0.08707
3.09 0.027055
3.095 -0.011828
3.1 -0.032696
3.105 -0.047884
3.11 -0.056873
3.115 -0.04921
3.12 -0.020319
3.125 0.022708
3.13 0.059992
3.135 0.07354
3.14 0.05595
3.145 0.010993
3.15 -0.043013
3.155 -0.089205
3.16 -0.12323
3.165 -0.1504
3.17 -0.17686
3.175 -0.20178
3.18 -0.21757
3.185 -0.21251
3.19 -0.18914
3.195 -0.16421
3.2 -0.14676
3.205 -0.13041
3.21 -0.10442
3.215 -0.065119
3.22 -0.015854
3.225 0.035118
3.23 0.080937
3.235 0.11824
3.24 0.14534
3.245 0.16095
3.25 0.16534
3.255 0.15769
3.26 0.13013
3.265 0.079211
3.27 0.011489
3.275 -0.055097
3.28 -0.10762
3.285 -0.14276
3.29 -0.15967
3.295 -0.16236
3.3 -0.1545
3.305 -0.13467
3.31 -0.1008
3.315 -0.057017
3.32 -0.010157
3.325 0.031616
3.33 0.06199
3.335 0.07914
3.34 0.087502
3.345 0.092841
3.35 0.10142
3.355 0.11396
3.36 0.12891
3.365 0.14157
3.37 0.14622
3.375 0.13903
3.38 0.12324
3.385 0.10383
3.39 0.084419
3.395 0.06657
3.4 0.050882
3.405 0.03795
3.41 0.027431
3.415 0.020047
3.42 0.019235
3.425 0.029425
3.43 0.054308
3.435 0.090389
3.44 0.13101
3.445 0.1688
3.45 0.2001
3.455 0.22156
3.46 0.23147
3.465 0.23079
3.47 0.21791
3.475 0.18974
3.48 0.14518
3.485 0.088845
3.49 0.031111
3.495 -0.024295
3.5 -0.079097
3.505 -0.13718
3.51 -0.19972
3.515 -0.25866
3.52 -0.2986
3.525 -0.31294
3.53 -0.30987
3.535 -0.29876
3.54 -0.28296
3.545 -0.26375
3.55 -0.23065
3.555 -0.17705
3.56 -0.11616
3.565 -0.057265
3.57 -0.0021059
3.575 0.044381
3.58 0.081873
3.585 0.11304
3.59 0.14062
3.595 0.16546
3.6 0.18623
3.605 0.19868
3.61 0.19981
3.615 0.191
3.62 0.1695
3.625 0.13221
3.63 0.080658
3.635 0.019557
3.64 -0.047956
3.645 -0.11051
3.65 -0.14785
3.655 -0.16116
3.66 -0.16475
3.665 -0.16683
3.67 -0.16594
3.675 -0.1544
3.68 -0.1322
3.685 -0.10983
3.69 -0.096723
3.695 -0.095087
3.7 -0.099882
3.705 -0.10318
3.71 -0.094598
3.715 -0.067289
3.72 -0.019132
3.725 0.043449
3.73 0.10815
3.735 0.16076
3.74 0.19649
3.745 0.215
3.75 0.21744
3.755 0.20808
3.76 0.18533
3.765 0.14598
3.77 0.099181
3.775 0.055868
3.78 0.018792
3.785 -0.013468
3.79 -0.042323
3.795 -0.073671
3.8 -0.10672
3.805 -0.14192
3.81 -0.18209
3.815 -0.22576
3.82 -0.25273
3.825 -0.24377
3.83 -0.19221
3.835 -0.092653
3.84 0.025609
3.845 0.12848
3.85 0.20838
3.855 0.26666
3.86 0.31065
3.865 0.33818
3.87 0.34507
3.875 0.33125
3.88 0.30304
3.885 0.26874
3.89 0.22712
3.895 0.176
3.9 0.12182
3.905 0.059741
3.91 -0.014743
3.915 -0.096198
3.92 -0.17971
3.925 -0.24232
3.93 -0.27579
3.935 -0.29575
3.94 -0.32269
3.945 -0.35957
3.95 -0.38816
3.955 -0.3929
3.96 -0.37325
3.965 -0.32596
3.97 -0.25966
3.975 -0.17493
3.98 -0.084004
3.985 -0.004474
3.99 0.063113
3.995 0.11964
4 0.16951
4.005 0.21047
4.01 0.23424
4.015 0.23763
4.02 0.22209
4.025 0.19363
4.03 0.16142
4.035 0.12882
4.04 0.10074
4.045 0.086578
4.05 0.084711
4.055 0.082693
4.06 0.064032
4.065 0.031124
4.07 0.0020115
4.075 -0.013511
4.08 -0.018268
4.085 -0.025374
4.09 -0.042552
4.095 -0.067072
4.1 -0.092267
4.105 -0.11033
4.11 -0.11621
4.115 -0.10905
4.12 -0.088953
4.125 -0.055642
4.13 -0.017223
4.135 0.01703
4.14 0.043096
4.145 0.05795
4.15 0.061768
4.155 0.054805
4.16 0.037701
4.165 0.014997
4.17 -0.0066093
4.175 -0.02225
4.18 -0.030771
4.185 -0.03309
4.19 -0.031182
4.195 -0.028095
4.2 -0.025627
4.205 -0.023687
4.21 -0.020856
4.215 -0.016693
4.22 -0.01209
4.225 -0.0077699
4.23 -0.0031013
4.235 0.0032801
4.24 0.012129
4.245 0.023465
4.25 0.035073
4.255 0.043263
4.26 0.045059
4.265 0.03924
4.27 0.022657
4.275 -0.003971
4.28 -0.031878
4.285 -0.053884
4.29 -0.067985
4.295 -0.072704
4.3 -0.068233
4.305 -0.053956
4.31 -0.03045
4.315 -0.0048242
4.32 0.017887
4.325 0.034923
4.33 0.044734
4.335 0.04932
4.34 0.050596
4.345 0.048654
4.35 0.044007
4.355 0.03754
4.36 0.030586
4.365 0.023707
4.37 0.016925
4.375 0.0092203
4.38 0.0016449
4.385 -0.0030226
4.39 -0.0048744
4.395 -0.01061
4.4 -0.023854
4.405 -0.039879
4.41 -0.050944
4.415 -0.05186
4.42 -0.041247
4.425 -0.021972
4.43 0.0021567
4.435 0.026678
4.44 0.046078
4.445 0.057931
4.45 0.06369
4.455 0.064902
4.46 0.061471
4.465 0.052715
4.47 0.034835
4.475 0.011897
4.48 -0.0094467
4.485 -0.02661
4.49 -0.03842
4.495 -0.045513
4.5 -0.048869
4.505 -0.048974
4.51 -0.045325
4.515 -0.037085
4.52 -0.024694
4.525 -0.010935
4.53 0.0015144
4.535 0.012697
4.54 0.024207
4.545 0.036387
4.55 0.048172
4.555 0.057324
4.56 0.062827
4.565 0.064821
4.57 0.064903
4.575 0.064639
4.58 0.064843
4.585 0.065279
4.59 0.065337
4.595 0.063462
4.6 0.058169
4.605 0.048698
4.61 0.035165
4.615 0.018122
4.62 -0.00038805
4.625 -0.019457
4.63 -0.037974
4.635 -0.052274
4.64 -0.058912
4.645 -0.057406
4.65 -0.050139
4.655 -0.040732
4.66 -0.032786
4.665 -0.027994
4.67 -0.025881
4.675 -0.025597
4.68 -0.026121
4.685 -0.026961
4.69 -0.027764
4.695 -0.028212
4.7 -0.028425
4.705 -0.028344
4.71 -0.027046
4.715 -0.024571
4.72 -0.020784
4.725 -0.01669
4.73 -0.014014
4.735 -0.014548
4.74 -0.018357
4.745 -0.025547
4.75 -0.033788
4.755 -0.039712
4.76 -0.042267
4.765 -0.041637
4.77 -0.038274
4.775 -0.032734
4.78 -0.025001
4.785 -0.015223
4.79 -0.0045022
4.795 0.0056563
4.8 0.013488
4.805 0.019026
4.81 0.023494
4.815 0.026477
4.82 0.027131
4.825 0.025325
4.83 0.021802
4.835 0.01656
4.84 0.0089511
4.845 -0.00035084
4.85 -0.01097
4.855 -0.022344
4.86 -0.033307
4.865 -0.042692
4.87 -0.048864
4.875 -0.050216
4.88 -0.046238
4.885 -0.037431
4.89 -0.025846
4.895 -0.014211
4.9 -0.0030707
4.905 0.0075769
4.91 0.016778
4.915 0.023446
4.92 0.027793
4.925 0.030993
4.93 0.034394
4.935 0.038184
4.94 0.041936
4.945 0.04471
4.95 0.045816
4.955 0.044459
4.96 0.04089
4.965 0.035807
4.97 0.030373
4.975 0.026153
4.98 0.023941
4.985 0.023636
4.99 0.024457
4.995 0.025686
5 0.026862
5.005 0.027133
5.01 0.026015
5.015 0.023881
5.02 0.021418
5.025 0.01878
5.03 0.015691
5.035 0.011863
5.04 0.0072359
5.045 0.0020714
5.05 -0.0031786
5.055 -0.0092956
5.06 -0.016221
5.065 -0.023455
5.07 -0.030549
5.075 -0.036159
5.08 -0.03932
5.085 -0.039816
5.09 -0.037594
5.095 -0.032462
5.1 -0.024581
5.105 -0.013769
5.11 -0.0011321
5.115 0.011634
5.12 0.024152
5.125 0.035976
5.13 0.046616
5.135 0.056084
5.14 0.064155
5.145 0.070062
5.15 0.073858
5.155 0.07533
5.16 0.074015
5.165 0.069329
5.17 0.061534
5.175 0.049898
5.18 0.034096
5.185 0.015701
5.19 -0.0020538
5.195 -0.018289
5.2 -0.032509
5.205 -0.043516
5.21 -0.050883
5.215 -0.054038
5.22 -0.052948
5.225 -0.0479
5.23 -0.039766
5.235 -0.029507
5.24 -0.018787
5.245 -0.0095076
5.25 -0.0011052
5.255 0.0069742
5.26 0.014222
5.265 0.019792
5.27 0.023369
5.275 0.024927
5.28 0.024729
5.285 0.023158
5.29 0.02044
5.295 0.016459
5.3 0.011689
5.305 0.0077603
5.31 0.0052706
5.315 0.0031761
5.32 0.00067704
5.325 -0.0020092
5.33 -0.0043252
5.335 -0.0059463
5.34 -0.0068635
5.345 -0.0066589
5.35 -0.0051969
5.355 -0.0034566
5.36 -0.0016187
5.365 0.00011426
5.37 0.0010865
5.375 0.00083203
5.38 -0.0011801
5.385 -0.0053227
5.39 -0.011315
5.395 -0.018021
5.4 -0.023869
5.405 -0.02841
5.41 -0.03132
5.415 -0.032303
5.42 -0.030859
5.425 -0.026807
5.43 -0.020576
5.435 -0.013231
5.44 -0.0060883
5.445 -0.00023345
5.45 0.0039913
5.455 0.0061579
5.46 0.0063526
5.465 0.0051247
5.47 0.0029583
5.475 4.1501e-005
5.48 -0.0035405
5.485 -0.0073552
5.49 -0.011242
5.495 -0.015044
5.5 -0.018408
5.505 -0.020927
5.51 -0.023076
5.515 -0.024981
5.52 -0.026037
5.525 -0.026321
5.53 -0.026076
5.535 -0.025901
5.54 -0.026392
5.545 -0.027574
5.55 -0.029125
5.555 -0.030257
5.56 -0.030562
5.565 -0.029858
5.57 -0.028447
5.575 -0.026373
5.58 -0.023126
5.585 -0.018483
5.59 -0.012879
5.595 -0.0063205
5.6 0.00093942
5.605 0.0075023
5.61 0.012002
5.615 0.014066
5.62 0.014329
5.625 0.013168
5.63 0.010929
5.635 0.0082871
5.64 0.0061306
5.645 0.0048015
5.65 0.0045217
5.655 0.0056456
5.66 0.0079809
5.665 0.011297
5.67 0.015024
5.675 0.018138
5.68 0.020212
5.685 0.021317
5.69 0.022199
5.695 0.023458
5.7 0.025152
5.705 0.026826
5.71 0.027744
5.715 0.027263
5.72 0.024731
5.725 0.02027
5.73 0.014921
5.735 0.0090174
5.74 0.0030571
5.745 -0.0017707
5.75 -0.0056696
5.755 -0.0086444
5.76 -0.0095789
5.765 -0.0077261
5.77 -0.0039944
5.775 0.00064205
5.78 0.0054556
5.785 0.0097092
5.79 0.012271
5.795 0.012816
5.8 0.012123
5.805 0.010871
5.81 0.0088207
5.815 0.0056763
5.82 0.0020516
5.825 -0.0014974
5.83 -0.0048137
5.835 -0.007041
5.84 -0.0075668
5.845 -0.006539
5.85 -0.0042984
5.855 -0.0015606
5.86 0.0014135
5.865 0.0041552
5.87 0.0064636
5.875 0.0083478
5.88 0.0099664
5.885 0.011209
5.89 0.01198
5.895 0.011668
5.9 0.0095885
5.905 0.0055243
5.91 0.00018255
5.915 -0.0052992
5.92 -0.010504
5.925 -0.015161
5.93 -0.018591
5.935 -0.021183
5.94 -0.022888
5.945 -0.023345
5.95 -0.022145
5.955 -0.018829
5.96 -0.014076
5.965 -0.0088577
5.97 -0.0036513
5.975 0.0016356
5.98 0.0065685
5.985 0.010619
5.99 0.013675
5.995 0.015672
6 0.016846
6.005 0.017113
6.01 0.016255
6.015 0.013972
6.02 0.010623
6.025 0.0071039
6.03 0.0042471
6.035 0.0015984
6.04 -0.00089791
6.045 -0.0033809
6.05 -0.0055748
6.055 -0.0074082
6.06 -0.008993
6.065 -0.0099805
6.07 -0.010057
6.075 -0.009395
6.08 -0.0081903
6.085 -0.0064549
6.09 -0.00402
6.095 -0.0012051
6.1 0.0013068
6.105 0.0034601
6.11 0.0051586
6.115 0.0069149
6.12 0.0090346
6.125 0.011296
6.13 0.01349
6.135 0.014748
6.14 0.014592
6.145 0.012965
6.15 0.010113
6.155 0.0062774
6.16 0.0015773
6.165 -0.0034361
6.17 -0.0082893
6.175 -0.013041
6.18 -0.017841
6.185 -0.022377
6.19 -0.026044
6.195 -0.027784
6.2 -0.026956
6.205 -0.02378
6.21 -0.018337
6.215 -0.01196
6.22 -0.0056326
6.225 0.00048618
6.23 0.0069381
6.235 0.013615
6.24 0.019461
6.245 0.023692
6.25 0.0262
6.255 0.027077
6.26 0.026232
6.265 0.02303
6.27 0.017745
6.275 0.010744
6.28 0.0017268
6.285 -0.0079758
6.29 -0.016894
6.295 -0.024489
6.3 -0.030499
6.305 -0.034794
6.31 -0.037076
6.315 -0.037513
6.32 -0.036757
6.325 -0.035515
6.33 -0.034354
6.335 -0.03337
6.34 -0.032385
6.345 -0.031281
6.35 -0.029949
6.355 -0.028966
6.36 -0.028568
6.365 -0.028477
6.37 -0.028688
6.375 -0.029027
6.38 -0.029427
6.385 -0.029702
6.39 -0.029893
6.395 -0.029973
6.4 -0.030011
6.405 -0.029576
6.41 -0.027912
6.415 -0.024512
6.42 -0.019442
6.425 -0.013807
6.43 -0.0085105
6.435 -0.0038253
6.44 0.00039712
6.445 0.0043612
6.45 0.0075972
6.455 0.0097311
6.46 0.011059
6.465 0.012036
6.47 0.012841
6.475 0.013597
6.48 0.014373
6.485 0.015055
6.49 0.015656
6.495 0.016071
6.5 0.016518
6.505 0.017022
6.51 0.017922
6.515 0.019603
6.52 0.021972
6.525 0.024913
6.53 0.028261
6.535 0.032052
6.54 0.03618
6.545 0.040216
6.55 0.043532
6.555 0.046228
6.56 0.048072
6.565 0.048701
6.57 0.048437
6.575 0.047447
6.58 0.045489
6.585 0.042593
6.59 0.038555
6.595 0.033394
6.6 0.027268
6.605 0.020751
6.61 0.014256
6.615 0.0081669
6.62 0.0030375
6.625 -0.0012239
6.63 -0.0047085
6.635 -0.0075992
6.64 -0.0099533
6.645 -0.011301
6.65 -0.011231
6.655 -0.0098397
6.66 -0.0070468
6.665 -0.0028713
6.67 0.0027295
6.675 0.0090451
6.68 0.014562
6.685 0.018302
6.69 0.020555
6.695 0.022294
6.7 0.023903
6.705 0.025326
6.71 0.026229
6.715 0.026062
6.72 0.024711
6.725 0.022477
6.73 0.019452
6.735 0.015735
6.74 0.010743
6.745 0.0044754
6.75 -0.0018613
6.755 -0.0076074
6.76 -0.012681
6.765 -0.017138
6.77 -0.020954
6.775 -0.024437
6.78 -0.027011
6.785 -0.028488
6.79 -0.029079
6.795 -0.02923
6.8 -0.029664
6.805 -0.03031
6.81 -0.030956
6.815 -0.031306
6.82 -0.030842
6.825 -0.029759
6.83 -0.028316
6.835 -0.026414
6.84 -0.023928
6.845 -0.020823
6.85 -0.016753
6.855 -0.012075
6.86 -0.0067367
6.865 -0.0010075
6.87 0.0041451
6.875 0.0083553
6.88 0.011839
6.885 0.014215
6.89 0.015391
6.895 0.015225
6.9 0.013787
6.905 0.011401
6.91 0.0079583
6.915 0.0038645
6.92 -0.00058465
6.925 -0.0053016
6.93 -0.0097026
6.935 -0.013325
6.94 -0.016237
6.945 -0.018379
6.95 -0.019824
6.955 -0.021046
6.96 -0.022114
6.965 -0.022615
6.97 -0.022683
6.975 -0.022301
6.98 -0.021383
6.985 -0.019934
6.99 -0.018082
6.995 -0.016018
7 -0.013747
7.005 -0.010875
7.01 -0.0074134
7.015 -0.0038081
7.02 5.2165e-006
7.025 0.0037138
7.03 0.0071276
7.035 0.0098089
7.04 0.011766
7.045 0.013403
7.05 0.014793
7.055 0.016182
7.06 0.017616
7.065 0.019261
7.07 0.021135
7.075 0.02371
7.08 0.026962
7.085 0.030302
7.09 0.033086
7.095 0.034968
7.1 0.035834
7.105 0.035514
7.11 0.03415
7.115 0.032344
7.12 0.030793
7.125 0.029261
7.13 0.027456
7.135 0.025304
7.14 0.022973
7.145 0.020497
7.15 0.018073
7.155 0.015784
7.16 0.013939
7.165 0.012769
7.17 0.012285
7.175 0.011894
7.18 0.011094
7.185 0.0097319
7.19 0.0079529
7.195 0.0061099
7.2 0.0045033
7.205 0.0031399
7.21 0.0018787
7.215 0.00014729
7.22 -0.0023616
7.225 -0.0052
7.23 -0.007844
7.235 -0.010459
7.24 -0.013594
7.245 -0.016963
7.25 -0.019897
7.255 -0.02188
7.26 -0.022718
7.265 -0.022728
7.27 -0.022232
7.275 -0.021047
7.28 -0.0194
7.285 -0.017072
7.29 -0.014738
7.295 -0.013275
7.3 -0.011867
7.305 -0.009787
7.31 -0.0072388
7.315 -0.0045268
7.32 -0.0021232
7.325 -0.00081179
7.33 -0.00079027
7.335 -0.001696
7.34 -0.0030355
7.345 -0.0044792
7.35 -0.0056535
7.355 -0.0065748
7.36 -0.0075303
7.365 -0.0085203
7.37 -0.0094972
7.375 -0.010063
7.38 -0.010088
7.385 -0.0097209
7.39 -0.0091178
7.395 -0.0085044
7.4 -0.0081298
7.405 -0.0081845
7.41 -0.008183
7.415 -0.0079024
7.42 -0.0074471
7.425 -0.0071269
7.43 -0.0071286
7.435 -0.0074408
7.44 -0.0076081
7.445 -0.0075631
7.45 -0.0073299
7.455 -0.0068769
7.46 -0.0061565
7.465 -0.0052759
7.47 -0.0044488
7.475 -0.0038171
7.48 -0.0033345
7.485 -0.0028319
7.49 -0.0023841
7.495 -0.0020564
7.5 -0.001721
7.505 -0.0017505
7.51 -0.0022934
7.515 -0.0031065
7.52 -0.0040019
7.525 -0.0046979
7.53 -0.0049569
7.535 -0.0045649
7.54 -0.003675
7.545 -0.0022858
7.55 -0.00034031
7.555 0.0016867
7.56 0.0034494
7.565 0.004747
7.57 0.0059906
7.575 0.0076758
7.58 0.0096692
7.585 0.011388
7.59 0.012636
7.595 0.013395
7.6 0.013651
7.605 0.013522
7.61 0.012574
7.615 0.010965
7.62 0.0090998
7.625 0.0072149
7.63 0.0054859
7.635 0.0039257
7.64 0.002541
7.645 0.0014313
7.65 0.00080789
7.655 0.0011092
7.66 0.0022474
7.665 0.0042161
7.67 0.0068819
7.675 0.009511
7.68 0.01152
7.685 0.012752
7.69 0.013395
7.695 0.013508
7.7 0.013384
7.705 0.013292
7.71 0.013258
7.715 0.013277
7.72 0.013028
7.725 0.012009
7.73 0.010059
7.735 0.0073183
7.74 0.0035952
7.745 -0.00064511
7.75 -0.0047205
7.755 -0.0079166
7.76 -0.009978
7.765 -0.011051
7.77 -0.011181
7.775 -0.010379
7.78 -0.0090769
7.785 -0.0081023
7.79 -0.0077707
7.795 -0.0078787
7.8 -0.0078086
7.805 -0.0070743
7.81 -0.0054544
7.815 -0.003396
7.82 -0.0015676
7.825 -0.00022631
7.83 0.00071272
7.835 0.0013293
7.84 0.001985
7.845 0.0026331
7.85 0.0030331
7.855 0.0032157
7.86 0.0035864
7.865 0.0044316
7.87 0.0059191
7.875 0.0075667
7.88 0.0088557
7.885 0.0098115
7.89 0.01047
7.895 0.010604
7.9 0.010201
7.905 0.0092184
7.91 0.0078307
7.915 0.0059937
7.92 0.0037906
7.925 0.0010452
7.93 -0.0024179
7.935 -0.0064235
7.94 -0.010524
7.945 -0.014591
7.95 -0.018551
7.955 -0.021946
7.96 -0.024245
7.965 -0.025199
7.97 -0.02462
7.975 -0.022469
7.98 -0.019052
7.985 -0.014749
7.99 -0.0097883
7.995 -0.0046972
8 0.00010639
8.005 0.0045959
8.01 0.0084667
8.015 0.011213
8.02 0.012507
8.025 0.012408
8.03 0.011081
8.035 0.0086971
8.04 0.0054838
8.045 0.0018055
8.05 -0.002641
8.055 -0.0077767
8.06 -0.012997
8.065 -0.017464
8.07 -0.020489
8.075 -0.021914
8.08 -0.0221
8.085 -0.021354
8.09 -0.019649
8.095 -0.017038
8.1 -0.013765
8.105 -0.010164
8.11 -0.0067714
8.115 -0.0041016
8.12 -0.0024184
8.125 -0.001737
8.13 -0.0019313
8.135 -0.002976
8.14 -0.0045869
8.145 -0.0062331
8.15 -0.0077859
8.155 -0.0095279
8.16 -0.011324
8.165 -0.013081
8.17 -0.014374
8.175 -0.015269
8.18 -0.016003
8.185 -0.016651
8.19 -0.01679
8.195 -0.015712
8.2 -0.013291
8.205 -0.0097447
8.21 -0.0056522
8.215 -0.0017683
8.22 0.0013845
8.225 0.0034723
8.23 0.0044786
8.235 0.0048212
8.24 0.004361
8.245 0.0033309
8.25 0.0017463
8.255 0.0004726
8.26 0.00044992
8.265 0.0012491
8.27 0.0020956
8.275 0.0025594
8.28 0.0026341
8.285 0.002584
8.29 0.0026081
8.295 0.0027591
8.3 0.0032419
8.305 0.0044592
8.31 0.0069885
8.315 0.010835
8.32 0.015678
8.325 0.021111
8.33 0.026446
8.335 0.031354
8.34 0.035805
8.345 0.039385
8.35 0.041276
8.355 0.040767
8.36 0.037876
8.365 0.033434
8.37 0.028436
8.375 0.023853
8.38 0.020531
8.385 0.018622
8.39 0.017406
8.395 0.016459
8.4 0.015288
8.405 0.013745
8.41 0.012003
8.415 0.0098589
8.42 0.007256
8.425 0.0044237
8.43 0.0017581
8.435 -0.00070185
8.44 -0.0028914
8.445 -0.0050588
8.45 -0.0077409
8.455 -0.010743
8.46 -0.01336
8.465 -0.015341
8.47 -0.016635
8.475 -0.017596
8.48 -0.018557
8.485 -0.019589
8.49 -0.020451
8.495 -0.02153
8.5 -0.022947
8.505 -0.024366
8.51 -0.024715
8.515 -0.023584
8.52 -0.021082
8.525 -0.017534
8.53 -0.01386
8.535 -0.010914
8.54 -0.0090109
8.545 -0.0078603
8.55 -0.0072194
8.555 -0.0065046
8.56 -0.0059841
8.565 -0.0057416
8.57 -0.0054042
8.575 -0.0046716
8.58 -0.0039441
8.585 -0.0034729
8.59 -0.0030398
8.595 -0.002828
8.6 -0.0029614
8.605 -0.0037758
8.61 -0.0055338
8.615 -0.0082574
8.62 -0.011657
8.625 -0.015581
8.63 -0.019316
8.635 -0.022338
8.64 -0.024342
8.645 -0.025298
8.65 -0.02509
8.655 -0.023643
8.66 -0.02106
8.665 -0.017747
8.67 -0.014309
8.675 -0.011511
8.68 -0.0098371
8.685 -0.0089357
8.69 -0.008551
8.695 -0.0083364
8.7 -0.0081254
8.705 -0.007899
8.71 -0.0075266
8.715 -0.0072874
8.72 -0.007648
8.725 -0.008514
8.73 -0.0095555
8.735 -0.010608
8.74 -0.011586
8.745 -0.012337
8.75 -0.012521
8.755 -0.011928
8.76 -0.010754
8.765 -0.0092599
8.77 -0.0075751
8.775 -0.0054908
8.78 -0.0027234
8.785 0.0003825
8.79 0.0034024
8.795 0.0058634
8.8 0.0080812
8.805 0.010503
8.81 0.013376
8.815 0.016472
8.82 0.018632
8.825 0.019505
8.83 0.019314
8.835 0.018387
8.84 0.017408
8.845 0.016655
8.85 0.01599
8.855 0.015203
8.86 0.014263
8.865 0.013089
8.87 0.012
8.875 0.011296
8.88 0.0111
8.885 0.01168
8.89 0.012823
8.895 0.013944
8.9 0.015015
8.905 0.016328
8.91 0.017785
8.915 0.019419
8.92 0.021052
8.925 0.022027
8.93 0.022316
8.935 0.02217
8.94 0.021837
8.945 0.02094
8.95 0.019241
8.955 0.016891
8.96 0.014135
8.965 0.011118
8.97 0.0079782
8.975 0.0049575
8.98 0.002295
8.985 0.00032954
8.99 -0.0014868
8.995 -0.0041484
9 -0.00733
9.005 -0.010007
9.01 -0.011739
9.015 -0.012465
9.02 -0.012786
9.025 -0.013152
9.03 -0.013482
9.035 -0.013785
9.04 -0.013434
9.045 -0.012253
9.05 -0.010634
9.055 -0.0094128
9.06 -0.0091545
9.065 -0.0094435
9.07 -0.0096884
9.075 -0.009742
9.08 -0.0096529
9.085 -0.0094814
9.09 -0.0091816
9.095 -0.0089044
9.1 -0.0090393
9.105 -0.0096883
9.11 -0.010719
9.115 -0.011639
9.12 -0.011898
9.125 -0.011714
9.13 -0.011308
9.135 -0.010818
9.14 -0.010333
9.145 -0.0096556
9.15 -0.0087249
9.155 -0.0079927
9.16 -0.0075852
9.165 -0.0072923
9.17 -0.006644
9.175 -0.0053934
9.18 -0.0043357
9.185 -0.0038941
9.19 -0.0034896
9.195 -0.0026425
9.2 -0.00094999
9.205 0.0012929
9.21 0.0032371
9.215 0.0046717
9.22 0.0059364
9.225 0.007087
9.23 0.0081618
9.235 0.0091397
9.24 0.009987
9.245 0.010394
9.25 0.010212
9.255 0.0096572
9.26 0.0088952
9.265 0.0086574
9.27 0.0093318
9.275 0.010748
9.28 0.012335
9.285 0.013026
9.29 0.012698
9.295 0.011568
9.3 0.010052
9.305 0.0091946
9.31 0.0095967
9.315 0.010668
9.32 0.011719
9.325 0.012605
9.33 0.013487
9.335 0.014442
9.34 0.01541
9.345 0.016163
9.35 0.016675
9.355 0.017133
9.36 0.017526
9.365 0.017358
9.37 0.016527
9.375 0.015231
9.38 0.01375
9.385 0.01221
9.39 0.010675
9.395 0.0090053
9.4 0.0072176
9.405 0.0053214
9.41 0.0034596
9.415 0.0018208
9.42 0.00019378
9.425 -0.0013609
9.43 -0.0025603
9.435 -0.0034151
9.44 -0.0038009
9.445 -0.0039958
9.45 -0.0040695
9.455 -0.0039614
9.46 -0.0038588
9.465 -0.0035957
9.47 -0.0031741
9.475 -0.0028118
9.48 -0.0024642
9.485 -0.0021821
9.49 -0.0019928
9.495 -0.0018787
9.5 -0.0024495
9.505 -0.0031065
9.51 -0.003722
9.515 -0.0042584
9.52 -0.0044411
9.525 -0.0043138
9.53 -0.0034878
9.535 -0.0015254
9.54 0.00069388
9.545 0.0017136
9.55 0.0010308
9.555 -0.0007237
9.56 -0.0024121
9.565 -0.0033234
9.57 -0.0033305
9.575 -0.0029255
9.58 -0.0024478
9.585 -0.0019916
9.59 -0.0013376
9.595 -0.00066781
9.6 2.0578e-005
9.605 0.00081638
9.61 0.0015679
9.615 0.0018953
9.62 0.0019109
9.625 0.0018654
9.63 0.001805
9.635 0.0017885
9.64 0.0018828
9.645 0.0019868
9.65 0.0019587
9.655 0.0017644
9.66 0.0014208
9.665 0.00075074
9.67 0.00022955
9.675 9.8033e-005
9.68 -0.00011536
9.685 -0.00068184
9.69 -0.0016234
9.695 -0.0027194
9.7 -0.003694
9.705 -0.0041955
9.71 -0.0043398
9.715 -0.0044916
9.72 -0.0048079
9.725 -0.0053653
9.73 -0.0058786
9.735 -0.006037
9.74 -0.0056391
9.745 -0.0046618
9.75 -0.0035175
9.755 -0.0025671
9.76 -0.0016522
9.765 -0.00053866
9.77 0.00095794
9.775 0.0026722
9.78 0.0043103
9.785 0.0056823
9.79 0.0069414
9.795 0.0076847
9.8 0.0080941
9.805 0.0087756
9.81 0.010477
9.815 0.012588
9.82 0.014113
9.825 0.014544
9.83 0.014168
9.835 0.013126
9.84 0.011828
9.845 0.010138
9.85 0.0073469
9.855 0.0037521
9.86 -0.00024082
9.865 -0.0040782
9.87 -0.0073921
9.875 -0.010003
9.88 -0.011466
9.885 -0.011846
9.89 -0.011487
9.895 -0.010734
9.9 -0.0098693
9.905 -0.0085248
9.91 -0.0062043
9.915 -0.0033289
9.92 -0.00070952
9.925 0.0014272
9.93 0.0034733
9.935 0.0053757
9.94 0.0069973
9.945 0.0083902
9.95 0.0095945
9.955 0.010466
9.96 0.010589
9.965 0.0097384
9.97 0.0081119
9.975 0.0057284
9.98 0.0030394
9.985 0.00057133
9.99 -0.0016537
9.995 -0.0035778
10 -0.0051586
10.005 -0.0063822
10.01 -0.0070906
10.015 -0.0076051
10.02 -0.0081099
10.025 -0.0085184
10.03 -0.0086839
10.035 -0.0085991
10.04 -0.0083175
10.045 -0.0078355
10.05 -0.0072279
10.055 -0.0066202
10.06 -0.0061314
10.065 -0.005703
10.07 -0.0053175
10.075 -0.0051261
10.08 -0.0052167
10.085 -0.0054518
10.09 -0.0057677
10.095 -0.0061768
10.1 -0.0065716
10.105 -0.006559
10.11 -0.0060128
10.115 -0.0049145
10.12 -0.0035004
10.125 -0.0020751
10.13 -0.00057196
10.135 0.0011755
10.14 0.0031512
10.145 0.0049078
10.15 0.0063149
10.155 0.0074696
10.16 0.008456
10.165 0.0093608
10.17 0.010143
10.175 0.010636
10.18 0.010612
10.185 0.01005
10.19 0.0091513
10.195 0.0083256
10.2 0.008077
10.205 0.0084201
10.21 0.0090291
10.215 0.0097908
10.22 0.010738
10.225 0.011633
10.23 0.012334
10.235 0.012512
10.24 0.011864
10.245 0.010452
10.25 0.0089256
10.255 0.0077886
10.26 0.0070454
10.265 0.0064462
10.27 0.0054193
10.275 0.0036228
10.28 0.00148
10.285 -0.00092879
10.29 -0.0036266
10.295 -0.0065465
10.3 -0.0091898
10.305 -0.010988
10.31 -0.011798
10.315 -0.011975
10.32 -0.011837
10.325 -0.011951
10.33 -0.012097
10.335 -0.011984
10.34 -0.011389
10.345 -0.010292
10.35 -0.0088879
10.355 -0.0075108
10.36 -0.0066603
10.365 -0.0061347
10.37 -0.0058755
10.375 -0.0056079
10.38 -0.0052307
10.385 -0.0049112
10.39 -0.0048063
10.395 -0.0051488
10.4 -0.0058531
10.405 -0.0064556
10.41 -0.0067222
10.415 -0.007012
10.42 -0.007365
10.425 -0.0076946
10.43 -0.0078839
10.435 -0.0077873
10.44 -0.0071478
10.445 -0.005664
10.45 -0.0034995
10.455 -0.0011299
10.46 0.00158
10.465 0.0043214
10.47 0.0069126
10.475 0.0095603
10.48 0.012076
10.485 0.014372
10.49 0.016667
10.495 0.018592
10.5 0.019485
10.505 0.019207
10.51 0.017979
10.515 0.016101
10.52 0.014179
10.525 0.012437
10.53 0.010561
10.535 0.0084498
10.54 0.0065586
10.545 0.0050512
10.55 0.0037466
10.555 0.0027793
10.56 0.0019361
10.565 0.0013163
10.57 0.0013585
10.575 0.0019707
10.58 0.002877
10.585 0.0035276
10.59 0.0037943
10.595 0.0035251
10.6 0.0028649
10.605 0.0017533
10.61 4.6329e-005
10.615 -0.0018102
10.62 -0.0036182
10.625 -0.0057968
10.63 -0.0081847
10.635 -0.010431
10.64 -0.012727
10.645 -0.015425
10.65 -0.018243
10.655 -0.020599
10.66 -0.021913
10.665 -0.021864
10.67 -0.020368
10.675 -0.017839
10.68 -0.01509
10.685 -0.012674
10.69 -0.010558
10.695 -0.008594
10.7 -0.0067362
10.705 -0.0047123
10.71 -0.0025392
10.715 -0.00072345
10.72 0.00058899
10.725 0.0018206
10.73 0.0029752
10.735 0.0036982
10.74 0.0040975
10.745 0.0042998
10.75 0.0043618
10.755 0.0043822
10.76 0.004379
10.765 0.0044586
10.77 0.0045995
10.775 0.004638
10.78 0.0047776
10.785 0.0049724
10.79 0.0046779
10.795 0.0038556
10.8 0.0028962
10.805 0.0020549
10.81 0.0014789
10.815 0.0010573
10.82 0.00028819
10.825 -0.00086413
10.83 -0.0023057
10.835 -0.0041543
10.84 -0.0064213
10.845 -0.00851
10.85 -0.0098174
10.855 -0.010519
10.86 -0.01083
10.865 -0.010968
10.87 -0.010608
10.875 -0.0097008
10.88 -0.0082723
10.885 -0.0068414
10.89 -0.0053076
10.895 -0.0036423
10.9 -0.0020242
10.905 -0.00031137
10.91 0.0015524
10.915 0.0036739
10.92 0.0058808
10.925 0.0080305
10.93 0.0098777
10.935 0.011222
10.94 0.012392
10.945 0.01356
10.95 0.014534
10.955 0.015153
10.96 0.015266
10.965 0.014688
10.97 0.013632
10.975 0.01215
10.98 0.010452
10.985 0.0089086
10.99 0.007434
10.995 0.0061964
11 0.0053709
11.005 0.0049996
11.01 0.0051343
11.015 0.0055828
11.02 0.0059912
11.025 0.00645
11.03 0.0069099
11.035 0.0074015
11.04 0.0076688
11.045 0.0077726
11.05 0.0078649
11.055 0.0080122
11.06 0.0080086
11.065 0.0075177
11.07 0.0067349
11.075 0.0057314
11.08 0.0046984
11.085 0.0035958
11.09 0.0023673
11.095 0.0014837
11.1 0.00072484
11.105 -1.1731e-005
11.11 -0.00060062
11.115 -0.001007
11.12 -0.0011753
11.125 -0.001106
11.13 -0.00082411
11.135 -0.00035887
11.14 -0.00018731
11.145 -0.00034444
11.15 -0.00057699
11.155 -0.00073154
11.16 -0.00055877
11.165 0.00014643
11.17 0.0010687
11.175 0.0018309
11.18 0.0020583
11.185 0.0018135
11.19 0.001308
11.195 0.00069299
11.2 0.00015035
11.205 -0.00031419
11.21 -0.00101
11.215 -0.002199
11.22 -0.0035405
11.225 -0.0047989
11.23 -0.0056393
11.235 -0.0060649
11.24 -0.0063398
11.245 -0.0061806
11.25 -0.0053031
11.255 -0.0036774
11.26 -0.0015566
11.265 0.00059413
11.27 0.0023436
11.275 0.0034408
11.28 0.003803
11.285 0.0038777
11.29 0.0038052
11.295 0.0034861
11.3 0.0029642
11.305 0.0026446
11.31 0.0024923
11.315 0.0020133
11.32 0.0010912
11.325 -0.0002632
11.33 -0.0018402
11.335 -0.0034978
11.34 -0.0052874
11.345 -0.0070773
11.35 -0.0084402
11.355 -0.0092289
11.36 -0.0091702
11.365 -0.0087044
11.37 -0.0081758
11.375 -0.0075206
11.38 -0.0064622
11.385 -0.0049778
11.39 -0.0034365
11.395 -0.0020171
11.4 -0.00052261
11.405 0.00085131
11.41 0.0020026
11.415 0.0027442
11.42 0.0030623
11.425 0.002867
11.43 0.0022256
11.435 0.0012923
11.44 0.00013208
11.445 -0.0014006
11.45 -0.0031315
11.455 -0.0047455
11.46 -0.0058379
11.465 -0.0062947
11.47 -0.0067674
11.475 -0.0075225
11.48 -0.0081138
11.485 -0.008291
11.49 -0.0082531
11.495 -0.0080427
11.5 -0.0075745
11.505 -0.00676
11.51 -0.0057556
11.515 -0.0050234
11.52 -0.0046123
11.525 -0.0042318
11.53 -0.0042213
11.535 -0.0048181
11.54 -0.0056332
11.545 -0.0064866
11.55 -0.0075048
11.555 -0.0088302
11.56 -0.010096
11.565 -0.011466
11.57 -0.012722
11.575 -0.013433
11.58 -0.013637
11.585 -0.013685
11.59 -0.013202
11.595 -0.012184
11.6 -0.0107
11.605 -0.0089074
11.61 -0.0073164
11.615 -0.0060384
11.62 -0.0049618
11.625 -0.0038335
11.63 -0.0027571
11.635 -0.0019962
11.64 -0.0017715
11.645 -0.0017584
11.65 -0.0014674
11.655 -0.0010823
11.66 -0.00066391
11.665 0.0002446
11.67 0.0013304
11.675 0.0017373
11.68 0.0015377
11.685 0.0011364
11.69 0.0011414
11.695 0.0019397
11.7 0.0034708
11.705 0.0052695
11.71 0.006727
11.715 0.0077872
11.72 0.0085576
11.725 0.0088997
11.73 0.0088339
11.735 0.0083682
11.74 0.0070917
11.745 0.0057151
11.75 0.0047712
11.755 0.0042949
11.76 0.0040273
11.765 0.0036073
11.77 0.0028222
11.775 0.0017565
11.78 0.0011118
11.785 0.0012613
11.79 0.0017989
11.795 0.0023965
11.8 0.0032636
11.805 0.0045973
11.81 0.0063916
11.815 0.0078624
11.82 0.0084114
11.825 0.0081511
11.83 0.007606
11.835 0.0067669
11.84 0.0057139
11.845 0.0045993
11.85 0.003399
11.855 0.0021574
11.86 0.00077025
11.865 -0.00040848
11.87 -0.0013011
11.875 -0.0019322
11.88 -0.0022441
11.885 -0.0022507
11.89 -0.0022349
11.895 -0.0021366
11.9 -0.0018927
11.905 -0.0017569
11.91 -0.0015074
11.915 -0.0012283
11.92 -0.00096873
11.925 -0.00085592
11.93 -0.00089793
11.935 -0.001038
11.94 -0.001238
11.945 -0.0014166
11.95 -0.0017598
11.955 -0.0021102
11.96 -0.0024871
11.965 -0.0028643
11.97 -0.0033113
11.975 -0.0036783
11.98 -0.0038747
11.985 -0.0035471
11.99 -0.0029327
11.995 -0.0024195
12 -0.0018393
12.005 -0.0011993
12.01 -0.00038678
12.015 0.00031386
12.02 0.00069972
12.025 0.00087843
12.03 0.00080828
12.035 0.00041071
12.04 -0.0004288
12.045 -0.0017513
12.05 -0.0030608
12.055 -0.0041544
12.06 -0.0049494
12.065 -0.0056499
12.07 -0.0061722
12.075 -0.006654
12.08 -0.0072356
12.085 -0.0076146
12.09 -0.0076219
12.095 -0.0074477
12.1 -0.0070386
12.105 -0.0064739
12.11 -0.0059025
12.115 -0.0053806
12.12 -0.0047345
12.125 -0.0039299
12.13 -0.0028449
12.135 -0.001717
12.14 -0.00064337
12.145 0.00052696
12.15 0.0018807
12.155 0.0031265
12.16 0.0040348
12.165 0.0047543
12.17 0.0054922
12.175 0.005807
12.18 0.0052728
12.185 0.0042855
12.19 0.0033859
12.195 0.0027655
12.2 0.002193
12.205 0.0015731
12.21 0.00090229
12.215 0.00035617
12.22 -7.9081e-005
12.225 -0.00021573
12.23 -0.00015503
12.235 2.1425e-006
12.24 8.985e-006
12.245 -0.00012654
12.25 0.00012365
12.255 0.00097402
12.26 0.0022668
12.265 0.0035513
12.27 0.0043854
12.275 0.0046892
12.28 0.0045222
12.285 0.0039433
12.29 0.0031817
12.295 0.0021843
12.3 0.0011822
12.305 0.00054041
12.31 0.0006374
12.315 0.0013447
12.32 0.0023413
12.325 0.003407
12.33 0.0043393
12.335 0.0049991
12.34 0.0052842
12.345 0.0050898
12.35 0.0048082
12.355 0.0047679
12.36 0.0047651
12.365 0.0049871
12.37 0.0056797
12.375 0.0064219
12.38 0.0072399
12.385 0.0080299
12.39 0.0087106
12.395 0.0093757
12.4 0.010355
12.405 0.011474
12.41 0.012394
12.415 0.013096
12.42 0.01342
12.425 0.013277
12.43 0.012963
12.435 0.012623
12.44 0.012264
12.445 0.011559
12.45 0.010435
12.455 0.0091414
12.46 0.0077931
12.465 0.0063656
12.47 0.0050079
12.475 0.004099
12.48 0.003634
12.485 0.0033976
12.49 0.0032708
12.495 0.0030438
12.5 0.0026336
12.505 0.0020454
12.51 0.0018026
12.515 0.0021479
12.52 0.0028844
12.525 0.0039019
12.53 0.0048535
12.535 0.0053823
12.54 0.0051705
12.545 0.0043454
12.55 0.0032685
12.555 0.0022034
12.56 0.0011179
12.565 -1.7232e-005
12.57 -0.0009808
12.575 -0.0017392
12.58 -0.0025982
12.585 -0.0031486
12.59 -0.0031213
12.595 -0.0027466
12.6 -0.002081
12.605 -0.0014674
12.61 -0.0011229
12.615 -0.0010455
12.62 -0.0010663
12.625 -0.00099251
12.63 -0.00076942
12.635 -0.00075743
12.64 -0.00081064
12.645 -0.0011558
12.65 -0.0018522
12.655 -0.0028637
12.66 -0.0038345
12.665 -0.0045873
12.67 -0.0050334
12.675 -0.0056587
12.68 -0.0067009
12.685 -0.007464
12.69 -0.0079766
12.695 -0.0083697
12.7 -0.0084729
12.705 -0.0082493
12.71 -0.0077282
12.715 -0.0072407
12.72 -0.0070339
12.725 -0.007132
12.73 -0.0074791
12.735 -0.0081738
12.74 -0.008893
12.745 -0.0096845
12.75 -0.010546
12.755 -0.011432
12.76 -0.012276
12.765 -0.012998
12.77 -0.013589
12.775 -0.013688
12.78 -0.013377
12.785 -0.013171
12.79 -0.013366
12.795 -0.013738
12.8 -0.013847
12.805 -0.013526
12.81 -0.013048
12.815 -0.012694
12.82 -0.012739
12.825 -0.013031
12.83 -0.013185
12.835 -0.01313
12.84 -0.013133
12.845 -0.012989
12.85 -0.012387
12.855 -0.011476
12.86 -0.010376
12.865 -0.0090472
12.87 -0.0072237
12.875 -0.0050482
12.88 -0.0027304
12.885 -0.00054305
12.89 0.001471
12.895 0.0032498
12.9 0.0049857
12.905 0.0060566
12.91 0.0067423
12.915 0.0072351
12.92 0.0073176
12.925 0.0070161
12.93 0.0063095
12.935 0.0053776
12.94 0.0044536
12.945 0.0037507
12.95 0.0033465
12.955 0.0035798
12.96 0.0040999
12.965 0.0045136
12.97 0.0046438
12.975 0.0046943
12.98 0.0049091
12.985 0.0055527
12.99 0.0063935
12.995 0.0071151
13 0.0076366
13.005 0.0079872
13.01 0.0082429
13.015 0.0083844
13.02 0.008425
13.025 0.0083916
13.03 0.0084149
13.035 0.0085623
13.04 0.0085737
13.045 0.0083917
13.05 0.0078483
13.055 0.0071016
13.06 0.0064096
13.065 0.0057272
13.07 0.0050987
13.075 0.0045608
13.08 0.0041674
13.085 0.0040235
13.09 0.0039216
13.095 0.0038735
13.1 0.0038958
13.105 0.0039959
13.11 0.0041893
13.115 0.0044719
13.12 0.0047601
13.125 0.0050039
13.13 0.005227
13.135 0.0054954
13.14 0.0058102
13.145 0.0059903
13.15 0.0063083
13.155 0.0066166
13.16 0.006473
13.165 0.006537
13.17 0.007012
13.175 0.0073464
13.18 0.0067785
13.185 0.0056408
13.19 0.004325
13.195 0.0033975
13.2 0.0028537
13.205 0.002493
13.21 0.0018901
13.215 0.0010961
13.22 0.00059962
13.225 0.00062439
13.23 0.00085639
13.235 0.00077024
13.24 -0.00016332
13.245 -0.0017136
13.25 -0.0030047
13.255 -0.0038527
13.26 -0.0042863
13.265 -0.0046134
13.27 -0.0048434
13.275 -0.0049951
13.28 -0.0055216
13.285 -0.0066244
13.29 -0.0078866
13.295 -0.0089747
13.3 -0.009644
13.305 -0.0099036
13.31 -0.0097133
13.315 -0.0094937
13.32 -0.0092122
13.325 -0.0087996
13.33 -0.008502
13.335 -0.008071
13.34 -0.0075246
13.345 -0.0068867
13.35 -0.0059687
13.355 -0.0049708
13.36 -0.0041673
13.365 -0.0038356
13.37 -0.003828
13.375 -0.0041524
13.38 -0.0044257
13.385 -0.0045726
13.39 -0.004783
13.395 -0.0050711
13.4 -0.0052697
13.405 -0.0054326
13.41 -0.0054785
13.415 -0.0053564
13.42 -0.0051702
13.425 -0.0047792
13.43 -0.00441
13.435 -0.0040028
13.44 -0.0035277
13.445 -0.0030124
13.45 -0.0025846
13.455 -0.0019555
13.46 -0.00098397
13.465 3.2034e-005
13.47 0.0007635
13.475 0.0014267
13.48 0.0024295
13.485 0.0032391
13.49 0.0034239
13.495 0.0028594
13.5 0.0019042
13.505 0.0012973
13.51 0.0013463
13.515 0.0017372
13.52 0.0018966
13.525 0.0015757
13.53 0.00093586
13.535 0.00042737
13.54 0.00017872
13.545 -6.6317e-005
13.55 -6.376e-005
13.555 -5.8904e-005
13.56 -9.0729e-005
13.565 -7.4852e-005
13.57 4.6716e-005
13.575 -3.9279e-005
13.58 -0.0001781
13.585 -1.6666e-005
13.59 0.00010853
13.595 0.00011805
13.6 -0.00012249
13.605 -0.00045013
13.61 -0.00078703
13.615 -0.001179
13.62 -0.0013789
13.625 -0.0013374
13.63 -0.0012166
13.635 -0.0011101
13.64 -0.0010872
13.645 -0.0011191
13.65 -0.0011999
13.655 -0.0012163
13.66 -0.00090673
13.665 -0.00020564
13.67 0.00096019
13.675 0.002088
13.68 0.0027786
13.685 0.0030231
13.69 0.0032537
13.695 0.003555
13.7 0.0042832
13.705 0.0054743
13.71 0.0063388
13.715 0.0064061
13.72 0.0062821
13.725 0.0064048
13.73 0.0066473
13.735 0.0067856
13.74 0.0067434
13.745 0.0065815
13.75 0.0065565
13.755 0.0066259
13.76 0.0067549
13.765 0.0069444
13.77 0.0071467
13.775 0.0073676
13.78 0.0076592
13.785 0.0080471
13.79 0.0085934
13.795 0.0087423
13.8 0.0081986
13.805 0.0077349
13.81 0.0078999
13.815 0.0086148
13.82 0.0093717
13.825 0.0099347
13.83 0.0099596
13.835 0.0095552
13.84 0.0094093
13.845 0.0095162
13.85 0.0095928
13.855 0.0097453
13.86 0.0099306
13.865 0.0098159
13.87 0.0094469
13.875 0.0088754
13.88 0.0082663
13.885 0.0075129
13.89 0.0066794
13.895 0.0058193
13.9 0.0047728
13.905 0.0036244
13.91 0.0023056
13.915 0.00076536
13.92 -0.00086766
13.925 -0.0025729
13.93 -0.0042545
13.935 -0.0056417
13.94 -0.0068532
13.945 -0.0077362
13.95 -0.0086251
13.955 -0.0094141
13.96 -0.0098171
13.965 -0.0099433
13.97 -0.0098124
13.975 -0.0095357
13.98 -0.0090177
13.985 -0.008395
13.99 -0.0076305
13.995 -0.00673
14 -0.0057107
14.005 -0.0048209
14.01 -0.0040117
14.015 -0.003118
14.02 -0.0024452
14.025 -0.0021598
14.03 -0.0019727
14.035 -0.0018041
14.04 -0.0016692
14.045 -0.0016866
14.05 -0.0018168
14.055 -0.0022241
14.06 -0.003085
14.065 -0.0039519
14.07 -0.0042793
14.075 -0.0043974
14.08 -0.004665
14.085 -0.0050418
14.09 -0.005289
14.095 -0.0055778
14.1 -0.0058962
14.105 -0.0059744
14.11 -0.0059195
14.115 -0.0058746
14.12 -0.0058277
14.125 -0.0058687
14.13 -0.0057014
14.135 -0.0051323
14.14 -0.0046433
14.145 -0.0043403
14.15 -0.0041747
14.155 -0.0041544
14.16 -0.0040095
14.165 -0.0033835
14.17 -0.0024162
14.175 -0.0014735
14.18 -0.00088214
14.185 -0.00073191
14.19 -0.0007434
14.195 -0.00057325
14.2 -3.2223e-006
14.205 0.00067185
14.21 0.0012892
14.215 0.0015897
14.22 0.0017535
14.225 0.002308
14.23 0.0028437
14.235 0.0031172
14.24 0.0030813
14.245 0.002564
14.25 0.0018903
14.255 0.0016834
14.26 0.0018895
14.265 0.0020622
14.27 0.0020108
14.275 0.0016173
14.28 0.00084122
14.285 -8.3035e-005
14.29 -0.0010731
14.295 -0.002183
14.3 -0.0029226
14.305 -0.0030116
14.31 -0.0025945
14.315 -0.0022419
14.32 -0.00196
14.325 -0.0017333
14.33 -0.0014481
14.335 -0.0010715
14.34 -0.0010514
14.345 -0.0014283
14.35 -0.0019181
14.355 -0.0023407
14.36 -0.0026924
14.365 -0.0031911
14.37 -0.0038171
14.375 -0.004115
14.38 -0.004241
14.385 -0.0043384
14.39 -0.0042472
14.395 -0.0040641
14.4 -0.0035866
14.405 -0.0030696
14.41 -0.0025739
14.415 -0.0020903
14.42 -0.0015821
14.425 -0.00079231
14.43 -0.00011358
14.435 0.0001249
14.44 0.00034
14.445 0.00067929
14.45 0.0010906
14.455 0.0014991
14.46 0.001901
14.465 0.0022578
14.47 0.002384
14.475 0.0024393
14.48 0.0021848
14.485 0.0019179
14.49 0.0016924
14.495 0.001404
14.5 0.0010364
14.505 0.00054118
14.51 0.00014348
14.515 -0.00022028
14.52 -0.00066919
14.525 -0.00096622
14.53 -0.00071798
14.535 -0.00028688
14.54 -2.2176e-005
14.545 0.00011865
14.55 0.0003396
14.555 0.00055029
14.56 0.00095644
14.565 0.0011589
14.57 0.001163
14.575 0.0014202
14.58 0.0018394
14.585 0.0023758
14.59 0.0028723
14.595 0.0031828
14.6 0.0031738
14.605 0.0029052
14.61 0.0026094
14.615 0.0024636
14.62 0.0024064
14.625 0.0021636
14.63 0.0017598
14.635 0.0013228
14.64 0.00095098
14.645 0.00061732
14.65 0.00057103
14.655 0.00077479
14.66 0.0011821
14.665 0.0021015
14.67 0.0033369
14.675 0.0042013
14.68 0.0044709
14.685 0.0038854
14.69 0.0030554
14.695 0.0023026
14.7 0.0017335
14.705 0.0012818
14.71 0.000855
14.715 0.00049685
14.72 3.9403e-005
14.725 -0.00072005
14.73 -0.0016508
14.735 -0.002207
14.74 -0.0023284
14.745 -0.0020091
14.75 -0.0017822
14.755 -0.0017822
14.76 -0.0016484
14.765 -0.0015358
14.77 -0.0014792
14.775 -0.0015303
14.78 -0.0013013
14.785 -0.0011138
14.79 -0.0016923
14.795 -0.0032767
14.8 -0.0052157
14.805 -0.0065358
14.81 -0.0068321
14.815 -0.0066834
14.82 -0.0066913
14.825 -0.0068476
14.83 -0.0068164
14.835 -0.0064329
14.84 -0.0058546
14.845 -0.0048063
14.85 -0.0031486
14.855 -0.001365
14.86 6.2484e-005
14.865 0.00070815
14.87 0.00062726
14.875 0.00023299
14.88 -5.6423e-005
14.885 -9.4942e-005
14.89 0.0002851
14.895 0.00056255
14.9 0.00039867
14.905 -0.00022114
14.91 -0.0010503
14.915 -0.0017539
14.92 -0.0021021
14.925 -0.0020434
14.93 -0.0016084
14.935 -0.001214
14.94 -0.0011244
14.945 -0.0010726
14.95 -0.0008448
14.955 -0.00055505
14.96 -0.00041126
14.965 -0.00067438
14.97 -0.0012181
14.975 -0.0019322
14.98 -0.0026517
14.985 -0.0032985
14.99 -0.0036297
14.995 -0.003597
15 -0.0031714
15.005 -0.0025912
15.01 -0.0018516
15.015 -0.00096973
15.02 -8.1932e-005
15.025 0.00093121
15.03 0.001977
15.035 0.0027285
15.04 0.0033417
15.045 0.0039164
15.05 0.00425
15.055 0.0044423
15.06 0.004405
15.065 0.0042954
15.07 0.0040299
15.075 0.0033996
15.08 0.0024587
15.085 0.0012285
15.09 -8.4452e-005
15.095 -0.0011732
15.1 -0.0021516
15.105 -0.0030527
15.11 -0.0037572
15.115 -0.0043006
15.12 -0.0045607
15.125 -0.0044438
15.13 -0.0038159
15.135 -0.0030228
15.14 -0.0022147
15.145 -0.0011474
15.15 0.00044131
15.155 0.0022291
15.16 0.0036767
15.165 0.0050631
15.17 0.0067503
15.175 0.0081425
15.18 0.0086054
15.185 0.0082519
15.19 0.0076565
15.195 0.007267
15.2 0.0074481
15.205 0.0077774
15.21 0.007844
15.215 0.0075837
15.22 0.0069499
15.225 0.0063707
15.23 0.0060447
15.235 0.0060727
15.24 0.0061516
15.245 0.006242
15.25 0.0063578
15.255 0.0067924
15.26 0.0075865
15.265 0.0084357
15.27 0.0092097
15.275 0.0098846
15.28 0.010335
15.285 0.010368
15.29 0.010062
15.295 0.0093397
15.3 0.0084313
15.305 0.0080004
15.31 0.0082739
15.315 0.00875
15.32 0.0091382
15.325 0.0093904
15.33 0.0095439
15.335 0.0093574
15.34 0.0090662
15.345 0.0088118
15.35 0.0085842
15.355 0.008535
15.36 0.008527
15.365 0.0081723
15.37 0.0073151
15.375 0.0060634
15.38 0.0050766
15.385 0.004158
15.39 0.0032122
15.395 0.002209
15.4 0.0011593
15.405 0.00013273
15.41 -0.00089437
15.415 -0.0020401
15.42 -0.0032839
15.425 -0.0046132
15.43 -0.0057068
15.435 -0.0065329
15.44 -0.0073215
15.445 -0.008025
15.45 -0.0085764
15.455 -0.0086859
15.46 -0.0084827
15.465 -0.0079851
15.47 -0.0073806
15.475 -0.0069678
15.48 -0.0066826
15.485 -0.0065597
15.49 -0.006691
15.495 -0.0071056
15.5 -0.0075585
15.505 -0.0081003
15.51 -0.008588
15.515 -0.008856
15.52 -0.0090239
15.525 -0.009204
15.53 -0.0093879
15.535 -0.009486
15.54 -0.0094319
15.545 -0.0092661
15.55 -0.0087718
15.555 -0.0082831
15.56 -0.0079425
15.565 -0.0075471
15.57 -0.0070545
15.575 -0.0066341
15.58 -0.0065413
15.585 -0.0065684
15.59 -0.0066079
15.595 -0.006698
15.6 -0.006884
15.605 -0.0070698
15.61 -0.0071789
15.615 -0.0075517
15.62 -0.0080495
15.625 -0.0081456
15.63 -0.0077514
15.635 -0.0069682
15.64 -0.006086
15.645 -0.0052819
15.65 -0.0045833
15.655 -0.0038512
15.66 -0.0027937
15.665 -0.001542
15.67 7.5014e-005
15.675 0.0016058
15.68 0.0024359
15.685 0.0023813
15.69 0.0015965
15.695 0.00093213
15.7 0.00063662
15.705 0.00017409
15.71 -0.00022897
15.715 -0.00043817
15.72 -0.00084171
15.725 -0.0012839
15.73 -0.0013976
15.735 -0.00092656
15.74 -0.00031527
15.745 0.00019533
15.75 0.00090819
15.755 0.0018149
15.76 0.0025814
15.765 0.0029942
15.77 0.0033995
15.775 0.003755
15.78 0.0039532
15.785 0.0039759
15.79 0.0037199
15.795 0.0030675
15.8 0.0023771
15.805 0.0022069
15.81 0.0023712
15.815 0.0025624
15.82 0.0024245
15.825 0.0019648
15.83 0.0012875
15.835 0.00051955
15.84 -0.00021581
15.845 -0.00076156
15.85 -0.0011618
15.855 -0.001307
15.86 -0.001226
15.865 -0.0013732
15.87 -0.001484
15.875 -0.0012579
15.88 -0.00064369
15.885 0.00010541
15.89 0.00055595
15.895 0.00061858
15.9 0.000378
15.905 -0.00020922
15.91 -0.00080484
15.915 -0.0014902
15.92 -0.002336
15.925 -0.0034188
15.93 -0.0042259
15.935 -0.0046621
15.94 -0.0049224
15.945 -0.0049494
15.95 -0.0049376
15.955 -0.0049235
15.96 -0.0048325
15.965 -0.004685
15.97 -0.0042745
15.975 -0.0035931
15.98 -0.0031012
15.985 -0.0028035
15.99 -0.0025888
15.995 -0.002361
16 -0.002301
16.005 -0.0023628
16.01 -0.0022735
16.015 -0.0022759
16.02 -0.0024357
16.025 -0.0024832
16.03 -0.00243
16.035 -0.0022657
16.04 -0.001955
16.045 -0.0014942
16.05 -0.001027
16.055 -0.00087193
16.06 -0.00084328
16.065 -0.00063213
16.07 6.528e-005
16.075 0.0012193
16.08 0.0025679
16.085 0.0039644
16.09 0.0050367
16.095 0.0055843
16.1 0.0061229
16.105 0.0069654
16.11 0.0074793
16.115 0.007214
16.12 0.0063909
16.125 0.0056761
16.13 0.0052822
16.135 0.0052965
16.14 0.0056428
16.145 0.0062459
16.15 0.0069473
16.155 0.0076832
16.16 0.0084974
16.165 0.0094357
16.17 0.010312
16.175 0.010873
16.18 0.010971
16.185 0.010684
16.19 0.0099346
16.195 0.0089792
16.2 0.0081427
16.205 0.0078019
16.21 0.0078487
16.215 0.0076307
16.22 0.0069896
16.225 0.0061223
16.23 0.0052595
16.235 0.0048032
16.24 0.0042124
16.245 0.0033985
16.25 0.002589
16.255 0.0023411
16.26 0.0029323
16.265 0.0039839
16.27 0.0047829
16.275 0.0051763
16.28 0.0055124
16.285 0.005664
16.29 0.0057277
16.295 0.0055515
16.3 0.0053107
16.305 0.0053494
16.31 0.0054163
16.315 0.0053031
16.32 0.0048559
16.325 0.003808
16.33 0.0020331
16.335 -5.3827e-005
16.34 -0.0019911
16.345 -0.0031481
16.35 -0.0037344
16.355 -0.0041928
16.36 -0.0047512
16.365 -0.0052625
16.37 -0.0053315
16.375 -0.0049915
16.38 -0.0042894
16.385 -0.0033468
16.39 -0.0024642
16.395 -0.001984
16.4 -0.0019035
16.405 -0.0018876
16.41 -0.0018174
16.415 -0.0018797
16.42 -0.0017842
16.425 -0.0017515
16.43 -0.0020834
16.435 -0.0024069
16.44 -0.0029951
16.445 -0.0035176
16.45 -0.004018
16.455 -0.0046291
16.46 -0.005157
16.465 -0.0053403
16.47 -0.0052492
16.475 -0.0049398
16.48 -0.0042877
16.485 -0.00347
16.49 -0.0031073
16.495 -0.0033258
16.5 -0.0036294
16.505 -0.0039112
16.51 -0.0039949
16.515 -0.0038321
16.52 -0.0035844
16.525 -0.0034651
16.53 -0.0032781
16.535 -0.0030366
16.54 -0.0029713
16.545 -0.0030274
16.55 -0.0031968
16.555 -0.0036276
16.56 -0.0040817
16.565 -0.0043572
16.57 -0.0050035
16.575 -0.0058909
16.58 -0.0069209
16.585 -0.0078711
16.59 -0.0085267
16.595 -0.0091138
16.6 -0.0095681
16.605 -0.009809
16.61 -0.0098535
16.615 -0.009703
16.62 -0.0095792
16.625 -0.0092414
16.63 -0.0083848
16.635 -0.007349
16.64 -0.0064649
16.645 -0.0055644
16.65 -0.0046311
16.655 -0.0037291
16.66 -0.0028035
16.665 -0.0018066
16.67 -0.00071718
16.675 0.00048676
16.68 0.0013412
16.685 0.0016328
16.69 0.0015217
16.695 0.0013226
16.7 0.0014371
16.705 0.0019854
16.71 0.0026589
16.715 0.003224
16.72 0.0033477
16.725 0.0031558
16.73 0.0030782
16.735 0.0032343
16.74 0.0033329
16.745 0.0033906
16.75 0.0035001
16.755 0.0037602
16.76 0.0045652
16.765 0.0055285
16.77 0.006286
16.775 0.0067257
16.78 0.0069608
16.785 0.0073558
16.79 0.0076537
16.795 0.0074164
16.8 0.0067501
16.805 0.0061025
16.81 0.0060426
16.815 0.0066374
16.82 0.0072867
16.825 0.0076943
16.83 0.0077976
16.835 0.007563
16.84 0.0071982
16.845 0.0069333
16.85 0.0070508
16.855 0.0071622
16.86 0.0070014
16.865 0.0067205
16.87 0.0062477
16.875 0.0058229
16.88 0.0054455
16.885 0.0051154
16.89 0.0049352
16.895 0.0048184
16.9 0.0046096
16.905 0.0041935
16.91 0.0035492
16.915 0.0028567
16.92 0.0021511
16.925 0.0013729
16.93 0.00067743
16.935 0.00018836
16.94 -0.00014714
16.945 -0.00028003
16.95 -0.00026751
16.955 -0.00020191
16.96 -0.00019656
16.965 -0.00021252
16.97 -0.00037735
16.975 -0.00082993
16.98 -0.0014054
16.985 -0.0021946
16.99 -0.0028869
16.995 -0.0032574
17 -0.003521
17.005 -0.0037334
17.01 -0.0041405
17.015 -0.0045846
17.02 -0.0048868
17.025 -0.0049627
17.03 -0.0048117
17.035 -0.0046862
17.04 -0.0045393
17.045 -0.0041505
17.05 -0.0038755
17.055 -0.0035441
17.06 -0.0034855
17.065 -0.0037134
17.07 -0.0038225
17.075 -0.0040135
17.08 -0.0041578
17.085 -0.0042817
17.09 -0.0044595
17.095 -0.00452
17.1 -0.004381
17.105 -0.0041473
17.11 -0.0040418
17.115 -0.0040708
17.12 -0.0040885
17.125 -0.0042406
17.13 -0.0045452
17.135 -0.0046817
17.14 -0.0049157
17.145 -0.0049737
17.15 -0.0047389
17.155 -0.0043705
17.16 -0.0037306
17.165 -0.0031116
17.17 -0.0024001
17.175 -0.0019751
17.18 -0.0020495
17.185 -0.0026234
17.19 -0.0035221
17.195 -0.0043052
17.2 -0.0046687
17.205 -0.0048168
17.21 -0.0049095
17.215 -0.0049808
17.22 -0.0052101
17.225 -0.0054841
17.23 -0.0055765
17.235 -0.0054546
17.24 -0.0053233
17.245 -0.005324
17.25 -0.0053316
17.255 -0.0050675
17.26 -0.0040738
17.265 -0.002675
17.27 -0.0013486
17.275 -0.00021875
17.28 0.0006954
17.285 0.0013597
17.29 0.0018026
17.295 0.001853
17.3 0.0019927
17.305 0.0024965
17.31 0.003493
17.315 0.0048405
17.32 0.0060503
17.325 0.0069529
17.33 0.0076235
17.335 0.0078381
17.34 0.0072965
17.345 0.0063899
17.35 0.0054137
17.355 0.0045383
17.36 0.0039874
17.365 0.0035212
17.37 0.0029276
17.375 0.0021164
17.38 0.0014589
17.385 0.00099409
17.39 0.00063835
17.395 0.00040082
17.4 8.7503e-005
17.405 -5.6383e-005
17.41 0.00018387
17.415 0.00058376
17.42 0.00079381
17.425 0.00079941
17.43 0.00091378
17.435 0.0013016
17.44 0.0017741
17.445 0.0021989
17.45 0.0028278
17.455 0.0035886
17.46 0.0044485
17.465 0.0051263
17.47 0.0052245
17.475 0.0047186
17.48 0.0044363
17.485 0.0044654
17.49 0.0044938
17.495 0.0044566
17.5 0.0040521
17.505 0.0032417
17.51 0.0025338
17.515 0.0021211
17.52 0.0017812
17.525 0.0015109
17.53 0.0011148
17.535 0.00063108
17.54 0.00010087
17.545 -0.00018101
17.55 -0.0002103
17.555 6.2276e-005
17.56 0.00062358
17.565 0.0012983
17.57 0.0018425
17.575 0.0020923
17.58 0.0022019
17.585 0.0023856
17.59 0.002877
17.595 0.0037652
17.6 0.0048835
17.605 0.0059204
17.61 0.0067219
17.615 0.0071381
17.62 0.0069073
17.625 0.0065054
17.63 0.0062539
17.635 0.0061712
17.64 0.0059831
17.645 0.0055669
17.65 0.004715
17.655 0.0035678
17.66 0.0023571
17.665 0.0014011
17.67 0.0010137
17.675 0.00091085
17.68 0.00055227
17.685 -0.00012931
17.69 -0.00069804
17.695 -0.00087232
17.7 -0.00061427
17.705 -8.8936e-005
17.71 0.00031007
17.715 0.0003671
17.72 0.00029711
17.725 0.00062299
17.73 0.00091978
17.735 0.00095357
17.74 0.0007751
17.745 0.00056865
17.75 0.0002858
17.755 1.5771e-005
17.76 -0.00025977
17.765 -0.00059233
17.77 -0.00090167
17.775 -0.001143
17.78 -0.0014675
17.785 -0.0016657
17.79 -0.0021773
17.795 -0.0034269
17.8 -0.0048051
17.805 -0.0054429
17.81 -0.0051279
17.815 -0.0041793
17.82 -0.0032667
17.825 -0.0028517
17.83 -0.0028097
17.835 -0.0027463
17.84 -0.0026594
17.845 -0.0027342
17.85 -0.0029864
17.855 -0.0032945
17.86 -0.0035288
17.865 -0.0039521
17.87 -0.0042913
17.875 -0.0044537
17.88 -0.004507
17.885 -0.0047047
17.89 -0.0049284
17.895 -0.0051414
17.9 -0.005152
17.905 -0.0048577
17.91 -0.0043837
17.915 -0.0038751
17.92 -0.0034269
17.925 -0.0034188
17.93 -0.0035589
17.935 -0.0030813
17.94 -0.0020833
17.945 -0.001113
17.95 -0.00046144
17.955 -0.00013923
17.96 8.8076e-005
17.965 0.00026188
17.97 0.00046188
17.975 0.00056498
17.98 0.00044326
17.985 7.6742e-005
17.99 -0.0006327
17.995 -0.0013206
18 -0.0015465
18.005 -0.0014268
18.01 -0.00083252
18.015 2.5937e-007
18.02 0.00062654
18.025 0.00079012
18.03 0.00046697
18.035 8.2808e-005
18.04 -0.00026196
18.045 -0.00065739
18.05 -0.00082819
18.055 -0.00065787
18.06 -0.00027971
18.065 7.6314e-005
18.07 0.00042262
18.075 0.00080679
18.08 0.0012894
18.085 0.001798
18.09 0.0021006
18.095 0.002145
18.1 0.0020455
18.105 0.0023154
18.11 0.0026249
18.115 0.0025095
18.12 0.0021505
18.125 0.0018996
18.13 0.0019179
18.135 0.0022711
18.14 0.002661
18.145 0.0028952
18.15 0.0028289
18.155 0.002688
18.16 0.0023485
18.165 0.0022281
18.17 0.0026522
18.175 0.0032093
18.18 0.0031584
18.185 0.0021291
18.19 0.00079044
18.195 -0.00013324
18.2 -0.00053157
18.205 -0.00041705
18.21 -0.00013099
18.215 -8.3005e-005
18.22 -6.3152e-005
18.225 -0.00017033
18.23 -0.00052607
18.235 -0.00094938
18.24 -0.0012181
18.245 -0.0015578
18.25 -0.0019968
18.255 -0.0022154
18.26 -0.0020725
18.265 -0.0016741
18.27 -0.0013559
18.275 -0.0015391
18.28 -0.0024166
18.285 -0.0035958
18.29 -0.0046731
18.295 -0.005896
18.3 -0.0072107
18.305 -0.0080409
18.31 -0.0080934
18.315 -0.0076741
18.32 -0.0071565
18.325 -0.0064829
18.33 -0.0060428
18.335 -0.0060678
18.34 -0.0060379
18.345 -0.0056413
18.35 -0.005001
18.355 -0.0040897
18.36 -0.003179
18.365 -0.0025853
18.37 -0.0026212
18.375 -0.0030332
18.38 -0.003234
18.385 -0.0029901
18.39 -0.0024802
18.395 -0.0019081
18.4 -0.0014982
18.405 -0.0013912
18.41 -0.0015127
18.415 -0.001913
18.42 -0.0022293
18.425 -0.0021797
18.43 -0.0016483
18.435 -0.00090466
18.44 -0.00022719
18.445 0.00012178
18.45 0.00012773
18.455 -6.0641e-005
18.46 -0.0003688
18.465 -0.00036705
18.47 0.00015147
18.475 0.0011708
18.48 0.0025648
18.485 0.0039295
18.49 0.0049408
18.495 0.005116
18.5 0.0045423
18.505 0.0035242
18.51 0.0026373
18.515 0.0019942
18.52 0.0015085
18.525 0.0010969
18.53 0.00082905
18.535 0.00064701
18.54 0.00042414
18.545 9.28e-005
18.55 -0.00029772
18.555 -0.00047701
18.56 -0.0003187
18.565 0.00024928
18.57 0.0010154
18.575 0.0017947
18.58 0.0026143
18.585 0.0033687
18.59 0.0039001
18.595 0.0042361
18.6 0.0042976
18.605 0.0040934
18.61 0.0038911
18.615 0.003617
18.62 0.0031319
18.625 0.0023959
18.63 0.0016579
18.635 0.001161
18.64 0.00097448
18.645 0.00096971
18.65 0.0010751
18.655 0.0012603
18.66 0.0015148
18.665 0.0021432
18.67 0.0031405
18.675 0.0041285
18.68 0.0046447
18.685 0.0046739
18.69 0.0044581
18.695 0.0041444
18.7 0.0038777
18.705 0.0036919
18.71 0.0035996
18.715 0.0035156
18.72 0.0032253
18.725 0.0025403
18.73 0.0017562
18.735 0.0011531
18.74 0.00085825
18.745 0.0008791
18.75 0.0013126
18.755 0.0019383
18.76 0.0022765
18.765 0.0025058
18.77 0.0028367
18.775 0.0031841
18.78 0.0034323
18.785 0.003519
18.79 0.0033716
18.795 0.0027799
18.8 0.0018622
18.805 0.0010407
18.81 0.00061418
18.815 0.00062003
18.82 0.00064041
18.825 0.00041002
18.83 0.00021844
18.835 0.00010751
18.84 8.2007e-005
18.845 -2.1535e-005
18.85 -5.582e-005
18.855 0.00037749
18.86 0.0010445
18.865 0.0016254
18.87 0.0019005
18.875 0.0019922
18.88 0.0019035
18.885 0.0016718
18.89 0.0012401
18.895 0.00055738
18.9 -0.00031758
18.905 -0.0013301
18.91 -0.0022851
18.915 -0.0030812
18.92 -0.0035069
18.925 -0.0037471
18.93 -0.0040511
18.935 -0.0045015
18.94 -0.0047921
18.945 -0.0049618
18.95 -0.0051055
18.955 -0.0051222
18.96 -0.0051419
18.965 -0.0051234
18.97 -0.0049421
18.975 -0.0047276
18.98 -0.0044982
18.985 -0.0042844
18.99 -0.0041071
18.995 -0.0037754
19 -0.0032715
19.005 -0.0026958
19.01 -0.0018075
19.015 -0.0010343
19.02 -0.00077892
19.025 -0.00085979
19.03 -0.0010045
19.035 -0.0011056
19.04 -0.0011051
19.045 -0.00093417
19.05 -0.00055297
19.055 -0.00012531
19.06 0.00025934
19.065 0.0004196
19.07 0.00020763
19.075 -0.00016538
19.08 -0.00058999
19.085 -0.0011161
19.09 -0.0018675
19.095 -0.002747
19.1 -0.0035337
19.105 -0.0045347
19.11 -0.0058664
19.115 -0.0071248
19.12 -0.0079448
19.125 -0.0079325
19.13 -0.0063235
19.135 -0.0030048
19.14 0.0015045
19.145 0.006715
19.15 0.011548
19.155 0.01461
19.16 0.015317
19.165 0.013802
19.17 0.010384
19.175 0.0058354
19.18 0.0014186
19.185 -0.0016449
19.19 -0.0027604
19.195 -0.0024057
19.2 -0.0012311
19.205 -3.7625e-005
19.21 0.00027221
19.215 -0.00039734
19.22 -0.0016722
19.225 -0.0030018
19.23 -0.0038092
19.235 -0.003621
19.24 -0.0023419
19.245 0.00041236
19.25 0.004366
19.255 0.0086647
19.26 0.012283
19.265 0.014141
19.27 0.013855
19.275 0.011814
19.28 0.0082214
19.285 0.0035259
19.29 -0.0011884
19.295 -0.0048145
19.3 -0.0066109
19.305 -0.0065593
19.31 -0.0055737
19.315 -0.0045705
19.32 -0.0039842
19.325 -0.0039032
19.33 -0.0042961
19.335 -0.0046387
19.34 -0.0047296
19.345 -0.0043852
19.35 -0.0037958
19.355 -0.0032825
19.36 -0.0027635
19.365 -0.0021557
19.37 -0.0013125
19.375 -0.00031589
19.38 0.00065616
19.385 0.0015049
19.39 0.0018665
19.395 0.0013503
19.4 0.00018242
19.405 -0.001114
19.41 -0.0021407
19.415 -0.002657
19.42 -0.0025809
19.425 -0.0021642
19.43 -0.0015642
19.435 -0.00094893
19.44 -0.00061026
19.445 -0.00054196
19.45 -0.00060851
19.455 -0.00073241
19.46 -0.00077728
19.465 -0.00053175
19.47 -1.5965e-005
19.475 0.00054975
19.48 0.0010837
19.485 0.001512
19.49 0.0018154
19.495 0.0020121
19.5 0.0021319
19.505 0.0021492
19.51 0.0019381
19.515 0.0016619
19.52 0.0013513
19.525 0.00092414
19.53 0.00027645
19.535 -0.00026999
19.54 -0.00054023
19.545 -0.0005229
19.55 -0.00036933
19.555 -0.00020346
19.56 -0.00017457
19.565 -0.0002324
19.57 -0.00032066
19.575 -0.00026754
19.58 -7.6412e-005
19.585 1.2918e-005
19.59 -9.4074e-006
19.595 1.6949e-005
19.6 0.00020691
19.605 0.00040605
19.61 0.00052351
19.615 0.00054283
19.62 0.00056488
19.625 0.00078017
19.63 0.0010419
19.635 0.0012859
19.64 0.0014248
19.645 0.0014787
19.65 0.0014377
19.655 0.0014958
19.66 0.0015371
19.665 0.0015047
19.67 0.0014276
19.675 0.0012762
19.68 0.00076785
19.685 3.8787e-005
19.69 -0.00051683
19.695 -0.0007104
19.7 -0.0006208
19.705 -0.00050815
19.71 -0.00050691
19.715 -0.00064486
19.72 -0.00088486
19.725 -0.0010008
19.73 -0.001072
19.735 -0.0011353
19.74 -0.0010512
19.745 -0.0008246
19.75 -0.00049969
19.755 -0.00018974
19.76 -3.9622e-005
19.765 -0.00011967
19.77 -0.00032459
19.775 -0.00056795
19.78 -0.00079065
19.785 -0.0010203
19.79 -0.0013064
19.795 -0.0016003
19.8 -0.0017229
19.805 -0.0016055
19.81 -0.0012817
19.815 -0.00090348
19.82 -0.00060092
19.825 -0.00041468
19.83 -0.0003308
19.835 -0.00029107
19.84 -0.00014126
19.845 2.5281e-005
19.85 0.00016234
19.855 0.00029933
19.86 0.00048792
19.865 0.00077499
19.87 0.0010865
19.875 0.0013593
19.88 0.0014512
19.885 0.0013603
19.89 0.0011776
19.895 0.0009226
19.9 0.00065055
19.905 0.00036998
19.91 5.3639e-005
19.915 -0.00020019
19.92 -0.0003055
19.925 -0.00030229
19.93 -0.00025651
19.935 -0.00020114
19.94 -9.302e-005
19.945 5.3136e-005
19.95 0.00017659
19.955 0.00026506
19.96 0.00032369
19.965 0.00039531
19.97 0.00049935
19.975 0.00061082
19.98 0.00065724
19.985 0.00062207
19.99 0.00051882
19.995 0.00036654
20 0.0002154
20.005 0.0001137
20.01 6.9431e-005
20.015 7.0145e-005
20.02 3.2323e-005
20.025 -6.1541e-005
20.03 -0.00013676
20.035 -0.00016541
20.04 -0.00014321
20.045 -7.4381e-005
20.05 -1.1341e-006
20.055 5.0286e-005
20.06 9.8716e-005
20.065 0.00015138
20.07 0.00022872
20.075 0.00030713
20.08 0.00035015
20.085 0.00035807
20.09 0.00034532
20.095 0.00031154
20.1 0.00026026
20.105 0.00019625
20.11 0.00013002
20.115 7.3861e-005
20.12 4.1621e-005
20.125 2.0785e-005
20.13 2.9288e-006
20.135 -1.4121e-005
20.14 -4.1795e-005
20.145 -8.4481e-005
20.15 -0.00011779
20.155 -0.00014105
20.16 -0.00015437
20.165 -0.00015221
20.17 -0.00014335
20.175 -0.00014768
20.18 -0.00017582
20.185 -0.00021026
20.19 -0.0002357
20.195 -0.00025322
20.2 -0.00026052
20.205 -0.00026801
20.21 -0.00028008
20.215 -0.00029525
20.22 -0.00030151
20.225 -0.00028697
20.23 -0.0002542
20.235 -0.00021763
20.24 -0.00018983
20.245 -0.00017025
20.25 -0.00015046
20.255 -0.00013088
20.26 -0.00011662
20.265 -0.0001156
20.27 -0.00012758
20.275 -0.00014835
20.28 -0.00016724
20.285 -0.00017522
20.29 -0.00017046
20.295 -0.00015761
20.3 -0.00014136
20.305 -0.00012587
20.31 -0.00011276
20.315 -0.0001001
20.32 -8.6429e-005
20.325 -7.4138e-005
20.33 -6.4321e-005
20.335 -5.6855e-005
20.34 -5.2078e-005
20.345 -5.0341e-005
20.35 -4.7099e-005
20.355 -4.1911e-005
20.36 -3.7413e-005
20.365 -3.4309e-005
20.37 -3.1695e-005
20.375 -3.0112e-005
20.38 -2.8599e-005
20.385 -2.5853e-005
20.39 -2.2978e-005
20.395 -2.1311e-005
20.4 -1.9345e-005
20.405 -1.731e-005
20.41 -1.4869e-005
20.415 -1.1868e-005
20.42 -9.3204e-006
20.425 -7.5038e-006
20.43 -5.7804e-006
20.435 -4.0029e-006
20.44 -2.0966e-006
20.445 -4.0614e-010
20.45 2.0559e-006
20.455 3.7016e-006
20.46 4.9425e-006
20.465 6.0463e-006
20.47 7.2811e-006
20.475 8.6152e-006
20.48 9.9767e-006
20.485 1.1175e-005
20.49 1.2219e-005
20.495 1.3056e-005
20.5 1.3869e-005
20.505 1.4751e-005
20.51 1.5717e-005
20.515 1.6668e-005
20.52 1.7536e-005
20.525 1.8266e-005
20.53 1.8883e-005
20.535 1.9417e-005
20.54 1.9906e-005
20.545 2.0342e-005
20.55 2.0734e-005
20.555 2.1074e-005
20.56 2.1374e-005
20.565 2.1637e-005
20.57 2.1865e-005
20.575 2.2054e-005
