0.01 -0.00035459
0.02 3.2199e-005
0.03 0.00052434
0.04 0.00040846
0.05 0.00047469
0.06 0.00042804
0.07 -0.00013332
0.08 -0.00055924
0.09 -0.0011387
0.1 -7.7623e-005
0.11 0.00061167
0.12 -0.00030938
0.13 0.0004356
0.14 0.00023845
0.15 -0.0010875
0.16 -0.00068411
0.17 -0.00040267
0.18 -0.00061938
0.19 0.00019182
0.2 0.00035888
0.21 0.0006328
0.22 -0.00060582
0.23 -0.00077136
0.24 0.00026409
0.25 -0.0010889
0.26 -0.00072018
0.27 0.00045975
0.28 0.00044772
0.29 0.00044772
0.3 0.00048836
0.31 -0.00024005
0.32 0.00042968
0.33 -0.00043569
0.34 -0.00034087
0.35 0.0010091
0.36 0.00092485
0.37 -0.00047781
0.38 -0.00055005
0.39 0.00014075
0.4 -0.00016927
0.41 0.00032588
0.42 0.00055465
0.43 0.00035599
0.44 0.00061787
0.45 6.8545e-005
0.46 -0.0006373
0.47 -0.00027158
0.48 0.00048244
0.49 0.00014833
0.5 -8.0425e-005
0.51 0.00060436
0.52 0.00039818
0.53 0.00052009
0.54 -0.00018124
0.55 -0.00030464
0.56 0.00042679
0.57 0.00046743
0.58 0.00052011
0.59 0.0002447
0.6 -0.0010421
0.61 -9.2409e-005
0.62 0.00070525
0.63 6.5626e-005
0.64 -1.1124e-005
0.65 0.00057583
0.66 0.00046146
0.67 -0.00015408
0.68 0.00035913
0.69 0.00054274
0.7 0.000469
0.71 -0.00014503
0.72 0.00035313
0.73 0.00055781
0.74 0.000463
0.75 -0.00013297
0.76 0.0003682
0.77 0.00038927
0.78 -0.0011458
0.79 7.4736e-005
0.8 -9.081e-005
0.81 0.00034565
0.82 0.00061505
0.83 -0.00025033
0.84 0.00052626
0.85 -0.00043092
0.86 -0.00023376
0.87 0.00083781
0.88 2.0599e-005
0.89 7.6289e-005
0.9 0.00057294
0.91 -0.00011333
0.92 -0.00030296
0.93 0.00053383
0.94 0.00027196
0.95 -0.00097267
0.96 -9.0733e-005
0.97 0.00081077
0.98 -0.00059189
0.99 -3.8043e-005
1 0.00063771
1.01 0.00050226
1.02 0.00050076
1.03 0.0006317
1.04 -0.00043835
1.05 -0.00079353
1.06 0.00062419
1.07 0.00047821
1.08 0.00057454
1.09 0.00052939
1.1 -7.4111e-005
1.11 -0.00025772
1.12 0.00054446
1.13 -0.00031791
1.14 -0.00093044
1.15 0.00088009
1.16 -0.000652
1.17 -0.00049096
1.18 0.00010803
1.19 0.00019533
1.2 0.00025102
1.21 9.4501e-005
1.22 0.00036089
1.23 -4.997e-005
1.24 0.00074618
1.25 0.00046174
1.26 0.00064987
1.27 -0.00012671
1.28 0.00049336
1.29 0.00044069
1.3 -0.0010387
1.31 -0.00049843
1.32 0.00046779
1.33 0.00072064
1.34 -0.00020945
1.35 2.684e-005
1.36 4.942e-005
1.37 0.0002526
1.38 0.00029926
1.39 -0.00053752
1.4 -0.00030123
1.41 -0.00098149
1.42 -0.00079486
1.43 -0.00084904
1.44 -0.0009002
1.45 3.742e-005
1.46 0.00094193
1.47 0.0020918
1.48 0.0017983
1.49 0.00060784
1.5 0.00064847
1.51 -0.00037041
1.52 -0.0027272
1.53 -0.00092575
1.54 -0.0020861
1.55 -7.9925e-005
1.56 0.0011647
1.57 -0.0015789
1.58 0.0016162
1.59 0.0013574
1.6 0.00027377
1.61 0.001082
1.62 -0.0015683
1.63 -0.00043206
1.64 0.00040322
1.65 -0.0020921
1.66 0.0018646
1.67 0.0011001
1.68 0.0008442
1.69 0.0013363
1.7 -0.00043053
1.71 -0.00083687
1.72 -0.0007255
1.73 -0.0010671
1.74 -0.0020183
1.75 -0.00073301
1.76 -0.00079321
1.77 -0.00081879
1.78 0.00011282
1.79 0.0008292
1.8 0.0005869
1.81 0.00075396
1.82 0.0004635
1.83 -0.0015081
1.84 2.4046e-005
1.85 0.00094361
1.86 -0.00034166
1.87 -1.6576e-005
1.88 0.0010685
1.89 -0.0012853
1.9 -0.0021717
1.91 -0.00040485
1.92 0.00066371
1.93 0.00083227
1.94 0.0033833
1.95 0.0038784
1.96 -0.0030205
1.97 5.2696e-005
1.98 -0.0016585
1.99 -0.0031018
2 0.0048206
2.01 0.0062518
2.02 0.0042938
2.03 0.0016375
2.04 -0.0029558
2.05 -0.0016855
2.06 9.6379e-005
2.07 -0.0070689
2.08 -0.0055098
2.09 -0.00042735
2.1 -0.003487
2.11 -0.0015049
2.12 0.00070744
2.13 -0.0031619
2.14 0.0016345
2.15 -0.00019405
2.16 -0.0026231
2.17 -0.0017141
2.18 -0.0089441
2.19 -0.0030249
2.2 0.0080293
2.21 -0.00086977
2.22 0.0047996
2.23 0.0082566
2.24 0.00077822
2.25 0.0037416
2.26 -0.0055067
2.27 -0.0012716
2.28 -0.01171
2.29 -0.008628
2.3 0.0064491
2.31 0.00025902
2.32 -0.0058046
2.33 -0.0030068
2.34 0.0073506
2.35 0.0013697
2.36 0.0036573
2.37 -0.0012369
2.38 0.0019702
2.39 0.0043241
2.4 0.0058863
2.41 0.0054558
2.42 0.0016346
2.43 0.018322
2.44 0.014195
2.45 -0.0022106
2.46 -0.0053516
2.47 -0.0032084
2.48 -0.018806
2.49 -0.0088311
2.5 0.0078594
2.51 -0.0068084
2.52 0.0041089
2.53 0.006681
2.54 0.0041631
2.55 0.0073808
2.56 -0.0086475
2.57 0.0093238
2.58 -0.0033198
2.59 -0.0137
2.6 -0.0062274
2.61 0.0046613
2.62 0.0027108
2.63 0.0043061
2.64 0.01755
2.65 -0.010748
2.66 0.0075614
2.67 -0.0088837
2.68 -0.0012624
2.69 0.00035398
2.7 -0.018772
2.71 0.022222
2.72 -0.00039249
2.73 -0.02564
2.74 -0.01005
2.75 -0.012783
2.76 0.0024309
2.77 -0.01407
2.78 -0.0046727
2.79 0.028218
2.8 0.0013007
2.81 0.019752
2.82 0.0080265
2.83 -0.017443
2.84 0.012794
2.85 -0.011642
2.86 -0.022963
2.87 -0.014232
2.88 -0.031513
2.89 0.0093766
2.9 0.025564
2.91 0.0080627
2.92 0.017553
2.93 0.011742
2.94 0.0038367
2.95 -0.015748
2.96 0.026583
2.97 -0.019015
2.98 -0.03979
2.99 0.023075
3 -0.0060708
3.01 -0.0054116
3.02 -0.0070942
3.03 0.0094684
3.04 -0.0031616
3.05 -0.0078015
3.06 0.012648
3.07 -0.0029403
3.08 -0.015188
3.09 0.036778
3.1 0.043157
3.11 -0.013173
3.12 0.014191
3.13 0.024323
3.14 -0.014946
3.15 -0.022286
3.16 -0.036627
3.17 -0.053274
3.18 0.0085309
3.19 0.024872
3.2 -0.020714
3.21 0.031764
3.22 0.035525
3.23 0.023476
3.24 0.048635
3.25 -5.8183e-005
3.26 -0.033713
3.27 -0.035787
3.28 -0.028476
3.29 -0.022522
3.3 -0.019571
3.31 -0.0082258
3.32 -0.0015195
3.33 0.019502
3.34 0.024446
3.35 -0.0054686
3.36 -0.022212
3.37 -0.021962
3.38 -0.032885
3.39 -0.0038583
3.4 0.038324
3.41 0.03147
3.42 0.038148
3.43 0.035422
3.44 0.031946
3.45 0.041757
3.46 -0.017373
3.47 -0.079206
3.48 -0.053763
3.49 -0.043444
3.5 -0.043809
3.51 -0.013231
3.52 -0.0054746
3.53 -6.1097e-005
3.54 0.025295
3.55 0.068262
3.56 0.048558
3.57 -0.03101
3.58 0.0042538
3.59 0.015601
3.6 -0.017977
3.61 0.012509
3.62 0.024609
3.63 0.0044329
3.64 0.017621
3.65 0.015579
3.66 -0.04113
3.67 -0.023333
3.68 0.0076912
3.69 -0.052811
3.7 -0.036023
3.71 0.013007
3.72 -0.0078193
3.73 0.034003
3.74 0.024285
3.75 0.038878
3.76 0.043471
3.77 0.021048
3.78 0.015429
3.79 -0.030378
3.8 -0.020687
3.81 -0.06358
3.82 -0.014455
3.83 0.014945
3.84 -0.054723
3.85 -0.013672
3.86 0.025658
3.87 0.016587
3.88 0.013779
3.89 -0.00076833
3.9 -0.0039349
3.91 0.013779
3.92 -0.001721
3.93 0.029085
3.94 0.0076206
3.95 -0.01618
3.96 0.028877
3.97 -0.00075025
3.98 -0.017083
3.99 0.011874
4 -0.042758
4.01 -0.062568
4.02 0.028126
4.03 -0.0078418
4.04 -0.015171
4.05 0.0016999
4.06 0.0041952
4.07 0.069466
4.08 0.030986
4.09 -0.03048
4.1 -0.0092445
4.11 0.001712
4.12 -0.028852
4.13 -0.0017676
4.14 0.056211
4.15 0.028618
4.16 0.006385
4.17 0.058151
4.18 0.011317
4.19 -0.037284
4.2 -0.03819
4.21 -0.038104
4.22 -0.053461
4.23 -0.039934
4.24 0.019816
4.25 -0.0030724
4.26 0.0091167
4.27 0.035299
4.28 0.043104
4.29 0.045351
4.3 -0.034992
4.31 -0.0059906
4.32 -0.008966
4.33 -0.042091
4.34 0.039357
4.35 0.023516
4.36 0.0082829
4.37 0.043605
4.38 0.026686
4.39 0.0061202
4.4 -0.013026
4.41 -0.060758
4.42 -0.077478
4.43 -0.0093211
4.44 -0.018672
4.45 -0.035892
4.46 0.041605
4.47 0.055066
4.48 0.056646
4.49 0.048871
4.5 0.044989
4.51 -0.045903
4.52 -0.066317
4.53 0.0027731
4.54 -0.039061
4.55 -0.014555
4.56 0.021611
4.57 0.036992
4.58 0.019418
4.59 0.019271
4.6 0.04155
4.61 -0.05442
4.62 -0.066835
4.63 -0.0066226
4.64 -0.042645
4.65 -0.018222
4.66 0.021401
4.67 0.049079
4.68 0.070089
4.69 0.03352
4.7 0.043393
4.71 -0.0081396
4.72 -0.064195
4.73 -0.021546
4.74 -0.03037
4.75 0.0089648
4.76 0.024808
4.77 -0.03329
4.78 0.066203
4.79 0.050848
4.8 -0.038736
4.81 -0.0084105
4.82 -0.062308
4.83 -0.056826
4.84 -0.003596
4.85 -0.0088108
4.86 -0.0047638
4.87 0.0912
4.88 0.030098
4.89 -0.0042612
4.9 0.048278
4.91 -0.027458
4.92 -0.024037
4.93 -0.021335
4.94 -0.03028
4.95 0.021742
4.96 0.018189
4.97 -0.0068543
4.98 0.043452
4.99 -0.020667
5 -0.030174
5.01 0.013016
5.02 -0.046922
5.03 -0.046939
5.04 0.01627
5.05 0.020931
5.06 0.0012276
5.07 0.021652
5.08 0.078312
5.09 0.054222
5.1 -0.005584
5.11 0.019712
5.12 -0.041418
5.13 -0.036408
5.14 -0.045664
5.15 -0.064788
5.16 0.031776
5.17 0.0087346
5.18 0.0029885
5.19 0.050912
5.2 -0.011426
5.21 0.0061626
5.22 0.044522
5.23 -0.0428
5.24 -0.024219
5.25 0.020219
5.26 -0.028474
5.27 0.025208
5.28 0.036187
5.29 -0.0084344
5.3 -0.0085021
5.31 -0.014131
5.32 -0.00635
5.33 -0.046239
5.34 -0.018322
5.35 0.013895
5.36 -0.00069568
5.37 -0.0067894
5.38 0.0050249
5.39 0.046506
5.4 0.022013
5.41 -0.033508
5.42 0.018058
5.43 0.0063779
5.44 -0.050125
5.45 0.0016958
5.46 -0.010164
5.47 -0.027745
5.48 0.01142
5.49 0.013208
5.5 0.014177
5.51 -0.01017
5.52 -0.032274
5.53 0.021195
5.54 0.0090553
5.55 -0.0043979
5.56 0.016597
5.57 -0.035833
5.58 -0.012293
5.59 0.039502
5.6 -0.0070151
5.61 -0.031738
5.62 0.0045087
5.63 -0.01833
5.64 -0.0037116
5.65 -0.0032255
5.66 0.011788
5.67 0.025457
5.68 -0.038369
5.69 0.030976
5.7 0.034961
5.71 -0.037227
5.72 -0.018587
5.73 0.0056721
5.74 -0.016758
5.75 -0.0027017
5.76 0.025768
5.77 0.0038345
5.78 -0.0079843
5.79 0.022162
5.8 0.030074
5.81 -0.02211
5.82 -0.0142
5.83 -0.017523
5.84 -0.010498
5.85 -0.0030389
5.86 -0.018557
5.87 0.0022121
5.88 0.0010743
5.89 0.029159
5.9 0.0062877
5.91 -0.018036
5.92 0.023025
5.93 0.028011
5.94 -0.0097165
5.95 -0.018838
5.96 0.0060725
5.97 0.045114
5.98 0.0041265
5.99 -0.023222
6 0.036773
6.01 -0.020002
6.02 -0.048342
6.03 0.042251
6.04 0.023726
6.05 -0.04878
6.06 0.0063148
6.07 0.022035
6.08 -0.046284
6.09 -0.0057267
6.1 0.019955
6.11 0.033772
6.12 0.046756
6.13 -0.0051232
6.14 -0.0062053
6.15 -0.0079105
6.16 -0.008201
6.17 0.00067256
6.18 -0.01668
6.19 -0.010811
6.2 0.0093233
6.21 -0.022151
6.22 0.010141
6.23 0.036758
6.24 0.0033334
6.25 -0.027677
6.26 -0.039258
6.27 0.021195
6.28 0.020566
6.29 -0.013989
6.3 -0.012906
6.31 0.015265
6.32 0.061425
6.33 -0.0037175
6.34 -0.022665
6.35 -0.0033292
6.36 -0.017556
6.37 0.032404
6.38 -0.015846
6.39 -0.032994
6.4 0.011333
6.41 0.020438
6.42 0.0034117
6.43 -0.0085847
6.44 0.027266
6.45 -0.0061526
6.46 -0.0092424
6.47 0.018075
6.48 -0.037693
6.49 -0.002664
6.5 0.0063149
6.51 -0.035265
6.52 0.022068
6.53 -0.0051563
6.54 -0.020318
6.55 -0.0016902
6.56 0.013939
6.57 0.053346
6.58 0.00086528
6.59 -0.014447
6.6 -0.0037235
6.61 -0.013246
6.62 -0.0047454
6.63 -0.0043646
6.64 -0.039318
6.65 -0.048511
6.66 -0.038268
6.67 -0.0076967
6.68 0.0072134
6.69 0.023452
6.7 0.048976
6.71 0.0085047
6.72 -0.001168
6.73 0.022986
6.74 0.068735
6.75 -0.055539
6.76 -0.061457
6.77 -0.00029353
6.78 -0.067549
6.79 0.031838
6.8 0.031212
6.81 0.011883
6.82 0.037216
6.83 -0.0038483
6.84 0.021606
6.85 -0.019025
6.86 -0.081033
6.87 -0.017404
6.88 -0.016773
6.89 -0.052215
6.9 -0.002396
6.91 0.016082
6.92 0.026949
6.93 0.0082037
6.94 -0.01153
6.95 0.048431
6.96 0.020266
6.97 -0.010434
6.98 0.018192
6.99 0.043866
7 0.05154
7.01 0.05022
7.02 0.056633
7.03 -0.047469
7.04 -0.054146
7.05 -0.025854
7.06 -0.085289
7.07 -0.061738
7.08 -0.033796
7.09 -0.013243
7.1 -0.013413
7.11 -0.030342
7.12 0.056364
7.13 0.08706
7.14 -0.021329
7.15 -0.020158
7.16 0.0056378
7.17 0.011932
7.18 0.076335
7.19 -0.014961
7.2 -0.055143
7.21 0.070097
7.22 0.027063
7.23 -0.0015938
7.24 0.0018978
7.25 -0.039797
7.26 -0.039863
7.27 -0.034254
7.28 -0.027182
7.29 -0.023926
7.3 -0.00095865
7.31 0.038534
7.32 0.079797
7.33 0.029172
7.34 0.0078201
7.35 0.026988
7.36 -0.02922
7.37 0.0016616
7.38 0.051947
7.39 -0.054276
7.4 -0.003478
7.41 0.065701
7.42 -0.00084425
7.43 0.023534
7.44 0.059378
7.45 -0.012597
7.46 -0.02659
7.47 0.0070525
7.48 -0.03145
7.49 -0.082187
7.5 -0.085094
7.51 -0.015968
7.52 -0.010079
7.53 0.010004
7.54 0.042468
7.55 0.052808
7.56 0.070476
7.57 0.049187
7.58 -0.040141
7.59 0.020232
7.6 0.087078
7.61 0.00080978
7.62 0.02107
7.63 -0.013941
7.64 -0.07182
7.65 -0.02544
7.66 -0.037566
7.67 -0.027603
7.68 0.015974
7.69 -0.0050898
7.7 0.012516
7.71 0.012687
7.72 0.044524
7.73 0.013271
7.74 -0.047197
7.75 0.055481
7.76 0.013961
7.77 -0.02338
7.78 0.053429
7.79 -0.04752
7.8 -0.021982
7.81 0.051799
7.82 -0.021549
7.83 -0.031888
7.84 -0.065711
7.85 -0.075414
7.86 -0.042607
7.87 -0.038269
7.88 -0.010141
7.89 0.016724
7.9 0.019398
7.91 0.01271
7.92 0.046864
7.93 0.0077268
7.94 -0.031953
7.95 0.081871
7.96 0.064387
7.97 -0.018224
7.98 0.027737
7.99 0.027531
8 0.019681
8.01 0.052702
8.02 0.020077
8.03 -0.0091683
8.04 0.035369
8.05 0.012057
8.06 -0.06476
8.07 -0.063844
8.08 -0.069564
8.09 -0.10223
8.1 -0.037043
8.11 0.029337
8.12 -0.028574
8.13 -0.015503
8.14 0.028627
8.15 0.023587
8.16 0.049866
8.17 0.0074289
8.18 -0.028211
8.19 -0.013042
8.2 -0.037342
8.21 0.008973
8.22 -0.042176
8.23 -0.095
8.24 0.021818
8.25 0.090598
8.26 0.10722
8.27 0.12522
8.28 0.032537
8.29 0.004601
8.3 0.036673
8.31 -0.019219
8.32 -0.032159
8.33 -0.10411
8.34 -0.025514
8.35 0.00042762
8.36 -0.087623
8.37 0.01418
8.38 0.032936
8.39 -0.028515
8.4 -0.016289
8.41 -0.040904
8.42 -0.10347
8.43 -0.069114
8.44 0.0011696
8.45 0.026664
8.46 0.05341
8.47 0.094704
8.48 0.067629
8.49 -0.023317
8.5 -0.029593
8.51 0.0041932
8.52 -0.022587
8.53 -0.048499
8.54 -0.067018
8.55 -0.017038
8.56 0.020701
8.57 0.0075975
8.58 0.067038
8.59 0.036193
8.6 0.027619
8.61 0.096209
8.62 0.026217
8.63 -0.021699
8.64 0.0383
8.65 0.009557
8.66 -0.019219
8.67 -0.0042424
8.68 -0.022953
8.69 -0.0067933
8.7 -0.023178
8.71 -0.0095084
8.72 0.047167
8.73 0.037362
8.74 -0.010675
8.75 -0.020466
8.76 -0.049322
8.77 -0.02051
8.78 0.022842
8.79 -0.066544
8.8 -0.088064
8.81 0.0097482
8.82 0.066284
8.83 0.079895
8.84 0.030654
8.85 -0.035285
8.86 -0.0072674
8.87 0.0021855
8.88 0.037526
8.89 0.052982
8.9 0.023388
8.91 0.0062882
8.92 0.00063989
8.93 0.027954
8.94 0.066711
8.95 0.065758
8.96 -0.063562
8.97 -0.098448
8.98 -0.07059
8.99 0.029459
9 0.022496
9.01 -0.091555
9.02 -0.030824
9.03 -0.015096
9.04 0.044454
9.05 0.075907
9.06 -0.029882
9.07 0.019291
9.08 0.040134
9.09 -0.0093021
9.1 0.023555
9.11 0.042166
9.12 0.045766
9.13 0.0093825
9.14 -0.014172
9.15 -0.041231
9.16 0.0060203
9.17 0.012675
9.18 -0.084786
9.19 -0.048938
9.2 0.0024173
9.21 0.024414
9.22 0.078646
9.23 0.014272
9.24 -0.049695
9.25 -0.027839
9.26 -0.034291
9.27 -0.017589
9.28 -0.020019
9.29 -0.009564
9.3 0.011759
9.31 -0.022787
9.32 0.049625
9.33 0.024666
9.34 -0.022566
9.35 0.024345
9.36 0.06202
9.37 0.054507
9.38 0.017529
9.39 0.058309
9.4 0.026187
9.41 -0.010545
9.42 -0.0034115
9.43 -0.047564
9.44 -0.063112
9.45 -0.010819
9.46 -0.034946
9.47 -0.040349
9.48 -0.00051589
9.49 -0.014332
9.5 0.03584
9.51 -0.021089
9.52 -0.077641
9.53 -0.006557
9.54 -0.088124
9.55 -0.092049
9.56 -0.015084
9.57 -0.01233
9.58 0.10147
9.59 0.11304
9.6 0.074941
9.61 0.11895
9.62 0.030839
9.63 -0.034681
9.64 0.035138
9.65 -0.021759
9.66 -0.086635
9.67 0.034081
9.68 -0.01107
9.69 -0.067865
9.7 0.034962
9.71 0.018533
9.72 -0.013045
9.73 0.022568
9.74 0.054935
9.75 0.040495
9.76 -0.038868
9.77 -0.020395
9.78 -0.053083
9.79 -0.084828
9.8 0.013854
9.81 0.02862
9.82 0.014862
9.83 0.050143
9.84 0.0093359
9.85 0.015233
9.86 0.0073011
9.87 -0.070702
9.88 -0.018547
9.89 -0.095831
9.9 -0.11598
9.91 0.010686
9.92 -0.010274
9.93 0.029858
9.94 0.094364
9.95 0.033291
9.96 0.024469
9.97 0.0045319
9.98 -0.0049571
9.99 0.01152
10 -0.035137
10.01 -0.070026
10.02 0.010353
10.03 0.016343
10.04 -0.0051437
10.05 0.022642
10.06 -0.039074
10.07 -0.0042874
10.08 0.054904
10.09 -0.034144
10.1 -0.060221
10.11 0.026543
10.12 0.016671
10.13 0.0013654
10.14 -0.015217
10.15 0.0062672
10.16 -0.023399
10.17 -0.040864
10.18 0.017218
10.19 -0.030444
10.2 -0.0054101
10.21 0.09156
10.22 0.056254
10.23 -0.012779
10.24 -0.040638
10.25 -0.051701
10.26 -0.045079
10.27 -0.1258
10.28 -0.064308
10.29 -0.017157
10.3 -0.065998
10.31 0.036361
10.32 0.070855
10.33 -0.00049775
10.34 -0.022669
10.35 0.050961
10.36 0.084816
10.37 0.0071356
10.38 -0.028763
10.39 0.00227
10.4 0.035049
10.41 0.034962
10.42 0.05906
10.43 0.066209
10.44 -0.00095527
10.45 -0.042299
10.46 0.0051957
10.47 0.060709
10.48 -0.054722
10.49 -0.076813
10.5 -0.0074915
10.51 -0.025359
10.52 0.044792
10.53 -0.018225
10.54 -0.067331
10.55 0.023013
10.56 -0.03446
10.57 -0.038559
10.58 -0.020888
10.59 -0.043222
10.6 0.029255
10.61 0.026841
10.62 0.02376
10.63 0.11043
10.64 0.12817
10.65 0.017233
10.66 0.0066164
10.67 -0.0023699
10.68 -0.077995
10.69 -0.024
10.7 -0.03691
10.71 -0.029866
10.72 -0.031365
10.73 -0.053724
10.74 0.017632
10.75 0.0031038
10.76 0.0028765
10.77 0.04257
10.78 -0.012178
10.79 -0.057641
10.8 -0.0091244
10.81 -0.0070896
10.82 -0.033569
10.83 0.00084173
10.84 -0.024427
10.85 -0.053444
10.86 0.039781
10.87 0.13772
10.88 0.09957
10.89 0.075484
10.9 0.047024
10.91 -0.0011524
10.92 0.045447
10.93 -0.065949
10.94 -0.11213
10.95 -0.043473
10.96 -0.11255
10.97 -0.029449
10.98 0.12119
10.99 0.10351
11 0.034813
11.01 0.015731
11.02 -0.026727
11.03 -0.01463
11.04 -0.016236
11.05 -0.037729
11.06 -0.048054
11.07 -0.0062709
11.08 0.079534
11.09 0.030848
11.1 0.045598
11.11 0.074325
11.12 0.063987
11.13 -0.040341
11.14 -0.10867
11.15 -0.044706
11.16 -0.045828
11.17 0.0013986
11.18 0.065101
11.19 0.06786
11.2 0.075439
11.21 0.018888
11.22 -0.014348
11.23 -0.031415
11.24 -0.021354
11.25 0.011855
11.26 -0.05095
11.27 0.0097107
11.28 0.085283
11.29 0.032578
11.3 -0.0091936
11.31 -0.033402
11.32 -0.10051
11.33 -0.13408
11.34 -0.11961
11.35 -0.069651
11.36 -0.019693
11.37 -0.06139
11.38 -0.014731
11.39 0.021179
11.4 0.0043183
11.41 0.050785
11.42 0.066895
11.43 0.088448
11.44 0.11043
11.45 0.090247
11.46 0.086349
11.47 0.040491
11.48 0.010254
11.49 -0.0029629
11.5 -0.017531
11.51 0.019087
11.52 0.075502
11.53 -0.0091469
11.54 -0.09913
11.55 -0.072706
11.56 -0.12411
11.57 -0.052795
11.58 0.049798
11.59 -0.007356
11.6 0.059636
11.61 0.09277
11.62 -0.0023744
11.63 0.067211
11.64 0.028246
11.65 0.014604
11.66 0.087236
11.67 -0.04508
11.68 -0.035203
11.69 0.04499
11.7 -0.026602
11.71 -0.02406
11.72 0.043354
11.73 0.024142
11.74 -0.07397
11.75 -0.011097
11.76 -0.0043716
11.77 -0.058969
11.78 0.038711
11.79 0.0074758
11.8 -0.051331
11.81 0.034841
11.82 0.035358
11.83 0.012521
11.84 0.0434
11.85 0.041966
11.86 0.046466
11.87 0.012409
11.88 0.019754
11.89 -0.0079474
11.9 -0.078684
11.91 -0.038582
11.92 -0.016336
11.93 -0.023208
11.94 -0.057075
11.95 -0.074863
11.96 -0.031364
11.97 0.0087747
11.98 0.0060642
11.99 -0.022713
12 -0.0061791
12.01 0.024771
12.02 -0.038875
12.03 -0.042453
12.04 0.058459
12.05 0.025841
12.06 0.0035207
12.07 0.056167
12.08 0.099042
12.09 0.011145
12.1 0.0094113
12.11 0.080142
12.12 -0.067109
12.13 -0.046968
12.14 -0.029699
12.15 -0.094497
12.16 0.025449
12.17 0.052041
12.18 -0.0083222
12.19 0.11854
12.2 0.024568
12.21 -0.16149
12.22 -0.0036431
12.23 0.041933
12.24 -0.0051346
12.25 0.0080162
12.26 0.0072847
12.27 -0.043482
12.28 -0.049875
12.29 -0.012557
12.3 -0.038547
12.31 -0.076073
12.32 -0.078612
12.33 -0.075268
12.34 -0.084514
12.35 -0.014554
12.36 0.04657
12.37 0.027718
12.38 -0.0099536
12.39 0.046168
12.4 0.12115
12.41 0.096124
12.42 0.045053
12.43 0.0064284
12.44 -0.0036883
12.45 -0.0097429
12.46 0.012956
12.47 0.03789
12.48 0.077833
12.49 0.07963
12.5 -0.022096
12.51 -0.052788
12.52 -0.082001
12.53 -0.032747
12.54 -0.026734
12.55 -0.10181
12.56 -0.028825
12.57 0.023041
12.58 0.005256
12.59 -0.034806
12.6 -0.010542
12.61 0.074333
12.62 0.096098
12.63 0.0087491
12.64 -0.065845
12.65 -0.019257
12.66 0.075791
12.67 0.055019
12.68 0.028275
12.69 0.066123
12.7 0.078142
12.71 -0.035182
12.72 -0.12488
12.73 -0.1275
12.74 -0.08052
12.75 -0.019212
12.76 -0.039599
12.77 -0.029519
12.78 -0.044558
12.79 -0.074711
12.8 -0.056758
12.81 0.0084601
12.82 0.068701
12.83 0.044928
12.84 0.097416
12.85 0.12625
12.86 0.064285
12.87 0.05816
12.88 0.0032197
12.89 -0.0109
12.9 0.0039015
12.91 0.045051
12.92 0.0063531
12.93 -0.037393
12.94 0.026501
12.95 0.0014619
12.96 -0.0012727
12.97 -0.041516
12.98 -0.06943
12.99 -0.0035362
13 -0.010969
13.01 -0.026123
13.02 -0.0065146
13.03 0.019296
13.04 -0.027591
13.05 -0.015795
13.06 0.049238
13.07 0.070262
13.08 0.038748
13.09 -0.026903
13.1 -0.060233
13.11 -0.084113
13.12 -0.027397
13.13 -0.010658
13.14 -0.017108
13.15 -0.018157
13.16 -0.0079023
13.17 -0.021812
13.18 -0.045335
13.19 -0.016314
13.2 -0.079233
13.21 -0.010372
13.22 0.059874
13.23 0.063605
13.24 0.11237
13.25 0.038085
13.26 0.063089
13.27 0.17544
13.28 0.12749
13.29 0.026991
13.3 0.0051431
13.31 0.03588
13.32 -0.01515
13.33 -0.14447
13.34 -0.095772
13.35 -0.056613
13.36 -0.070896
13.37 -0.0090912
13.38 0.047577
13.39 0.03971
13.4 -0.081222
13.41 -0.060254
13.42 -0.030459
13.43 -0.021163
13.44 -0.0021652
13.45 -0.01005
13.46 0.034133
13.47 -0.011654
13.48 0.02497
13.49 0.033192
13.5 -0.024414
13.51 0.0021316
13.52 0.036617
13.53 0.045546
13.54 0.016596
13.55 0.007369
13.56 -0.02023
13.57 -0.048808
13.58 -0.031936
13.59 -0.001968
13.6 0.067935
13.61 0.015803
13.62 -0.00044195
13.63 0.067005
13.64 0.061512
13.65 0.029028
13.66 -0.011671
13.67 0.038864
13.68 -0.0050819
13.69 -0.041784
13.7 -0.0050924
13.71 -0.041997
13.72 -0.036716
13.73 0.004958
13.74 -0.062608
13.75 -0.11909
13.76 -0.11603
13.77 -0.081217
13.78 -0.076746
13.79 -0.072827
13.8 0.067172
13.81 0.053255
13.82 0.0027878
13.83 0.10391
13.84 0.055324
13.85 -0.026731
13.86 0.055592
13.87 0.094182
13.88 0.029786
13.89 -0.0092477
13.9 -0.036231
13.91 -0.092869
13.92 -0.068099
13.93 0.0081832
13.94 0.019552
13.95 0.0043033
13.96 -0.012256
13.97 -0.062368
13.98 -0.021659
13.99 0.088398
14 0.037015
14.01 -0.018269
14.02 0.036912
14.03 0.05729
14.04 0.02216
14.05 -0.0071121
14.06 -0.0038418
14.07 -0.0012562
14.08 -0.033498
14.09 -0.049988
14.1 -0.031594
14.11 -0.04515
14.12 0.010915
14.13 0.072655
14.14 0.0037661
14.15 0.0097921
14.16 0.011723
14.17 0.0024191
14.18 0.068039
14.19 0.0029413
14.2 -0.070674
14.21 -0.062292
14.22 -0.028324
14.23 -0.078762
14.24 -0.065532
14.25 0.053226
14.26 0.08399
14.27 0.078827
14.28 0.039126
14.29 0.0031324
14.3 -0.0052896
14.31 0.0042025
14.32 0.082791
14.33 0.015901
14.34 -0.082346
14.35 0.014995
14.36 0.059939
14.37 -0.017155
14.38 -0.030345
14.39 0.0061259
14.4 -0.057554
14.41 -0.0067705
14.42 0.029839
14.43 -0.061343
14.44 0.06134
14.45 0.11989
14.46 -0.013072
14.47 0.022708
14.48 0.039575
14.49 -0.05199
14.5 0.0085956
14.51 0.015309
14.52 0.013312
14.53 0.030573
14.54 -0.08595
14.55 -0.049373
14.56 0.0030752
14.57 -0.039271
14.58 -0.024495
14.59 0.025342
14.6 0.025631
14.61 -0.041632
14.62 -0.0057004
14.63 0.02016
14.64 0.01087
14.65 0.064099
14.66 0.066159
14.67 0.025199
14.68 -0.0080437
14.69 -0.027707
14.7 -0.025108
14.71 -0.055439
14.72 -0.070076
14.73 0.026075
14.74 0.012396
14.75 0.020578
14.76 0.069974
14.77 -0.0032428
14.78 -0.02819
14.79 -0.02274
14.8 -0.048543
14.81 -0.037847
14.82 -0.0035137
14.83 0.03234
14.84 0.029864
14.85 -0.099426
14.86 -0.029773
14.87 0.10497
14.88 0.044719
14.89 -0.033727
14.9 -0.06732
14.91 -0.012526
14.92 0.029989
14.93 0.036548
14.94 -0.029347
14.95 -0.002123
14.96 0.075087
14.97 -0.017911
14.98 -0.0097203
14.99 0.10896
15 0.029685
15.01 -0.059924
15.02 0.026853
15.03 0.03534
15.04 -0.014631
15.05 -0.020618
15.06 -0.032011
15.07 -0.052965
15.08 -0.032672
15.09 0.0010962
15.1 -0.039324
15.11 -0.04785
15.12 0.021335
15.13 0.012132
15.14 -0.018728
15.15 0.021715
15.16 0.049146
15.17 -0.022529
15.18 0.0021918
15.19 0.059621
15.2 0.048721
15.21 0.015243
15.22 -0.021304
15.23 0.019463
15.24 -0.082782
15.25 -0.10672
15.26 0.014449
15.27 -0.027044
15.28 -0.02698
15.29 0.031205
15.3 -0.0073545
15.31 0.027635
15.32 0.025789
15.33 -0.041696
15.34 -0.018329
15.35 0.028736
15.36 0.02377
15.37 0.057284
15.38 0.078644
15.39 -0.053954
15.4 -0.038019
15.41 0.015979
15.42 -0.032751
15.43 -0.020152
15.44 -0.017211
15.45 0.050384
15.46 0.070841
15.47 -0.012706
15.48 -0.045908
15.49 -0.042347
15.5 0.0095392
15.51 0.036002
15.52 0.031925
15.53 -0.021158
15.54 -0.036108
15.55 0.039817
15.56 0.043676
15.57 0.016053
15.58 0.013816
15.59 0.0026794
15.6 -0.027339
15.61 -0.04319
15.62 0.00014197
15.63 0.035582
15.64 0.016375
15.65 0.02657
15.66 -0.038832
15.67 -0.034536
15.68 0.025277
15.69 -0.0043354
15.7 -0.00039231
15.71 0.020381
15.72 0.02117
15.73 0.048365
15.74 0.079265
15.75 -0.057652
15.76 -0.097843
15.77 0.023012
15.78 -0.042155
15.79 -0.061694
15.8 0.059493
15.81 0.068642
15.82 -0.03686
15.83 -0.028164
15.84 0.0094926
15.85 -0.045467
15.86 -0.068018
15.87 -0.028503
15.88 0.047551
15.89 0.051517
15.9 -0.012869
15.91 0.044722
15.92 0.03354
15.93 -0.065976
15.94 0.052167
15.95 0.033213
15.96 -0.068817
15.97 -0.018939
15.98 -0.022383
15.99 -0.041717
16 -0.0077458
16.01 0.063692
16.02 0.080118
16.03 0.013567
16.04 -0.026913
16.05 0.028958
16.06 0.091708
16.07 0.042265
16.08 -0.0085991
16.09 0.0099591
16.1 -0.016225
16.11 -0.046697
16.12 -0.055158
16.13 -0.074392
16.14 -0.063809
16.15 -0.0060346
16.16 0.056094
16.17 0.086386
16.18 0.053177
16.19 -0.025555
16.2 -0.058473
16.21 -0.0034309
16.22 0.03111
16.23 -0.013757
16.24 -0.01851
16.25 0.039171
16.26 0.091734
16.27 0.01948
16.28 -0.057614
16.29 -0.021056
16.3 -0.031332
16.31 -0.040233
16.32 0.0089838
16.33 0.026183
16.34 0.023739
16.35 0.0005483
16.36 0.015497
16.37 0.012165
16.38 -0.015338
16.39 0.014673
16.4 0.024195
16.41 -0.0062558
16.42 0.0002458
16.43 -0.0011238
16.44 -0.051499
16.45 -0.0046259
16.46 0.10086
16.47 0.020351
16.48 -0.082513
16.49 -0.015782
16.5 0.061811
16.51 0.05938
16.52 -0.044773
16.53 -0.069213
16.54 -0.0078541
16.55 -0.032014
16.56 -0.042973
16.57 -0.0078301
16.58 -0.024989
16.59 0.022225
16.6 0.036735
16.61 -0.01553
16.62 -0.0083463
16.63 0.046848
16.64 0.01139
16.65 -0.061953
16.66 0.006341
16.67 0.023015
16.68 0.042673
16.69 0.059164
16.7 -0.00026592
16.71 -0.0050067
16.72 -0.016994
16.73 -0.075879
16.74 -0.051179
16.75 -0.013691
16.76 0.0038608
16.77 0.061939
16.78 0.036215
16.79 0.0074412
16.8 0.034071
16.81 0.02123
16.82 -0.01281
16.83 -0.050063
16.84 -0.02462
16.85 0.030222
16.86 0.026103
16.87 0.02706
16.88 0.0028133
16.89 -0.044715
16.9 0.0065427
16.91 0.008278
16.92 -0.024846
16.93 0.025461
16.94 -0.039378
16.95 -0.098788
16.96 -0.0030276
16.97 0.081305
16.98 0.032275
16.99 -0.038379
17 -0.013573
17.01 -0.014496
17.02 -0.025669
17.03 -0.021989
17.04 -0.074424
17.05 -0.035755
17.06 -0.0038298
17.07 -0.076898
17.08 -0.013635
17.09 0.077967
17.1 -0.014836
17.11 -0.021762
17.12 0.053719
17.13 0.026391
17.14 -0.012536
17.15 -0.0040375
17.16 0.0048722
17.17 0.0039405
17.18 0.038899
17.19 -0.016627
17.2 -0.04333
17.21 0.029645
17.22 -0.013639
17.23 -0.036964
17.24 0.017714
17.25 -0.031504
17.26 -0.02296
17.27 0.055199
17.28 0.021382
17.29 0.015275
17.3 0.0074653
17.31 -0.021365
17.32 -0.015448
17.33 -0.01905
17.34 -0.01151
17.35 0.0094459
17.36 0.051621
17.37 -0.011964
17.38 -0.04758
17.39 0.026964
17.4 0.076661
17.41 0.024704
17.42 -0.062111
17.43 -0.053585
17.44 -0.040134
17.45 -0.004641
17.46 -0.030911
17.47 -0.016248
17.48 0.057442
17.49 0.022062
17.5 0.030204
17.51 0.055535
17.52 0.043045
17.53 -0.0043656
17.54 0.039505
17.55 0.016093
17.56 -0.028312
17.57 0.010841
17.58 -0.040916
17.59 -0.0305
17.6 0.028632
17.61 0.071717
17.62 0.025289
17.63 0.010438
17.64 0.0021857
17.65 -0.019569
17.66 -0.04068
17.67 -0.02974
17.68 -0.0054748
17.69 -0.0086052
17.7 -0.0071167
17.71 -0.056509
17.72 -0.012903
17.73 0.01879
17.74 -0.017586
17.75 -0.033608
17.76 0.0092592
17.77 0.039045
17.78 0.02391
17.79 0.023235
17.8 0.0062146
17.81 0.014418
17.82 -0.014956
17.83 -0.048148
17.84 0.035165
17.85 0.044362
17.86 0.068316
17.87 0.030459
17.88 -0.057244
17.89 0.020792
17.9 -0.036254
17.91 -0.070033
17.92 0.043749
17.93 -0.0081898
17.94 -0.00434
17.95 0.04072
17.96 -0.062522
17.97 -0.01426
17.98 0.043209
17.99 0.0051129
18 0.010037
18.01 -0.0043746
18.02 -0.0093758
18.03 0.015142
18.04 -0.032199
18.05 -0.010799
18.06 0.066916
18.07 -0.033472
18.08 -0.054318
18.09 -0.0071243
18.1 -0.036732
18.11 -0.012345
18.12 0.022541
18.13 0.063676
18.14 -0.024095
18.15 -0.098615
18.16 0.045853
18.17 0.049821
18.18 -0.033712
18.19 -0.022344
18.2 -0.013614
18.21 0.020241
18.22 0.079444
18.23 0.051101
18.24 -0.04353
18.25 -0.032202
18.26 0.028385
18.27 0.038012
18.28 -0.024527
18.29 -0.015986
18.3 0.027243
18.31 -0.026093
18.32 -0.014032
18.33 0.0074742
18.34 0.0035658
18.35 -0.026843
18.36 -0.050192
18.37 0.05352
18.38 0.062151
18.39 0.0044642
18.4 -0.044215
18.41 -0.072238
18.42 0.020372
18.43 0.080214
18.44 -0.025807
18.45 -0.070365
18.46 -7.6362e-005
18.47 0.03727
18.48 0.054071
18.49 0.0024671
18.5 0.017799
18.51 0.022366
18.52 -0.015331
18.53 0.0066194
18.54 -0.017056
18.55 -0.025917
18.56 -0.054561
18.57 -0.025231
18.58 0.052218
18.59 0.025831
18.6 -0.015989
18.61 -0.018096
18.62 0.023504
18.63 -0.010602
18.64 -0.046643
18.65 0.028383
18.66 0.018836
18.67 -0.013275
18.68 0.0016664
18.69 -0.014612
18.7 -0.016907
18.71 0.02177
18.72 0.013461
18.73 0.024595
18.74 0.024749
18.75 -0.052186
18.76 -0.0053469
18.77 0.032579
18.78 -0.031352
18.79 -0.055233
18.8 0.0056472
18.81 0.0012525
18.82 -0.017571
18.83 0.036832
18.84 0.031019
18.85 0.043346
18.86 -0.0042633
18.87 -0.06107
18.88 0.00041575
18.89 0.036859
18.9 0.019699
18.91 0.014253
18.92 0.052859
18.93 0.041752
18.94 -0.00039093
18.95 0.011068
18.96 -0.025725
18.97 -0.07098
18.98 -0.042141
18.99 -0.01818
19 0.020687
19.01 0.053979
19.02 -0.016148
19.03 -0.059902
19.04 -0.0061386
19.05 -0.0032219
19.06 0.039558
19.07 0.061803
19.08 0.027452
19.09 0.026296
19.1 0.010568
19.11 -0.01453
19.12 -0.082265
19.13 -0.039622
19.14 0.018738
19.15 0.0198
19.16 0.024487
19.17 -0.027388
19.18 -0.044092
19.19 -0.018302
19.2 0.01764
19.21 0.0080341
19.22 -0.040636
19.23 0.031202
19.24 0.082565
19.25 -0.025636
19.26 -0.010924
19.27 0.050794
19.28 0.030609
19.29 -0.032879
19.3 -0.081511
19.31 -0.03145
19.32 0.032241
19.33 0.05245
19.34 0.017017
19.35 -0.0095354
19.36 -0.011414
19.37 -0.0023113
19.38 0.011724
19.39 0.027062
19.4 -0.021599
19.41 -0.025084
19.42 0.027927
19.43 0.01921
19.44 0.0072349
19.45 -0.0049812
19.46 -0.01215
19.47 -0.0027598
19.48 -0.008524
19.49 -0.046309
19.5 0.030254
19.51 0.090597
19.52 0.010888
19.53 -0.026187
19.54 -0.01618
19.55 0.0057464
19.56 0.034135
19.57 0.0010373
19.58 -0.014219
19.59 0.0022593
19.6 -0.011271
19.61 0.004404
19.62 0.041722
19.63 0.0025016
19.64 -0.067591
19.65 -0.011292
19.66 0.008785
19.67 -0.010423
19.68 -0.0098966
19.69 -0.021442
19.7 -0.039596
19.71 -0.037026
19.72 0.028755
19.73 0.052397
19.74 0.037097
19.75 -0.023436
19.76 -0.01627
19.77 0.0029727
19.78 -0.011668
19.79 0.027619
19.8 0.0324
19.81 -0.0072267
19.82 -0.013763
19.83 -0.0088822
19.84 -0.0035259
19.85 0.011869
19.86 0.014245
19.87 -0.039092
19.88 -0.05615
19.89 0.011423
19.9 -0.00093128
19.91 0.0045906
19.92 0.030185
19.93 0.026243
19.94 0.037526
19.95 0.0089235
19.96 0.0091101
19.97 0.033869
19.98 -0.0065585
19.99 -0.056118
20 -0.031712
20.01 -0.0017982
20.02 -0.0011299
20.03 0.0094954
20.04 0.0021194
20.05 -0.0040707
20.06 -0.026501
20.07 -0.035164
20.08 0.0035852
20.09 0.015353
20.1 0.027688
20.11 0.058116
20.12 0.0037056
20.13 -0.037631
20.14 -0.011242
20.15 -0.031952
20.16 -0.044638
20.17 0.026723
20.18 0.054688
20.19 0.0067773
20.2 -0.0057202
20.21 -0.03683
20.22 -0.021177
20.23 0.028097
20.24 -0.022296
20.25 -0.0024363
20.26 0.024257
20.27 0.0028628
20.28 0.0024805
20.29 -0.0091276
20.3 -0.009263
20.31 -0.023201
20.32 -0.0053771
20.33 0.01811
20.34 0.006985
20.35 0.037216
20.36 0.036901
20.37 -0.034511
20.38 -0.02006
20.39 0.026287
20.4 0.023283
20.41 0.0043046
20.42 -0.0172
20.43 0.0075584
20.44 0.033583
20.45 0.0094562
20.46 -0.0060995
20.47 -0.016907
20.48 0.00045329
20.49 -0.024662
20.5 -0.044802
20.51 0.0045379
20.52 0.029972
20.53 0.043834
20.54 -0.0088175
20.55 -0.019986
20.56 -0.00057614
20.57 -0.028663
20.58 -0.011551
20.59 0.019692
20.6 -0.019187
20.61 -0.053885
20.62 -0.021103
20.63 0.023949
20.64 -0.012642
20.65 -0.028492
20.66 0.03074
20.67 0.02536
20.68 0.036334
20.69 0.0058999
20.7 -0.056234
20.71 -0.022108
20.72 -0.0065871
20.73 0.026666
20.74 0.042636
20.75 -0.027665
20.76 -0.011331
20.77 0.015878
20.78 -0.00746
20.79 -0.032216
20.8 -0.022831
20.81 0.011988
20.82 -0.0012323
20.83 -0.0088206
20.84 0.0175
20.85 -0.013363
20.86 -0.023199
20.87 0.029373
20.88 -0.023285
20.89 -0.025416
20.9 0.030392
20.91 0.010288
20.92 -0.014478
20.93 -0.023321
20.94 -0.029748
20.95 0.0085201
20.96 0.027394
20.97 -0.012636
20.98 -0.0077731
20.99 0.0053265
21 -0.014246
21.01 -0.030905
21.02 -0.018909
21.03 -0.0095716
21.04 0.002771
21.05 -0.0042499
21.06 -0.0054644
21.07 0.015905
21.08 0.01235
21.09 0.025512
21.1 -0.0035109
21.11 -0.053844
21.12 -0.0095896
21.13 0.041745
21.14 0.014086
21.15 -0.033083
21.16 -0.020356
21.17 0.013711
21.18 0.018521
21.19 0.00037047
21.2 -0.0020195
21.21 -0.0097085
21.22 0.0092605
21.23 0.014995
21.24 -0.0095099
21.25 0.0095555
21.26 -0.009391
21.27 0.0021464
21.28 0.039191
21.29 -0.0075594
21.3 -0.031308
21.31 0.0024082
21.32 -0.024236
21.33 0.022983
21.34 0.044581
21.35 -0.01066
21.36 -0.0041054
21.37 -0.031533
21.38 0.00043066
21.39 0.025886
21.4 -0.02065
21.41 -0.0078875
21.42 0.028409
21.43 0.044725
21.44 0.031617
21.45 0.019308
21.46 0.00034788
21.47 -0.014499
21.48 -0.018469
21.49 -0.054661
21.5 -0.0064969
21.51 0.031119
21.52 0.00035992
21.53 0.01282
21.54 0.010495
21.55 0.0091732
21.56 0.002935
21.57 -0.023713
21.58 0.018685
21.59 0.010085
21.6 -0.03485
21.61 0.0034542
21.62 0.010946
21.63 0.023061
21.64 0.014659
21.65 -0.022533
21.66 -0.017872
21.67 -0.0083465
21.68 -0.0054163
21.69 -0.0071711
21.7 -0.008345
21.71 -0.010288
21.72 0.0061843
21.73 0.021915
21.74 0.0093358
21.75 0.0088843
21.76 0.012398
21.77 -0.00095848
21.78 -0.0037834
21.79 -0.0048324
21.8 -0.0084745
21.81 0.010978
21.82 0.037624
21.83 -0.014207
21.84 -0.029927
21.85 0.023325
21.86 0.034022
21.87 -0.0012911
21.88 -0.030994
21.89 0.018685
21.9 0.012094
21.91 -0.012541
21.92 0.028779
21.93 0.023275
21.94 -0.039983
21.95 -0.042316
21.96 0.015884
21.97 0.0053414
21.98 -0.031302
21.99 -0.0043222
22 0.036817
22.01 -0.011438
22.02 -0.024629
22.03 0.024368
22.04 0.01147
22.05 -0.004131
22.06 0.011501
22.07 0.024798
22.08 0.027652
22.09 0.025483
22.1 0.0019371
22.11 -0.033465
22.12 -0.014361
22.13 0.02739
22.14 0.0069744
22.15 -0.0091472
22.16 -0.028756
22.17 -0.022778
22.18 -0.0015018
22.19 0.031762
22.2 0.012526
22.21 -0.022188
22.22 0.0033082
22.23 0.014009
22.24 0.035068
22.25 0.012511
22.26 0.026723
22.27 0.0019943
22.28 -0.036919
22.29 -0.00054012
22.3 0.009417
22.31 -0.0088432
22.32 -0.0081208
22.33 0.0045634
22.34 -0.0077672
22.35 -0.025114
22.36 0.0028281
22.37 0.050135
22.38 -0.011173
22.39 -0.037778
22.4 0.0022667
22.41 -0.0083887
22.42 0.012435
22.43 0.021895
22.44 -0.00065752
22.45 0.0092198
22.46 -0.0026968
22.47 -0.026504
22.48 0.0017083
22.49 0.0096111
22.5 -0.0010007
22.51 -0.0068867
22.52 -0.013324
22.53 -0.0014702
22.54 0.015556
22.55 -0.0085392
22.56 0.0021042
22.57 0.038113
22.58 0.010175
22.59 -0.0022227
22.6 -0.016726
22.61 -0.013229
22.62 -0.0017065
22.63 0.00092724
22.64 0.0050856
22.65 -0.010664
22.66 0.0074906
22.67 0.029242
22.68 0.00852
22.69 -0.0028864
22.7 0.0064295
22.71 -0.0042018
22.72 0.0071143
22.73 0.0097225
22.74 -0.022098
22.75 -0.0045751
22.76 -0.010339
22.77 -0.02189
22.78 -0.0035502
22.79 0.00018225
22.8 0.029545
22.81 0.010097
22.82 0.0073807
22.83 0.017502
22.84 -0.018295
22.85 0.0048538
22.86 0.015116
22.87 -0.0025343
22.88 0.014325
22.89 0.013688
22.9 -0.021031
22.91 -0.018996
22.92 0.013178
22.93 0.0039869
22.94 0.014079
22.95 -0.0049032
22.96 -0.027581
22.97 0.0013622
22.98 -0.00095103
22.99 0.014209
23 -0.0048821
23.01 -0.023108
23.02 0.010514
23.03 0.0028611
23.04 -0.021058
23.05 -0.015841
23.06 0.012371
23.07 0.005072
23.08 0.016051
23.09 0.0078773
23.1 -0.017557
23.11 0.00052688
23.12 -0.013852
23.13 -0.0032266
23.14 0.021644
23.15 0.017743
23.16 0.0046039
23.17 0.010633
23.18 -0.0074391
23.19 -0.02529
23.2 0.0048116
23.21 0.026645
23.22 0.011372
23.23 -0.01527
23.24 -0.0032161
23.25 0.019969
23.26 0.003114
23.27 -0.018933
23.28 0.0051864
23.29 0.0057944
23.3 -0.029155
23.31 -0.018606
23.32 -0.013453
23.33 -0.0072736
23.34 0.013198
23.35 -0.016808
23.36 -0.0027947
23.37 0.019564
23.38 -0.017076
23.39 -0.025155
23.4 -0.003937
23.41 -0.013166
23.42 -0.010205
23.43 0.0059313
23.44 -0.015542
23.45 -0.0051395
23.46 0.0036934
23.47 -0.014549
23.48 0.0082505
23.49 0.0034405
23.5 -0.006652
23.51 -0.0078921
23.52 -0.0043479
23.53 0.022619
23.54 0.014704
23.55 -0.0027164
23.56 -0.018658
23.57 -0.020281
23.58 -0.010583
23.59 -0.0026291
23.6 0.010222
23.61 -0.01246
23.62 -0.029497
23.63 -0.0054706
23.64 -0.0038422
23.65 -0.0079824
23.66 0.0094395
23.67 0.015765
23.68 0.027758
23.69 0.032148
23.7 0.016371
23.71 -0.012452
23.72 -0.037499
23.73 -0.01973
23.74 0.000876
23.75 0.0051833
23.76 0.0082806
23.77 -0.004539
23.78 -0.026473
23.79 -0.0094965
23.8 0.015021
23.81 0.017524
23.82 0.010079
23.83 0.0021628
23.84 -0.010508
23.85 0.0012929
23.86 0.01026
23.87 -0.0042756
23.88 -0.0060169
23.89 -0.016277
23.9 -0.014598
23.91 0.0051953
23.92 0.014528
23.93 0.018683
23.94 0.01258
23.95 -0.014162
23.96 -0.014991
23.97 -0.015566
23.98 -0.0084972
23.99 0.0089458
24 0.015189
24.01 0.0083784
24.02 0.001192
24.03 0.0033261
24.04 -0.0034118
24.05 -0.0033772
24.06 0.007647
24.07 0.0087065
24.08 -0.0049213
24.09 0.021445
24.1 0.021374
24.11 -0.012249
24.12 -0.0010971
24.13 0.001642
24.14 -0.00605
24.15 0.0055611
24.16 -0.011611
24.17 -0.023723
24.18 0.0025209
24.19 0.014561
24.2 0.01721
24.21 0.0029664
24.22 0.0057793
24.23 0.011182
24.24 -0.0012687
24.25 0.0042382
24.26 0.0080247
24.27 -0.0077613
24.28 -0.01221
24.29 0.0021612
24.3 0.0036828
24.31 0.011601
24.32 0.0054015
24.33 -0.0057521
24.34 0.0026112
24.35 0.006145
24.36 -0.010815
24.37 -0.0083347
24.38 0.017132
24.39 0.012281
24.4 -0.018986
24.41 -0.013649
24.42 0.020868
24.43 0.010216
24.44 -0.0020091
24.45 0.0048296
24.46 -0.0034329
24.47 -0.0045646
24.48 -0.0013213
24.49 -0.01434
24.5 -0.0021145
24.51 0.013516
24.52 0.0077328
24.53 -0.0013394
24.54 -0.0030777
24.55 -0.0063435
24.56 -0.00097068
24.57 0.011239
24.58 -0.010601
24.59 -0.010378
24.6 -0.0099691
24.61 -0.022813
24.62 -0.01345
24.63 0.0058169
24.64 0.0082625
24.65 0.0022952
24.66 -2.2537e-005
24.67 0.012934
24.68 0.010728
24.69 -0.0076514
24.7 0.0025239
24.71 -0.0115
24.72 -0.001812
24.73 0.013963
24.74 -0.0027782
24.75 -0.0057987
24.76 0.0027361
24.77 0.0078577
24.78 0.0027692
24.79 0.0063933
24.8 -0.0029001
24.81 -0.011807
24.82 0.0029543
24.83 -0.00074946
24.84 -0.0082835
24.85 0.00016257
24.86 0.0019866
24.87 0.022542
24.88 0.0015848
24.89 -0.024086
24.9 -0.017428
24.91 -0.0060817
24.92 0.016725
24.93 0.0025194
24.94 -0.0083091
24.95 0.005558
24.96 0.001487
24.97 -0.011185
24.98 0.0052284
24.99 0.012762
25 0.012117
25.01 0.0030266
25.02 -0.018549
25.03 0.00067275
25.04 0.0077162
25.05 -0.011933
25.06 -0.014072
25.07 -0.0063376
25.08 -0.0030506
25.09 0.012799
25.1 -0.0046128
25.11 -0.01184
25.12 0.0020438
25.13 0.0010701
25.14 0.0071879
25.15 -0.0035382
25.16 -0.00021069
25.17 0.0044247
25.18 -0.0058379
25.19 0.0026308
25.2 0.0072346
25.21 -0.0010971
25.22 0.001198
25.23 -0.0057837
25.24 0.0080337
25.25 0.0063496
25.26 -0.012258
25.27 0.0019068
25.28 0.022601
25.29 0.0077282
25.3 -0.0015005
25.31 -0.0011483
25.32 -0.0079494
25.33 -0.0056197
25.34 0.0068583
25.35 0.013723
25.36 0.0054316
25.37 -0.0028249
25.38 0.0046791
25.39 -0.0054948
25.4 -0.020677
25.41 0.013191
25.42 0.0025495
25.43 -0.0036135
25.44 0.0053729
25.45 -0.022738
25.46 -0.013647
25.47 0.018333
25.48 0.0068177
25.49 -0.0015863
25.5 0.0018707
25.51 0.0025194
25.52 0.010839
25.53 0.012231
25.54 0.006619
25.55 -0.0088103
25.56 -0.0049936
25.57 0.014876
25.58 0.0069441
25.59 -0.010327
25.6 -0.0029062
25.61 -0.009909
25.62 -0.0080939
25.63 0.0026714
25.64 -0.014284
25.65 -0.010174
25.66 0.0080758
25.67 0.0070886
25.68 -0.0026232
25.69 -0.0041132
25.7 -0.0020769
25.71 -0.0099451
25.72 -0.00067275
25.73 0.019606
25.74 -0.00045303
25.75 -0.019081
25.76 -0.0098774
25.77 0.0039235
25.78 0.0081466
25.79 -0.0023132
25.8 0.0050026
25.81 -0.0018738
25.82 -0.0050011
25.83 0.015462
25.84 -0.003013
25.85 -0.0082083
25.86 0.018514
25.87 0.0034449
25.88 -0.0090316
25.89 -0.0058259
25.9 -0.0074694
25.91 -0.0024773
25.92 -0.011872
25.93 -0.0065679
25.94 0.0072992
25.95 0.00077956
25.96 0.0024862
25.97 0.00768
25.98 0.0099797
25.99 -0.0034465
26 -0.012662
26.01 -0.01032
26.02 -0.0073384
26.03 0.0013199
26.04 0.0061524
26.05 0.02313
26.06 0.026503
26.07 0.0055986
26.08 0.002721
26.09 -0.00062311
26.1 -0.0070405
26.11 0.0014403
26.12 -0.015401
26.13 -0.0019611
26.14 0.0091383
26.15 -0.011334
26.16 -0.0017007
26.17 0.0052509
26.18 0.00048457
26.19 -0.0076199
26.2 -0.010055
26.21 -0.0074197
26.22 0.0019128
26.23 0.009188
26.24 0.00080965
26.25 -0.0082113
26.26 -0.0028972
26.27 -0.004634
26.28 0.012332
26.29 0.007689
26.3 -0.013839
26.31 0.0018586
26.32 0.0045421
26.33 0.0029618
26.34 -0.0055746
26.35 -0.0035037
26.36 0.0011784
26.37 -0.0037791
26.38 0.00020914
26.39 -0.0094936
26.4 -0.01027
26.41 -0.0058455
26.42 -0.0039131
26.43 0.0069696
26.44 0.0097253
26.45 0.0062894
26.46 0.0057596
26.47 0.0017066
26.48 0.010639
26.49 0.01642
26.5 -0.00068032
26.51 -0.0040094
26.52 -0.0037897
26.53 0.00040479
26.54 0.0019128
26.55 0.012296
26.56 0.024932
26.57 0.008902
26.58 -0.0019731
26.59 -0.0075808
26.6 -0.0085711
26.61 -0.010869
26.62 -0.0017895
26.63 0.0072721
26.64 0.012523
26.65 0.0057445
26.66 -0.0028009
26.67 0.0052509
26.68 0.0039476
26.69 -0.0038423
26.7 -0.0093702
26.71 -0.004354
26.72 0.010266
26.73 0.018495
26.74 -0.0028897
26.75 -0.024217
26.76 -0.004035
26.77 0.019166
26.78 0.00013087
26.79 -0.0066988
26.8 0.011321
26.81 -0.0053805
26.82 -0.017231
26.83 -0.0032403
26.84 -0.010755
26.85 -0.013992
26.86 0.0094664
26.87 0.02627
26.88 0.013465
26.89 -0.0029529
26.9 -0.00081428
26.91 0.00076296
26.92 -0.00090759
26.93 -0.0072482
26.94 -0.0038935
26.95 0.022473
26.96 0.010588
26.97 -0.011929
26.98 0.0018691
26.99 0.0043569
27 -0.0056198
27.01 -0.0043134
27.02 0.00035359
27.03 0.0020678
27.04 0.005126
27.05 -0.0012929
27.06 -0.0038062
27.07 0.0075009
27.08 0.0063345
27.09 0.0036872
27.1 0.0075942
27.11 0.0025795
27.12 -0.0063482
27.13 0.0021792
27.14 0.0010609
27.15 -0.021638
27.16 -0.017261
27.17 -0.0091821
27.18 -0.001484
27.19 0.014361
27.2 0.016009
27.21 -0.0053353
27.22 -0.012617
27.23 -0.013452
27.24 -0.0092137
27.25 0.0054104
27.26 0.012836
27.27 0.017131
27.28 0.0013063
27.29 0.0086191
27.3 0.0087485
27.31 -0.0014645
27.32 0.0044156
27.33 -0.0093101
27.34 -0.0030974
27.35 0.011682
27.36 0.00014589
27.37 -0.0019762
27.38 -0.0019641
27.39 0.0069666
27.4 0.0064428
27.41 -0.0034902
27.42 -0.00084591
27.43 -0.0090196
27.44 -0.00063672
27.45 0.0046669
27.46 -0.0096201
27.47 -0.011577
27.48 -0.00043354
27.49 0.0018195
27.5 -0.0054016
27.51 0.0037428
27.52 0.009206
27.53 0.01022
27.54 0.012427
27.55 -0.0033442
27.56 -0.011422
27.57 -0.010618
27.58 -0.0087818
27.59 0.0055955
27.6 0.0065241
27.61 -0.0081587
27.62 -0.0019927
27.63 0.0036676
27.64 -0.000569
27.65 -0.0040546
27.66 -0.0082174
27.67 -0.0098308
27.68 0.0014567
27.69 0.011053
27.7 0.0068537
27.71 -0.0021809
27.72 -0.0081753
27.73 0.0014928
27.74 -0.0029379
27.75 -0.001457
27.76 0.00027681
27.77 -0.016546
27.78 -0.012445
27.79 -0.0075989
27.8 -0.0015262
27.81 0.012174
27.82 0.0049453
27.83 0.00057179
27.84 0.0048896
27.85 -0.0020364
27.86 0.0022228
27.87 0.010559
27.88 0.0055037
27.89 -0.0054573
27.9 -0.0071098
27.91 0.0014823
27.92 0.0035201
27.93 0.0060771
27.94 -0.0061676
27.95 -0.0090723
27.96 0.006214
27.97 0.0096891
27.98 0.0054194
27.99 -0.0025902
28 -0.0094154
28.01 0.0056677
28.02 0.009969
28.03 -0.012704
28.04 0.0036947
28.05 0.0020783
28.06 -0.0092378
28.07 -0.0026218
28.08 -0.010588
28.09 -0.0095494
28.1 -0.00042755
28.11 0.0052975
28.12 0.0097132
28.13 0.0046985
28.14 -0.00582
28.15 0.0053547
28.16 -0.002059
28.17 -0.0097887
28.18 -0.0078292
28.19 -0.0073114
28.2 0.008449
28.21 0.010964
28.22 0.011286
28.23 -0.001752
28.24 -0.01139
28.25 -0.0086193
28.26 -0.0090151
28.27 -0.0028672
28.28 -0.0068329
28.29 -0.0073145
28.3 -0.00076618
28.31 -0.0047063
28.32 -0.0058215
28.33 0.0067016
28.34 -0.0040742
28.35 -0.0078021
28.36 -0.0012041
28.37 -0.005531
28.38 0.0002226
28.39 0.0016132
28.4 0.0084384
28.41 0.010855
28.42 0.0083301
28.43 0.0079297
28.44 0.0033756
28.45 -0.002363
28.46 -0.0071158
28.47 -0.013471
28.48 -0.015311
28.49 0.0016463
28.5 0.010323
28.51 0.0049573
28.52 0.0051771
28.53 -0.0015157
28.54 -0.00613
28.55 0.0087786
28.56 0.0074346
28.57 -0.0027137
28.58 -0.0017204
28.59 -0.0007677
28.6 -0.00094077
28.61 -0.014352
28.62 -0.0016692
28.63 0.0056361
28.64 -0.0039974
28.65 0.0039926
28.66 -0.010984
28.67 -0.0072392
28.68 0.0051455
28.69 0.00074483
28.7 0.0025403
28.71 0.0039354
28.72 -0.00033125
28.73 -0.0015774
28.74 0.00059734
28.75 0.0075866
28.76 0.0051409
28.77 -0.0086193
28.78 0.0095837
28.79 0.0099208
28.8 -0.013586
28.81 -0.017999
28.82 -0.0018046
28.83 0.0098712
28.84 0.001991
28.85 -0.002813
28.86 -0.014663
28.87 -0.01344
28.88 -0.0027438
28.89 -0.00041855
28.9 0.012952
28.91 0.0074135
28.92 -0.0018107
28.93 -0.0031637
28.94 -0.0043105
28.95 0.0022844
28.96 0.010809
28.97 0.01077
28.98 0.0028262
28.99 0.00091639
29 -0.0019085
29.01 -0.013029
29.02 -0.0090151
29.03 0.0034011
29.04 0.0025177
29.05 0.0022423
29.06 0.0055082
29.07 0.00086371
29.08 -0.010761
29.09 -0.0037597
29.1 -0.0016165
29.11 -0.0042744
29.12 0.0074466
29.13 0.0076633
29.14 0.0081073
29.15 -0.0026189
29.16 -0.00078126
29.17 0.0043147
29.18 0.00058077
29.19 0.0035351
29.2 -0.0055657
29.21 -0.0026098
29.22 -0.0029139
29.23 -0.0022155
29.24 0.0061493
29.25 -0.0012267
29.26 -0.0079376
29.27 0.0032597
29.28 0.0072735
29.29 0.0020165
29.3 0.0026035
29.31 -0.0019792
29.32 0.0024409
29.33 0.0060469
29.34 0.00012775
29.35 0.0065842
29.36 0.0049769
29.37 -0.00052542
29.38 0.0020767
29.39 -0.0010778
29.4 0.006658
29.41 0.0028067
29.42 -0.0067471
29.43 -0.0044445
29.44 -0.0065063
29.45 -0.0051909
29.46 -0.0028175
29.47 -0.0028341
29.48 -0.010114
29.49 -0.0025482
29.5 0.016534
29.51 0.011274
29.52 -0.003999
29.53 0.0022814
29.54 -0.0019236
29.55 -0.011234
29.56 -0.0033172
29.57 -8.7468e-005
29.58 0.0097011
29.59 0.012321
29.6 -0.0029214
29.61 -0.0082175
29.62 -0.0055296
29.63 -0.0047725
29.64 -0.0065515
29.65 -0.0057583
29.66 -0.0011319
29.67 0.0015229
29.68 0.0081509
29.69 0.0043342
29.7 -0.0044716
29.71 -0.001299
29.72 0.0023235
29.73 -0.0017174
29.74 -0.0081227
29.75 -0.0043045
29.76 0.0081163
29.77 0.011423
29.78 -0.00087309
29.79 -0.0065169
29.8 -0.0011876
29.81 0.008634
29.82 0.0049167
29.83 -0.0032525
29.84 0.0030204
29.85 0.0060575
29.86 0.0044908
29.87 -0.003108
29.88 0.0065014
29.89 0.01015
29.9 0.0010744
29.91 0.0018464
29.92 0.0037202
29.93 -0.00011156
29.94 0.0022227
29.95 0.0028939
29.96 -0.007775
29.97 -0.00026808
29.98 0.0050205
29.99 0.0034839
30 0.0038842
30.01 0.0077325
30.02 0.0047451
30.03 -0.0039945
30.04 -0.0099844
30.05 -0.014996
30.06 0.0029617
30.07 0.0081163
30.08 0.0025899
30.09 0.00075683
30.1 -0.00023196
30.11 0.0017351
30.12 0.0020481
30.13 0.0059551
30.14 0.0067844
30.15 0.0051153
30.16 0.0073111
30.17 0.0071982
30.18 -0.00015671
30.19 -0.00089567
30.2 -0.0033564
30.21 -0.00085955
30.22 0.0061116
30.23 0.0062125
30.24 0.010265
30.25 0.0083285
30.26 0.0023928
30.27 0.0017607
30.28 -0.0017024
30.29 0.00014278
30.3 -0.002661
30.31 0.0008426
30.32 0.0042063
30.33 -0.0031426
30.34 0.0029812
30.35 0.0067994
30.36 -9.953e-005
30.37 0.0016553
30.38 -0.0044761
30.39 -0.0095088
30.4 -0.011345
30.41 -0.0065425
30.42 0.0083917
30.43 0.010655
30.44 0.011497
30.45 0.0034131
30.46 -0.006246
30.47 -0.0089911
30.48 -0.0076607
30.49 -0.0016617
30.5 0.00018491
30.51 -0.001132
30.52 0.0022513
30.53 0.006518
30.54 0.0014958
30.55 -0.0021975
30.56 0.0026817
30.57 0.0030053
30.58 0.0030339
30.59 -0.0040306
30.6 -0.0045829
30.61 0.00203
30.62 -0.0044279
30.63 -0.0067727
30.64 0.0028488
30.65 0.006375
30.66 0.0040242
30.67 -0.00030422
30.68 -0.00027261
30.69 0.0039218
30.7 -0.0030599
30.71 -0.0063363
30.72 -0.0025482
30.73 -0.00059469
30.74 -0.00049686
30.75 0.0086295
30.76 0.0074496
30.77 -0.0040652
30.78 -0.017306
30.79 -0.014975
30.8 -0.00077378
30.81 0.0036238
30.82 0.0042048
30.83 0.00025113
30.84 0.00094644
30.85 -0.002786
30.86 -0.0064477
30.87 -0.0026565
30.88 0.00068758
30.89 0.00088624
30.9 0.0019774
30.91 -0.002652
30.92 -0.015729
30.93 -0.0091988
30.94 0.0045118
30.95 0.0025779
30.96 0.0080847
30.97 0.0043809
30.98 -0.012918
30.99 -0.0087187
31 0.0019307
31.01 -0.0013728
31.02 -0.0014119
31.03 0.00022403
31.04 -0.0014164
31.05 0.0034658
31.06 0.0061718
31.07 0.0057956
31.08 -0.0076381
31.09 -0.018357
31.1 -0.0044761
31.11 0.0020541
31.12 0.0044426
31.13 0.0013754
31.14 -6.6437e-005
31.15 -0.0012283
31.16 -0.0068826
31.17 -0.007748
31.18 -0.0055447
31.19 0.00018038
31.2 0.0039474
31.21 0.0058497
31.22 0.011343
31.23 -0.0012494
31.24 -0.0050269
31.25 0.0076723
31.26 -0.0029967
31.27 -0.0081844
31.28 -0.0037868
31.29 -0.0022728
31.3 -0.0028356
31.31 0.0010277
31.32 0.0035847
31.33 -0.0044475
31.34 -0.0045122
31.35 0.00031132
31.36 0.0016598
31.37 0.0033198
31.38 -0.0022969
31.39 0.0064848
31.4 0.0079131
31.41 -0.0087097
31.42 -0.0041284
31.43 0.0019894
31.44 -0.0030132
31.45 -0.0056395
31.46 -0.0063845
31.47 0.00036098
31.48 0.0073397
31.49 0.0011616
31.5 0.0039218
31.51 0.00034292
31.52 -0.0085306
31.53 0.00087418
31.54 0.0051153
31.55 0.0012053
31.56 -0.0043918
31.57 -0.0043106
31.58 0.002626
31.59 0.0066067
31.6 0.0023386
31.61 -0.0023646
31.62 0.0055141
31.63 0.0031377
31.64 -0.00020491
31.65 0.0030309
31.66 -0.0014766
31.67 -0.0015639
31.68 -0.00044721
31.69 0.0001292
31.7 -0.0068811
31.71 -0.0086811
31.72 0.0011677
31.73 0.011758
31.74 0.0064051
31.75 0.0026847
31.76 0.0048414
31.77 -0.00085056
31.78 0.0039007
31.79 0.0045705
31.8 -0.0020425
31.81 -0.0028326
31.82 -0.0022472
31.83 -0.0031532
31.84 -0.0077345
31.85 -0.0063017
31.86 0.0070748
31.87 0.0073788
31.88 -0.0046281
31.89 -0.0017927
31.9 0.0037758
31.91 -0.0035219
31.92 -0.0034527
31.93 0.0029541
31.94 0.0031723
31.95 0.0020541
31.96 0.0021474
31.97 0.0035757
31.98 -0.0013156
31.99 -0.0079135
32 0.0017787
32.01 0.0043236
32.02 -0.0051112
32.03 -0.0052662
32.04 0.0023777
32.05 0.0032581
32.06 0.00085612
32.07 0.0063855
32.08 0.008798
32.09 0.0044109
32.1 -0.0020802
32.11 -0.0026566
32.12 -0.00444
32.13 -0.0092741
32.14 -0.0062656
32.15 -0.0032285
32.16 0.0014536
32.17 0.0042063
32.18 0.0034146
32.19 -0.0031035
32.2 -0.010614
32.21 -0.0030915
32.22 0.00061531
32.23 0.0016237
32.24 -2.2809e-005
32.25 -0.0050585
32.26 -0.001433
32.27 0.0029571
32.28 -0.0019236
32.29 -0.0032074
32.3 0.0084233
32.31 0.0128
32.32 0.0048338
32.33 -0.0042218
32.34 -0.0078789
32.35 -0.010722
32.36 -0.0079602
32.37 0.004584
32.38 0.0042499
32.39 0.00055662
32.4 0.0045599
32.41 0.0014671
32.42 -0.0033127
32.43 -0.010492
32.44 -0.0039509
32.45 0.0089711
32.46 -0.0001387
32.47 -0.003981
32.48 -0.00015074
32.49 4.3408e-005
32.5 -0.0021464
32.51 -0.0026686
32.52 -0.0012765
32.53 -0.005659
32.54 -0.0029726
32.55 -0.00084605
32.56 -0.0034843
32.57 -0.0063589
32.58 -0.0043753
32.59 0.0047285
32.6 0.002167
32.61 -0.0028959
32.62 -0.0009213
32.63 -0.001734
32.64 -0.0054062
32.65 -0.0042835
32.66 0.00279
32.67 0.0024559
32.68 0.00041514
32.69 0.0031798
32.7 -0.0005902
32.71 -0.0050992
32.72 0.0022648
32.73 0.0025944
32.74 0.0031633
32.75 0.0065902
32.76 0.0035651
32.77 0.0046547
32.78 0.0027253
32.79 -0.0013608
32.8 0.00034441
32.81 0.00034892
32.82 0.0017982
32.83 -0.00033887
32.84 -0.0064402
32.85 -0.0038199
32.86 0.002319
32.87 0.012764
32.88 0.0013437
32.89 -0.0074169
32.9 -0.0018273
32.91 -0.0073988
32.92 0.00096447
32.93 0.005499
32.94 0.00057467
32.95 0.0016176
32.96 -0.0013472
32.97 0.0019713
32.98 0.0051649
32.99 0.0032912
33 0.0059912
33.01 0.0036058
33.02 0.0022422
33.03 0.0024364
33.04 -0.0040231
33.05 -0.0033158
33.06 0.0027073
33.07 0.0010412
33.08 0.0007041
33.09 0.002936
33.1 0.003532
33.11 0.00051296
33.12 -0.0020169
33.13 0.0043763
33.14 0.0010126
33.15 -0.0042037
33.16 0.0053591
33.17 0.0081614
33.18 0.0037818
33.19 0.0025342
33.2 -0.00087315
33.21 -0.0021539
33.22 -0.0034151
33.23 -0.0025076
33.24 0.0015635
33.25 -0.00039756
33.26 2.9857e-005
33.27 0.0033017
33.28 0.0024875
33.29 0.0019954
33.3 0.0028758
33.31 0.0071169
33.32 0.0028803
33.33 -0.0058968
33.34 -0.0049171
33.35 -0.0033413
33.36 0.0028788
33.37 0.0048414
33.38 0.0026651
33.39 0.00080192
33.4 0.00338
33.41 0.006703
33.42 -0.0035174
33.43 -0.0071264
33.44 0.00021949
33.45 0.002793
33.46 0.004131
33.47 0.0034447
33.48 -0.00046679
33.49 -0.0035069
33.5 -0.0026039
33.51 0.00014273
33.52 0.0051815
33.53 0.0069107
33.54 -0.00055409
33.55 0.0013437
33.56 -9.274e-006
33.57 -0.0014782
33.58 0.0015935
33.59 0.000525
33.6 0.00065293
33.61 0.00078236
33.62 0.001875
33.63 -0.0030509
33.64 -0.0050842
33.65 -8.302e-005
33.66 0.002167
33.67 -0.0006489
33.68 0.0019909
33.69 0.005329
33.7 -0.0015338
33.71 -0.0061211
33.72 -0.006857
33.73 -0.0016572
33.74 0.0044786
33.75 -0.003698
33.76 -0.0072694
33.77 0.00054457
33.78 0.00081848
33.79 0.0019698
33.8 0.002191
33.81 -0.0055597
33.82 -0.0098791
33.83 -0.0019477
33.84 0.0045689
33.85 0.0029571
33.86 0.0055713
33.87 0.0016372
33.88 0.001291
33.89 -0.0023797
33.9 -0.008952
33.91 -0.0019387
33.92 0.0021038
33.93 0.00056865
33.94 0.0032686
33.95 -0.0020696
33.96 -0.0059721
33.97 0.0043477
33.98 0.006232
33.99 -0.00016881
34 -0.0035174
34.01 -0.0077345
34.02 -0.0017626
34.03 -0.0040321
34.04 -0.003397
34.05 0.00035042
34.06 -0.0093313
34.07 -0.0015685
34.08 0.0049256
34.09 -0.0028733
34.1 -0.0055823
34.11 0.0025989
34.12 0.0049813
34.13 0.0025447
34.14 0.0019984
34.15 0.0023069
34.16 0.0035305
34.17 0.00077032
34.18 -0.00083703
34.19 -0.0043121
34.2 -0.0031728
34.21 0.0022527
34.22 0.0031407
34.23 -0.00040359
34.24 0.00010059
34.25 0.00078537
34.26 0.0036479
34.27 0.0052492
34.28 0.0010548
34.29 -0.00064138
34.3 -0.0046041
34.31 -0.0035054
34.32 -0.00036596
34.33 0.0035185
34.34 0.0022813
34.35 0.00080644
34.36 0.0020676
34.37 -0.00040208
34.38 -0.00064439
34.39 0.0021444
34.4 0.010277
34.41 0.0012956
34.42 -0.0060353
34.43 -0.0019703
34.44 -0.0080942
34.45 0.0033303
34.46 0.010554
34.47 0.0028262
34.48 0.0010608
34.49 -0.0045288
34.5 -0.00012817
34.51 0.0050551
34.52 0.00055962
34.53 -0.0022517
34.54 0.00047233
34.55 0.00034139
34.56 0.0068385
34.57 0.010249
34.58 0.00081547
34.59 0.0037668
34.6 0.0067271
34.61 0.0028156
34.62 -0.00056161
34.63 -0.006091
34.64 -0.0057825
34.65 0.00059122
34.66 -0.0021298
34.67 -0.0006188
34.68 0.0011285
34.69 -0.0016994
34.7 0.00031882
34.71 0.0023175
34.72 -0.0015745
34.73 -0.0043256
34.74 -0.004741
34.75 -0.0046582
34.76 -0.0021659
34.77 -0.0020169
34.78 -3.7868e-005
34.79 -0.00066847
34.8 -0.00026061
34.81 -0.0033639
34.82 -0.0067005
34.83 -0.0010146
34.84 -0.00067298
34.85 -4.0878e-005
34.86 0.0041069
34.87 0.0013091
34.88 -0.0043271
34.89 -0.0047666
34.9 -0.0011486
34.91 0.0028623
34.92 0.0053139
34.93 0.004584
34.94 0.00035042
34.95 -0.0008596
34.96 0.0010322
34.97 -0.00029673
34.98 0.0018464
34.99 0.00078838
35 -0.0019402
35.01 0.0047435
35.02 0.0068039
35.03 -0.00034639
35.04 0.0018434
35.05 0.0064472
35.06 0.0021098
35.07 -0.0019236
35.08 -0.0036679
35.09 -0.00084304
35.1 -0.00052097
35.11 -0.0071987
35.12 -0.00093635
35.13 0.0010608
35.14 -0.0048223
35.15 -0.0025271
35.16 -0.0020621
35.17 0.0004332
35.18 0.0030429
35.19 0.0010864
35.2 -0.00090023
35.21 -0.0015474
35.22 -0.0050435
35.23 -0.002923
35.24 0.00019391
35.25 0.0029195
35.26 0.007889
35.27 0.0058332
35.28 -0.00039004
35.29 -0.0038184
35.3 -0.0035084
35.31 -0.0034015
35.32 0.00062283
35.33 0.0021594
35.34 0.0014777
35.35 -0.00044121
35.36 0.0028803
35.37 0.0012926
35.38 -0.0038229
35.39 0.0013362
35.4 -0.0037597
35.41 -0.003245
35.42 -0.00048786
35.43 -0.0031893
35.44 -0.001138
35.45 -0.00091077
35.46 -0.002035
35.47 -0.00066696
35.48 -0.0034678
35.49 -0.0013382
35.5 0.0031407
35.51 0.001264
35.52 -0.0033308
35.53 -0.0088692
35.54 -0.0043301
35.55 -0.002044
35.56 -0.00043518
35.57 0.003839
35.58 0.0046623
35.59 0.0029932
35.6 0.00087568
35.61 0.0010051
35.62 -0.0012374
35.63 -0.002926
35.64 -0.00219
35.65 0.00049039
35.66 -0.00063986
35.67 -0.0036694
35.68 -0.00043067
35.69 -0.00053
35.7 0.0027915
35.71 0.0042649
35.72 -0.0016768
35.73 -0.0016964
35.74 -0.0014119
35.75 -0.002634
35.76 -0.0014646
35.77 -0.0021689
35.78 -0.0038425
35.79 0.0009133
35.8 0.0011541
35.81 0.0002797
35.82 0.0048429
35.83 0.001577
35.84 0.0007628
35.85 -0.00051344
35.86 -0.0011726
35.87 2.6855e-005
35.88 -0.0034407
35.89 -0.00084454
35.9 -0.0019733
35.91 -1.7392e-006
35.92 0.0010262
35.93 -0.0056816
35.94 -0.00047882
35.95 0.0015228
35.96 0.0013212
35.97 0.0022753
35.98 -0.0034828
35.99 -0.0078714
36 0.00092384
36.01 0.0067723
36.02 0.00047083
36.03 0.00017134
36.04 0.0022648
36.05 -0.0032842
36.06 -0.002798
36.07 0.0045434
36.08 0.0065781
36.09 0.0027419
36.1 -0.0016422
36.11 0.0027268
36.12 0.0026832
36.13 0.0003715
36.14 0.0011962
36.15 0.0010668
36.16 -0.002786
36.17 -0.0060594
36.18 -0.00040658
36.19 0.0039805
36.2 0.00072518
36.21 0.002021
36.22 -0.00017782
36.23 -0.0038861
36.24 -0.002783
36.25 -0.000834
36.26 -0.00031478
36.27 -0.0021765
36.28 0.0028021
36.29 -0.00091527
36.3 -0.0055793
36.31 -0.0010342
36.32 0.0023175
36.33 0.0019186
36.34 0.0043718
36.35 0.008187
36.36 0.0012971
36.37 -0.0038079
36.38 -0.00099955
36.39 -0.0016904
36.4 -0.0023586
36.41 -0.0046657
36.42 -0.00033283
36.43 0.0056616
36.44 0.0039323
36.45 0.0052282
36.46 0.0010548
36.47 -0.002184
36.48 -0.00039454
36.49 0.00063187
36.5 0.00049793
36.51 -0.0043482
36.52 -0.0030208
36.53 0.0010503
36.54 -0.0021855
36.55 7.3519e-005
36.56 0.0046803
36.57 0.0016538
36.58 0.0012279
36.59 -8.7516e-005
36.6 -7.999e-005
36.61 0.00011115
36.62 -0.00086861
36.63 0.0037487
36.64 0.0044907
36.65 0.0049016
36.66 0.0052718
36.67 -0.002792
36.68 -0.0029275
36.69 0.0024063
36.7 -0.0062987
36.71 -0.0095796
36.72 -0.0028281
36.73 -0.00048032
36.74 0.002468
36.75 0.006676
36.76 0.0057459
36.77 -6.9453e-005
36.78 -0.00073466
36.79 -0.0023826
36.8 -0.0024067
36.81 -0.0022111
36.82 -0.0020922
36.83 -0.0035084
36.84 -0.0032164
36.85 0.0022934
36.86 -7.2461e-005
36.87 0.00021951
36.88 -0.0012268
36.89 -0.0040276
36.9 0.00022704
36.91 0.0044997
36.92 0.0017531
36.93 -0.0040216
36.94 -0.0059013
36.95 0.0012068
36.96 4.3426e-005
36.97 0.0021805
36.98 0.0063389
36.99 -0.0062911
37 -0.0075328
37.01 0.00043172
37.02 0.00094492
37.03 -0.00081142
37.04 0.0016192
37.05 -0.0012614
37.06 -0.001427
37.07 0.0019458
37.08 0.004566
37.09 0.0038436
37.1 -0.00087613
37.11 -0.0048418
37.12 -0.0030689
37.13 0.0012399
37.14 -0.00093934
37.15 -0.00017179
37.16 0.0058121
37.17 0.0050461
37.18 -0.0016632
37.19 -0.0029997
37.2 0.0015003
37.21 0.00064844
37.22 -0.0012042
37.23 0.0031362
37.24 -0.0024112
37.25 -0.0026716
37.26 0.0018645
37.27 0.0013362
37.28 0.00203
37.29 0.0021414
37.3 0.0053952
37.31 0.0057022
37.32 0.0011782
37.33 -0.0017897
37.34 -0.0023465
37.35 0.00044075
37.36 -0.0016452
37.37 -0.0050931
37.38 0.001431
37.39 -0.0016708
37.4 0.0010638
37.41 0.0065601
37.42 0.0020481
37.43 -0.0010853
37.44 -0.0060458
37.45 -0.0021509
37.46 0.00092085
37.47 0.00077637
37.48 0.0039534
37.49 0.0011481
37.5 8.5575e-005
37.51 0.0030233
37.52 0.00097955
37.53 -0.0020801
37.54 -0.0045528
37.55 -0.0035445
37.56 -0.0023962
37.57 -0.0047681
37.58 -0.0041781
37.59 0.0016583
37.6 0.0015244
37.61 -8.7498e-005
37.62 0.0051439
37.63 0.0025387
37.64 0.00070714
37.65 -0.00083247
37.66 -0.0045167
37.67 -0.0038681
37.68 -0.0034527
37.69 -0.0023661
37.7 -0.0019206
37.71 0.0010127
37.72 0.00083206
37.73 -0.00019736
37.74 0.00097353
37.75 -0.00050589
37.76 0.0028789
37.77 0.0064653
37.78 0.00037153
37.79 6.3006e-005
37.8 0.0022498
37.81 0.0019548
37.82 0.0010834
37.83 -0.0020997
37.84 -0.0012509
37.85 0.0015484
37.86 -0.00064434
37.87 -0.00129
37.88 0.0041491
37.89 0.0004227
37.9 -0.0043045
37.91 8.1069e-005
37.92 -0.00088213
37.93 -0.0037115
37.94 -0.00043364
37.95 0.0034824
37.96 0.0020225
37.97 0.0016854
37.98 -0.00017629
37.99 -0.0037191
38 0.0029677
38.01 0.0014837
38.02 0.0016824
38.03 0.0059491
38.04 0.0037759
38.05 0.00083809
38.06 -0.0012599
38.07 -0.0024233
38.08 -0.0044776
38.09 -0.0011575
38.1 -0.0030764
38.11 -0.0069443
38.12 -0.0036393
38.13 2.6893e-005
38.14 0.00072522
38.15 0.00047689
38.16 -2.1266e-005
38.17 0.00042422
38.18 -0.00019585
38.19 -0.0010206
38.2 0.0017712
38.21 0.0010518
38.22 0.0006304
38.23 0.0030053
38.24 0.0033635
38.25 0.00093291
38.26 -0.0019266
38.27 0.0010759
38.28 0.0011903
38.29 0.0013859
38.3 0.00092388
38.31 -0.0026731
38.32 0.0016252
38.33 0.0050085
38.34 0.0022152
38.35 0.0028653
38.36 -0.0026881
38.37 -0.0033774
38.38 -0.0016166
38.39 -0.003844
38.4 0.00056569
38.41 0.0021444
38.42 0.0036525
38.43 0.0015169
38.44 -0.0020154
38.45 0.0037759
38.46 0.0019428
38.47 -0.0034075
38.48 0.0011662
38.49 0.0055894
38.5 0.0044366
38.51 -0.001612
38.52 0.00011269
38.53 -0.0039824
38.54 -0.0084433
38.55 -0.0021147
38.56 -0.0033308
38.57 0.00021051
38.58 0.001571
38.59 -0.0007271
38.6 0.0048535
38.61 0.0034824
38.62 -0.00046373
38.63 -0.00078128
38.64 0.00089529
38.65 0.0012098
38.66 5.55e-005
38.67 5.249e-005
38.68 -0.0027032
38.69 -0.003704
38.7 0.00068008
38.71 0.0033199
38.72 -0.0016376
38.73 0.0007162
38.74 0.0086581
38.75 0.0029135
38.76 -0.0009077
38.77 0.00066352
38.78 0.0015154
38.79 0.0038827
38.8 0.0028533
38.81 0.0031242
38.82 -0.00049081
38.83 -0.0059976
38.84 0.00010216
38.85 -6.4896e-005
38.86 -0.0039388
38.87 0.0006545
38.88 -0.00093328
38.89 -0.0010808
38.9 0.0012098
38.91 0.0010323
38.92 0.0016538
38.93 0.00076888
38.94 -0.0014028
38.95 -0.0047349
38.96 -3.7803e-005
38.97 0.0012595
38.98 0.00062139
38.99 0.002021
39 -0.00034482
39.01 0.001857
39.02 0.0059491
39.03 0.0036781
39.04 0.0020767
39.05 0.00089079
39.06 -0.00087308
39.07 0.0017938
39.08 0.0035983
39.09 -0.00023646
39.1 -0.0013592
39.11 0.00056571
39.12 -0.003719
39.13 -0.0051985
39.14 -0.0039478
39.15 0.0030159
39.16 0.0020918
39.17 0.0020496
39.18 0.0037307
39.19 -0.0031396
39.2 -0.0027769
39.21 -0.002822
39.22 0.001106
39.23 0.0037337
39.24 0.00064096
39.25 -0.00048779
39.26 0.0029346
39.27 0.0018119
39.28 0.0034117
39.29 0.00023461
39.3 -0.002962
39.31 0.0028955
39.32 0.003347
39.33 0.00099163
39.34 -0.001758
39.35 0.00010067
39.36 -8.1438e-005
39.37 -0.0010461
39.38 0.0020331
39.39 -0.00033428
39.4 -0.0036092
39.41 0.00039866
39.42 -0.0011154
39.43 -0.0032961
39.44 -0.0011259
39.45 0.00069816
39.46 -0.0014465
39.47 -1.973e-005
39.48 0.0013558
39.49 0.00060786
39.5 0.002164
39.51 -0.00082491
39.52 -0.0047545
39.53 -0.0041058
39.54 0.0015696
39.55 0.0034147
39.56 0.0019985
39.57 0.0020602
39.58 -0.0014179
39.59 -0.0045392
39.6 -0.0012373
39.61 -0.0043993
39.62 -0.0056665
39.63 0.00015335
39.64 0.0021746
39.65 0.0020737
39.66 0.0020075
39.67 -0.0013336
39.68 -0.0047725
39.69 -0.0026655
39.7 -0.001442
39.71 -0.00051788
39.72 -0.0044143
39.73 -0.0011876
39.74 0.0010398
39.75 5.5528e-005
39.76 -0.0011304
39.77 -0.003722
39.78 0.0031709
39.79 0.00042124
39.8 -0.0047936
39.81 0.00028429
39.82 0.0034027
39.83 -0.0014013
39.84 -0.0048824
39.85 -0.0042608
39.86 -0.0025301
39.87 -0.00042457
39.88 -0.0021613
39.89 -0.0026535
39.9 0.00035954
39.91 -8.1424e-005
39.92 0.0026622
39.93 0.0069153
39.94 -0.00015968
39.95 0.00013078
39.96 0.003338
39.97 0.00057175
39.98 -0.00036888
39.99 -0.0057718
40 -0.0028792
40.01 0.0011843
40.02 0.0029722
40.03 0.006354
40.04 0.0051334
40.05 0.00035654
40.06 0.0014672
40.07 0.0011753
40.08 -0.0036152
40.09 -0.0034556
40.1 -0.0064416
40.11 -0.001451
40.12 0.0037127
40.13 0.0011121
40.14 0.00054316
40.15 0.001088
40.16 0.00087878
40.17 -0.0033172
40.18 0.00016841
40.19 0.002164
40.2 -0.0033954
40.21 -0.0013185
40.22 -0.00022138
40.23 0.00044534
40.24 0.0038015
40.25 0.00011574
40.26 -0.0015834
40.27 -0.0042849
40.28 -0.0075462
40.29 -0.0052481
40.3 -0.000858
40.31 0.00074483
40.32 0.00085921
40.33 0.003052
40.34 0.0045675
40.35 0.0050868
40.36 0.0016403
40.37 0.00060939
40.38 -4.2281e-005
40.39 0.0018465
40.4 0.0017637
40.41 -0.003701
40.42 0.00037461
40.43 1.9426e-005
40.44 -0.0047861
40.45 -0.0015924
40.46 0.0020753
40.47 0.0028127
40.48 -0.0015879
40.49 -0.00017773
40.5 0.0025584
40.51 0.0039249
40.52 0.0037579
40.53 0.00026173
40.54 -0.00050883
40.55 0.0010895
40.56 0.0010067
40.57 -0.00083993
40.58 -0.001472
40.59 -0.0032675
40.6 -0.0035354
40.61 -0.00097086
40.62 0.00068916
40.63 -0.0009829
40.64 0.00041675
40.65 -0.00037488
40.66 -0.0023494
40.67 -0.0019401
40.68 0.00022863
40.69 7.9633e-005
40.7 0.0017171
40.71 0.0029105
40.72 -0.00069243
40.73 0.00039418
40.74 0.00056726
40.75 0.0019895
40.76 0.002584
40.77 -0.0029665
40.78 -0.002524
40.79 -0.00057504
40.8 -0.00076919
40.81 -0.00076016
40.82 0.0003084
40.83 0.0031664
40.84 0.00097662
40.85 -0.0005344
40.86 0.0034223
40.87 0.0014537
40.88 -0.0033352
40.89 -0.00086701
40.9 0.00070873
40.91 0.0009691
40.92 0.0023612
40.93 0.0034915
40.94 -0.0016662
40.95 -0.00236
40.96 0.00075238
40.97 -0.00077219
40.98 0.0016915
40.99 -0.00031166
41 0.00027529
41.01 0.0023838
41.02 -0.0014404
41.03 -0.0011123
41.04 0.0010368
41.05 0.0021776
41.06 -0.0013847
41.07 -0.00089108
41.08 0.0021581
41.09 0.00045138
41.1 -0.0016752
41.11 -0.0012824
41.12 0.0027074
41.13 0.0036947
41.14 0.0012912
41.15 0.0047602
41.16 -0.0026023
41.17 -0.0058997
41.18 0.00020456
41.19 -0.0048748
41.2 -0.0012884
41.21 -0.00024995
41.22 -0.0023148
41.23 0.00034453
41.24 -0.0020725
41.25 -0.0032028
41.26 -1.1595e-007
41.27 -0.0015021
41.28 -0.0014208
41.29 0.0056963
41.3 0.0067528
41.31 0.0017306
41.32 -0.00046065
41.33 -0.00078272
41.34 -0.0034872
41.35 -0.0050494
41.36 -0.0051081
41.37 -0.0013983
41.38 0.00047396
41.39 -0.0028882
41.4 0.00029035
41.41 -0.00015663
41.42 -7.2352e-005
41.43 0.0015305
41.44 -0.0017474
41.45 0.00077798
41.46 0.0024907
41.47 -0.0019702
41.48 0.0014808
41.49 -0.0010581
41.5 -0.0066823
41.51 0.00318
41.52 0.0015967
41.53 -0.0047454
41.54 -0.0025661
41.55 0.00054169
41.56 0.0020557
41.57 -0.00012051
41.58 0.00077497
41.59 -0.00019726
41.6 0.0019489
41.61 0.0017352
41.62 -0.0011921
41.63 -0.0011274
41.64 -0.00022736
41.65 0.0046263
41.66 0.00259
41.67 -0.0041554
41.68 -0.0028145
41.69 -0.0020981
41.7 -0.0015773
41.71 -0.0021778
41.72 -0.0011093
41.73 1.9462e-005
41.74 -0.00017318
41.75 0.0043072
41.76 0.0024049
41.77 0.0030761
41.78 -4.5251e-005
41.79 -0.0018121
41.8 0.0022499
41.81 -0.0051126
41.82 -0.0087743
41.83 0.0011046
41.84 0.0039355
41.85 -0.00037334
41.86 0.0015124
41.87 -0.00016414
41.88 0.002572
41.89 0.0060801
41.9 0.0038647
41.91 0.0010654
41.92 0.00065006
41.93 0.00037314
41.94 0.0002106
41.95 0.0030385
41.96 -0.0025752
41.97 -0.0066281
41.98 0.00031445
41.99 -0.0017549
42 -0.001478
42.01 0.0018766
42.02 -0.0031681
42.03 0.00425
42.04 0.0058544
42.05 -0.0017113
42.06 0.0014658
42.07 0.0024922
42.08 -0.0023344
42.09 -0.0027001
42.1 -0.0030778
42.11 -0.0029755
42.12 0.0017186
42.13 0.005129
42.14 0.0012897
42.15 -0.0007842
42.16 0.00079907
42.17 -0.00031012
42.18 -0.0008444
42.19 0.0017954
42.2 0.00097214
42.21 -0.0018076
42.22 -0.0021628
42.23 0.0021912
42.24 0.002137
42.25 0.0018797
42.26 0.0013845
42.27 -0.0059042
42.28 0.00026931
42.29 0.0036766
42.3 -0.00084891
42.31 0.0015335
42.32 0.0051275
42.33 0.0020859
42.34 0.0014297
42.35 -0.0014569
42.36 -0.0056905
42.37 -0.00021079
42.38 0.0036225
42.39 0.00077048
42.4 -0.00080827
42.41 0.0018225
42.42 0.0035246
42.43 0.00045593
42.44 -0.004771
42.45 -0.0024623
42.46 -0.00094824
42.47 0.0010474
42.48 0.0010865
42.49 -0.0035986
42.5 0.00017901
42.51 0.002739
42.52 -0.00083084
42.53 0.0005357
42.54 0.0010248
42.55 0.0016885
42.56 0.0025253
42.57 -0.0030116
42.58 -5.8774e-005
42.59 0.0041929
42.6 -0.0015186
42.61 -0.0011514
42.62 0.0032342
42.63 0.00259
42.64 0.0017322
42.65 -0.00028753
42.66 -0.0011228
42.67 -0.0042171
42.68 -0.0069126
42.69 -0.00092716
42.7 0.00063353
42.71 -0.0014855
42.72 0.0017126
42.73 -0.00064121
42.74 0.00053571
42.75 0.0034088
42.76 0.0018676
42.77 0.0020001
42.78 -0.00055241
42.79 2.8522e-005
42.8 0.00034758
42.81 -0.0034661
42.82 -0.0028671
42.83 -0.0022877
42.84 -0.0011665
42.85 0.0031695
42.86 0.00059892
42.87 -0.00050124
42.88 -0.00052231
42.89 7.0664e-005
42.9 -0.00044706
42.91 -0.0024577
42.92 0.0010595
42.93 0.0020633
42.94 0.00018204
42.95 0.0020196
42.96 0.0021416
42.97 -0.0019852
42.98 -0.0020604
42.99 0.00093002
43 -0.0015863
43.01 -0.0011002
43.02 0.0026924
43.03 0.0005613
43.04 0.0030566
43.05 -0.00032966
43.06 -0.004053
43.07 -0.0037174
43.08 -0.0028219
43.09 -0.00051779
43.1 -0.0020664
43.11 -0.002077
43.12 -0.00094671
43.13 -0.00080524
43.14 -0.0019761
43.15 -0.0040576
43.16 0.0010143
43.17 0.0049168
43.18 0.00069675
43.19 0.00076749
43.2 0.00016549
43.21 0.0020272
43.22 0.0021777
43.23 0.0014131
43.24 0.001058
43.25 -0.0011017
43.26 0.0018767
43.27 0.0044171
43.28 0.0066792
43.29 0.0015531
43.3 -0.00078116
43.31 -0.0004937
43.32 -0.0026293
43.33 -0.0013771
43.34 -0.0006442
43.35 0.0015215
43.36 0.003779
43.37 -0.0012703
43.38 -0.00012949
43.39 0.0015922
43.4 -0.0063858
43.41 -0.0019385
43.42 -0.00032062
43.43 0.00043639
43.44 0.0049002
43.45 -0.0021161
43.46 0.0011091
43.47 0.0035367
43.48 -0.0045693
43.49 -0.0017474
43.5 0.0016208
43.51 0.0019143
43.52 0.00010078
43.53 -0.00057045
43.54 0.0011814
43.55 0.003332
43.56 0.0017849
43.57 -0.00253
43.58 0.0021581
43.59 0.0041673
43.6 -0.0012026
43.61 0.0013244
43.62 -0.0020469
43.63 -0.0039883
43.64 -0.0003146
43.65 -0.0021251
43.66 -0.0012116
43.67 -0.0046174
43.68 -0.00035072
43.69 0.00043189
43.7 0.0025479
43.71 0.0015396
43.72 -0.00023784
43.73 0.002271
43.74 8.8746e-005
43.75 0.00077954
43.76 -0.0021507
43.77 0.0013424
43.78 0.0036692
43.79 0.0049755
43.8 0.00091349
43.81 -0.0019791
43.82 0.0030385
43.83 6.9183e-005
43.84 -0.0010265
43.85 -0.0017624
43.86 -0.0023208
43.87 -0.0015156
43.88 -0.0028084
43.89 0.0026999
43.9 0.005114
43.91 -0.00076308
43.92 0.0027421
43.93 0.0012882
43.94 -0.0032388
43.95 -0.00060957
43.96 -0.0020574
43.97 -0.0022184
43.98 -0.0026639
43.99 -0.00023783
44 -0.0015171
44.01 -0.0053293
44.02 0.002429
44.03 0.002128
44.04 -0.0017037
44.05 -0.00050572
44.06 -0.0027888
44.07 2.5543e-005
44.08 -0.0012537
44.09 -0.0034104
44.1 0.0010324
44.11 0.00052822
44.12 0.0021401
44.13 0.0010655
44.14 -0.00298
44.15 -0.0010671
44.16 -0.0025315
44.17 -0.00050422
44.18 7.8221e-005
44.19 -0.002256
44.2 -0.001186
44.21 0.0020197
44.22 0.0069651
44.23 0.0036842
44.24 0.0004635
44.25 -0.0022997
44.26 -0.0023373
44.27 0.0037474
44.28 0.00063809
44.29 -0.0015141
44.3 0.001073
44.31 -0.00088498
44.32 -0.0022666
44.33 -0.0016721
44.34 0.00041836
44.35 -0.00069384
44.36 -0.0018557
44.37 0.0028986
44.38 -0.0015773
44.39 -0.00054936
44.4 0.00082019
44.41 0.0033561
44.42 0.0029302
44.43 0.0003717
44.44 -0.00061558
44.45 -0.0039627
44.46 -0.0010114
44.47 0.0016946
44.48 0.0033426
44.49 -0.0003221
44.5 0.0030491
44.51 -0.0026609
44.52 -0.0014674
44.53 0.00095113
44.54 -0.0023177
44.55 0.0016811
44.56 -0.00038381
44.57 0.0017006
44.58 0.00070582
44.59 -0.0017534
44.6 -0.00032511
44.61 -0.0022846
44.62 -0.0006517
44.63 0.0013093
44.64 -0.0012206
44.65 0.0033531
44.66 -0.0010806
44.67 -9.4844e-005
44.68 0.0053397
44.69 0.0022575
44.7 0.0046459
44.71 0.0010324
44.72 -0.0021477
44.73 0.0017879
44.74 0.00088642
44.75 8.7263e-005
44.76 0.0056543
44.77 -0.00099333
44.78 -0.0058048
44.79 0.0015426
44.8 -0.0015005
44.81 -0.0020152
44.82 -0.0011589
44.83 -0.0020032
44.84 -0.001037
44.85 -0.0022289
44.86 0.00022874
44.87 0.00070883
44.88 0.0029468
44.89 -0.0018542
44.9 -0.00065621
44.91 0.0036632
44.92 -0.00069835
44.93 -0.00050571
44.94 0.00063659
44.95 -0.00028898
44.96 -0.00013999
44.97 0.00097522
44.98 -0.00063814
44.99 -0.0023117
45 0.0013409
45.01 0.0035172
45.02 0.0027225
45.03 0.0036391
45.04 -0.0017202
45.05 -0.0011092
45.06 -0.0025901
45.07 -0.0011077
45.08 -0.00054333
45.09 -0.0045135
45.1 -0.0010791
45.11 0.00088191
45.12 -0.00076908
45.13 -0.0044157
45.14 -0.0010791
45.15 0.00014897
45.16 0.00023627
45.17 -0.00080068
45.18 7.6736e-005
45.19 -1.3564e-005
45.2 -0.0010159
45.21 0.001812
45.22 -0.0013274
45.23 0.0013184
45.24 0.0017548
45.25 -0.0043149
45.26 0.0035082
45.27 0.0035533
45.28 -0.0029378
45.29 0.0041448
45.3 0.00090901
45.31 -0.0018421
45.32 -0.0020107
45.33 -0.00085185
45.34 -0.0016284
45.35 -0.0085439
45.36 -0.0035097
45.37 0.0014042
45.38 -0.0017022
45.39 -0.00072994
45.4 0.00090901
45.41 -0.0015517
45.42 0.0053367
45.43 -0.00066372
45.44 -0.001791
45.45 -0.0012025
45.46 -0.0044819
45.47 0.0050734
45.48 0.0050177
45.49 -0.0039732
45.5 -0.0037866
45.51 0.0020348
45.52 0.0036165
45.53 -0.00018362
45.54 -0.0004169
45.55 0.0022876
45.56 -0.0029137
45.57 -8.8809e-005
45.58 0.0013394
45.59 -0.0019159
45.6 0.00054329
45.61 0.0019415
45.62 0.00061704
45.63 0.00065466
45.64 -0.0027527
45.65 -0.0026022
45.66 0.0017789
45.67 0.00038226
45.68 0.0019083
45.69 0.00077055
45.7 -0.0029047
45.71 8.5774e-005
45.72 -0.0018165
45.73 -0.00012944
45.74 0.0032734
45.75 -0.0028911
45.76 -0.0002965
45.77 0.0053142
45.78 -0.0010926
45.79 -0.00086689
45.8 0.0047137
45.81 0.0016781
45.82 0.00031303
45.83 -0.00064114
45.84 0.0017639
45.85 0.0012251
45.86 0.0009948
45.87 0.0034735
45.88 -0.00068027
45.89 0.0013063
45.9 0.00046203
45.91 -0.00099933
45.92 -0.0015276
45.93 -0.0015005
45.94 0.0029483
45.95 0.002396
45.96 -0.0018542
45.97 0.00121
45.98 0.0021401
45.99 0.0032538
46 0.0013756
46.01 -0.0018813
46.02 0.0049033
46.03 -0.0014779
46.04 -0.0005403
46.05 0.0036797
46.06 0.00025283
46.07 0.00084882
46.08 -0.0047031
46.09 -0.0018196
46.1 0.0021898
46.11 -0.0020694
46.12 -0.00021522
46.13 0.0034058
46.14 0.0025224
46.15 -0.00038679
46.16 -0.00070435
46.17 -0.0018677
46.18 -0.0027978
46.19 0.0032568
46.2 0.00092106
46.21 -0.0027963
46.22 -0.00043796
46.23 0.00012792
46.24 0.0053172
46.25 0.0013876
46.26 -0.0038333
46.27 -0.0002679
46.28 0.0015998
46.29 0.00060952
46.3 0.00093611
46.31 -0.0012507
46.32 -0.0019881
46.33 0.0010053
46.34 -0.00049666
46.35 0.0011965
46.36 0.003916
46.37 -0.00020017
46.38 -0.0020829
46.39 -0.00080518
46.4 -0.0031018
46.41 -0.0011769
46.42 -0.0015246
46.43 0.00058845
46.44 0.0022003
46.45 -0.0009903
46.46 -0.0010294
46.47 0.0017127
46.48 0.0020724
46.49 -0.00042743
46.5 -0.0025284
46.51 -0.00080067
46.52 -0.00043345
46.53 -0.0018451
46.54 0.0033185
46.55 -0.00015351
46.56 -0.0012025
46.57 0.00010685
46.58 -0.0011905
46.59 0.00059146
46.6 0.002104
46.61 -0.0015441
46.62 -0.0051592
46.63 0.0028339
46.64 0.0028971
46.65 -0.0017654
46.66 -0.00082625
46.67 -0.0024968
46.68 -0.00084883
46.69 0.00029347
46.7 -0.0022033
46.71 0.00056889
46.72 0.001046
46.73 -0.0036541
46.74 -0.0012672
46.75 0.0016013
46.76 -0.00046655
46.77 0.0020904
46.78 0.0015125
46.79 -0.0040771
46.8 -0.0013018
46.81 -0.0031981
46.82 3.7623e-005
46.83 0.00077207
46.84 -0.0036135
46.85 0.0030145
46.86 -0.001064
46.87 -0.0029694
46.88 -0.0019565
46.89 0.00047106
46.9 0.0012401
46.91 0.0016284
46.92 0.0037128
46.93 8.1268e-005
46.94 -0.003612
46.95 -0.0012853
46.96 0.00121
46.97 -0.0035578
46.98 0.00017759
46.99 0.00071488
47 -0.0036963
47.01 0.0041388
47.02 0.0017804
47.03 -0.0013545
47.04 0.00225
47.05 -0.00481
47.06 0.00073595
47.07 0.00074799
47.08 -0.0006908
47.09 0.0015351
47.1 -0.0030205
47.11 0.00211
47.12 0.001207
47.13 0.00026789
47.14 0.0020874
47.15 0.00061555
47.16 0.002417
47.17 -0.0027105
47.18 -0.0033486
47.19 -0.00033562
47.2 -0.0018557
47.21 -0.0023839
47.22 -0.0010866
47.23 0.0015637
47.24 0.0030807
47.25 5.1168e-005
47.26 -0.0024953
47.27 -0.0021461
47.28 -0.002265
47.29 -0.0021552
47.3 0.00033712
47.31 -0.0005403
47.32 -0.0013109
47.33 0.0014493
47.34 -0.0017488
47.35 0.00048912
47.36 0.00026488
47.37 -0.002694
47.38 0.0015622
47.39 -1.6557e-005
47.4 -0.0020799
47.41 0.00076605
47.42 -0.0019369
47.43 0.0012777
47.44 0.00093611
47.45 0.00036722
47.46 0.0027873
47.47 -0.0032538
47.48 0.0010475
47.49 0.0015893
47.5 -0.0035097
47.51 -0.0010686
47.52 -0.0018752
47.53 -0.00024682
47.54 0.0040545
47.55 0.00035217
47.56 0.0031545
47.57 5.1167e-005
47.58 -0.0024502
47.59 0.0031274
47.6 0.00098878
47.61 -0.0013816
47.62 -0.00097224
47.63 0.00059899
47.64 0.00077959
47.65 -0.00046655
47.66 -0.00051171
47.67 -0.00043495
47.68 0.00055685
47.69 0.0057882
47.7 -0.0010084
47.71 -0.0022169
47.72 -0.0036677
47.73 -0.00315
47.74 -0.0014448
47.75 -0.0021928
47.76 0.00089698
47.77 0.0014869
47.78 0.0061916
47.79 -0.0026383
47.8 -0.001961
47.81 0.0011197
47.82 0.0012552
47.83 0.0060336
47.84 -0.0017774
47.85 -0.0021642
47.86 0.0029814
47.87 0.0010685
47.88 0.00042892
47.89 -0.0062051
47.9 -0.0062187
47.91 0.001803
47.92 0.0032914
47.93 0.0012552
47.94 0.002852
47.95 -0.00010686
47.96 -0.0045632
47.97 0.0015231
47.98 0.0015471
47.99 -0.003749
48 0.0003612
48.01 0.0021506
48.02 -0.0043826
48.03 -0.0052886
48.04 -0.00039281
48.05 0.0089081
48.06 0.00060049
48.07 -0.0067635
48.08 0.0011438
48.09 0.0051561
48.1 -0.002265
48.11 -0.004214
48.12 0.00030551
48.13 0.00067123
48.14 0.00042139
48.15 0.0053714
48.16 0.0045556
48.17 -0.0064249
48.18 -0.0037851
48.19 -0.0075085
48.2 0.00022574
48.21 -0.00064716
48.22 -0.0037821
48.23 0.0092151
48.24 -0.0025841
48.25 0.0011558
48.26 0.0020272
48.27 -0.0080804
48.28 -0.000298
48.29 -0.0011664
48.3 0.0044428
48.31 0.0062443
48.32 -0.0030642
48.33 0.0012642
48.34 0.0066912
48.35 0.0052419
48.36 0.0022876
48.37 0.002721
48.38 -0.00166
48.39 -0.0026067
48.4 0.00065467
48.41 -0.0010926
48.42 -0.0010565
48.43 -0.0048416
48.44 -0.0023162
48.45 0.0013966
48.46 0.0035247
48.47 0.0053021
48.48 -0.0036948
48.49 -0.0024487
48.5 0.003475
48.51 0.00059597
48.52 0.0020348
48.53 0.0011408
48.54 -0.0050553
48.55 0.002116
48.56 0.0045331
48.57 -0.0032328
48.58 0.0014267
48.59 -0.0027391
48.6 0.00058092
48.61 0.0073068
48.62 -0.0015231
48.63 0.00070282
48.64 0.00072239
48.65 0.0011032
48.66 -0.0030913
48.67 -0.0043841
48.68 0.0042983
48.69 0.0014403
48.7 0.0021446
48.71 0.0035608
48.72 -0.00010386
48.73 0.0020543
48.74 -0.0024125
48.75 -0.001806
48.76 0.004354
48.77 0.00050867
48.78 0.0027286
48.79 0.0029453
48.8 0.00064412
48.81 0.00087288
48.82 -0.0002062
48.83 -0.0020709
48.84 -0.0026654
48.85 -0.0018888
48.86 -0.0036451
48.87 0.0010249
48.88 0.0013846
48.89 -0.0023629
48.9 0.00068476
48.91 -0.0037038
48.92 0.0045331
48.93 0.0083106
48.94 0.00020616
48.95 -0.0038002
48.96 -0.0038468
48.97 0.0018737
48.98 0.0011257
48.99 0.0028715
49 -1.5072e-005
49.01 -0.0021702
49.02 0.0035006
49.03 0.0011588
49.04 -0.00081724
49.05 -0.0029679
49.06 -0.0043796
49.07 0.00069378
49.08 -0.00090905
49.09 0.0024802
49.1 0.0053472
49.11 -0.0018692
49.12 -0.0011002
49.13 0.00033108
49.14 -0.0044127
49.15 -0.0068297
49.16 0.00054178
49.17 0.0043404
49.18 -0.0027196
49.19 -0.00014451
49.2 0.0012266
49.21 0.00051468
49.22 -0.00054935
49.23 -0.0021507
49.24 0.0013966
49.25 -0.0021191
49.26 -0.0009843
49.27 -0.00061708
49.28 -0.0012236
49.29 0.0032327
49.3 0.0028053
49.31 0.0025163
49.32 0.0015757
49.33 -0.0024411
49.34 0.0007615
49.35 -0.0012733
49.36 -0.0029528
49.37 0.005728
49.38 0.0045797
49.39 -0.0048582
49.4 0.0023719
49.41 0.0040635
49.42 -0.00072243
49.43 0.0044473
49.44 0.00064411
49.45 -0.0016405
49.46 -0.0019325
49.47 0.00086534
49.48 0.00062605
49.49 -0.00069836
49.5 -0.0012582
49.51 0.0013274
49.52 0.00077655
49.53 0.00041083
49.54 0.0035172
49.55 0.0010294
49.56 0.00024377
49.57 -2.8633e-005
49.58 0.0014809
49.59 -0.00093164
49.6 -0.001055
49.61 0.0020302
49.62 0.0020934
49.63 -0.0035985
49.64 0.00029193
49.65 0.002265
49.66 -0.0009798
49.67 0.0019595
49.68 0.0061148
49.69 0.0006155
49.7 -0.0052886
49.71 0.0041643
49.72 0.0025479
49.73 -0.00083382
49.74 0.0013078
49.75 0.00093757
49.76 0.0010384
49.77 -0.001931
49.78 0.0012581
49.79 0.0032854
49.8 -0.0029604
49.81 -0.000286
49.82 -0.00049218
49.83 -0.0014795
49.84 -0.0017624
49.85 -0.0037234
49.86 0.000465
49.87 -0.00055239
49.88 -0.0033487
49.89 -0.0019882
49.9 0.0017969
49.91 -0.0026097
49.92 -0.0011363
49.93 0.00082921
49.94 -0.002253
49.95 0.002712
49.96 0.0024832
49.97 -0.0025149
49.98 -0.0013892
49.99 0.0021702
50 0.00027687
50.01 0.0019158
50.02 0.0034344
50.03 0.00087736
50.04 -0.00087597
50.05 0.0019098
50.06 0.0035292
50.07 0.0035036
50.08 -0.00033116
50.09 -0.0026654
50.1 0.0034645
50.11 -0.0030432
50.12 -0.0021688
50.13 0.00045596
50.14 -0.0014238
50.15 0.0010203
50.16 0.00038372
50.17 -0.00043049
50.18 -0.0073821
50.19 0.0018451
50.2 0.0044803
50.21 0.00064558
50.22 0.002584
50.23 -0.004789
50.24 -0.0001626
50.25 0.0016931
50.26 -0.0038378
50.27 -0.0023057
50.28 -0.00076009
50.29 0.0010519
50.3 -0.0015713
50.31 -0.001028
50.32 -0.00034622
50.33 0.00053421
50.34 0.0017442
50.35 -0.0038499
50.36 0.0011648
50.37 0.0024832
50.38 0.0015079
50.39 0.0038136
50.4 -0.00018218
50.41 -0.0032057
50.42 -0.0038002
50.43 -0.00017164
50.44 -0.0003387
50.45 -0.0023223
50.46 -0.00058552
50.47 -0.004482
50.48 -0.0031124
50.49 -0.0015547
50.5 -0.0038424
50.51 0.00077651
50.52 -0.001624
50.53 -0.00010693
50.54 0.0010218
50.55 -0.0023569
50.56 0.0028188
50.57 -0.00021529
50.58 -0.0038424
50.59 -0.00074205
50.6 0.002295
50.61 0.0017397
50.62 0.00063352
50.63 -0.0019461
50.64 -0.0012116
50.65 -0.0012658
50.66 -0.002542
50.67 0.0025193
50.68 -0.0022425
50.69 -0.0051698
50.7 0.0018496
50.71 0.0023056
50.72 0.00075091
50.73 -0.00055242
50.74 -0.0019822
50.75 0.0016449
50.76 -0.0012372
50.77 -0.0012086
50.78 0.0024982
50.79 -0.00085493
50.8 0.0012987
50.81 -0.001764
50.82 -0.0031034
50.83 0.0042184
50.84 -0.0034992
50.85 -0.002065
50.86 0.0040288
50.87 -0.0018527
50.88 -0.00084139
50.89 0.00037465
50.9 -0.0013064
50.91 -0.00094976
50.92 0.0021611
50.93 0.0025509
50.94 0.0022303
50.95 0.00073284
50.96 -0.0024006
50.97 -0.0021161
50.98 -0.0021041
50.99 -0.00074207
51 -0.002667
51.01 0.00027983
51.02 0.0037368
51.03 0.0026276
51.04 -0.00076615
51.05 0.0016012
51.06 0.0014597
51.07 -0.0023193
51.08 0.0027104
51.09 0.00023768
51.1 -0.0035309
51.11 -0.0025421
51.12 0.00054771
51.13 0.0047091
51.14 0.0012235
51.15 -0.003117
51.16 -0.0020198
51.17 -0.0014028
51.18 -0.0036196
51.19 -0.0011484
51.2 0.0045149
51.21 7.2124e-005
51.22 0.00099018
51.23 0.0041988
51.24 0.0020377
51.25 0.00089837
51.26 0.00034152
51.27 0.001839
51.28 -0.0015247
51.29 -5.5806e-005
51.3 0.00020907
51.31 -0.004169
51.32 0.00044987
51.33 0.0027721
51.34 -0.0015172
51.35 -0.0011304
51.36 0.00080656
51.37 0.00073582
51.38 -0.00031467
51.39 0.00026325
51.4 0.0014582
51.41 -0.0030538
51.42 -0.0023901
51.43 0.0016418
51.44 0.00046191
51.45 0.0021897
51.46 0.0041883
51.47 3.4482e-005
51.48 -0.00079327
51.49 -0.0017821
51.5 -0.0039026
51.51 0.00079902
51.52 0.0014266
51.53 0.0014838
51.54 0.0039354
51.55 -0.00013258
51.56 0.00027528
51.57 -0.001165
51.58 -0.0048417
51.59 -0.0021658
51.6 0.00082009
51.61 0.00029333
51.62 -0.0031366
51.63 -0.00022138
51.64 0.0033756
51.65 0.0062065
51.66 0.0043282
51.67 -0.00056001
51.68 -0.00087305
51.69 -0.0025933
51.7 -0.0024503
51.71 0.0018992
51.72 -0.0013817
51.73 0.001562
51.74 0.0013679
51.75 -0.0020048
51.76 -0.00036888
51.77 -0.003862
51.78 0.0016584
51.79 -7.681e-006
51.8 -0.0014119
51.81 0.0011768
51.82 -0.00059765
51.83 -0.00046821
51.84 -0.0026294
51.85 -0.0018919
51.86 -0.0018152
51.87 -0.001308
51.88 -0.0007647
51.89 0.0002301
51.9 -0.00032976
51.91 -0.0022893
51.92 0.00016237
51.93 -0.00093327
51.94 0.00027976
51.95 0.00064096
51.96 0.00098561
51.97 0.0019262
51.98 -0.00035836
51.99 -0.0024895
52 0.0016975
52.01 0.0016734
52.02 -0.0019236
52.03 -0.0023946
52.04 -1.6731e-005
52.05 0.0039294
52.06 -8.7468e-005
52.07 -0.00061121
52.08 -0.0019973
52.09 0.00063644
52.1 0.0045886
52.11 0.00078092
52.12 -0.00077074
52.13 -0.00097844
52.14 -0.0021839
52.15 0.00037607
52.16 0.00027222
52.17 0.00048292
52.18 0.0019217
52.19 0.00088174
52.2 0.0019864
52.21 -0.000393
52.22 -0.0032751
52.23 -0.00010253
52.24 0.0013965
52.25 -0.002205
52.26 -8.4474e-005
52.27 0.0014582
52.28 -0.003251
52.29 -0.0038756
52.3 0.0031648
52.31 0.0032024
52.32 -0.0016376
52.33 -0.0037281
52.34 0.0025884
52.35 0.0029075
52.36 -0.0036814
52.37 0.00094644
52.38 0.0028503
52.39 -0.0043677
52.4 -0.0043557
52.41 0.0027765
52.42 0.00080346
52.43 -0.0023059
52.44 0.003377
52.45 0.0050656
52.46 -0.00091977
52.47 -0.0036002
52.48 0.0016688
52.49 0.0013106
52.5 -0.0056711
52.51 -0.00062479
52.52 0.0048068
52.53 -0.0011515
52.54 -3.935e-005
52.55 0.0028442
52.56 -0.00047279
52.57 0.00095847
52.58 -0.00071661
52.59 -0.0012373
52.6 0.0010051
52.61 -0.00042313
52.62 0.0028533
52.63 0.003228
52.64 -0.0033714
52.65 -0.0013276
52.66 0.002179
52.67 0.000221
52.68 -0.00083852
52.69 -0.0025482
52.7 -0.00090173
52.71 0.00043471
52.72 -0.00079337
52.73 -0.00087314
52.74 -0.00047131
52.75 -0.0004096
52.76 -0.0024805
52.77 0.0015936
52.78 0.0016989
52.79 -0.001129
52.8 0.0019457
52.81 0.0019698
52.82 0.0048067
52.83 -2.8843e-005
52.84 -0.0053761
52.85 -0.0024308
52.86 0.00046179
52.87 0.0046051
52.88 0.0023581
52.89 0.003076
52.9 -0.0011155
52.91 -0.0050781
52.92 0.0006484
52.93 -0.00073921
52.94 -0.0019778
52.95 -0.0012374
52.96 -0.0028583
52.97 0.0048383
52.98 0.004438
52.99 0.00024957
53 0.0041445
53.01 0.00060926
53.02 -0.0052919
53.03 -0.00027568
53.04 0.00080641
53.05 -0.0019493
53.06 0.0040226
53.07 0.0016507
53.08 -0.0013412
53.09 0.00049638
53.1 -0.00065495
53.11 -0.0019508
53.12 0.0016597
53.13 0.0013768
53.14 0.003857
53.15 0.0065751
53.16 -0.0015775
53.17 -0.0024519
53.18 -0.0018063
53.19 -0.0012088
53.2 0.00064536
53.21 -0.0018514
53.22 -0.0022367
53.23 0.00057914
53.24 0.0035154
53.25 -0.0025227
53.26 -0.00080999
53.27 0.0066082
53.28 -0.0012615
53.29 -0.0030148
53.3 0.003383
53.31 0.0006002
53.32 0.00020589
53.33 -0.00045782
53.34 -0.0016393
53.35 -0.00060833
53.36 -0.0035882
53.37 -0.0023586
53.38 0.0023054
53.39 0.0014776
53.4 -0.00046686
53.41 0.0017064
53.42 0.0011691
53.43 -0.00010717
53.44 0.00042711
53.45 0.0010261
53.46 0.00092225
53.47 -0.0010689
53.48 0.00016975
53.49 0.00067693
53.5 0.00049783
53.51 -0.0021299
53.52 -0.0017868
53.53 0.0033378
53.54 -0.0020231
53.55 -0.0020547
53.56 0.0026244
53.57 -0.0001719
53.58 -0.00099664
53.59 0.0013105
53.6 0.0005204
53.61 0.00030819
53.62 -0.00065501
53.63 -0.0010915
53.64 0.0024754
53.65 -9.666e-005
53.66 -0.0025859
53.67 -0.0020005
53.68 -0.0034378
53.69 -0.0025167
53.7 0.0024618
53.71 0.0012563
53.72 0.00046018
53.73 0.00050985
53.74 -0.0017988
53.75 -0.0022789
53.76 0.00012005
53.77 -0.0018319
53.78 0.0015092
53.79 0.0049631
53.8 0.0026244
53.81 0.00072204
53.82 -0.00048648
53.83 0.0028351
53.84 0.001157
53.85 -0.0021781
53.86 -0.00098163
53.87 0.00033976
53.88 -0.00054217
53.89 -0.00027428
53.9 -0.0010132
53.91 -0.00010271
53.92 -0.00078298
53.93 -0.00084318
53.94 -0.00088983
53.95 -0.00058131
53.96 0.00056249
53.97 0.0014836
53.98 0.002081
53.99 -0.00052563
54 0.0002043
54.01 0.0021999
54.02 -0.0007273
54.03 0.001315
54.04 0.0025822
54.05 -0.0031624
54.06 -0.0017959
54.07 0.00088154
54.08 -0.0022173
54.09 -0.00077096
54.1 0.0019034
54.11 0.00053839
54.12 0.00064374
54.13 -2.4482e-005
54.14 -0.00037364
54.15 -0.00088083
54.16 0.0019711
54.17 0.0023053
54.18 -0.0020382
54.19 -0.0022128
54.2 -0.0022955
54.21 0.00053838
54.22 0.00080476
54.23 -0.0023783
54.24 0.0030006
54.25 0.0011058
54.26 -0.0012706
54.27 0.0024166
54.28 -0.0016529
54.29 -0.0011758
54.3 0.00073402
54.31 0.00056245
54.32 0.00043
54.33 -0.00070176
54.34 0.0043701
54.35 0.0052927
54.36 0.00079722
54.37 0.00075508
54.38 0.00019672
54.39 0.00012899
54.4 0.00051879
54.41 -0.0010178
54.42 -0.00057686
54.43 -0.0028073
54.44 -0.0027817
54.45 0.0027522
54.46 -0.00021717
54.47 -0.003787
54.48 0.0013631
54.49 0.00096275
54.5 -0.00081918
54.51 0.00068733
54.52 -0.0021391
54.53 -2.6044e-005
54.54 0.0037304
54.55 0.00064067
54.56 -0.00077855
54.57 -0.0010224
54.58 0.00054886
54.59 0.003458
54.6 -0.0015822
54.61 -0.0013143
54.62 -0.0018908
54.63 -0.003763
54.64 -0.0012737
54.65 -0.00055131
54.66 0.00045403
54.67 -0.00089746
54.68 0.002686
54.69 0.0017273
54.7 -0.0020503
54.71 0.00047359
54.72 0.0013269
54.73 -0.00071386
54.74 -0.0017162
54.75 -0.0019826
54.76 6.8736e-005
54.77 0.00053529
54.78 -0.0011022
54.79 -0.0030496
54.8 -0.0012271
54.81 0.00072792
54.82 0.0016159
54.83 0.0034791
54.84 -0.00076505
54.85 0.0006632
54.86 0.003297
54.87 -0.00076957
54.88 -0.0012406
54.89 0.0008769
54.9 0.00020868
54.91 -0.00057242
54.92 0.00068576
54.93 -0.0002955
54.94 -0.0011338
54.95 -0.0022821
54.96 0.0014006
54.97 0.0024225
54.98 -0.00099835
54.99 0.0044543
55 0.0026784
55.01 -0.0016274
55.02 0.00085732
55.03 -0.00056642
55.04 0.00023575
55.05 -0.0012241
55.06 -0.00050622
55.07 0.0048681
55.08 -0.00064619
55.09 0.00011985
55.1 0.002579
55.11 -0.0037044
55.12 -0.0029112
55.13 0.00060897
55.14 0.0012501
55.15 -0.00057547
55.16 -0.0026087
55.17 9.9742e-006
55.18 0.0039772
55.19 0.0014503
55.2 0.0007414
55.21 0.0013103
55.22 0.00028689
55.23 0.0015752
55.24 -0.00042348
55.25 3.1031e-005
55.26 0.00071882
55.27 0.00061798
55.28 0.0005051
55.29 0.0016444
55.3 0.0010334
55.31 -0.00088854
55.32 0.00087382
55.33 0.0003862
55.34 0.00068569
55.35 -0.0012904
55.36 0.0013644
55.37 0.00078953
55.38 -0.0030437
55.39 0.0010303
55.4 0.0013479
55.41 -0.0022385
55.42 -0.0015944
55.43 0.00025224
55.44 -0.000571
55.45 0.00066611
55.46 0.00047648
55.47 0.002275
55.48 0.0013795
55.49 0.00040573
55.5 -8.0384e-005
55.51 -0.0019346
55.52 -0.0028556
55.53 0.00029285
55.54 0.0019995
55.55 0.00036509
55.56 -0.0016441
55.57 0.00033197
55.58 0.0011326
55.59 -0.0011625
55.6 0.00019501
55.61 0.00077143
55.62 -0.00055749
55.63 -0.0021182
55.64 0.0017196
55.65 -0.0015749
55.66 -0.0030393
55.67 -0.0014394
55.68 -0.0013958
55.69 -0.00067791
55.7 -0.00072757
55.71 0.00076539
55.72 0.00044181
55.73 0.0016293
55.74 0.0011657
55.75 -0.0019677
55.76 0.00054565
55.77 0.0017211
55.78 0.0014833
55.79 -0.00056655
55.8 -0.0021348
55.81 -0.0008209
55.82 -0.00071706
55.83 -0.0020068
55.84 -0.0036895
55.85 -0.0014455
55.86 -0.0023635
55.87 -0.0011565
55.88 0.00087522
55.89 -0.00059216
55.9 -0.0023244
55.91 0.00038759
55.92 -0.0006629
55.93 -0.0010693
55.94 0.0023727
55.95 0.0018474
55.96 0.0019663
55.97 -0.0025246
55.98 -0.0041049
55.99 -0.0020054
56 -0.0032049
56.01 -0.0011114
56.02 -3.8343e-005
56.03 -0.002043
56.04 -0.0012333
56.05 0.0015886
56.06 -0.00057112
56.07 -0.0021935
56.08 -0.00073216
56.09 -0.00069905
56.1 -0.00017531
56.11 -0.0036564
56.12 0.0010437
56.13 0.002317
56.14 -8.8032e-005
56.15 0.0024494
56.16 -0.0015464
56.17 0.0006163
56.18 -0.00020844
56.19 -0.0038626
56.2 -0.0018549
56.21 -0.00014223
56.22 0.0011777
56.23 0.00085258
56.24 -0.0010392
56.25 -0.00057417
56.26 -0.002025
56.27 -0.0010573
56.28 -0.00022201
56.29 -0.00076381
56.3 0.00067347
56.31 0.0008029
56.32 0.0019392
56.33 0.00026711
56.34 -2.9378e-005
56.35 0.0017345
56.36 0.0012213
56.37 -0.00035748
56.38 -0.0010889
56.39 0.00045522
56.4 0.0011144
56.41 -0.001867
56.42 0.00019636
56.43 0.00038899
56.44 -0.00066752
56.45 0.00073815
56.46 -0.00034545
56.47 -0.00094144
56.48 -0.00080298
56.49 -0.00022356
56.5 -0.0006886
56.51 -0.00092339
56.52 -0.000806
56.53 -8.8114e-005
56.54 0.0017465
56.55 0.0017209
56.56 -0.0019423
56.57 -0.00059681
56.58 0.00097892
56.59 -0.00027625
56.6 0.00065685
56.61 0.00052139
56.62 0.00069597
56.63 0.00036186
56.64 -0.0015676
56.65 -4.4496e-005
56.66 0.00062673
56.67 -0.001104
56.68 7.4393e-005
56.69 -0.0012139
56.7 -0.0011808
56.71 0.0016501
56.72 0.0019556
56.73 0.00025348
56.74 -0.00075638
56.75 -0.0010965
56.76 -0.0023788
56.77 -0.0012004
56.78 0.00087353
56.79 0.00018724
56.8 -0.00072028
56.81 -0.00086325
56.82 0.0019707
56.83 0.0023243
56.84 -0.0021305
56.85 -0.001232
56.86 -0.0017738
56.87 -0.0013644
56.88 0.0011128
56.89 0.001766
56.9 -0.00031696
56.91 1.2635e-005
56.92 0.0025606
56.93 -0.00024171
56.94 -0.001682
56.95 0.00055593
56.96 0.0017283
56.97 -0.0019258
56.98 -0.0014277
56.99 -0.00091146
57 -0.0015556
57.01 0.0029233
57.02 0.0016797
57.03 0.00068544
57.04 0.0014049
57.05 -0.00052367
57.06 1.3984e-005
57.07 0.0017189
57.08 0.0019772
57.09 0.00034537
57.1 -0.00015052
57.11 -0.00045936
57.12 0.00081868
57.13 0.002417
57.14 0.0027453
57.15 0.00085369
57.16 -0.0015555
57.17 -0.00063252
57.18 0.00092442
57.19 0.0027986
57.2 0.0012006
57.21 -0.0018097
57.22 -0.00046207
57.23 -0.002004
57.24 -0.00088613
57.25 0.0003803
57.26 0.00024241
57.27 -0.00014998
57.28 -0.00065787
57.29 0.0006537
57.3 -0.0017531
57.31 -0.0013767
57.32 0.00030589
57.33 0.0015548
57.34 0.0023381
57.35 0.0010923
57.36 0.00064268
57.37 0.00067745
57.38 0.00084768
57.39 0.0021303
57.4 -0.0015059
57.41 -0.00256
57.42 -0.00050049
57.43 0.00074262
57.44 0.0034461
57.45 0.0020485
57.46 -0.00079826
57.47 0.0025124
57.48 9.1104e-005
57.49 -0.0012995
57.5 0.0010058
57.51 0.00042057
57.52 0.00084843
57.53 -0.00011261
57.54 0.001247
57.55 0.00072632
57.56 0.0006075
57.57 0.0005133
57.58 -0.0015725
57.59 -0.0020834
57.6 -0.001774
57.61 -0.00041783
57.62 0.0012541
57.63 0.00073372
57.64 0.0013357
57.65 0.0020784
57.66 -0.00068929
57.67 -0.0009206
57.68 0.00077575
57.69 -3.5222e-005
57.7 0.00073392
57.71 0.0019845
57.72 0.0015918
57.73 0.00045973
57.74 -0.00083583
57.75 0.00039823
57.76 0.0017749
57.77 -0.00031356
57.78 -0.00053621
57.79 0.00065488
57.8 -7.4881e-005
57.81 0.00068763
57.82 0.0016846
57.83 -0.00032839
57.84 -0.00065304
57.85 -0.00064005
57.86 0.001697
57.87 0.001131
57.88 -0.0026229
57.89 0.00050678
57.9 0.0013852
57.91 0.0013854
57.92 0.0028208
57.93 0.00052572
57.94 -0.00065973
57.95 -0.0008285
57.96 0.00091159
57.97 0.0027786
57.98 0.00057911
57.99 0.00051823
58 -0.00056429
58.01 -0.0017309
58.02 3.0494e-005
58.03 0.00047379
58.04 0.0002749
58.05 0.0010588
58.06 0.0013462
58.07 -0.00037172
58.08 -0.0009253
58.09 -0.0016484
58.1 0.00015327
58.11 0.0019079
58.12 0.0007803
58.13 -3.956e-005
58.14 -0.00058888
58.15 -0.0012708
58.16 -0.00048872
58.17 0.00011535
58.18 -0.0005651
58.19 0.00051147
58.2 0.00064182
58.21 0.00056139
58.22 2.7836e-005
58.23 -0.0001105
58.24 -0.00067338
58.25 -0.001674
58.26 -0.00021112
58.27 -0.00057642
58.28 -0.00014857
58.29 -8.2853e-005
58.3 -0.00043199
58.31 0.0010854
58.32 8.6803e-005
58.33 0.00086566
58.34 0.00045539
58.35 -0.00093256
58.36 -0.0012857
58.37 -0.0005108
58.38 0.00026745
58.39 0.00014059
58.4 0.00060649
58.41 0.0001859
58.42 0.00020372
58.43 -0.00033761
58.44 -0.00062075
58.45 0.00075378
58.46 0.00025529
58.47 -0.0016066
58.48 -0.00017285
58.49 0.00056134
58.5 -0.0004739
58.51 -0.00014651
58.52 0.00019618
58.53 6.937e-005
58.54 0.00014511
58.55 4.6064e-005
58.56 0.00021753
58.57 0.00074646
58.58 0.0006966
58.59 0.00071443
58.6 0.0002429
58.61 -0.00014686
58.62 -0.00076588
58.63 -0.00098884
58.64 -0.0011167
58.65 -0.00052753
58.66 -0.0010385
58.67 -0.0006926
58.68 7.8931e-005
58.69 0.00040057
58.7 0.00024398
58.71 -0.00096281
58.72 -0.00020975
58.73 -0.00088969
58.74 -0.00071974
58.75 0.00046922
58.76 -0.00071114
58.77 -0.00065524
58.78 8.4549e-005
58.79 -0.00081871
58.8 -1.391e-005
58.81 0.00023407
58.82 -0.00087094
58.83 -0.00053789
58.84 0.00020202
58.85 0.00018142
58.86 -0.00080675
58.87 -0.00028823
58.88 9.742e-005
58.89 -0.00068073
58.9 -0.00024561
58.91 -0.00023099
58.92 -0.00033789
58.93 -0.00061288
58.94 -0.00045303
58.95 0.00019718
58.96 -5.4815e-005
58.97 -2.148e-005
58.98 8.2046e-005
58.99 5.4404e-005
59 -0.00062336
59.01 -0.00074341
59.02 -0.00016846
59.03 -0.00030796
59.04 3.7085e-005
59.05 8.9645e-005
59.06 0.00014266
59.07 -4.2841e-006
59.08 -0.00016257
59.09 -0.00050016
59.1 -0.00070107
59.11 -0.00011189
59.12 3.8234e-005
59.13 -0.00010076
59.14 -7.2679e-005
59.15 6.0859e-005
59.16 5.4063e-005
59.17 -2.2772e-005
59.18 -0.00014323
59.19 -0.00025305
59.2 -0.00035392
59.21 0.00023321
59.22 0.00039038
59.23 -0.00018443
59.24 -0.00017942
59.25 0.00032789
59.26 0.00018533
59.27 0.00013574
59.28 0.0002877
59.29 -4.849e-005
59.3 9.8874e-007
59.31 0.00019721
59.32 4.8948e-005
59.33 -0.00020192
59.34 -0.00028629
59.35 -9.056e-005
59.36 9.5084e-005
59.37 -0.00017697
59.38 -8.5724e-005
59.39 0.0001255
59.4 0.00010354
59.41 0.00017605
59.42 -6.4798e-005
59.43 -5.6093e-005
59.44 1.8689e-005
59.45 -3.5285e-005
59.46 0.00017527
59.47 0.00011779
59.48 7.0006e-005
59.49 0.00017682
59.5 7.7143e-005
59.51 2.6389e-005
59.52 -6.4872e-005
59.53 3.9657e-005
59.54 0.0002033
59.55 3.7021e-005
59.56 1.7049e-005
59.57 -3.7198e-005
59.58 -6.4416e-005
59.59 -1.1846e-005
59.6 2.6667e-005
59.61 -4.3817e-005
59.62 -8.9247e-005
59.63 5.9399e-005
59.64 3.664e-005
59.65 -2.7299e-005
59.66 -3.7651e-005
59.67 -2.8672e-005
59.68 -2.627e-005
59.69 -1.3049e-005
59.7 2.2248e-005
59.71 -6.6303e-006
59.72 -4.7105e-005
59.73 4.0613e-005
59.74 3.0978e-005
59.75 3.4294e-005
59.76 3.1226e-005
59.77 1.1912e-006
59.78 1.1936e-005
59.79 -8.0885e-006
59.8 2.5807e-005
59.81 -1.1454e-005
59.82 -1.5354e-005
59.83 1.1884e-005
59.84 1.6588e-005
59.85 3.1285e-005
59.86 2.3418e-005
59.87 1.6078e-005
59.88 1.1056e-005
59.89 1.8788e-005
59.9 2.7123e-005
59.91 2.2775e-005
59.92 2.7389e-005
59.93 2.6479e-005
59.94 3.032e-005
59.95 3.2285e-005
59.96 3.0343e-005
59.97 3.2672e-005
59.98 3.3795e-005
59.99 3.3854e-005
60 3.4436e-005
