0.01 -4.0813e-005
0.02 -4.0813e-005
0.03 -4.0813e-005
0.04 -4.0813e-005
0.05 -4.0813e-005
0.06 -4.0813e-005
0.07 -4.0813e-005
0.08 -4.0813e-005
0.09 -3.9647e-005
0.1 -3.9647e-005
0.11 -4.0813e-005
0.12 -3.9647e-005
0.13 -3.9647e-005
0.14 -3.9647e-005
0.15 -3.9647e-005
0.16 -3.9647e-005
0.17 -3.9647e-005
0.18 -3.9647e-005
0.19 -3.9647e-005
0.2 -3.9647e-005
0.21 -3.9647e-005
0.22 -3.9647e-005
0.23 -3.848e-005
0.24 -3.848e-005
0.25 -3.848e-005
0.26 -3.848e-005
0.27 -3.7314e-005
0.28 -3.7314e-005
0.29 -3.7314e-005
0.3 -3.7314e-005
0.31 -3.7314e-005
0.32 -3.7314e-005
0.33 -3.6148e-005
0.34 -3.7314e-005
0.35 -3.4982e-005
0.36 -3.7314e-005
0.37 -3.4982e-005
0.38 -3.6148e-005
0.39 -3.4982e-005
0.4 -3.3816e-005
0.41 -3.6148e-005
0.42 -3.1484e-005
0.43 -3.7314e-005
0.44 -2.7986e-005
0.45 -4.0813e-005
0.46 -2.2155e-005
0.47 -4.5477e-005
0.48 -1.3993e-005
0.49 -5.4805e-005
0.5 0
0.51 -7.113e-005
0.52 2.7986e-005
0.53 -0.0001271
0.54 0.00025304
0.55 0.00037314
0.56 -0.0001236
0.57 2.2155e-005
0.58 -5.8304e-005
0.59 -5.8304e-006
0.6 -3.9647e-005
0.61 -1.7491e-005
0.62 -3.0318e-005
0.63 -2.2155e-005
0.64 -2.4487e-005
0.65 -2.4487e-005
0.66 -2.0989e-005
0.67 -2.4487e-005
0.68 -1.8657e-005
0.69 -2.3321e-005
0.7 -1.6325e-005
0.71 -2.3321e-005
0.72 -1.6325e-005
0.73 -2.0989e-005
0.74 -1.5159e-005
0.75 -1.8657e-005
0.76 -1.5159e-005
0.77 -1.6325e-005
0.78 -1.3993e-005
0.79 -1.3993e-005
0.8 -1.2827e-005
0.81 -1.2827e-005
0.82 -1.1661e-005
0.83 -1.1661e-005
0.84 -1.0495e-005
0.85 -9.3286e-006
0.86 -8.1625e-006
0.87 -6.9964e-006
0.88 -6.9964e-006
0.89 -5.8304e-006
0.9 -4.6643e-006
0.91 -3.4982e-006
0.92 -4.6643e-006
0.93 -1.1661e-006
0.94 -4.6643e-006
0.95 2.3321e-006
0.96 -3.4982e-006
0.97 6.9964e-006
0.98 -3.4982e-006
0.99 1.0495e-005
1 -2.3321e-006
1.01 1.3993e-005
1.02 -3.4982e-006
1.03 1.7491e-005
1.04 -2.3321e-006
1.05 1.9823e-005
1.06 1.1661e-006
1.07 2.2155e-005
1.08 4.6643e-006
1.09 1.9823e-005
1.1 1.6325e-005
1.11 2.3321e-006
1.12 0.00052123
1.13 0.00010961
1.14 -2.9152e-005
1.15 5.5972e-005
1.16 -5.8304e-006
1.17 4.7809e-005
1.18 4.6643e-006
1.19 4.5477e-005
1.2 1.1661e-005
1.21 4.1979e-005
1.22 1.7491e-005
1.23 4.1979e-005
1.24 2.3321e-005
1.25 4.1979e-005
1.26 2.9152e-005
1.27 4.3145e-005
1.28 3.265e-005
1.29 4.5477e-005
1.3 3.7314e-005
1.31 4.6643e-005
1.32 3.848e-005
1.33 5.0141e-005
1.34 4.0813e-005
1.35 5.3639e-005
1.36 4.3145e-005
1.37 5.7138e-005
1.38 4.7809e-005
1.39 5.947e-005
1.4 5.3639e-005
1.41 5.5972e-005
1.42 6.2968e-005
1.43 4.5477e-005
1.44 9.0954e-005
1.45 -5.8304e-006
1.46 0.00077894
1.47 0.0012629
1.48 0.0011672
1.49 0.0010238
1.5 5.4805e-005
1.51 -0.00053056
1.52 -0.0013946
1.53 -0.0019438
1.54 -0.00036265
1.55 0.00017841
1.56 0.00065183
1.57 0.0014471
1.58 0.00083724
1.59 0.00024254
1.6 -0.00021456
1.61 -0.0009212
1.62 -0.0011637
1.63 -0.00022972
1.64 8.1625e-005
1.65 0.0003195
1.66 0.001039
1.67 5.947e-005
1.68 0.00015276
1.69 -7.9293e-005
1.7 -0.0010705
1.71 -0.000323
1.72 0.00037431
1.73 0.0012244
1.74 0.0010786
1.75 -9.212e-005
1.76 -0.0010168
1.77 -0.00094685
1.78 -0.0012069
1.79 -0.0019742
1.8 -0.00077194
1.81 0.00023788
1.82 0.0014949
1.83 0.0021701
1.84 0.00071713
1.85 0.0011731
1.86 0.0011812
1.87 -0.00078127
1.88 -0.0022202
1.89 -0.0018447
1.9 -0.00099233
1.91 -0.00086639
1.92 0.001032
1.93 0.0025047
1.94 0.0022727
1.95 0.0023741
1.96 0.00016092
1.97 -0.0028604
1.98 -0.0026575
1.99 -0.0010401
2 0.00030901
2.01 0.0020884
2.02 0.0043856
2.03 0.0037128
2.04 6.6466e-005
2.05 -0.0027554
2.06 -0.0033385
2.07 -0.0023928
2.08 -0.0015719
2.09 -0.001018
2.1 0.0022015
2.11 0.0015824
2.12 -0.000646
2.13 -0.00092819
2.14 -0.0021596
2.15 -0.0043798
2.16 -0.0043914
2.17 -0.00052473
2.18 0.00032184
2.19 0.00080226
2.2 0.0039098
2.21 0.0065766
2.22 0.00089438
2.23 -0.003595
2.24 0.00079993
2.25 0.0026272
2.26 -0.0027216
2.27 -0.001355
2.28 0.0033909
2.29 -0.0019368
2.3 -0.0029712
2.31 0.0025211
2.32 0.0056659
2.33 -0.0017468
2.34 -0.0059924
2.35 0.00025071
2.36 0.00033466
2.37 0.00071713
2.38 0.0030271
2.39 0.00594
2.4 0.0030003
2.41 -0.0013748
2.42 0.0026598
2.43 0.0025502
2.44 0.002359
2.45 -0.00016908
2.46 -0.0028452
2.47 -0.00093286
2.48 0.0022249
2.49 0.0016208
2.5 0.00041162
2.51 0.0018016
2.52 -0.0055563
2.53 -0.0057254
2.54 0.0018366
2.55 0.0047692
2.56 -0.002345
2.57 -0.0054537
2.58 0.00082558
2.59 -0.0034796
2.6 -0.0059563
2.61 -0.00063551
2.62 0.011669
2.63 0.0078698
2.64 -0.0048439
2.65 0.0010798
2.66 0.0023147
2.67 -0.0036941
2.68 -0.0046421
2.69 0.00080576
2.7 0.003005
2.71 0.00089321
2.72 0.0063271
2.73 -0.0014529
2.74 -0.012353
2.75 -0.01877
2.76 -0.0046818
2.77 0.0078348
2.78 -0.0001994
2.79 0.012033
2.8 0.018342
2.81 0.014925
2.82 -0.0015987
2.83 -0.016087
2.84 -0.011536
2.85 -0.011812
2.86 -0.0091362
2.87 -0.001594
2.88 -0.0039063
2.89 0.0029712
2.9 0.018377
2.91 0.020937
2.92 0.011193
2.93 -0.0077824
2.94 -0.0040474
2.95 -0.0033326
2.96 -0.018194
2.97 -0.0055039
2.98 0.0036976
2.99 0.0016698
3 -0.004171
3.01 -0.0038725
3.02 0.0017293
3.03 -0.0010751
3.04 0.0062152
3.05 0.004831
3.06 -0.0046002
3.07 0.0031029
3.08 0.0092435
3.09 0.013987
3.1 0.010668
3.11 -0.0056729
3.12 -0.022831
3.13 -0.020516
3.14 0.0025304
3.15 0.0080319
3.16 -0.0043005
3.17 -0.0051564
3.18 0.010495
3.19 0.023208
3.2 0.019421
3.21 0.008089
3.22 -0.0052741
3.23 -0.014052
3.24 -0.014009
3.25 -0.012836
3.26 -0.0088027
3.27 -0.0056205
3.28 -0.0055214
3.29 0.0067038
3.3 0.0071725
3.31 0.00087222
3.32 0.019674
3.33 0.017119
3.34 -0.0017468
3.35 -0.023696
3.36 -0.016282
3.37 -0.00011894
3.38 -0.011661
3.39 -0.019815
3.4 -0.0073964
3.41 0.020468
3.42 0.036734
3.43 0.024549
3.44 0.0026202
3.45 -0.0068157
3.46 -0.0039087
3.47 -0.0027146
3.48 -0.0052217
3.49 -0.0015672
3.5 -0.00554
3.51 -0.012797
3.52 -0.0085321
3.53 -0.0053359
3.54 -0.013722
3.55 -0.01261
3.56 0.0078465
3.57 0.0069416
3.58 -0.0070361
3.59 0.013645
3.6 0.039322
3.61 0.02292
3.62 -0.011226
3.63 -0.0076448
3.64 0.0013888
3.65 -0.01369
3.66 -0.028514
3.67 -0.019357
3.68 0.0061452
3.69 0.025823
3.7 0.02097
3.71 0.0035262
3.72 -0.0020954
3.73 -0.001376
3.74 -0.014893
3.75 -0.023998
3.76 -0.013224
3.77 -0.0073731
3.78 0.010805
3.79 0.026885
3.8 0.015994
3.81 0.0015066
3.82 0.00043378
3.83 0.014007
3.84 0.0014098
3.85 -0.028677
3.86 -0.025804
3.87 -0.0045838
3.88 -0.0014284
3.89 -0.013696
3.9 -0.010716
3.91 0.016984
3.92 0.01382
3.93 0.0036253
3.94 0.018072
3.95 0.013714
3.96 0.004859
3.97 0.0029863
3.98 0.014831
3.99 0.011793
4 -0.0075666
4.01 -0.021832
4.02 -0.019455
4.03 -0.014623
4.04 -0.0031717
4.05 0.0079235
4.06 -0.0037431
4.07 -0.0055132
4.08 -0.0067481
4.09 -0.00087339
4.1 0.0069288
4.11 0.0063015
4.12 0.005154
4.13 0.0079783
4.14 0.022151
4.15 0.034551
4.16 0.023379
4.17 -0.0012873
4.18 -0.0027822
4.19 -0.01437
4.2 -0.045384
4.21 -0.039302
4.22 -0.0066489
4.23 -0.0034527
4.24 -0.00078127
4.25 0.01542
4.26 0.025894
4.27 0.009584
4.28 -0.013242
4.29 0.0090196
4.3 0.006298
4.31 -0.019154
4.32 -0.014008
4.33 0.013262
4.34 0.028854
4.35 0.010637
4.36 0.0092178
4.37 0.0095595
4.38 -0.006572
4.39 -0.022035
4.4 -0.028264
4.41 -0.020329
4.42 -0.0050934
4.43 0.0032219
4.44 0.015909
4.45 0.024134
4.46 0.020961
4.47 0.015593
4.48 -0.0076588
4.49 -0.027151
4.5 -0.038903
4.51 -0.020865
4.52 0.0033315
4.53 0.017151
4.54 0.033389
4.55 0.038058
4.56 0.017337
4.57 -0.0023356
4.58 -0.012711
4.59 -0.035632
4.6 -0.0356
4.61 -0.014722
4.62 -0.006902
4.63 0.00022622
4.64 0.019428
4.65 0.040513
4.66 0.033163
4.67 0.01049
4.68 -0.0048544
4.69 -0.017808
4.7 -0.03652
4.71 -0.024587
4.72 0.00035682
4.73 0.0095991
4.74 0.018723
4.75 0.013227
4.76 0.034097
4.77 0.024933
4.78 -0.0038107
4.79 -0.016998
4.8 -0.033469
4.81 -0.029729
4.82 -0.02464
4.83 -0.0064787
4.84 0.027791
4.85 0.030049
4.86 -0.001222
4.87 0.0026831
4.88 0.025085
4.89 0.0065755
4.9 -0.017385
4.91 -0.029274
4.92 -0.018619
4.93 0.0029968
4.94 0.015524
4.95 0.032967
4.96 0.037438
4.97 0.015501
4.98 -0.019226
4.99 -0.04981
5 -0.043061
5.01 -0.013007
5.02 0.00067865
5.03 0.0064799
5.04 0.018173
5.05 0.031217
5.06 0.049248
5.07 0.027959
5.08 -0.030198
5.09 -0.035901
5.1 -0.026533
5.11 -0.019296
5.12 -0.0098277
5.13 0.0025397
5.14 0.030557
5.15 0.022147
5.16 0.00825
5.17 0.0067877
5.18 -0.0017036
5.19 -0.011164
5.2 -0.024874
5.21 -0.026451
5.22 0.0042737
5.23 0.019149
5.24 0.015195
5.25 0.0029548
5.26 -0.0038119
5.27 0.0081788
5.28 0.0014506
5.29 -0.015506
5.3 -0.014975
5.31 -0.01215
5.32 -0.0094464
5.33 0.003609
5.34 0.0075445
5.35 0.01098
5.36 0.019579
5.37 0.013486
5.38 -0.012887
5.39 -0.033743
5.4 -0.017119
5.41 -0.0002029
5.42 -0.0043844
5.43 0.010605
5.44 0.023029
5.45 0.023096
5.46 0.022779
5.47 0.014472
5.48 -0.0077754
5.49 -0.037925
5.5 -0.035086
5.51 -0.0038853
5.52 -0.0037268
5.53 0.0054281
5.54 0.011098
5.55 0.009788
5.56 0.017805
5.57 0.00032184
5.58 -0.011121
5.59 -0.015709
5.6 -0.020469
5.61 -0.0073451
5.62 0.010497
5.63 0.0050992
5.64 9.9116e-005
5.65 -0.00053056
5.66 0.0083328
5.67 0.022945
5.68 0.0041547
5.69 -0.020681
5.7 -0.019289
5.71 -0.010074
5.72 -0.0062012
5.73 0.0061615
5.74 0.0082733
5.75 0.012079
5.76 0.0036463
5.77 0.0070454
5.78 0.014515
5.79 -0.011368
5.8 -0.013177
5.81 0.0065253
5.82 0.0093099
5.83 -0.011255
5.84 -0.01509
5.85 0.0043634
5.86 0.00031134
5.87 -0.011847
5.88 -0.0042795
5.89 0.010994
5.9 0.022951
5.91 0.0010063
5.92 -0.010256
5.93 -0.00044427
5.94 0.0050106
5.95 -0.0023531
5.96 -0.019454
5.97 -0.0068903
5.98 0.011353
5.99 -0.004557
6 -0.0036848
6.01 0.0095315
6.02 0.0089519
6.03 0.0057301
6.04 0.0089426
6.05 0.01238
6.06 -0.017062
6.07 -0.020335
6.08 0.0039425
6.09 -0.0032755
6.1 -0.01162
6.11 0.010351
6.12 0.031844
6.13 0.0061207
6.14 -0.016449
6.15 -0.001404
6.16 -0.0082161
6.17 -0.016765
6.18 -0.009093
6.19 -0.0014891
6.2 0.0021059
6.21 0.0067667
6.22 0.0079375
6.23 0.017505
6.24 -0.0013911
6.25 -0.017851
6.26 -0.024692
6.27 -0.030248
6.28 0.009388
6.29 0.017788
6.3 0.027323
6.31 0.0066023
6.32 -0.015958
6.33 -0.00096784
6.34 0.001348
6.35 0.0063656
6.36 -0.013606
6.37 -0.014721
6.38 0.0063831
6.39 0.021885
6.4 0.022539
6.41 0.0076366
6.42 0.0063084
6.43 -0.0048987
6.44 -0.028697
6.45 -0.015391
6.46 0.013643
6.47 0.029954
6.48 0.0091723
6.49 -0.020683
6.5 -0.016985
6.51 -0.0019905
6.52 0.013761
6.53 -0.0092843
6.54 -0.034699
6.55 -0.024329
6.56 -0.0069276
6.57 0.015036
6.58 0.033321
6.59 0.039046
6.6 0.023008
6.61 -0.0046153
6.62 -0.033266
6.63 -0.029909
6.64 -0.015892
6.65 -0.016044
6.66 -0.014762
6.67 -0.012562
6.68 0.017475
6.69 0.039568
6.7 0.054683
6.71 0.035514
6.72 -0.019737
6.73 -0.061903
6.74 -0.042862
6.75 0.0071084
6.76 0.030286
6.77 0.039939
6.78 0.017619
6.79 0.010137
6.8 0.013876
6.81 0.0052427
6.82 0.020018
6.83 0.0054794
6.84 -0.035061
6.85 -0.029611
6.86 -0.033934
6.87 -0.018781
6.88 -0.0030749
6.89 -0.0095431
6.9 -0.0063691
6.91 -0.015895
6.92 0.026163
6.93 0.062578
6.94 0.031605
6.95 -0.011096
6.96 -7.3463e-005
6.97 0.035284
6.98 0.053773
6.99 0.057263
7 0.044111
7.01 0.0094452
7.02 -0.032113
7.03 -0.055669
7.04 -0.079098
7.05 -0.084594
7.06 -0.077864
7.07 -0.047214
7.08 -0.012887
7.09 -0.010622
7.1 0.005512
7.11 0.017026
7.12 -0.0088796
7.13 0.0070291
7.14 0.047881
7.15 0.055896
7.16 0.046824
7.17 0.026135
7.18 0.02634
7.19 0.0064507
7.2 -0.038772
7.21 -0.05512
7.22 -0.06602
7.23 -0.067541
7.24 -0.067667
7.25 -0.067611
7.26 -0.019138
7.27 0.036639
7.28 0.057955
7.29 0.072813
7.3 0.065498
7.31 0.055931
7.32 0.036848
7.33 0.0042153
7.34 -0.013735
7.35 -0.016596
7.36 0.010307
7.37 0.021175
7.38 0.0375
7.39 0.032768
7.4 -0.0031391
7.41 -0.011906
7.42 -0.011081
7.43 -0.020692
7.44 -0.037499
7.45 -0.041101
7.46 -0.030057
7.47 -0.031569
7.48 -0.028837
7.49 0.022383
7.5 0.050072
7.51 0.054315
7.52 0.074994
7.53 0.071612
7.54 0.039245
7.55 0.033041
7.56 0.056538
7.57 0.044376
7.58 -0.0063726
7.59 -0.063172
7.6 -0.089245
7.61 -0.08298
7.62 -0.059858
7.63 -0.026897
7.64 -0.013451
7.65 -0.015179
7.66 0.013395
7.67 0.048509
7.68 0.090246
7.69 0.11236
7.7 0.061574
7.71 -0.0036463
7.72 -0.065325
7.73 -0.079173
7.74 -0.077983
7.75 -0.081981
7.76 -0.028317
7.77 0.030187
7.78 0.094704
7.79 0.10056
7.8 0.024797
7.81 -0.045569
7.82 -0.092372
7.83 -0.096971
7.84 -0.063123
7.85 -0.016822
7.86 0.028614
7.87 0.084706
7.88 0.08026
7.89 0.045308
7.9 0.025685
7.91 0.003209
7.92 0.027325
7.93 0.051568
7.94 0.063277
7.95 0.062408
7.96 0.02499
7.97 -0.0045617
7.98 -0.019547
7.99 -0.046916
8 -0.053048
8.01 -0.03112
8.02 -0.048949
8.03 -0.092642
8.04 -0.12695
8.05 -0.14199
8.06 -0.13894
8.07 -0.098174
8.08 -0.035516
8.09 0.024379
8.1 0.075465
8.11 0.10806
8.12 0.10379
8.13 0.08591
8.14 0.068573
8.15 0.064471
8.16 0.0967
8.17 0.10578
8.18 0.074988
8.19 0.029623
8.2 -0.010621
8.21 -0.020288
8.22 -0.013425
8.23 -0.021822
8.24 -0.014277
8.25 -0.024454
8.26 -0.043655
8.27 -0.033372
8.28 -0.028844
8.29 -0.055893
8.3 -0.050393
8.31 -0.01911
8.32 0.0061953
8.33 0.013678
8.34 -0.0059143
8.35 0.017469
8.36 0.010505
8.37 -0.055767
8.38 -0.059066
8.39 -0.039306
8.4 -0.023493
8.41 -0.004564
8.42 -0.013065
8.43 0.023818
8.44 0.038038
8.45 0.031924
8.46 0.072852
8.47 0.098152
8.48 0.083639
8.49 0.055139
8.5 0.031177
8.51 0.0075445
8.52 -0.006256
8.53 0.023613
8.54 0.02222
8.55 -0.025226
8.56 -0.021994
8.57 -0.019
8.58 -0.036478
8.59 -0.037871
8.6 -0.039275
8.61 -0.04491
8.62 -0.04193
8.63 -0.034581
8.64 -0.013325
8.65 -0.0183
8.66 -0.04878
8.67 -0.046565
8.68 -0.045825
8.69 -0.021569
8.7 0.027065
8.71 0.069259
8.72 0.096127
8.73 0.077214
8.74 0.038219
8.75 0.01314
8.76 -0.0027216
8.77 -0.022582
8.78 -0.041813
8.79 -0.045576
8.8 -0.042538
8.81 -0.064077
8.82 -0.086982
8.83 -0.042971
8.84 0.023612
8.85 0.048326
8.86 0.049642
8.87 0.055687
8.88 0.0566
8.89 0.014508
8.9 -0.029102
8.91 -0.028241
8.92 -0.035044
8.93 -0.077299
8.94 -0.083734
8.95 -0.042691
8.96 -0.0063038
8.97 0.0095396
8.98 -0.0062233
8.99 -0.030242
9 0.018961
9.01 0.064256
9.02 0.049881
9.03 0.055371
9.04 0.031719
9.05 0.010361
9.06 -0.04514
9.07 -0.095045
9.08 -0.048084
9.09 0.0003918
9.1 0.030005
9.11 0.032849
9.12 0.036993
9.13 0.033195
9.14 0.016317
9.15 -0.023837
9.16 -0.067283
9.17 -0.067043
9.18 -0.027837
9.19 -0.016409
9.2 -0.019849
9.21 -0.0050421
9.22 0.02424
9.23 0.044788
9.24 0.036798
9.25 0.023628
9.26 0.010214
9.27 -0.0067994
9.28 -0.010377
9.29 0.025833
9.3 0.062599
9.31 0.063305
9.32 0.030367
9.33 0.0084832
9.34 0.016482
9.35 0.029013
9.36 -0.0010156
9.37 -0.051124
9.38 -0.071359
9.39 -0.050784
9.4 -0.053413
9.41 -0.050029
9.42 -0.041139
9.43 -0.046857
9.44 -0.071428
9.45 -0.085311
9.46 -0.029448
9.47 0.035971
9.48 0.072825
9.49 0.065134
9.5 0.053708
9.51 0.065579
9.52 0.029601
9.53 -0.015552
9.54 0.0021269
9.55 0.045526
9.56 0.049983
9.57 0.012978
9.58 0.011228
9.59 0.051607
9.6 0.043475
9.61 -0.022192
9.62 -0.073237
9.63 -0.07153
9.64 -0.037033
9.65 -0.019623
9.66 -0.024409
9.67 -0.013568
9.68 0.015067
9.69 0.017787
9.7 0.022323
9.71 0.018222
9.72 0.0051587
9.73 0.00088155
9.74 -0.019159
9.75 -0.030299
9.76 -0.034155
9.77 -0.016108
9.78 0.051241
9.79 0.09486
9.8 0.085625
9.81 0.054896
9.82 0.025726
9.83 0.018052
9.84 0.011918
9.85 0.0014413
9.86 -0.0042783
9.87 -0.044276
9.88 -0.045181
9.89 0.0096504
9.9 0.0324
9.91 0.037599
9.92 0.011536
9.93 -0.017591
9.94 -0.022296
9.95 -0.029132
9.96 0.0014762
9.97 0.0086686
9.98 -0.036716
9.99 -0.029122
10 0.011007
10.01 0.037755
10.02 0.048568
10.03 0.047084
10.04 0.051673
10.05 0.050349
10.06 0.023642
10.07 0.00792
10.08 -0.003876
10.09 -0.016895
10.1 -0.043425
10.11 -0.050331
10.12 -0.013207
10.13 -0.0055902
10.14 -0.028304
10.15 -0.031314
10.16 -0.0014774
10.17 0.014663
10.18 0.019539
10.19 0.030429
10.2 0.011157
10.21 -0.05074
10.22 -0.07466
10.23 -0.031837
10.24 -0.021972
10.25 -0.028509
10.26 0.013544
10.27 0.058511
10.28 0.054853
10.29 0.041273
10.3 0.055243
10.31 0.072763
10.32 0.081731
10.33 0.066988
10.34 0.015052
10.35 -0.068275
10.36 -0.11507
10.37 -0.10464
10.38 -0.085444
10.39 -0.09048
10.4 -0.085811
10.41 -0.04911
10.42 -0.011897
10.43 0.02495
10.44 0.063388
10.45 0.06061
10.46 0.028829
10.47 0.019091
10.48 0.019494
10.49 0.025154
10.5 0.01111
10.51 -0.041789
10.52 -0.060848
10.53 -0.043244
10.54 -0.010393
10.55 0.036959
10.56 0.036107
10.57 0.030126
10.58 0.03856
10.59 0.0006495
10.6 -0.034386
10.61 -0.0081509
10.62 -0.0052893
10.63 -0.012532
10.64 0.010277
10.65 0.0065183
10.66 -0.0052088
10.67 0.024044
10.68 0.039813
10.69 0.033417
10.7 0.037998
10.71 0.0372
10.72 0.053276
10.73 0.0051226
10.74 -0.05874
10.75 -0.04621
10.76 -0.067215
10.77 -0.094638
10.78 -0.070806
10.79 -0.025419
10.8 0.021024
10.81 0.020553
10.82 0.0065592
10.83 0.040025
10.84 0.079619
10.85 0.079417
10.86 0.028334
10.87 -0.0064764
10.88 0.012241
10.89 0.0077952
10.9 -0.029069
10.91 -0.11786
10.92 -0.1584
10.93 -0.11111
10.94 -0.068616
10.95 0.011341
10.96 0.11084
10.97 0.14127
10.98 0.12395
10.99 0.083537
11 0.051039
11.01 0.013915
11.02 -0.056898
11.03 -0.075567
11.04 -0.039109
11.05 0.013684
11.06 0.032439
11.07 0.0088715
11.08 -0.0013386
11.09 -0.014416
11.1 -0.025855
11.11 -0.021259
11.12 0.015687
11.13 0.12553
11.14 0.18778
11.15 0.13915
11.16 0.067584
11.17 0.022976
11.18 -0.039005
11.19 -0.12458
11.2 -0.10566
11.21 -0.011248
11.22 0.026435
11.23 0.040592
11.24 0.03526
11.25 0.043357
11.26 0.053113
11.27 -0.010835
11.28 -0.10009
11.29 -0.13205
11.3 -0.10422
11.31 -0.062574
11.32 -0.038173
11.33 -0.011903
11.34 0.014881
11.35 0.0243
11.36 0.05562
11.37 0.053225
11.38 0.009409
11.39 0.00096434
11.4 0.064585
11.41 0.10921
11.42 0.074922
11.43 0.0036696
11.44 -0.05517
11.45 -0.10065
11.46 -0.13416
11.47 -0.13393
11.48 -0.11967
11.49 -0.078683
11.5 -0.021189
11.51 0.025822
11.52 0.030218
11.53 0.049448
11.54 0.093523
11.55 0.07075
11.56 0.023463
11.57 -0.0005877
11.58 -0.02373
11.59 -0.045912
11.6 -0.038778
11.61 -0.0095991
11.62 -0.024458
11.63 -0.054819
11.64 -0.062258
11.65 -0.065757
11.66 -0.031025
11.67 0.019966
11.68 0.042271
11.69 0.076377
11.7 0.10032
11.71 0.073165
11.72 0.021642
11.73 -0.0012512
11.74 0.01852
11.75 -0.018374
11.76 -0.074482
11.77 -0.07943
11.78 -0.065232
11.79 -0.047482
11.8 -0.022358
11.81 0.015882
11.82 0.021174
11.83 0.010963
11.84 0.019232
11.85 0.031078
11.86 0.027889
11.87 -0.016612
11.88 -0.050639
11.89 -0.051
11.9 -0.070676
11.91 -0.073817
11.92 -0.045788
11.93 -0.015255
11.94 0.030052
11.95 0.023227
11.96 -0.016166
11.97 -0.015401
11.98 0.03109
11.99 0.06717
12 0.058456
12.01 0.044926
12.02 0.059013
12.03 0.058165
12.04 0.0061639
12.05 -0.041137
12.06 -0.042748
12.07 -0.068039
12.08 -0.076543
12.09 -0.035739
12.1 -0.018008
12.11 0.034432
12.12 0.067819
12.13 0.056254
12.14 0.026791
12.15 -0.037289
12.16 -0.041042
12.17 0.015621
12.18 0.0036055
12.19 -0.010956
12.2 0.0034376
12.21 -0.0077042
12.22 -0.0099676
12.23 -0.020678
12.24 -0.0021607
12.25 0.0063959
12.26 -0.0058385
12.27 0.027488
12.28 0.086
12.29 0.092276
12.3 0.020381
12.31 -0.0047984
12.32 0.023102
12.33 0.054059
12.34 0.065569
12.35 0.035925
12.36 0.054908
12.37 0.087376
12.38 0.055401
12.39 -0.020383
12.4 -0.10492
12.41 -0.13853
12.42 -0.11131
12.43 -0.071684
12.44 -0.022214
12.45 0.030079
12.46 0.058852
12.47 0.047124
12.48 -0.0058688
12.49 -0.021774
12.5 -0.014185
12.51 0.0035145
12.52 0.028282
12.53 0.022255
12.54 0.024285
12.55 0.024212
12.56 0.024812
12.57 -0.00096434
12.58 -0.0091292
12.59 0.045532
12.6 0.023058
12.61 -0.02614
12.62 -0.04027
12.63 0.0049873
12.64 0.045554
12.65 -0.0034562
12.66 -0.036573
12.67 -0.036507
12.68 -0.011548
12.69 -0.016968
12.7 -0.046039
12.71 -0.040866
12.72 -0.020445
12.73 -0.0038154
12.74 0.0041267
12.75 0.014455
12.76 0.042151
12.77 0.071463
12.78 0.085508
12.79 0.08081
12.8 0.068195
12.81 0.061032
12.82 0.065316
12.83 0.06548
12.84 0.021128
12.85 -0.0031741
12.86 -0.019156
12.87 -0.03772
12.88 -0.024311
12.89 -0.020424
12.9 -0.043865
12.91 -0.067758
12.92 -0.04222
12.93 -0.021388
12.94 -0.00075561
12.95 0.04029
12.96 0.024011
12.97 -0.011593
12.98 -0.032431
12.99 -0.032501
13 0.015651
13.01 0.012914
13.02 -0.013152
13.03 -0.02725
13.04 -0.011446
13.05 0.027785
13.06 -0.0057534
13.07 -0.037357
13.08 -0.0078057
13.09 0.010953
13.1 0.026245
13.11 0.046609
13.12 0.043827
13.13 0.038718
13.14 0.031896
13.15 0.016526
13.16 -0.0012349
13.17 -0.0072775
13.18 0.015162
13.19 0.045444
13.2 0.056538
13.21 0.037167
13.22 0.0028604
13.23 -0.041415
13.24 -0.051652
13.25 -0.031322
13.26 -0.051599
13.27 -0.088585
13.28 -0.11263
13.29 -0.096046
13.3 -0.066234
13.31 -0.04941
13.32 -0.00050374
13.33 0.035992
13.34 0.017504
13.35 -0.0079713
13.36 -0.031734
13.37 -0.030542
13.38 -0.045368
13.39 -0.051987
13.4 -0.049073
13.41 -0.063804
13.42 -0.054012
13.43 -0.021111
13.44 0.052157
13.45 0.082753
13.46 0.049298
13.47 0.033872
13.48 0.040154
13.49 0.047583
13.5 0.048567
13.51 0.032638
13.52 0.034687
13.53 0.016648
13.54 -0.010554
13.55 -0.022754
13.56 -0.033357
13.57 -0.016711
13.58 -0.022654
13.59 -0.048791
13.6 -0.041249
13.61 -0.0093449
13.62 -0.0002612
13.63 -0.036293
13.64 -0.05788
13.65 -0.041141
13.66 -0.039674
13.67 -0.037927
13.68 -0.032149
13.69 0.0098521
13.7 0.046139
13.71 0.051591
13.72 0.038563
13.73 0.033044
13.74 0.066485
13.75 0.046009
13.76 0.021245
13.77 0.024971
13.78 0.050344
13.79 0.041462
13.8 0.0048147
13.81 0.018194
13.82 0.019549
13.83 0.0095536
13.84 0.0095676
13.85 -0.0092901
13.86 -0.037315
13.87 -0.065391
13.88 -0.089911
13.89 -0.054797
13.9 -0.018608
13.91 0.011514
13.92 0.049536
13.93 0.044038
13.94 -0.00083607
13.95 -0.031634
13.96 -0.018586
13.97 0.018135
13.98 0.026707
13.99 0.0020849
14 0.0051389
14.01 0.019988
14.02 0.052421
14.03 0.068024
14.04 0.059332
14.05 0.037271
14.06 -0.012483
14.07 -0.043399
14.08 -0.069547
14.09 -0.063992
14.1 -0.021555
14.11 -0.023291
14.12 -0.03088
14.13 -0.041533
14.14 -0.041988
14.15 -0.0016045
14.16 0.027139
14.17 0.040309
14.18 0.047197
14.19 0.041469
14.2 0.056584
14.21 0.04093
14.22 0.029226
14.23 0.039617
14.24 -0.0007148
14.25 -0.013476
14.26 -0.0329
14.27 -0.030621
14.28 -0.0028755
14.29 0.015334
14.3 0.022592
14.31 -0.026908
14.32 -0.036349
14.33 0.013007
14.34 0.040165
14.35 0.021576
14.36 -0.014584
14.37 -0.015662
14.38 -0.013476
14.39 -0.024374
14.4 0.0034317
14.41 0.043646
14.42 0.014772
14.43 -0.06047
14.44 -0.074947
14.45 -0.031503
14.46 -0.031001
14.47 -0.022062
14.48 0.0087129
14.49 -6.9964e-006
14.5 0.029893
14.51 0.048904
14.52 0.012988
14.53 0.0158
14.54 0.033962
14.55 0.021164
14.56 -0.0021677
14.57 0.00032067
14.58 -0.013234
14.59 -0.028761
14.6 -0.019642
14.61 -0.014212
14.62 0.019423
14.63 0.030481
14.64 0.013865
14.65 -0.033856
14.66 -0.059643
14.67 -0.023078
14.68 0.0099373
14.69 0.024582
14.7 0.014679
14.71 0.013937
14.72 -0.0067282
14.73 0.0026645
14.74 0.024737
14.75 0.01476
14.76 0.023759
14.77 -0.02215
14.78 -0.04791
14.79 -0.032482
14.8 0.022307
14.81 0.062041
14.82 -0.011619
14.83 -0.078292
14.84 -0.03341
14.85 0.036243
14.86 0.017469
14.87 -0.02477
14.88 -0.031199
14.89 -0.0016325
14.9 0.034592
14.91 0.041949
14.92 0.028704
14.93 0.037123
14.94 0.022856
14.95 -0.019491
14.96 -0.019529
14.97 -0.0021736
14.98 0.0035565
14.99 -0.0062
15 0.023787
15.01 0.039098
15.02 -0.0085765
15.03 -0.030221
15.04 -0.011789
15.05 0.0021794
15.06 -0.01264
15.07 -0.011531
15.08 0.010359
15.09 0.014832
15.1 -0.0046515
15.11 -0.023514
15.12 -0.010281
15.13 0.015237
15.14 0.032184
15.15 0.0041477
15.16 -0.024844
15.17 0.00048509
15.18 0.013596
15.19 -0.01026
15.2 -0.028783
15.21 -0.017753
15.22 -0.0052018
15.23 0.017086
15.24 0.054671
15.25 0.05513
15.26 0.019609
15.27 -0.0063411
15.28 -0.010089
15.29 -0.0019194
15.3 -0.025067
15.31 -0.032849
15.32 0.021013
15.33 0.022064
15.34 0.0096306
15.35 0.013582
15.36 -0.022941
15.37 -0.045127
15.38 -0.014574
15.39 0.02501
15.4 0.021148
15.41 -0.017
15.42 -0.025778
15.43 0.030312
15.44 0.016747
15.45 -0.05741
15.46 -0.080909
15.47 -0.037597
15.48 0.027124
15.49 0.036043
15.5 -0.001966
15.51 0.0020861
15.52 0.02822
15.53 0.0062233
15.54 -0.008398
15.55 -0.016755
15.56 -0.002359
15.57 0.019373
15.58 0.008819
15.59 0.0054665
15.6 0.051538
15.61 0.080825
15.62 0.014055
15.63 -0.042233
15.64 -0.052211
15.65 -0.045486
15.66 -0.014859
15.67 0.0048695
15.68 0.027978
15.69 0.039223
15.7 0.036258
15.71 0.051767
15.72 0.029732
15.73 -0.044896
15.74 -0.0509
15.75 -0.02132
15.76 -0.030731
15.77 -0.019145
15.78 0.024637
15.79 0.051132
15.8 0.021874
15.81 -0.021409
15.82 -0.012329
15.83 0.015189
15.84 -0.0040125
15.85 -0.0031169
15.86 0.016484
15.87 0.0082161
15.88 -0.019427
15.89 -0.015694
15.9 -0.010421
15.91 -0.027152
15.92 0.001664
15.93 0.0076996
15.94 -0.026429
15.95 -0.011771
15.96 0.020374
15.97 0.020646
15.98 0.015665
15.99 0.027207
16 0.032348
16.01 -0.0072215
16.02 -0.045351
16.03 -0.042911
16.04 -0.0085613
16.05 0.0047261
16.06 0.0077182
16.07 0.0097985
16.08 -0.0021421
16.09 -0.031071
16.1 -0.032128
16.11 0.0039343
16.12 0.031173
16.13 0.043363
16.14 0.040573
16.15 0.028787
16.16 -0.013726
16.17 -0.050573
16.18 -0.023131
16.19 0.010503
16.2 0.018633
16.21 -0.019143
16.22 -0.064591
16.23 -0.020378
16.24 0.012731
16.25 0.0015206
16.26 -0.0096574
16.27 0.01544
16.28 0.012387
16.29 -0.031111
16.3 -0.00074629
16.31 0.019631
16.32 0.014624
16.33 0.010629
16.34 0.0062653
16.35 -0.014809
16.36 -0.0449
16.37 -0.0098055
16.38 0.030334
16.39 0.027348
16.4 -0.0023368
16.41 -0.010754
16.42 0.0031822
16.43 0.029503
16.44 0.029854
16.45 -0.029846
16.46 -0.070888
16.47 -0.036011
16.48 0.012695
16.49 0.019831
16.5 -0.008545
16.51 -0.019562
16.52 0.0054607
16.53 -0.011114
16.54 0.00029502
16.55 0.052596
16.56 0.051466
16.57 0.00064367
16.58 -0.025624
16.59 0.0018844
16.6 0.017393
16.61 0.009465
16.62 -0.0040743
16.63 -0.016425
16.64 -0.013284
16.65 -0.0081392
16.66 0.011758
16.67 0.011801
16.68 -0.017179
16.69 -0.028592
16.7 -0.038037
16.71 -0.034387
16.72 -0.00099349
16.73 0.037707
16.74 0.04281
16.75 0.024557
16.76 -0.0020558
16.77 -0.012225
16.78 0.0030749
16.79 -0.0024126
16.8 -0.025038
16.81 -0.042963
16.82 -0.01676
16.83 0.035583
16.84 0.019674
16.85 -0.019001
16.86 -0.015294
16.87 0.0032895
16.88 0.039948
16.89 0.028942
16.9 0.011644
16.91 0.024982
16.92 0.017546
16.93 0.022467
16.94 0.014137
16.95 0.014452
16.96 0.0031006
16.97 -0.024644
16.98 -0.019126
16.99 0.0022948
17 -0.01056
17.01 -0.032721
17.02 -0.025939
17.03 -0.011643
17.04 0.0044217
17.05 0.021264
17.06 0.051574
17.07 0.037535
17.08 -0.028481
17.09 -0.04091
17.1 -0.0060624
17.11 -0.0050561
17.12 -0.023651
17.13 -0.035264
17.14 0.0035903
17.15 0.053326
17.16 0.025468
17.17 0.0039658
17.18 -0.008222
17.19 -0.046161
17.2 -0.044082
17.21 -0.026307
17.22 -0.01853
17.23 -0.0067399
17.24 0.011377
17.25 0.034586
17.26 0.025354
17.27 -0.01097
17.28 -0.04582
17.29 -0.027726
17.3 0.022575
17.31 0.019763
17.32 0.012519
17.33 0.0047214
17.34 0.012532
17.35 0.0076261
17.36 -0.011373
17.37 0.010691
17.38 0.018328
17.39 0.010102
17.4 -0.019366
17.41 -0.0099046
17.42 0.033642
17.43 0.016325
17.44 0.00056554
17.45 0.012866
17.46 0.03507
17.47 0.010924
17.48 -0.005273
17.49 0.0072366
17.5 5.0141e-005
17.51 0.014487
17.52 0.019159
17.53 0.020581
17.54 0.00057371
17.55 -0.012241
17.56 -0.0039098
17.57 0.028565
17.58 0.023875
17.59 -0.023255
17.6 -0.018607
17.61 -0.011313
17.62 -0.0062536
17.63 0.005968
17.64 -0.013891
17.65 -0.013405
17.66 0.036581
17.67 0.032544
17.68 -0.0059306
17.69 -0.0086919
17.7 0.010251
17.71 0.021634
17.72 0.0082779
17.73 -0.00072063
17.74 -0.0073836
17.75 -0.027972
17.76 -0.036342
17.77 -0.028088
17.78 7.8127e-005
17.79 0.030637
17.8 0.02288
17.81 0.014785
17.82 0.022951
17.83 0.0084085
17.84 -0.018488
17.85 -0.045337
17.86 -0.040709
17.87 -0.0088412
17.88 -0.026026
17.89 -0.029609
17.9 0.0094942
17.91 0.015235
17.92 0.022152
17.93 0.0027158
17.94 -0.018204
17.95 0.0094067
17.96 0.011082
17.97 0.0014902
17.98 -0.021928
17.99 -0.011999
18 0.03644
18.01 0.023176
18.02 -0.013938
18.03 -0.0020698
18.04 0.019496
18.05 -0.021439
18.06 -0.031436
18.07 0.014886
18.08 0.017702
18.09 0.0054269
18.1 -0.0028044
18.11 0.0021432
18.12 -0.012589
18.13 -0.035649
18.14 0.020523
18.15 0.048475
18.16 -0.010165
18.17 -0.054122
18.18 -0.029644
18.19 0.0069428
18.2 -0.0032405
18.21 -0.020208
18.22 -0.01073
18.23 0.013461
18.24 0.02501
18.25 0.0043961
18.26 -0.014642
18.27 -0.015539
18.28 -0.0067597
18.29 -0.0044637
18.3 -0.0038644
18.31 0.021971
18.32 0.03401
18.33 0.013788
18.34 0.0073707
18.35 0.036552
18.36 0.027811
18.37 -0.00065766
18.38 -0.011963
18.39 -0.029687
18.4 0.0026971
18.41 0.023127
18.42 -0.023344
18.43 -0.033076
18.44 -0.00028452
18.45 0.028791
18.46 0.029678
18.47 -0.019971
18.48 -0.02123
18.49 -0.0018179
18.5 -0.021681
18.51 0.002359
18.52 0.025037
18.53 0.015379
18.54 -0.008489
18.55 -0.013657
18.56 0.0020126
18.57 -0.0024931
18.58 -0.0056974
18.59 -0.0011929
18.6 -0.011335
18.61 -0.015042
18.62 -0.0020558
18.63 0.0047004
18.64 -0.010663
18.65 -0.019898
18.66 -0.0073603
18.67 -0.0050934
18.68 0.00943
18.69 0.0089718
18.7 0.021814
18.71 0.029939
18.72 -6.53e-005
18.73 -0.016121
18.74 0.01587
18.75 0.049471
18.76 0.025788
18.77 0.0010156
18.78 -0.010629
18.79 -0.012393
18.8 -0.031058
18.81 -0.033578
18.82 0.001973
18.83 -0.0060694
18.84 -0.031615
18.85 -0.01072
18.86 0.01871
18.87 0.005947
18.88 -0.014719
18.89 -0.011632
18.9 -0.015859
18.91 -0.028097
18.92 -0.019991
18.93 0.0017188
18.94 0.018118
18.95 0.011423
18.96 0.0085753
18.97 0.0036055
18.98 0.00031017
18.99 0.0094708
19 -0.010195
19.01 -0.0053371
19.02 0.0068344
19.03 -0.0071807
19.04 0.0012757
19.05 0.012772
19.06 0.0087852
19.07 0.020915
19.08 0.026289
19.09 0.0029
19.1 -0.020761
19.11 -0.035415
19.12 -0.030174
19.13 -0.030178
19.14 -0.024857
19.15 -0.0010168
19.16 0.013819
19.17 0.026592
19.18 0.051734
19.19 0.034054
19.2 -0.018329
19.21 -0.017489
19.22 -0.013208
19.23 -0.036896
19.24 -0.01157
19.25 0.02629
19.26 0.026133
19.27 -0.014373
19.28 -0.065034
19.29 -0.024306
19.3 0.032714
19.31 0.025174
19.32 -0.0072355
19.33 0.0011521
19.34 0.016569
19.35 -0.012801
19.36 -0.015559
19.37 -0.014802
19.38 -0.026892
19.39 -0.015183
19.4 0.017152
19.41 0.037073
19.42 0.025448
19.43 0.014092
19.44 0.016578
19.45 0.012745
19.46 -0.020231
19.47 -0.045549
19.48 -0.017826
19.49 0.0095455
19.5 -0.010715
19.51 -0.025816
19.52 -0.0061102
19.53 0.017804
19.54 0.018581
19.55 0.0088202
19.56 0.022678
19.57 0.010699
19.58 -0.024693
19.59 -0.010384
19.6 0.023094
19.61 0.0079141
19.62 -0.01687
19.63 -0.014598
19.64 -0.01591
19.65 -0.0017013
19.66 0.016383
19.67 0.012843
19.68 -0.001587
19.69 -0.018586
19.7 0.014825
19.71 0.049539
19.72 0.036141
19.73 -0.010689
19.74 -0.040295
19.75 -0.019198
19.76 0.0018342
19.77 0.016054
19.78 -0.00039063
19.79 -0.0083059
19.8 -0.0017806
19.81 0.015368
19.82 0.023885
19.83 0.0051447
19.84 0.0083817
19.85 0.015773
19.86 0.026701
19.87 0.031189
19.88 0.010792
19.89 -0.013719
19.9 -0.013278
19.91 0.010958
19.92 0.01379
19.93 -0.0063131
19.94 -0.011414
19.95 -0.0050876
19.96 -0.0093262
19.97 -0.025877
19.98 -0.0037606
19.99 0.020776
20 -0.00032067
20.01 -0.011211
20.02 -0.005245
20.03 0.0040253
20.04 0.0022389
20.05 0.013623
20.06 0.037594
20.07 0.028333
20.08 0.022558
20.09 0.0075293
20.1 -0.027032
20.11 -0.046825
20.12 -0.039034
20.13 -0.0048042
20.14 0.011274
20.15 0.016528
20.16 0.0037548
20.17 -0.018993
20.18 -0.0178
20.19 -0.015747
20.2 0.024273
20.21 0.039754
20.22 -0.00087572
20.23 1.5159e-005
20.24 0.0015147
20.25 -0.0043296
20.26 0.0019637
20.27 0.0096737
20.28 0.017493
20.29 0.0052007
20.3 0.0084144
20.31 0.010829
20.32 -0.003012
20.33 -0.0038504
20.34 -0.0012232
20.35 -0.0097134
20.36 -0.0084692
20.37 0.028973
20.38 0.040544
20.39 0.005161
20.4 -0.025031
20.41 -0.0079748
20.42 0.026106
20.43 0.0076308
20.44 -0.027054
20.45 -0.027967
20.46 -0.012342
20.47 -0.019728
20.48 -0.035445
20.49 0.0020033
20.5 0.04284
20.51 0.023461
20.52 -0.014624
20.53 -0.021113
20.54 -0.010424
20.55 -0.00094335
20.56 0.0061918
20.57 0.01248
20.58 -0.0063481
20.59 -0.030775
20.6 -0.0079456
20.61 0.0088878
20.62 -0.00027519
20.63 0.0082488
20.64 0.043757
20.65 0.054522
20.66 0.029323
20.67 -0.0094475
20.68 -0.029586
20.69 -0.021032
20.7 -0.0067597
20.71 0.0072215
20.72 -0.0072401
20.73 -0.013189
20.74 -0.0075515
20.75 -0.0043833
20.76 -0.0022995
20.77 -0.016289
20.78 -0.014487
20.79 0.0025094
20.8 0.016584
20.81 0.025743
20.82 0.034594
20.83 0.016253
20.84 -0.02906
20.85 -0.03335
20.86 -0.024556
20.87 -0.014263
20.88 0.013257
20.89 0.020222
20.9 0.007113
20.91 -0.021129
20.92 -0.0087969
20.93 0.017738
20.94 -0.0028091
20.95 -0.031358
20.96 -0.019293
20.97 0.016033
20.98 0.014623
20.99 -0.021073
21 -0.034053
21.01 0.0031006
21.02 0.020406
21.03 -0.0067865
21.04 -0.0081287
21.05 0.0040917
21.06 -0.0023601
21.07 0.001313
21.08 -0.0062327
21.09 -0.016334
21.1 0.0060834
21.11 0.018268
21.12 -0.020216
21.13 -0.049058
21.14 -0.024004
21.15 0.014467
21.16 0.027768
21.17 0.023171
21.18 0.015055
21.19 -0.0085835
21.2 -0.020235
21.21 -0.011712
21.22 -0.00094452
21.23 0.0075818
21.24 0.0080762
21.25 0.013392
21.26 0.016317
21.27 0.00057021
21.28 -0.012456
21.29 0.0069253
21.3 0.018684
21.31 0.017688
21.32 0.016613
21.33 0.0050433
21.34 -0.0082418
21.35 -0.029598
21.36 -0.0071935
21.37 0.015461
21.38 0.0011159
21.39 0.010861
21.4 0.027481
21.41 0.034796
21.42 0.0079771
21.43 -0.039492
21.44 -0.034634
21.45 -0.0081695
21.46 0.0054875
21.47 0.025088
21.48 0.035682
21.49 0.020691
21.5 -0.0065895
21.51 -0.018349
21.52 -0.0285
21.53 -0.018394
21.54 -0.007134
21.55 -0.013845
21.56 0.0046398
21.57 0.017516
21.58 0.010678
21.59 -0.014064
21.6 -0.014385
21.61 0.0087106
21.62 0.010649
21.63 0.0012792
21.64 -0.0077474
21.65 0.004234
21.66 0.020665
21.67 0.016699
21.68 0.0044427
21.69 0.0040626
21.7 -0.00084074
21.71 -0.0075177
21.72 -0.01408
21.73 -0.012136
21.74 -0.00010145
21.75 -0.009437
21.76 -0.016651
21.77 -0.0070361
21.78 0.0056368
21.79 0.02044
21.8 0.017653
21.81 -0.001741
21.82 -0.0036895
21.83 0.010686
21.84 0.00081625
21.85 -0.02043
21.86 -0.010721
21.87 0.020483
21.88 0.020252
21.89 -0.0089601
21.9 -0.0048998
21.91 0.0096539
21.92 -0.013424
21.93 -0.030497
21.94 -0.0063166
21.95 0.0057686
21.96 -0.0025094
21.97 0.016987
21.98 0.028007
21.99 -0.0099792
22 -0.018861
22.01 0.017686
22.02 0.017607
22.03 0.0044206
22.04 -0.00066116
22.05 -0.0025735
22.06 -0.012752
22.07 -0.012332
22.08 0.0087782
22.09 0.0056508
22.1 0.0029163
22.11 0.0011952
22.12 0.0047494
22.13 0.00095851
22.14 -0.013593
22.15 0.0059435
22.16 0.030902
22.17 0.022759
22.18 -0.0026027
22.19 -0.020574
22.2 -0.0054036
22.21 0.017997
22.22 0.013378
22.23 -0.0083258
22.24 -0.022449
22.25 -0.026943
22.26 -0.023861
22.27 -0.013754
22.28 -0.0032977
22.29 0.00224
22.3 0.0029502
22.31 0.0092738
22.32 -0.0053978
22.33 -0.013088
22.34 0.012734
22.35 0.03015
22.36 0.0074897
22.37 -0.012303
22.38 -0.00023205
22.39 0.00099466
22.4 -0.0034119
22.41 -0.007836
22.42 -0.010321
22.43 -0.023141
22.44 -0.033817
22.45 -0.0032627
22.46 0.015337
22.47 0.0059621
22.48 -0.0078278
22.49 -0.012917
22.5 0.0025863
22.51 0.017744
22.52 0.022775
22.53 0.016345
22.54 0.015765
22.55 0.01992
22.56 -0.0013293
22.57 -0.017681
22.58 -0.024906
22.59 -0.023233
22.6 0.001355
22.61 0.0056741
22.62 0.00297
22.63 -0.0018914
22.64 0.0014704
22.65 0.016638
22.66 0.012016
22.67 -0.003932
22.68 -0.012727
22.69 -0.01299
22.7 -0.010422
22.71 -0.0054117
22.72 -0.00037548
22.73 0.0024511
22.74 0.0033571
22.75 0.0012384
22.76 0.0080692
22.77 0.01879
22.78 0.014865
22.79 -0.0017351
22.8 -0.0011148
22.81 0.0036673
22.82 -0.017598
22.83 -0.013022
22.84 -0.0046048
22.85 -0.0087047
22.86 0.00073696
22.87 0.0028755
22.88 -0.0010926
22.89 -0.010693
22.9 -0.012197
22.91 -0.0096831
22.92 -0.0072308
22.93 0.0058012
22.94 0.0084645
22.95 -0.0029956
22.96 -0.0027228
22.97 0.0083036
22.98 0.0010366
22.99 -0.0088447
23 -0.0010506
23.01 0.0049185
23.02 0.0089601
23.03 -0.0028056
23.04 -0.0086674
23.05 -0.0021036
23.06 -0.0022727
23.07 0.0067504
23.08 0.012299
23.09 0.022417
23.1 0.018549
23.11 0.0033851
23.12 -0.0012792
23.13 -0.0074524
23.14 -0.012939
23.15 -0.014355
23.16 -0.0015707
23.17 0.01416
23.18 0.0020791
23.19 -0.012077
23.2 -0.015296
23.21 -0.012255
23.22 0.0010203
23.23 -0.0029408
23.24 -0.0095198
23.25 -0.0027239
23.26 0.010752
23.27 0.021395
23.28 0.0053254
23.29 -0.0093472
23.3 0.0073556
23.31 0.011907
23.32 0.0015369
23.33 -0.0064251
23.34 -0.0033233
23.35 0.00094219
23.36 -0.0073742
23.37 -0.012889
23.38 -0.012077
23.39 0.0052753
23.4 0.016358
23.41 0.0069696
23.42 -0.0022155
23.43 -0.0043681
23.44 4.8975e-005
23.45 -0.0018914
23.46 -0.004241
23.47 -0.0002682
23.48 -0.0084564
23.49 -0.018195
23.5 -0.011042
23.51 0.0096213
23.52 0.015892
23.53 0.01405
23.54 0.003314
23.55 -0.011135
23.56 -0.0063691
23.57 -0.0005947
23.58 -0.0013946
23.59 -0.0020581
23.6 0.011657
23.61 0.024497
23.62 0.01566
23.63 -4.4311e-005
23.64 -0.0035647
23.65 -0.0033909
23.66 -0.0040801
23.67 1.8657e-005
23.68 0.012147
23.69 0.012647
23.7 -0.0093169
23.71 -0.019253
23.72 -0.0070431
23.73 0.0081847
23.74 0.008138
23.75 0.0019065
23.76 -0.0043914
23.77 -0.0030924
23.78 0.007211
23.79 0.011931
23.8 -0.0027543
23.81 -0.017864
23.82 -0.013755
23.83 -0.0062362
23.84 0.006853
23.85 0.014013
23.86 0.01243
23.87 0.0074559
23.88 0.0032988
23.89 -0.00048858
23.9 0.0031811
23.91 0.0086861
23.92 0.0061137
23.93 0.0036999
23.94 0.0012629
23.95 -0.0046841
23.96 -0.0096609
23.97 -0.0021316
23.98 -0.0044287
23.99 -0.0089053
24 -0.0051354
24.01 -0.0074057
24.02 -0.011073
24.03 -0.0057627
24.04 0.0068413
24.05 0.013638
24.06 0.011955
24.07 0.0062397
24.08 -0.010319
24.09 -0.024349
24.1 -0.02393
24.11 -0.018521
24.12 -0.0054747
24.13 0.0097985
24.14 0.013946
24.15 0.014744
24.16 0.018234
24.17 0.01323
24.18 0.0025071
24.19 -0.0098836
24.2 -0.0063376
24.21 0.0035087
24.22 -0.0036148
24.23 0.001959
24.24 0.0051354
24.25 -0.0051715
24.26 -0.0094417
24.27 0.0087152
24.28 0.019831
24.29 -0.0079666
24.3 -0.021113
24.31 -0.005856
24.32 0.0057382
24.33 0.00027519
24.34 -0.010436
24.35 -0.0030761
24.36 0.012745
24.37 0.016395
24.38 0.0097402
24.39 0.001917
24.4 0.0053896
24.41 0.0050946
24.42 -0.0017153
24.43 -0.0011008
24.44 -0.0017433
24.45 -0.0010495
24.46 0.0023333
24.47 0.0030178
24.48 0.0021269
24.49 0.002598
24.5 -0.0026493
24.51 -0.0051424
24.52 -0.0043273
24.53 0.0017398
24.54 0.0066933
24.55 -0.00019124
24.56 -0.0041582
24.57 -0.0033618
24.58 -0.0048812
24.59 -0.010288
24.6 -0.0010705
24.61 0.022463
24.62 0.025838
24.63 -0.0055272
24.64 -0.017461
24.65 -0.001074
24.66 -0.00083724
24.67 -0.0083561
24.68 -0.0065067
24.69 -0.0053243
24.7 0.0032032
24.71 0.013357
24.72 0.0074967
24.73 -0.004164
24.74 -0.0085776
24.75 0.0062023
24.76 0.012038
24.77 0.00061685
24.78 -0.0014086
24.79 -0.0040579
24.8 0.008805
24.81 0.023249
24.82 0.0086429
24.83 0.0017281
24.84 0.00046643
24.85 -0.0070676
24.86 -0.011997
24.87 -0.0082511
24.88 -0.0032219
24.89 0.0025409
24.9 0.010844
24.91 0.0016896
24.92 -0.0033408
24.93 -0.0018902
24.94 0.00070781
24.95 0.0047459
24.96 0.014248
24.97 0.022939
24.98 0.010351
24.99 0.0011346
25 -0.0047961
25.01 0.0029257
25.02 0.014073
25.03 0.004585
25.04 -0.0036393
25.05 -0.0060601
25.06 0.0021922
25.07 -0.0028942
25.08 -0.015882
25.09 -0.0038912
25.1 0.010666
25.11 0.010647
25.12 0.00069498
25.13 -0.0068635
25.14 -0.0033536
25.15 -0.005161
25.16 -0.0018354
25.17 0.0030166
25.18 -0.0025875
25.19 -0.010182
25.2 -0.014792
25.21 0.0031297
25.22 0.022463
25.23 0.019563
25.24 -0.0051657
25.25 -0.01406
25.26 0.00076378
25.27 0.0059411
25.28 0.0026645
25.29 -0.0033396
25.3 -0.0036498
25.31 0.00012011
25.32 -0.0037163
25.33 -0.0065463
25.34 -0.008903
25.35 -0.012375
25.36 -0.0044626
25.37 0.0010693
25.38 -0.00088505
25.39 -0.0015964
25.4 9.3286e-006
25.41 -0.0024033
25.42 -0.010499
25.43 -0.0083841
25.44 -0.00064367
25.45 0.0014249
25.46 -0.0035472
25.47 -0.017318
25.48 -0.014549
25.49 0.0011579
25.5 0.0065475
25.51 0.0060531
25.52 -8.9788e-005
25.53 -0.011931
25.54 -0.019136
25.55 -0.0040253
25.56 0.003651
25.57 -0.0061172
25.58 -0.0054829
25.59 -0.0043704
25.6 0.0048952
25.61 0.019251
25.62 0.017917
25.63 0.004564
25.64 -0.0019357
25.65 -0.003939
25.66 -0.011758
25.67 -0.012889
25.68 -0.0051645
25.69 -0.00063668
25.7 0.0013596
25.71 0.0045442
25.72 0.00069265
25.73 -0.0049698
25.74 -0.0038492
25.75 0.0040055
25.76 -0.0010448
25.77 -0.0084902
25.78 -0.0016652
25.79 -0.0014891
25.8 -0.0053103
25.81 -0.00040463
25.82 0.0062012
25.83 0.0060041
25.84 0.00059936
25.85 -0.0040334
25.86 -0.00056788
25.87 -0.00058537
25.88 0.0030738
25.89 0.0098661
25.9 0.0069894
25.91 0.0035822
25.92 -0.00050608
25.93 -0.0018016
25.94 -0.010846
25.95 -0.018107
25.96 -0.010709
25.97 -0.0053768
25.98 0.0033
25.99 0.015852
26 0.021949
26.01 0.012091
26.02 0.0014646
26.03 -1.5159e-005
26.04 -0.0047436
26.05 -0.0085951
26.06 -0.0068332
26.07 -0.0047482
26.08 -0.0013713
26.09 0.0040824
26.1 0.0086441
26.11 0.013445
26.12 0.010137
26.13 0.00028452
26.14 -0.0053161
26.15 -0.0071037
26.16 0.001299
26.17 0.0096073
26.18 0.0066828
26.19 0.00027519
26.2 -0.0079654
26.21 -0.0053919
26.22 -0.0020231
26.23 -0.0060717
26.24 -0.0037617
26.25 0.0025619
26.26 0.0038935
26.27 -0.001917
26.28 -0.01014
26.29 -0.0040964
26.3 0.009156
26.31 0.0098918
26.32 0.0037221
26.33 0.00084774
26.34 -0.001643
26.35 -0.0096154
26.36 -0.0092516
26.37 -0.0068355
26.38 -0.00884
26.39 -0.0039903
26.4 0.0048194
26.41 0.011901
26.42 0.01058
26.43 0.0033046
26.44 -0.0037687
26.45 -0.0047692
26.46 -0.0011731
26.47 -0.0049022
26.48 -0.009493
26.49 -0.0019742
26.5 0.0017818
26.51 -0.00023438
26.52 0.0046177
26.53 0.010594
26.54 0.013329
26.55 -0.00039763
26.56 -0.0075678
26.57 -0.00045127
26.58 -0.0027263
26.59 -0.0051809
26.6 -0.0026003
26.61 0.007745
26.62 0.0060239
26.63 -0.0080972
26.64 -0.0050899
26.65 0.0048998
26.66 0.0069288
26.67 0.0050374
26.68 0.00050841
26.69 0.00077311
26.7 -0.00049442
26.71 -0.010152
26.72 -0.018408
26.73 -0.0096399
26.74 0.0075165
26.75 0.010801
26.76 -0.0025199
26.77 -0.015768
26.78 -0.0073136
26.79 0.0053523
26.8 0.0035297
26.81 0.0028732
26.82 0.010377
26.83 0.0081392
26.84 0.0056065
26.85 0.00016208
26.86 -0.013779
26.87 -0.015495
26.88 -0.0025141
26.89 0.0075165
26.9 0.0044905
26.91 0.0037664
26.92 0.0082908
26.93 0.01115
26.94 0.0028755
26.95 -0.0074349
26.96 -0.0031834
26.97 -5.5972e-005
26.98 -0.00087805
26.99 -0.0037256
27 -0.0080028
27.01 -0.0027391
27.02 0.0021467
27.03 0.0020255
27.04 0.0032942
27.05 0.00073346
27.06 -0.0073019
27.07 -0.011927
27.08 -0.0038072
27.09 0.0056135
27.1 0.0058479
27.11 0.0027158
27.12 -0.004487
27.13 -0.010533
27.14 -0.0034527
27.15 0.0034901
27.16 0.0053219
27.17 0.0059586
27.18 0.0020931
27.19 -0.0016033
27.2 -0.00752
27.21 -0.0024639
27.22 0.0054176
27.23 0.0075223
27.24 0.011832
27.25 0.01054
27.26 0.0041804
27.27 0.0021199
27.28 0.0043494
27.29 0.0029397
27.3 0.00016908
27.31 -0.0021083
27.32 -0.0054001
27.33 -0.0065871
27.34 -0.0018167
27.35 0.00056321
27.36 -0.0040603
27.37 -0.0034376
27.38 -0.0023543
27.39 -0.0030598
27.4 -0.00031017
27.41 -0.0026377
27.42 -0.0010063
27.43 0.0082313
27.44 0.011052
27.45 0.007134
27.46 0.0049465
27.47 0.0072728
27.48 0.0019847
27.49 -0.00079759
27.5 0.00085356
27.51 -0.0010576
27.52 0.0017165
27.53 0.009247
27.54 0.012654
27.55 0.00429
27.56 0.0029863
27.57 0.0024383
27.58 -0.00083024
27.59 -0.004536
27.6 -0.0094137
27.61 -0.0080482
27.62 -0.0083759
27.63 -0.0091432
27.64 -0.0096434
27.65 -0.0038154
27.66 0.00594
27.67 0.013942
27.68 0.016191
27.69 0.0098766
27.7 0.0043891
27.71 0.0035029
27.72 0.0031741
27.73 0.0050083
27.74 0.0032965
27.75 -0.0057965
27.76 -0.0066688
27.77 0.0014588
27.78 0.01074
27.79 0.011015
27.8 0.00514
27.81 0.00050724
27.82 -0.01391
27.83 -0.019386
27.84 -0.0098335
27.85 0.00083607
27.86 0.0055575
27.87 0.0037664
27.88 0.0074115
27.89 0.0052438
27.9 -0.0017573
27.91 0.00079176
27.92 0.0035857
27.93 0.0033874
27.94 0.0060682
27.95 0.0089403
27.96 0.0057417
27.97 -0.0057044
27.98 -0.0065487
27.99 -0.00023205
28 -0.0035822
28.01 -0.0069545
28.02 -0.0052077
28.03 0.0040941
28.04 0.0080261
28.05 0.0023053
28.06 0.00042912
28.07 -0.00062501
28.08 -0.0053348
28.09 0.0037513
28.1 0.011629
28.11 -0.00070781
28.12 -0.0093484
28.13 -0.0078815
28.14 -0.0017608
28.15 -4.0813e-005
28.16 -0.00081509
28.17 -4.4311e-005
28.18 0.0011847
28.19 0.0034539
28.2 0.00066933
28.21 -0.0038539
28.22 -0.0007801
28.23 0.0025409
28.24 -0.00053173
28.25 -0.0051879
28.26 -0.0078838
28.27 -0.0060927
28.28 0.001573
28.29 0.0063842
28.3 0.0086266
28.31 0.010534
28.32 0.0058758
28.33 -0.00035682
28.34 -0.0046445
28.35 0.0007253
28.36 0.0027088
28.37 0.00062501
28.38 0.0029548
28.39 -0.0013573
28.4 -0.0061184
28.41 -0.0053978
28.42 -0.0018226
28.43 -0.0015147
28.44 -0.0042538
28.45 -0.0019217
28.46 -2.3321e-005
28.47 0.00036148
28.48 -0.0010226
28.49 -0.0011486
28.5 -0.0013515
28.51 -0.0060624
28.52 -0.00080459
28.53 0.0050608
28.54 0.00063434
28.55 -0.0048649
28.56 -0.0046713
28.57 -0.00081625
28.58 -0.001882
28.59 -0.0075806
28.6 -0.0025012
28.61 -0.0023718
28.62 -0.0067504
28.63 -0.0038993
28.64 -0.007485
28.65 -0.0041629
28.66 0.0053231
28.67 0.007155
28.68 0.0019625
28.69 -0.0017246
28.7 0.0018004
28.71 0.0033933
28.72 -0.00036148
28.73 -0.00046759
28.74 -0.0023613
28.75 -0.0058444
28.76 -0.0054269
28.77 -0.0056613
28.78 -0.0093822
28.79 -0.008749
28.8 0.0034038
28.81 0.006895
28.82 -0.0028942
28.83 -0.006832
28.84 -0.0015497
28.85 0.0012465
28.86 -0.00049558
28.87 0.0005807
28.88 -0.0028044
28.89 -0.0097029
28.9 -0.0063877
28.91 0.0067049
28.92 0.014814
28.93 0.0091502
28.94 -0.0047039
28.95 -0.013105
28.96 -0.011447
28.97 -0.0065288
28.98 -0.0024989
28.99 -0.0023193
29 0.00047809
29.01 0.0063015
29.02 0.0040043
29.03 0.0002612
29.04 0.0010017
29.05 0.0024219
29.06 -0.0033816
29.07 -0.009858
29.08 -0.0041524
29.09 0.0017946
29.1 0.0027193
29.11 0.0055015
29.12 0.0067084
29.13 0.0035565
29.14 0.0054805
29.15 0.011901
29.16 0.011661
29.17 0.007745
29.18 -8.2791e-005
29.19 -0.003251
29.2 -0.0013806
29.21 0.00070547
29.22 0.004487
29.23 0.0015987
29.24 -0.0011264
29.25 -0.00070664
29.26 -0.00064834
29.27 -0.0057546
29.28 -0.0068717
29.29 -0.0025887
29.3 0.00016325
29.31 0.0025677
29.32 0.0015264
29.33 -0.0017293
29.34 -0.0092248
29.35 -0.0071189
29.36 0.0017316
29.37 0.0037443
29.38 0.0045512
29.39 0.0023846
29.4 0.00072063
29.41 0.0040323
29.42 0.0018832
29.43 -0.00053289
29.44 0.0016523
29.45 0.0087374
29.46 0.007443
29.47 0.0036067
29.48 0.004866
29.49 -0.0041932
29.5 -0.0089286
29.51 -0.001713
29.52 0.0022668
29.53 -0.0027834
29.54 -0.0036451
29.55 -0.00021106
29.56 0.0030808
29.57 -0.00034982
29.58 -4.1979e-005
29.59 -0.00024138
29.6 -0.004185
29.61 -0.0020966
29.62 -0.00091653
29.63 0.0011567
29.64 0.0023007
29.65 0.00042678
29.66 -0.0015905
29.67 0.0018529
29.68 0.0027484
29.69 -0.0010961
29.7 -0.00034866
29.71 0.0062816
29.72 0.0083794
29.73 0.0036207
29.74 -0.0013456
29.75 -0.0022354
29.76 -0.0017678
29.77 0.0018342
29.78 0.0060962
29.79 0.0051879
29.8 0.0027531
29.81 -0.0025525
29.82 0.001664
29.83 0.0033245
29.84 -0.0024709
29.85 -0.0050829
29.86 -0.0010809
29.87 0.0093297
29.88 0.0029152
29.89 -0.0040684
29.9 0.0016278
29.91 0.0056893
29.92 0.0033804
29.93 -0.00094685
29.94 0.0026715
29.95 0.0068099
29.96 0.004564
29.97 -0.0013212
29.98 -0.0040486
29.99 -0.0029595
30 0.00015392
30.01 -0.0034889
30.02 -0.0051132
30.03 -0.0010844
30.04 0.00041512
30.05 0.00031134
30.06 -0.0057044
30.07 -0.0049068
30.08 -0.0016057
30.09 -0.0011999
30.1 -0.0020908
30.11 0.00085823
30.12 0.00022855
30.13 -0.0051529
30.14 -0.007246
30.15 -0.0069708
30.16 -0.0048509
30.17 -0.0030096
30.18 0.00067516
30.19 0.0055482
30.2 0.0071072
30.21 0.0030015
30.22 0.0017887
30.23 0.0023088
30.24 0.0023391
30.25 -0.00042212
30.26 -0.0041559
30.27 -0.001355
30.28 0.0020686
30.29 0.0025199
30.3 0.00076378
30.31 -0.0038725
30.32 -0.0033723
30.33 -0.0029047
30.34 -0.0066326
30.35 -0.0059388
30.36 -2.3321e-006
30.37 -0.00048042
30.38 -0.0038842
30.39 -0.00016675
30.4 0.0070617
30.41 0.0048695
30.42 0.0012232
30.43 0.0022505
30.44 -0.0013993
30.45 -0.0020115
30.46 0.0018541
30.47 0.0036813
30.48 0.0049826
30.49 0.0066886
30.5 0.0047238
30.51 -0.0022633
30.52 -0.010239
30.53 -0.0095548
30.54 -0.003834
30.55 -0.00017841
30.56 -0.0020266
30.57 -0.0048835
30.58 -0.0023205
30.59 -0.00025304
30.6 0.00043261
30.61 0.0045978
30.62 0.0099035
30.63 0.0082021
30.64 0.0037711
30.65 0.0046713
30.66 0.0010833
30.67 -0.0013771
30.68 -0.002064
30.69 0.0016535
30.7 0.0080354
30.71 0.0041104
30.72 0.00029268
30.73 -0.0012244
30.74 -0.00087222
30.75 -0.0061044
30.76 -0.0070081
30.77 0.0010763
30.78 0.0045663
30.79 0.0034481
30.8 0.00032533
30.81 -0.0040906
30.82 -0.0070909
30.83 -0.0067446
30.84 -0.0026516
30.85 0.0042317
30.86 0.0050514
30.87 0.0015567
30.88 -0.0026516
30.89 -0.0074244
30.9 -0.0078348
30.91 -0.0038504
30.92 0.0017468
30.93 0.0038282
30.94 0.00012127
30.95 0.00080809
30.96 -0.003679
30.97 -0.0085147
30.98 -0.0039588
30.99 0.0041862
31 0.0052007
31.01 0.0014145
31.02 0.0025945
31.03 0.00062968
31.04 -0.0011031
31.05 0.0010495
31.06 -0.00055039
31.07 -0.006193
31.08 -0.0049908
31.09 -0.00022855
31.1 0.0032568
31.11 0.0022004
31.12 -0.0039658
31.13 -0.0061184
31.14 -0.0074349
31.15 -0.0046246
31.16 0.0025747
31.17 0.0048427
31.18 0.002907
31.19 0.0007906
31.2 0.00014809
31.21 -0.0027939
31.22 -0.0029012
31.23 0.0040276
31.24 0.0046188
31.25 0.001657
31.26 0.002387
31.27 0.0036102
31.28 0.0015614
31.29 -0.0038609
31.3 -0.0044439
31.31 -0.006488
31.32 -0.0040334
31.33 0.0038002
31.34 0.0034994
31.35 -0.0023601
31.36 -0.0045955
31.37 -0.001636
31.38 -0.0019438
31.39 -0.0046631
31.4 -0.0012337
31.41 0.00042678
31.42 -0.0018914
31.43 -0.0021736
31.44 0.00078593
31.45 0.005645
31.46 0.0038329
31.47 6.7632e-005
31.48 -0.0038329
31.49 -0.0055074
31.5 -0.00087222
31.51 0.0042387
31.52 0.0041885
31.53 0.0011649
31.54 -0.00062035
31.55 -0.0013048
31.56 -0.002921
31.57 -0.0024417
31.58 0.00052357
31.59 0.00081975
31.6 -0.00048858
31.61 -0.0015089
31.62 -0.0018074
31.63 0.0015707
31.64 0.0064274
31.65 0.0070128
31.66 0.0012477
31.67 -0.0061056
31.68 -0.0069218
31.69 -0.0019986
31.7 0.0031017
31.71 0.0035868
31.72 -0.00045244
31.73 -0.00094685
31.74 0.0026458
31.75 0.0032848
31.76 -0.00065067
31.77 -0.0044801
31.78 -0.0073964
31.79 -0.0048637
31.8 -1.0495e-005
31.81 -4.1979e-005
31.82 0.0050678
31.83 0.0096924
31.84 0.0078348
31.85 -0.00024954
31.86 -0.0044171
31.87 0.001397
31.88 0.0040731
31.89 0.0025712
31.9 0.00022505
31.91 0.00068565
31.92 0.001229
31.93 0.0011439
31.94 0.0032102
31.95 0.0038154
31.96 0.0004501
31.97 -0.0011113
31.98 0.00091537
31.99 0.0027927
32 -0.00047692
32.01 -0.0022132
32.02 0.001622
32.03 0.0016465
32.04 0.00029968
32.05 5.8304e-005
32.06 0.001236
32.07 -0.0024604
32.08 -0.0037524
32.09 -6.2968e-005
32.1 -0.00010611
32.11 0.0028102
32.12 0.005301
32.13 0.0076203
32.14 0.006242
32.15 0.0041664
32.16 0.0044591
32.17 -0.00018541
32.18 0.00010961
32.19 0.0013725
32.2 0.0008489
32.21 -0.00069614
32.22 -0.0010448
32.23 -0.00059819
32.24 -0.0011066
32.25 0.0022622
32.26 0.0024639
32.27 0.0002717
32.28 0.00062735
32.29 0.00040813
32.3 -0.0042177
32.31 -0.0046421
32.32 -0.00063901
32.33 0.0022389
32.34 0.0053884
32.35 0.0060438
32.36 0.0029747
32.37 -0.0004536
32.38 0.0017456
32.39 0.0029024
32.4 0.0035938
32.41 0.0015404
32.42 0.0014226
32.43 0.0056391
32.44 0.004339
32.45 0.0015404
32.46 0.00028802
32.47 -0.00021106
32.48 -0.0012442
32.49 -0.00026003
32.5 0.0011637
32.51 -0.0011579
32.52 -0.00064017
32.53 0.0030994
32.54 -0.0016966
32.55 -0.0057184
32.56 -0.00065766
32.57 0.0044684
32.58 0.0019077
32.59 -0.0041652
32.6 -0.0028196
32.61 0.0015975
32.62 0.0021479
32.63 0.00034049
32.64 -0.00069381
32.65 -0.0026738
32.66 -0.0061335
32.67 -0.0060158
32.68 -0.0034574
32.69 -0.0014961
32.7 0.0011428
32.71 0.0040358
32.72 0.0043203
32.73 0.00091653
32.74 -0.00092936
32.75 -0.00073113
32.76 -0.0011404
32.77 0.0008594
32.78 0.0028989
32.79 0.0011929
32.8 -0.0019707
32.81 -0.0028044
32.82 -0.0023123
32.83 -0.0023228
32.84 -0.00082441
32.85 0.0021724
32.86 0.0010576
32.87 -0.001615
32.88 6.2968e-005
32.89 -0.00087455
32.9 -0.00021339
32.91 0.0025141
32.92 0.00054222
32.93 -0.0021362
32.94 -0.0034294
32.95 -0.00049558
32.96 0.0032312
32.97 0.0049966
32.98 0.0036055
32.99 -0.00076145
33 -0.0016955
33.01 -0.00082558
33.02 -0.00044777
33.03 0.0011206
33.04 0.00025071
33.05 -0.0019963
33.06 -0.0021316
33.07 -0.00097134
33.08 8.5123e-005
33.09 -0.0015859
33.1 -0.0030026
33.11 0.00095035
33.12 0.00043611
33.13 -0.002998
33.14 -0.0021852
33.15 -0.0029723
33.16 -0.0034854
33.17 -0.0031927
33.18 -0.0014413
33.19 -0.00036964
33.2 -0.0029478
33.21 -0.0018121
33.22 -2.2155e-005
33.23 -0.0040369
33.24 -0.0050036
33.25 -0.00099116
33.26 0.0019928
33.27 -0.0005947
33.28 -0.001657
33.29 0.00086639
33.3 -0.0010775
33.31 -0.0019777
33.32 0.00095035
33.33 0.0042049
33.34 0.00074629
33.35 -0.0045418
33.36 -0.0034574
33.37 -0.0021444
33.38 -0.00035215
33.39 -4.3145e-005
33.4 9.5618e-005
33.41 -0.00087222
33.42 -0.00027519
33.43 0.0004641
33.44 -0.0021619
33.45 -0.0014249
33.46 -0.0018972
33.47 -0.0043611
33.48 -0.0055937
33.49 -0.0028744
33.5 -0.00036265
33.51 -0.0019893
33.52 -0.0035647
33.53 -0.0025152
33.54 -0.0023613
33.55 -0.00066349
33.56 0.0013305
33.57 0.00086289
33.58 -0.00083607
33.59 -0.002205
33.6 0.0012337
33.61 0.0039203
33.62 0.0053278
33.63 0.0053558
33.64 0.0038853
33.65 0.0016616
33.66 -0.00076611
33.67 0.00087572
33.68 0.0016372
33.69 -0.0017398
33.7 -0.0018774
33.71 -9.5618e-005
33.72 -0.002036
33.73 -0.0027659
33.74 0.00022738
33.75 0.0021666
33.76 0.0016068
33.77 -0.0013212
33.78 -0.00040579
33.79 0.0024161
33.8 0.0021957
33.81 0.0048077
33.82 0.0057499
33.83 0.0046433
33.84 -0.00019473
33.85 -0.0023415
33.86 -0.00085123
33.87 -0.0020966
33.88 -0.0033583
33.89 -0.00036498
33.9 0.0050468
33.91 0.0052263
33.92 0.00045127
33.93 -0.0032393
33.94 -0.0045384
33.95 -0.00060986
33.96 0.0057837
33.97 0.002928
33.98 -0.0029898
33.99 -0.0037652
34 -0.0011218
34.01 7.2296e-005
34.02 0.0022202
34.03 0.00462
34.04 0.0038422
34.05 0.0045232
34.06 0.0035425
34.07 -0.0011789
34.08 -0.0042095
34.09 0.00055388
34.1 0.0046724
34.11 0.0022762
34.12 0.0012512
34.13 0.0029851
34.14 0.0033035
34.15 0.0014494
34.16 -0.0016453
34.17 -0.0033956
34.18 -0.001229
34.19 0.00074629
34.2 0.0012699
34.21 0.00092003
34.22 -8.1625e-006
34.23 0.00069381
34.24 0.0019089
34.25 0.0022948
34.26 -0.00050024
34.27 -0.0024033
34.28 -0.0013515
34.29 0.0010903
34.3 0.0010145
34.31 -0.00093402
34.32 -0.0011066
34.33 -0.0030609
34.34 -0.0024581
34.35 -0.00091653
34.36 -0.0011066
34.37 0.0011241
34.38 0.0012349
34.39 -0.0039938
34.4 -0.0054724
34.41 -0.0035787
34.42 -0.0010658
34.43 0.0014832
34.44 0.0015882
34.45 0.00038364
34.46 7.4629e-005
34.47 0.0020954
34.48 0.003518
34.49 0.0025735
34.5 0.00015859
34.51 -0.0011917
34.52 -0.0030015
34.53 -0.0018424
34.54 0.0004501
34.55 -0.00099116
34.56 -0.0028126
34.57 -0.0033839
34.58 -0.0010611
34.59 -0.00067516
34.6 -0.00037198
34.61 0.0021747
34.62 0.00087922
34.63 -0.0001341
34.64 0.00019707
34.65 -0.0001994
34.66 -0.00042212
34.67 0.00093636
34.68 0.00050957
34.69 6.8798e-005
34.7 0.0019975
34.71 0.0020931
34.72 -0.0011509
34.73 -0.0052986
34.74 -0.0045722
34.75 -0.00035215
34.76 0.0032837
34.77 0.0025234
34.78 0.00048858
34.79 -0.00075445
34.8 -0.00049442
34.81 -0.0017841
34.82 -0.0040929
34.83 -0.0043833
34.84 -0.0013876
34.85 0.0034842
34.86 0.0037827
34.87 0.00047692
34.88 -0.0024313
34.89 -0.0011836
34.9 0.00083374
34.91 0.00067865
34.92 -0.00082091
34.93 -0.00087339
34.94 0.00076494
34.95 0.00077427
34.96 -0.0011976
34.97 -0.0031624
34.98 -0.0011626
34.99 0.0021899
35 0.00067632
35.01 -0.0037361
35.02 -0.0015311
35.03 0.0042585
35.04 0.0050071
35.05 0.0038469
35.06 0.0024056
35.07 -0.001615
35.08 -0.0060787
35.09 -0.0050887
35.1 0.00041162
35.11 0.0024581
35.12 -0.00045477
35.13 -0.0028709
35.14 -0.0010705
35.15 0.0040241
35.16 0.0037373
35.17 0.0015684
35.18 0.0010285
35.19 0.0021876
35.2 0.0033268
35.21 0.0023695
35.22 0.0042573
35.23 0.003834
35.24 0.0011602
35.25 -0.0018599
35.26 -0.0042095
35.27 -0.0054689
35.28 -0.0027776
35.29 2.7986e-005
35.3 0.001334
35.31 0.00034049
35.32 -0.00165
35.33 -0.00045477
35.34 0.0017619
35.35 0.0034784
35.36 -0.00065533
35.37 -0.0012034
35.38 0.001573
35.39 -0.00061219
35.4 -0.0035553
35.41 -0.0019135
35.42 0.0014284
35.43 0.00035332
35.44 0.00092586
35.45 0.0025362
35.46 0.0016267
35.47 0.0033326
35.48 0.005856
35.49 0.0020733
35.5 -0.0027613
35.51 -0.0051097
35.52 -0.0026878
35.53 0.0011532
35.54 0.00033933
35.55 -0.0014191
35.56 -0.0032102
35.57 -0.00038714
35.58 0.003335
35.59 0.0026831
35.6 0.002359
35.61 0.0015089
35.62 -0.00065883
35.63 -0.0018471
35.64 -0.0034761
35.65 -0.0022284
35.66 -0.00048392
35.67 -0.00075445
35.68 0.0007183
35.69 0.0015159
35.7 -0.00044427
35.71 -0.0021899
35.72 -1.5159e-005
35.73 0.0018949
35.74 0.0026015
35.75 0.00068099
35.76 -0.0011567
35.77 -0.0015334
35.78 -0.0024138
35.79 -0.00060403
35.8 0.00030784
35.81 -0.00087339
35.82 -0.0043098
35.83 -0.004585
35.84 -0.00030901
35.85 0.00067282
35.86 -9.0954e-005
35.87 0.0003883
35.88 0.0013282
35.89 0.0024756
35.9 0.0014634
35.91 -0.00059819
35.92 0.0014692
35.93 0.0025817
35.94 0.0020791
35.95 0.00059237
35.96 7.5795e-005
35.97 0.0020418
35.98 0.0029677
35.99 0.0037221
36 0.0024231
36.01 0.0012559
36.02 0.00043145
36.03 -0.0019077
36.04 -0.0011917
36.05 0.0023391
36.06 0.0025898
36.07 -0.0018284
36.08 -0.0037944
36.09 -0.00026003
36.1 0.0011556
36.11 -0.00061335
36.12 -0.0010833
36.13 -0.0010833
36.14 -0.0022657
36.15 -0.001706
36.16 0.00087922
36.17 0.0027741
36.18 0.0026085
36.19 0.0024814
36.2 0.0039868
36.21 0.0033804
36.22 0.0021969
36.23 0.0026412
36.24 0.0026458
36.25 -0.00027636
36.26 -0.0011742
36.27 -0.0007801
36.28 0.00027286
36.29 0.0012524
36.3 0.0012104
36.31 0.0011882
36.32 0.0015369
36.33 0.0036043
36.34 0.0024231
36.35 -0.0013795
36.36 -0.0022983
36.37 -0.0019695
36.38 -0.0028849
36.39 -0.003286
36.4 -0.0031111
36.41 -0.001355
36.42 -0.0010203
36.43 -0.00025887
36.44 -0.0010844
36.45 -0.0031554
36.46 -0.0025199
36.47 -0.0012512
36.48 0.00022738
36.49 -0.0021747
36.5 -0.0017165
36.51 0.0010145
36.52 0.0013095
36.53 0.0031146
36.54 0.0027706
36.55 -0.00062152
36.56 -0.0041815
36.57 -0.0035204
36.58 -0.001334
36.59 -0.00081509
36.6 0.0002542
36.61 0.0018984
36.62 0.002366
36.63 0.00010378
36.64 -0.003012
36.65 -0.0050887
36.66 -0.002858
36.67 -6.4134e-005
36.68 8.1625e-006
36.69 0.0009142
36.7 0.0033408
36.71 0.0037769
36.72 -0.00083141
36.73 -0.0031309
36.74 -0.0022307
36.75 -0.0033711
36.76 -0.0024009
36.77 -6.0636e-005
36.78 0.0014331
36.79 0.0022762
36.8 -0.00041046
36.81 -0.0022575
36.82 3.265e-005
36.83 0.00095268
36.84 -0.0017538
36.85 4.7809e-005
36.86 0.0023321
36.87 0.00024721
36.88 -0.0010495
36.89 0.0011346
36.9 0.0014378
36.91 -0.0027752
36.92 -0.0038515
36.93 -8.9788e-005
36.94 0.002282
36.95 0.0032335
36.96 0.0036708
36.97 -0.0026633
36.98 -0.005463
36.99 -0.0013946
37 0.0014623
37.01 0.00018307
37.02 -0.00090604
37.03 -0.00045943
37.04 -0.0018739
37.05 0.00057954
37.06 0.0024231
37.07 -0.00044311
37.08 -0.0029455
37.09 -0.0010005
37.1 0.0033793
37.11 0.0038375
37.12 -0.00013177
37.13 -0.0050619
37.14 -0.0046456
37.15 -0.0025525
37.16 -0.001222
37.17 0.00027286
37.18 0.0020371
37.19 0.002858
37.2 -8.6289e-005
37.21 -0.00015742
37.22 -0.00081509
37.23 -0.0022389
37.24 -0.0021701
37.25 -0.0013876
37.26 0.0010658
37.27 0.0025234
37.28 0.0031799
37.29 0.00015159
37.3 -0.00087222
37.31 -8.8621e-005
37.32 -0.0011031
37.33 -0.00089554
37.34 0.00030435
37.35 0.00052707
37.36 -0.00082325
37.37 -0.0030563
37.38 -0.0023286
37.39 0.0010576
37.4 0.0029024
37.41 0.0014949
37.42 -6.1802e-005
37.43 0.0022832
37.44 0.0024639
37.45 -0.0015975
37.46 -0.004185
37.47 -0.003637
37.48 -0.0010658
37.49 0.0026015
37.5 0.0036416
37.51 0.0024406
37.52 0.0010506
37.53 0.0011847
37.54 -0.001032
37.55 -0.0012244
37.56 0.0021502
37.57 0.0040323
37.58 0.0024464
37.59 -0.00075678
37.6 0.0010052
37.61 0.0015964
37.62 -0.0009725
37.63 -0.00010495
37.64 0.0010565
37.65 -0.00053173
37.66 0.00062385
37.67 0.0012838
37.68 -0.00099349
37.69 0.00057487
37.7 0.0023205
37.71 8.7455e-005
37.72 -0.0024732
37.73 -0.0010775
37.74 -0.00071947
37.75 -0.00091886
37.76 -9.3286e-006
37.77 0.00076028
37.78 0.0010914
37.79 -0.00058653
37.8 0.00065883
37.81 0.0014366
37.82 0.0022657
37.83 0.0015859
37.84 0.0010436
37.85 0.00057021
37.86 -0.00021222
37.87 0.00083841
37.88 0.0013002
37.89 0.0024791
37.9 0.0032592
37.91 0.0014599
37.92 0.0017818
37.93 0.002359
37.94 0.0021386
37.95 0.00018307
37.96 -0.00094102
37.97 -0.00061452
37.98 -0.0012011
37.99 -0.0011882
38 -0.0022832
38.01 -0.002036
38.02 -0.00036148
38.03 -5.1307e-005
38.04 -0.0012745
38.05 -0.0030166
38.06 -0.0046806
38.07 -0.0033431
38.08 -0.00024837
38.09 -0.00018074
38.1 -0.00030318
38.11 0.0013865
38.12 0.00077427
38.13 3.9647e-005
38.14 -0.0014098
38.15 7.6961e-005
38.16 0.00016675
38.17 -0.00097367
38.18 0.00064134
38.19 0.0014319
38.2 -9.795e-005
38.21 -0.0026738
38.22 -0.0024616
38.23 -0.0011719
38.24 -4.1979e-005
38.25 0.0001994
38.26 -0.0015847
38.27 -0.0041979
38.28 -0.0037886
38.29 -0.00029735
38.3 0.0029268
38.31 0.0014751
38.32 -0.00091304
38.33 -0.00028102
38.34 0.0018541
38.35 -0.00024604
38.36 -0.0012349
38.37 0.0010471
38.38 0.0021584
38.39 0.00022155
38.4 -0.0013177
38.41 -0.0030621
38.42 -0.0043693
38.43 -0.0012104
38.44 -0.0021036
38.45 -0.0026062
38.46 0.00048742
38.47 0.0033874
38.48 0.0028895
38.49 -0.001285
38.5 -0.0013771
38.51 -0.0012255
38.52 -2.4487e-005
38.53 0.0023753
38.54 0.0021059
38.55 0.0023858
38.56 0.0008419
38.57 -0.00089205
38.58 -0.00051191
38.59 0.00085823
38.6 0.00097134
38.61 -7.6961e-005
38.62 0.00082325
38.63 0.0025106
38.64 0.00068682
38.65 -6.8798e-005
38.66 -6.8798e-005
38.67 0.00087922
38.68 0.0023648
38.69 0.0015614
38.7 0.00012827
38.71 -0.00045827
38.72 0.0021549
38.73 0.0012057
38.74 0.00087689
38.75 0.0044812
38.76 0.004557
38.77 -0.0014261
38.78 -0.0027111
38.79 -0.00078943
38.8 -0.0020115
38.81 -0.0020651
38.82 -0.00033699
38.83 0.0019042
38.84 0.0002577
38.85 0.00077544
38.86 0.00017491
38.87 -0.0024861
38.88 -0.0020033
38.89 -0.0024802
38.9 -0.0012314
38.91 0.00075911
38.92 0.0031052
38.93 0.0010821
38.94 0.0011148
38.95 0.0032242
38.96 0.0023356
38.97 0.0032965
38.98 0.0013177
38.99 -0.00079176
39 -0.00094802
39.01 0.0021724
39.02 0.0024266
39.03 -0.0010844
39.04 -0.002219
39.05 -0.0022563
39.06 -0.0021969
39.07 -0.0022645
39.08 -0.0020978
39.09 -0.00026003
39.1 0.0013013
39.11 0.0007871
39.12 0.00069848
39.13 0.0017643
39.14 0.0003195
39.15 -0.0018237
39.16 -0.001018
39.17 -0.0018914
39.18 -0.001678
39.19 0.00033583
39.2 0.0019975
39.21 0.0019462
39.22 -0.00076728
39.23 -0.0011906
39.24 -0.00037198
39.25 0.0021572
39.26 -0.00011544
39.27 -0.0051342
39.28 -0.0047261
39.29 0.00030435
39.3 0.0042632
39.31 0.0017188
39.32 -0.00075212
39.33 0.00074629
39.34 0.00041279
39.35 -0.0019788
39.36 0.00043844
39.37 0.00024721
39.38 -0.002577
39.39 -0.0011334
39.4 -0.00074395
39.41 -0.0038982
39.42 -0.0057091
39.43 -0.0027449
39.44 -0.00095968
39.45 -0.0011253
39.46 0.0014797
39.47 0.0023741
39.48 0.0015835
39.49 -0.00035332
39.5 -0.0017853
39.51 -0.0010273
39.52 0.00080576
39.53 0.00032067
39.54 -0.0011824
39.55 0.00030435
39.56 -0.0011311
39.57 -0.0012337
39.58 0.0019683
39.59 0.0021269
39.6 0.00034632
39.61 0.00069031
39.62 0.0032044
39.63 0.0024627
39.64 0.00038131
39.65 -0.00076261
39.66 -0.00099583
39.67 0.0028569
39.68 0.0037932
39.69 0.0017853
39.7 0.0012873
39.71 0.00095735
39.72 0.001292
39.73 0.00078593
39.74 0.00013876
39.75 -0.00017141
39.76 0.00029035
39.77 -0.0017631
39.78 -0.0025176
39.79 0.0010331
39.8 0.0001889
39.81 -0.0012081
39.82 -0.00045244
39.83 0.0008454
39.84 0.00048742
39.85 -0.00014459
39.86 0.00011311
39.87 -0.00010261
39.88 0.00070781
39.89 0.0019567
39.9 0.0043774
39.91 0.0048835
39.92 0.0016512
39.93 -0.00083374
39.94 -0.00053523
39.95 0.0007801
39.96 -0.00090954
39.97 -0.0022797
39.98 -0.0022342
39.99 -0.0014436
40 0.00093519
40.01 0.00030901
40.02 -0.0020348
40.03 -0.0040171
40.04 -0.002373
40.05 0.0010366
40.06 0.0021934
40.07 0.00028102
40.08 0.00080925
40.09 0.003033
40.1 0.0034772
40.11 0.0024546
40.12 0.00099116
40.13 0.00125
40.14 0.00028452
40.15 -0.0019625
40.16 -0.0015567
40.17 -0.00050141
40.18 -0.00091537
40.19 0.0001959
40.2 0.0013048
40.21 0.0021771
40.22 0.00030085
40.23 0.00022272
40.24 0.00043611
40.25 5.4805e-005
40.26 0.0012617
40.27 0.00099
40.28 0.0017946
40.29 0.00029385
40.3 -0.0011707
40.31 0.0010833
40.32 0.0014797
40.33 -0.00098067
40.34 -0.0023088
40.35 -0.0015042
40.36 -0.00083724
40.37 1.6325e-005
40.38 1.5159e-005
40.39 -0.00044894
40.4 -0.00013526
40.41 0.00028569
40.42 0.0010891
40.43 0.0011812
40.44 0.0009865
40.45 -0.00080576
40.46 -0.0029093
40.47 -0.0019905
40.48 -0.00064717
40.49 -0.00033233
40.5 0.00077311
40.51 0.00061335
40.52 -0.00029735
40.53 0.0010984
40.54 0.0020698
40.55 0.0011334
40.56 0.0010506
40.57 -0.00091537
40.58 -0.0015555
40.59 0.0011416
40.6 0.0026948
40.61 0.0024301
40.62 0.0020919
40.63 0.0024383
40.64 0.0014133
40.65 0.0013002
40.66 0.0022995
40.67 0.0014949
40.68 -0.0011311
40.69 -0.0040929
40.7 -0.0037536
40.71 -0.0010646
40.72 -0.00019007
40.73 -0.00092703
40.74 0.00012477
40.75 -0.00072413
40.76 -0.00099699
40.77 0.00012477
40.78 -0.00016442
40.79 -0.0017491
40.8 -0.0022354
40.81 -9.5618e-005
40.82 0.0012162
40.83 0.00095385
40.84 1.1661e-005
40.85 -7.113e-005
40.86 -0.001236
40.87 -0.00026003
40.88 -0.00013643
40.89 -0.00097367
40.9 0.00087339
40.91 0.0025525
40.92 0.00044194
40.93 -0.0024627
40.94 -0.0014448
40.95 -0.0031146
40.96 -0.0042643
40.97 -0.001039
40.98 0.0011847
40.99 -0.0015987
41 -0.0035297
41.01 -0.0025549
41.02 -0.0013491
41.03 0.00041745
41.04 0.00086289
41.05 9.9116e-005
41.06 -2.682e-005
41.07 9.9116e-005
41.08 6.53e-005
41.09 0.0020231
41.1 0.0014296
41.11 -0.0002612
41.12 -0.00093985
41.13 0.0002542
41.14 -0.0017794
41.15 -0.0044054
41.16 -0.0005947
41.17 0.00070198
41.18 0.0014401
41.19 -0.00040929
41.2 -0.0010891
41.21 -0.0018249
41.22 -0.0019112
41.23 1.3993e-005
41.24 -0.0017701
41.25 -0.00033233
41.26 -0.00043961
41.27 0.00015509
41.28 0.00034049
41.29 -0.0033338
41.3 -0.0014762
41.31 0.0021234
41.32 0.0029945
41.33 0.00036731
41.34 -0.0007253
41.35 0.0010226
41.36 -0.00013993
41.37 -0.0011719
41.38 -0.00019707
41.39 0.0019182
41.4 0.0023858
41.41 0.0015649
41.42 0.00031601
41.43 -0.0020663
41.44 -0.0034901
41.45 -0.0039157
41.46 -0.0019951
41.47 -0.00017141
41.48 -0.00030085
41.49 0.0020779
41.5 0.0014576
41.51 -0.00080226
41.52 -0.00040346
41.53 0.0029677
41.54 0.0036673
41.55 0.00024721
41.56 0.0022447
41.57 0.0025094
41.58 0.0011567
41.59 0.00297
41.6 0.0014308
41.61 -0.00084424
41.62 -0.0029408
41.63 -0.0011731
41.64 -0.001376
41.65 -0.0041804
41.66 -0.002373
41.67 -0.00019473
41.68 0.0013701
41.69 0.00080576
41.7 0.00024487
41.71 -0.0014483
41.72 -0.0020605
41.73 0.00093519
41.74 0.00094452
41.75 0.00010728
41.76 -0.00066816
41.77 -0.0010401
41.78 0.00071014
41.79 -0.00017724
41.8 -0.00088738
41.81 0.00019357
41.82 0.0012873
41.83 0.00022272
41.84 -0.0010296
41.85 0.00032883
41.86 0.0010891
41.87 0.0012594
41.88 0.00031017
41.89 -0.0018797
41.9 -0.0022155
41.91 -0.0021829
41.92 -0.001945
41.93 0.00096784
41.94 -0.00039763
41.95 -0.0017316
41.96 0.0019835
41.97 0.0026143
41.98 0.00028336
41.99 0.00068565
42 0.0018004
42.01 0.001053
42.02 -0.00068448
42.03 -0.0011253
42.04 -0.001657
42.05 -0.0030166
42.06 -0.0033268
42.07 -0.0031659
42.08 -0.0013643
42.09 0.0010436
42.1 0.0022342
42.11 0.00024138
42.12 -0.0012244
42.13 -0.00020756
42.14 0.0021071
42.15 0.0034166
42.16 0.00076961
42.17 -7.4629e-005
42.18 8.1625e-005
42.19 -4.4311e-005
42.2 -0.0020161
42.21 -0.0031939
42.22 -0.0021561
42.23 -0.0014249
42.24 0.00081392
42.25 -0.0001376
42.26 0.001046
42.27 0.0021689
42.28 0.00046293
42.29 -0.00013177
42.3 0.00096201
42.31 0.0023275
42.32 -0.00049675
42.33 -0.0023776
42.34 -0.001952
42.35 -0.00031251
42.36 0.0020721
42.37 0.0019648
42.38 -0.0007253
42.39 -0.00047809
42.4 0.00024954
42.41 -0.00072763
42.42 -0.0011684
42.43 -0.00034632
42.44 1.9823e-005
42.45 -0.0013946
42.46 -0.0013585
42.47 0.0010448
42.48 0.0023181
42.49 0.0022622
42.5 0.0022202
42.51 0.0030843
42.52 0.0046713
42.53 0.0013643
42.54 -0.0032079
42.55 -0.0044019
42.56 -0.002282
42.57 -0.0011241
42.58 -0.00027053
42.59 -0.00066349
42.6 -0.00032417
42.61 0.0012792
42.62 -0.0014961
42.63 -0.0020978
42.64 0.0016593
42.65 0.0015894
42.66 0.0018669
42.67 0.0037921
42.68 0.0036626
42.69 0.0011136
42.7 -0.0011906
42.71 -0.00038131
42.72 0.00081275
42.73 0.0017223
42.74 0.00065883
42.75 -0.0010775
42.76 -0.001264
42.77 0.0021747
42.78 0.00067982
42.79 -0.0011882
42.8 0.00094452
42.81 0.0010378
42.82 0.0020943
42.83 0.0028767
42.84 0.0012454
42.85 -0.00074629
42.86 -0.0025607
42.87 -0.00024138
42.88 0.0022342
42.89 0.0011369
42.9 0.0033023
42.91 0.0036288
42.92 0.00012244
42.93 0.00043844
42.94 0.00014343
42.95 -0.001032
42.96 -0.0017211
42.97 -5.5972e-005
42.98 0.002324
42.99 0.00040463
43 0.0019648
43.01 0.0015859
43.02 0.0011276
43.03 0.00035565
43.04 -0.0017643
43.05 -0.00092586
43.06 0.0007836
43.07 0.00035565
43.08 -0.0032837
43.09 -0.0021467
43.1 0.00081275
43.11 0.0034364
43.12 0.0028627
43.13 -0.0015089
43.14 -0.00024721
43.15 0.0012582
43.16 -0.0016383
43.17 -0.0034971
43.18 -0.0023193
43.19 0.0011847
43.2 0.0013748
43.21 -1.1661e-005
43.22 -0.0005877
43.23 -0.0012547
43.24 -0.00019124
43.25 0.0014086
43.26 0.00010028
43.27 -0.00038364
43.28 0.00010145
43.29 0.00011894
43.3 -0.00096434
43.31 -0.0035612
43.32 -0.0022762
43.33 -0.0010716
43.34 -0.00039413
43.35 0.00015276
43.36 0.00060053
43.37 0.0014424
43.38 0.0007218
43.39 0.00094335
43.4 0.00030435
43.41 -0.0016663
43.42 -0.001278
43.43 -0.0015229
43.44 0.0018739
43.45 0.0027904
43.46 0.001671
43.47 0.0019275
43.48 -0.0005294
43.49 -0.00056205
43.5 -0.0015194
43.51 -0.0011462
43.52 -0.00060169
43.53 -0.001053
43.54 0.00021806
43.55 -0.00017608
43.56 0.0011894
43.57 0.0034026
43.58 0.0012932
43.59 -8.8621e-005
43.6 -0.0019777
43.61 -0.0027799
43.62 -0.001292
43.63 -0.00095385
43.64 0.00023205
43.65 -0.00092236
43.66 -0.0023123
43.67 -0.0041221
43.68 -0.0028755
43.69 0.0019298
43.7 0.0034854
43.71 0.0025724
43.72 0.00080459
43.73 5.7138e-005
43.74 -0.0014716
43.75 -0.0011812
43.76 -0.00041745
43.77 9.9116e-005
43.78 0.0012885
43.79 0.0011148
43.8 0.0038725
43.81 0.0031822
43.82 -0.00064017
43.83 -0.0029863
43.84 -0.0025642
43.85 -0.00063434
43.86 -3.1484e-005
43.87 0.0021887
43.88 0.0005189
43.89 -0.0024499
43.9 -0.0013538
43.91 -0.00045827
43.92 0.0011078
43.93 0.001636
43.94 0.0011777
43.95 0.0019427
43.96 0.0027076
43.97 0.0058933
43.98 0.0021281
43.99 -0.0031566
44 -0.0028149
44.01 -0.0030528
44.02 -0.0042014
44.03 -0.0033734
44.04 -0.00014343
44.05 0.0014366
44.06 5.0141e-005
44.07 -1.8657e-005
44.08 0.0024499
44.09 0.0016033
44.1 0.00013643
44.11 -0.0030831
44.12 -0.0023158
44.13 0.00096318
44.14 0.0010914
44.15 0.0014588
44.16 0.0015917
44.17 0.00046759
44.18 -0.00075678
44.19 -0.00032883
44.2 0.0020348
44.21 -0.00057604
44.22 -0.0040673
44.23 -0.0025385
44.24 -0.0018669
44.25 0.00094685
44.26 0.00027286
44.27 -0.00093636
44.28 -0.0005294
44.29 -0.001222
44.3 -0.0010623
44.31 -0.0022715
44.32 0.00022389
44.33 0.0021106
44.34 0.0012046
44.35 0.00099583
44.36 4.7809e-005
44.37 0.00016791
44.38 0.0021118
44.39 0.0027904
44.4 -0.00012244
44.41 -0.0020266
44.42 -0.00034749
44.43 0.00029735
44.44 0.0014867
44.45 0.0035693
44.46 0.0023928
44.47 -0.0014413
44.48 -0.0021666
44.49 -0.00074745
44.5 0.00013993
44.51 0.0013748
44.52 0.00023088
44.53 -0.0012395
44.54 -0.0022447
44.55 -0.0012932
44.56 0.00088971
44.57 0.00062618
44.58 -0.00032067
44.59 -0.00074629
44.6 2.2155e-005
44.61 2.3321e-006
44.62 -0.0012162
44.63 -0.00066116
44.64 -0.00072646
44.65 -0.0015007
44.66 -0.0012675
44.67 -0.00012594
44.68 -0.00080809
44.69 -0.0021374
44.7 -0.00012011
44.71 0.0014704
44.72 0.0022727
44.73 0.0023228
44.74 0.002303
44.75 0.002289
44.76 0.0023648
44.77 0.0016243
44.78 0.00037081
44.79 -0.0020185
44.8 -0.00053756
44.81 0.0013538
44.82 0.0012011
44.83 0.00046526
44.84 0.00068682
44.85 0.0013351
44.86 0.001046
44.87 -0.00023905
44.88 -3.7314e-005
44.89 0.00033116
44.9 -0.0031251
44.91 -0.0023916
44.92 -0.00023088
44.93 0.00014576
44.94 -0.00042445
44.95 -2.3321e-006
44.96 4.4311e-005
44.97 -0.0018634
44.98 -0.0012512
44.99 0.0022668
45 0.00054572
45.01 -0.0024079
45.02 -0.001699
45.03 0.00032533
45.04 0.00037198
45.05 -0.0011987
45.06 -0.00080342
45.07 0.00089671
45.08 0.0025339
45.09 0.0020208
45.1 0.0007766
45.11 0.0010541
45.12 0.0013223
45.13 0.00098183
45.14 -0.00039996
45.15 2.0989e-005
45.16 -0.00047109
45.17 -0.0019077
45.18 -0.0014716
45.19 -0.0008524
45.2 -0.0017736
45.21 -0.0020931
45.22 -0.00019707
45.23 -0.00054456
45.24 -0.0011358
45.25 -0.00097367
45.26 -0.00042912
45.27 0.00058887
45.28 0.0022622
45.29 -0.00040929
45.3 -0.0020919
45.31 0.0012174
45.32 0.0015299
45.33 -0.00068915
45.34 0.0015777
45.35 0.0016815
45.36 -0.00082791
45.37 -0.0008524
45.38 0.00076494
45.39 0.001959
45.4 0.0026108
45.41 0.0026983
45.42 -0.00050491
45.43 -0.0021561
45.44 -0.00067049
45.45 -0.00012477
45.46 -0.0015252
45.47 -0.00055388
45.48 -0.0014739
45.49 0.00021572
45.5 0.00085356
45.51 -0.0028954
45.52 -0.0021619
45.53 0.00089321
45.54 0.00065183
45.55 -0.00013293
45.56 0.00043728
45.57 0.0011264
45.58 0.001271
45.59 0.0018004
45.6 0.0024931
45.61 -0.00052007
45.62 -0.0027263
45.63 -0.0020768
45.64 -0.00010261
45.65 0.0018902
45.66 0.00030201
45.67 -0.0030878
45.68 -0.0028231
45.69 -0.0010191
45.7 -0.00041512
45.71 0.0014949
45.72 0.00053756
45.73 -0.0019403
45.74 -0.0013363
45.75 0.00106
45.76 -0.00030201
45.77 -0.0023205
45.78 0.00023671
45.79 0.0027717
45.8 -0.00010261
45.81 -0.001039
45.82 0.0023193
45.83 0.00063668
45.84 -0.00099116
45.85 0.00037314
45.86 0.0011008
45.87 -0.00069148
45.88 -0.00021456
45.89 0.00082908
45.9 -0.00093752
45.91 -0.00017841
45.92 5.1307e-005
45.93 0.0002577
45.94 -0.0007148
45.95 -0.00094102
45.96 -0.0013048
45.97 -0.001369
45.98 -0.00041162
45.99 0.0013538
46 0.0026983
46.01 0.00044427
46.02 0.0021106
46.03 0.0036067
46.04 0.0024861
46.05 -0.001629
46.06 -0.0026493
46.07 0.0002029
46.08 0.00032883
46.09 -0.0011696
46.1 -0.00011894
46.11 0.0015147
46.12 0.0023077
46.13 0.0020978
46.14 -0.00073696
46.15 -0.00092819
46.16 -0.0016873
46.17 -6.9964e-005
46.18 0.00048159
46.19 -0.0012582
46.2 -0.00020523
46.21 0.00075095
46.22 0.0019718
46.23 -0.00029268
46.24 -0.0023811
46.25 0.00086173
46.26 0.0015567
46.27 -0.00069731
46.28 -0.0010133
46.29 0.0011532
46.3 0.0015229
46.31 -0.00055039
46.32 9.9116e-005
46.33 0.00010378
46.34 -0.00036615
46.35 -0.00063434
46.36 -0.0011696
46.37 -0.00021689
46.38 7.6961e-005
46.39 0.00094102
46.4 0.002542
46.41 0.0014191
46.42 -0.00077077
46.43 -0.0029688
46.44 -0.0025106
46.45 6.9964e-005
46.46 0.00058187
46.47 -8.8621e-005
46.48 0.00089088
46.49 0.0011474
46.5 -0.00068332
46.51 -0.00030901
46.52 0.0021631
46.53 0.0020861
46.54 0.00080109
46.55 0.00087455
46.56 9.3286e-005
46.57 -0.0018867
46.58 -0.0014098
46.59 -0.0010798
46.6 -0.0027729
46.61 -0.00063668
46.62 0.0042328
46.63 0.0027881
46.64 -0.00062851
46.65 0.0001341
46.66 0.00013643
46.67 0.0021852
46.68 0.0028802
46.69 0.0013678
46.7 -0.00071014
46.71 -0.00029268
46.72 0.0021292
46.73 0.0015555
46.74 -0.00096784
46.75 -0.0019508
46.76 -0.0011707
46.77 -0.0021747
46.78 -0.0020033
46.79 -0.00025071
46.8 -0.00049908
46.81 -0.0013328
46.82 -0.0019963
46.83 -0.00024954
46.84 -3.848e-005
46.85 -0.001053
46.86 -0.00045477
46.87 0.0011987
46.88 0.000983
46.89 -6.2968e-005
46.9 0.00205
46.91 -0.00042678
46.92 -0.0023566
46.93 -0.0012372
46.94 0.0002029
46.95 -0.0023356
46.96 -0.0033665
46.97 -0.00079293
46.98 -0.0018506
46.99 -0.001931
47 0.0010973
47.01 0.0017036
47.02 0.00042095
47.03 -6.0636e-005
47.04 0.00090137
47.05 0.00041512
47.06 -0.0012465
47.07 -0.00082908
47.08 -0.0017631
47.09 -0.00020056
47.1 -0.00069731
47.11 0.00031601
47.12 0.00063551
47.13 -0.0014191
47.14 -0.00019124
47.15 -0.00191
47.16 -0.0018634
47.17 -0.0019135
47.18 -0.0033268
47.19 -0.00059936
47.2 -0.00046993
47.21 -0.0012255
47.22 -0.00090837
47.23 -0.0010553
47.24 0.0010973
47.25 0.0018039
47.26 0.0022808
47.27 0.0014984
47.28 -0.00016675
47.29 0.00045244
47.3 0.00040463
47.31 -5.947e-005
47.32 -0.0018447
47.33 -0.0013666
47.34 0.00027519
47.35 -9.212e-005
47.36 0.00025304
47.37 -0.00027403
47.38 -0.0008594
47.39 -0.0018237
47.4 0.00061452
47.41 0.0016663
47.42 -0.0008524
47.43 -0.0010273
47.44 -0.001032
47.45 -0.0016092
47.46 -0.00030085
47.47 0.001917
47.48 0.00094685
47.49 0.00020523
47.5 0.0019135
47.51 0.0017619
47.52 0.00027636
47.53 0.00073229
47.54 0.0012139
47.55 -0.00084307
47.56 -0.00017141
47.57 0.0012699
47.58 0.0011777
47.59 0.0003953
47.6 -0.0018156
47.61 -0.00026936
47.62 -8.7455e-005
47.63 -0.00096201
47.64 0.00081392
47.65 0.0012127
47.66 0.0013317
47.67 0.0016442
47.68 -0.0017678
47.69 -0.0031741
47.7 -0.0021397
47.71 -0.0020476
47.72 -0.00036498
47.73 0.00034749
47.74 0.0010798
47.75 0.0020126
47.76 0.0036347
47.77 0.0022995
47.78 -0.00076028
47.79 -0.00048392
47.8 0.00045127
47.81 0.00028802
47.82 -0.0019683
47.83 -0.0039961
47.84 -0.0021899
47.85 0.0023088
47.86 0.0025747
47.87 0.00030901
47.88 0.00068915
47.89 0.0012162
47.9 -0.00085123
47.91 -0.00023321
47.92 0.0019613
47.93 0.0023228
47.94 0.0028242
47.95 0.0044381
47.96 0.0055039
47.97 0.0038107
47.98 0.0024651
47.99 -0.0025047
48 -0.0057826
48.01 -0.0025455
48.02 0.0015882
48.03 0.0015905
48.04 -0.0031414
48.05 -0.0047681
48.06 0.00047226
48.07 0.0035367
48.08 0.001229
48.09 0.00011194
48.1 0.001903
48.11 -0.00061102
48.12 -0.0026038
48.13 0.0040801
48.14 0.0056554
48.15 -0.0014832
48.16 -0.0025747
48.17 -0.00074862
48.18 0.0005224
48.19 5.947e-005
48.2 0.00089321
48.21 0.0021736
48.22 -0.0010156
48.23 -0.0022843
48.24 -0.0040055
48.25 -0.0017025
48.26 0.0029723
48.27 0.004634
48.28 0.0035623
48.29 -0.00063434
48.3 -0.0015112
48.31 0.00082441
48.32 -2.4487e-005
48.33 0.0022027
48.34 0.00042562
48.35 -0.0021992
48.36 -0.0010716
48.37 -0.0022563
48.38 0.0033606
48.39 0.0065067
48.4 0.0036626
48.41 -0.00047226
48.42 -0.0024546
48.43 -0.0018809
48.44 -0.00050141
48.45 -0.0003918
48.46 -0.0048485
48.47 -0.0057359
48.48 0.00041279
48.49 0.0043809
48.5 0.0030481
48.51 -0.00065766
48.52 -0.0023193
48.53 -0.0018937
48.54 0.0010005
48.55 0.0015532
48.56 -0.00078477
48.57 0.00087222
48.58 0.00091537
48.59 0.00063084
48.6 -0.00065417
48.61 -0.0005294
48.62 0.00036848
48.63 0.0010133
48.64 -0.0009142
48.65 -0.0018599
48.66 0.0020744
48.67 0.0014191
48.68 -0.00089671
48.69 -0.0023846
48.7 -0.0012442
48.71 1.2827e-005
48.72 -0.0019275
48.73 -0.0013177
48.74 0.0027694
48.75 0.0032463
48.76 0.0022703
48.77 0.0014623
48.78 -0.00079176
48.79 -0.0018622
48.8 -0.0036836
48.81 -0.0014016
48.82 0.0012081
48.83 -0.00089904
48.84 0.00050957
48.85 0.0045267
48.86 0.0026878
48.87 -0.00088155
48.88 -0.00044078
48.89 0.00022389
48.9 -0.00041046
48.91 -0.0022272
48.92 -0.0014331
48.93 0.001074
48.94 0.0022668
48.95 0.0022738
48.96 0.0021199
48.97 0.00031134
48.98 -0.0019042
48.99 -0.0027239
49 -0.0021701
49.01 -0.00088971
49.02 -0.0014599
49.03 -0.0018681
49.04 -0.0011556
49.05 0.001657
49.06 0.0015159
49.07 0.0019998
49.08 0.0025875
49.09 -0.001734
49.1 -0.0040264
49.11 -0.0023042
49.12 0.00023438
49.13 -0.00018424
49.14 0.0011183
49.15 0.0034947
49.16 0.00045593
49.17 -0.00033466
49.18 0.001229
49.19 -0.00095735
49.2 -0.0028184
49.21 -0.00083607
49.22 0.0022867
49.23 0.00071247
49.24 9.9116e-005
49.25 0.0012127
49.26 0.0009725
49.27 -0.00018774
49.28 -0.0010378
49.29 -0.0017911
49.3 -0.0016033
49.31 0.0017398
49.32 0.0014494
49.33 -0.00066233
49.34 0.00092353
49.35 0.004318
49.36 0.0013351
49.37 -0.0028884
49.38 -0.0015159
49.39 0.0016558
49.4 -0.0013783
49.41 -0.0060029
49.42 -0.0015742
49.43 0.0030819
49.44 0.0013375
49.45 -0.00065417
49.46 -0.0014541
49.47 -0.0012955
49.48 0.00066933
49.49 -0.00058304
49.5 -0.0014191
49.51 -0.0015287
49.52 -0.00024371
49.53 -0.00071597
49.54 -0.0030061
49.55 -0.0010156
49.56 0.003202
49.57 0.0024744
49.58 0.0010495
49.59 0.0011707
49.6 0.0011684
49.61 0.00093053
49.62 0.0001924
49.63 0.0010903
49.64 -0.0009072
49.65 -0.0021876
49.66 -0.00024021
49.67 -0.00015859
49.68 -0.00093053
49.69 0.00011894
49.7 -0.0007906
49.71 -0.0030691
49.72 -0.0025665
49.73 0.00047809
49.74 0.0005294
49.75 -0.0021269
49.76 -0.0012116
49.77 2.3321e-006
49.78 0.00088039
49.79 0.0024348
49.8 0.001994
49.81 0.0010413
49.82 -8.5123e-005
49.83 0.00018424
49.84 -0.00028569
49.85 -0.00093985
49.86 -0.001299
49.87 -3.3816e-005
49.88 0.00094918
49.89 9.4452e-005
49.9 -0.00010611
49.91 0.00040813
49.92 0.00025187
49.93 0.0009725
49.94 0.0014308
49.95 -0.0023566
49.96 -0.0037827
49.97 -0.00021222
49.98 0.0022202
49.99 0.00094102
50 -0.00073929
50.01 -0.0030948
50.02 -0.0025164
50.03 -0.00019707
50.04 -0.00060169
50.05 -0.0018447
50.06 -0.0023228
50.07 -0.0013165
50.08 0.00024487
50.09 -0.00082325
50.1 -0.0002682
50.11 0.0013666
50.12 0.00033
50.13 0.00061685
50.14 0.0020278
50.15 0.0014902
50.16 -0.00027636
50.17 0.0017258
50.18 0.0034586
50.19 0.00067166
50.2 -0.0020383
50.21 -0.001215
50.22 0.002057
50.23 0.0020546
50.24 0.0011952
50.25 0.00094219
50.26 0.00017025
50.27 0.0012699
50.28 0.00038947
50.29 2.5654e-005
50.3 -0.00072996
50.31 -0.0029828
50.32 -0.0012302
50.33 5.5972e-005
50.34 0.00013177
50.35 -0.00077427
50.36 -0.00024138
50.37 0.00066233
50.38 -0.00021806
50.39 0.00013993
50.4 -0.001587
50.41 -0.00094219
50.42 0.0010145
50.43 1.1661e-006
50.44 6.8798e-005
50.45 0.00010844
50.46 0.0021024
50.47 0.0028476
50.48 0.0014191
50.49 0.00041396
50.5 -0.002064
50.51 -0.0013491
50.52 -0.0013293
50.53 -0.0012838
50.54 2.2155e-005
50.55 -0.0013421
50.56 -0.0021887
50.57 -0.0013072
50.58 0.002366
50.59 0.0018669
50.6 -0.00093869
50.61 -0.00020406
50.62 0.00086289
50.63 0.00022738
50.64 0.00027286
50.65 0.0010017
50.66 -0.000646
50.67 -0.00062501
50.68 0.0011987
50.69 0.0015567
50.7 0.00099349
50.71 -0.00082091
50.72 -0.0023578
50.73 -0.001292
50.74 0.00036964
50.75 0.00093985
50.76 2.4487e-005
50.77 0.00060053
50.78 -0.00064484
50.79 -0.0030469
50.8 -0.00052823
50.81 0.0012197
50.82 -0.00081275
50.83 -0.00030551
50.84 0.0020791
50.85 0.0014657
50.86 -0.00080459
50.87 -0.00034632
50.88 0.0021596
50.89 0.00083024
50.9 5.7138e-005
50.91 0.0011661
50.92 -0.00031834
50.93 -0.00027053
50.94 -5.7138e-005
50.95 -0.0010611
50.96 0.0010903
50.97 0.0014902
50.98 -0.00018657
50.99 0.0009725
51 0.0030808
51.01 0.0025887
51.02 -0.0018027
51.03 -0.0025852
51.04 -0.00010961
51.05 -0.00070198
51.06 -0.00093053
51.07 5.0141e-005
51.08 0.00071247
51.09 0.0013153
51.1 0.00047692
51.11 -0.00073929
51.12 -0.0011777
51.13 -0.0030306
51.14 -0.0018109
51.15 0.00052123
51.16 0.000323
51.17 -0.0025129
51.18 -0.00069031
51.19 0.0012908
51.2 -0.00018774
51.21 0.00087106
51.22 0.001229
51.23 0.00048975
51.24 -8.2791e-005
51.25 0.00064134
51.26 -0.0003918
51.27 -8.0459e-005
51.28 0.00018074
51.29 -0.00060169
51.3 0.00088855
51.31 0.0024721
51.32 0.0013865
51.33 -0.00015042
51.34 0.00093636
51.35 0.00030551
51.36 -0.0010366
51.37 0.00022389
51.38 -0.00024721
51.39 -0.00085706
51.4 0.00070897
51.41 0.0013608
51.42 0.00038131
51.43 4.0813e-005
51.44 -9.5618e-005
51.45 -0.0011194
51.46 -0.00087805
51.47 0.00084657
51.48 0.002598
51.49 0.0011777
51.5 0.00032767
51.51 0.00042562
51.52 3.4982e-005
51.53 -1.6325e-005
51.54 0.00082091
51.55 0.0010775
51.56 -0.00061102
51.57 -0.0017351
51.58 -0.0009142
51.59 -0.0020721
51.6 -0.0023823
51.61 0.0010378
51.62 0.00039647
51.63 0.00069498
51.64 0.0007288
51.65 -0.0010296
51.66 -0.0020849
51.67 0.00046993
51.68 0.0026481
51.69 0.0013398
51.7 0.0014494
51.71 0.001608
51.72 0.00028919
51.73 -0.0013783
51.74 -0.0020709
51.75 -0.0021537
51.76 -5.4805e-005
51.77 0.0011847
51.78 0.0012769
51.79 -0.0003195
51.8 -0.0030341
51.81 -0.001299
51.82 -0.0011812
51.83 -0.00015742
51.84 -0.00086523
51.85 -0.0014436
51.86 0.00093752
51.87 0.0011976
51.88 0.0011486
51.89 0.0012489
51.9 0.00093636
51.91 0.00013293
51.92 -0.00015859
51.93 -0.0010378
51.94 -0.00046177
51.95 0.00038364
51.96 -0.0010611
51.97 -0.0012815
51.98 0.00066466
51.99 1.6325e-005
52 -0.0017433
52.01 -0.00015392
52.02 0.0012699
52.03 0.0005842
52.04 -0.0014681
52.05 -0.0020266
52.06 0.00096667
52.07 0.00045827
52.08 6.2968e-005
52.09 -0.00075561
52.1 -0.0023461
52.11 -0.0019194
52.12 -0.0002682
52.13 0.0013386
52.14 -0.001074
52.15 -0.0014168
52.16 -0.00055622
52.17 -0.00012244
52.18 0.0013538
52.19 0.0003918
52.2 5.947e-005
52.21 0
52.22 0.00070664
52.23 -0.00068682
52.24 -0.00022622
52.25 0.00060519
52.26 -0.0022435
52.27 -0.0023333
52.28 0.0018296
52.29 0.0026855
52.3 -0.0018424
52.31 -0.0023893
52.32 0.0011964
52.33 0.0019858
52.34 -0.00068682
52.35 -0.00038247
52.36 0.0022354
52.37 0.00069614
52.38 -0.0016733
52.39 0.0015555
52.4 0.0015427
52.41 -0.0020325
52.42 0.0002682
52.43 0.0019205
52.44 -6.1802e-005
52.45 -0.0011929
52.46 -8.5123e-005
52.47 0.0011416
52.48 -0.00072646
52.49 -0.00033116
52.5 0.0021316
52.51 0.0020511
52.52 0.001264
52.53 0.00095151
52.54 0.00019473
52.55 0.0019555
52.56 0.0015847
52.57 -0.00082325
52.58 -0.0015042
52.59 -0.0010775
52.6 0.00037314
52.61 -0.0016372
52.62 -0.0033093
52.63 -0.00062501
52.64 0.0023695
52.65 0.0019403
52.66 -0.00084074
52.67 0.0011462
52.68 0.0014518
52.69 -6.53e-005
52.7 0.00016558
52.71 -2.0989e-005
52.72 0.00077077
52.73 0.0014611
52.74 0.0021712
52.75 0.00033933
52.76 -0.0018494
52.77 -0.0020989
52.78 -0.00012477
52.79 0.0013212
52.8 0.0008594
52.81 -0.0019485
52.82 -0.0032417
52.83 -0.0013876
52.84 -0.00083841
52.85 0.00024254
52.86 0.0012699
52.87 0.00044894
52.88 2.7986e-005
52.89 2.7986e-005
52.9 0.00080692
52.91 0.00063901
52.92 -0.00075795
52.93 -0.0011148
52.94 -0.00034049
52.95 0.00020756
52.96 -0.00064017
52.97 -0.001074
52.98 0.0010075
52.99 0.00024138
53 -0.00042212
53.01 0.00018191
53.02 0.0002029
53.03 0.0010926
53.04 6.9964e-005
53.05 0.0020826
53.06 0.0014424
53.07 3.265e-005
53.08 0.0020884
53.09 0.0014436
53.1 -7.2296e-005
53.11 0.00030201
53.12 0.001243
53.13 0.00034749
53.14 -0.001243
53.15 -0.0007183
53.16 -4.4311e-005
53.17 0.00035332
53.18 0.00098067
53.19 6.53e-005
53.2 9.0954e-005
53.21 4.4311e-005
53.22 0.00061569
53.23 -0.00047926
53.24 -0.0017654
53.25 -0.00090604
53.26 -0.0018774
53.27 -0.0013655
53.28 0.00055155
53.29 0.0022494
53.3 -0.00042562
53.31 -0.0022552
53.32 -0.00012594
53.33 -0.00075095
53.34 -0.0023893
53.35 -0.0011474
53.36 5.947e-005
53.37 0.00080925
53.38 0.00049208
53.39 -0.0013853
53.4 7.2296e-005
53.41 0.00048392
53.42 6.9964e-006
53.43 6.9964e-005
53.44 0.00062501
53.45 -0.00054106
53.46 -0.00096084
53.47 0.0027636
53.48 0.0029117
53.49 0.00067865
53.5 -0.0019672
53.51 -0.0019427
53.52 -0.0010611
53.53 -0.00089904
53.54 0.00078127
53.55 0.001306
53.56 0.00096667
53.57 0.00015509
53.58 0.0020313
53.59 0.0010028
53.6 -0.00080226
53.61 -0.00172
53.62 -0.0021666
53.63 -0.00021689
53.64 6.6466e-005
53.65 0.0002542
53.66 0.0012116
53.67 0.0012792
53.68 0.0024861
53.69 0.0013025
53.7 0.00019124
53.71 0.0012605
53.72 0.0005294
53.73 -0.00074629
53.74 -0.00082091
53.75 0.0019567
53.76 -0.00043028
53.77 -0.0017083
53.78 -0.00062268
53.79 -4.3145e-005
53.8 0.00014226
53.81 5.4805e-005
53.82 -7.5795e-005
53.83 -0.0010775
53.84 -0.0010343
53.85 -0.00089438
53.86 0.00025887
53.87 0.0012675
53.88 0.00044427
53.89 4.3145e-005
53.9 -9.9116e-005
53.91 -0.0010448
53.92 -0.0010728
53.93 -0.00083724
53.94 5.5972e-005
53.95 0.00023088
53.96 0.0013736
53.97 0.0022587
53.98 -0.00029268
53.99 -0.0010238
54 0.00016558
54.01 0.00062268
54.02 0.0014879
54.03 0.00023905
54.04 0.00098183
54.05 0.0022797
54.06 0.00027636
54.07 -0.0012255
54.08 -9.4452e-005
54.09 0.0011754
54.1 -0.0007766
54.11 -0.00024604
54.12 0.0014331
54.13 0.00021689
54.14 -0.0011486
54.15 -0.00031251
54.16 3.848e-005
54.17 -0.0012349
54.18 -8.0459e-005
54.19 0.0017468
54.2 0.0011614
54.21 -0.00077194
54.22 -0.00025537
54.23 0.0020103
54.24 0.0023636
54.25 0.0016302
54.26 0.0009142
54.27 -5.2473e-005
54.28 -0.0011206
54.29 -0.00094918
54.3 -0.0011719
54.31 -0.00015276
54.32 0.0018494
54.33 0.00051424
54.34 -1.5159e-005
54.35 -0.00050024
54.36 -0.0017818
54.37 -0.0007871
54.38 -1.1661e-005
54.39 0.00021222
54.4 -0.0008454
54.41 -0.002282
54.42 -0.0014436
54.43 -0.00087106
54.44 -0.0019567
54.45 -0.0032988
54.46 -0.0011334
54.47 -6.6466e-005
54.48 -0.00098533
54.49 0.00099816
54.5 0.0023193
54.51 0.00017491
54.52 -0.00090954
54.53 1.1661e-005
54.54 -0.0013946
54.55 -0.0011136
54.56 0.0014518
54.57 0.00014692
54.58 -0.00089205
54.59 8.8621e-005
54.6 0.00019357
54.61 0.0013107
54.62 0.00040229
54.63 0.00018307
54.64 0.001264
54.65 0.00097484
54.66 5.2473e-005
54.67 0.00011078
54.68 -5.8304e-006
54.69 0.00079526
54.7 0.0011591
54.71 -0.00071247
54.72 -0.0010821
54.73 -0.00094219
54.74 0.00096901
54.75 0.0024627
54.76 0.0013083
54.77 -0.0020173
54.78 -0.0011929
54.79 -7.2296e-005
54.8 -0.0010028
54.81 -0.0017806
54.82 -0.0015602
54.83 -0.00089904
54.84 -0.00098067
54.85 0.00022738
54.86 -0.00070547
54.87 -0.0010833
54.88 -0.0010471
54.89 -0.00089788
54.9 0.0002717
54.91 0.0012337
54.92 0.00048392
54.93 7.3463e-005
54.94 0.0020068
54.95 0.0020721
54.96 -0.001369
54.97 -0.002359
54.98 -0.0014063
54.99 -0.00092236
55 -0.0011952
55.01 -0.00018657
55.02 -0.0007801
55.03 -0.0021526
55.04 -0.00027519
55.05 0.00065766
55.06 -3.1484e-005
55.07 -0.0012349
55.08 -0.0022307
55.09 -0.0014133
55.1 -0.0010063
55.11 -0.00087106
55.12 -1.2827e-005
55.13 -0.0018272
55.14 -0.0014553
55.15 0.0010448
55.16 0.00041629
55.17 8.9788e-005
55.18 -0.00063084
55.19 -0.0011358
55.2 -0.00098416
55.21 -0.0015672
55.22 -0.0011311
55.23 -0.00087222
55.24 0.00075212
55.25 0.0013491
55.26 0.00030668
55.27 -0.0012675
55.28 -0.00012943
55.29 -0.00086289
55.3 -0.0014145
55.31 0.00029385
55.32 -6.6466e-005
55.33 -0.00041862
55.34 -0.001994
55.35 -0.0019462
55.36 -0.00033583
55.37 0.0023135
55.38 0.0027309
55.39 0.0015684
55.4 0.0010168
55.41 0.0015206
55.42 0.0014168
55.43 -0.0005947
55.44 0.0007288
55.45 0.0013386
55.46 0.00045943
55.47 -0.00053523
55.48 0.00010261
55.49 -0.0007766
55.5 -0.0022237
55.51 -2.2155e-005
55.52 0.0012267
55.53 0.0010296
55.54 2.3321e-006
55.55 0.00015509
55.56 -3.265e-005
55.57 0.000323
55.58 0.0011579
55.59 0.00063784
55.6 -0.0010052
55.61 -0.0018832
55.62 0.0008559
55.63 0.0010879
55.64 -0.00051307
55.65 0.00018424
55.66 0.0012897
55.67 0.00043494
55.68 0.00060053
55.69 0.0021094
55.7 0.0014809
55.71 -0.0002647
55.72 -0.00095851
55.73 -0.0010075
55.74 0.00091653
55.75 0.00099233
55.76 0.00012594
55.77 -0.00016325
55.78 -0.00085007
55.79 -3.3816e-005
55.8 -0.0011917
55.81 -0.00022039
55.82 -0.00046643
55.83 0.00026003
55.84 0.00038014
55.85 -0.0017293
55.86 -0.00089321
55.87 0.00076378
55.88 0.001306
55.89 0.00061802
55.9 0.0012535
55.91 0.0024756
55.92 0.0014249
55.93 0.001952
55.94 0.0014996
55.95 2.7986e-005
55.96 0.0020056
55.97 0.0023403
55.98 0.0021269
55.99 0.0011567
56 0.0010938
56.01 -0.0002029
56.02 -0.00085823
56.03 0.00073463
56.04 0.0013666
56.05 0.00041512
56.06 -0.0004501
56.07 -0.00017141
56.08 -0.0010693
56.09 -0.00037664
56.1 0.00035099
56.11 0.0012034
56.12 0.00051074
56.13 -4.5477e-005
56.14 0.00013876
56.15 4.0813e-005
56.16 7.8127e-005
56.17 0.00010844
56.18 -3.7314e-005
56.19 0.00099932
56.2 0.0022575
56.21 0.0004536
56.22 -0.00053756
56.23 0.00010145
56.24 -0.00053989
56.25 0.00078477
56.26 0.001046
56.27 0.00071947
56.28 0.0011941
56.29 -0.0001306
56.3 0.00092003
56.31 0.00053873
56.32 -7.5795e-005
56.33 0.00022855
56.34 -0.00083841
56.35 -0.0022983
56.36 -0.001411
56.37 -0.00047226
56.38 -0.00095501
56.39 -0.0011404
56.4 -0.00017258
56.41 0.0013783
56.42 0.00040113
56.43 2.5654e-005
56.44 0.00011544
56.45 -0.00057954
56.46 -0.0012465
56.47 -0.00011078
56.48 0.0019054
56.49 0.0025863
56.5 0.0027764
56.51 0.0013538
56.52 -0.00065766
56.53 -0.001664
56.54 -0.00042445
56.55 0.00037664
56.56 0.0011684
56.57 0.00058304
56.58 -0.00076378
56.59 -0.0010565
56.6 -0.0010448
56.61 -0.0010413
56.62 -0.00090487
56.63 0.00017724
56.64 -8.3957e-005
56.65 0.00090604
56.66 0.00099
56.67 0.00015625
56.68 -0.0007113
56.69 -0.0003883
56.7 3.848e-005
56.71 -0.0012699
56.72 -0.0022295
56.73 -0.0012454
56.74 -0.00033699
56.75 7.8127e-005
56.76 0.0013526
56.77 0.00042445
56.78 -3.0318e-005
56.79 0.0007836
56.8 0.0013025
56.81 0.0009795
56.82 1.3993e-005
56.83 0.00078127
56.84 0.0012803
56.85 0.0011358
56.86 0.001229
56.87 0.00057254
56.88 -0.00092586
56.89 -0.0021036
56.9 -0.00025304
56.91 -4.1979e-005
56.92 -0.001004
56.93 0.00044311
56.94 0.00026703
56.95 -0.0017759
56.96 -0.0021876
56.97 -0.00011428
56.98 -0.00075095
56.99 -0.00017258
57 0.00066933
57.01 -0.0007836
57.02 -0.0010914
57.03 -0.0008524
57.04 8.8621e-005
57.05 6.53e-005
57.06 -3.265e-005
57.07 -0.0018062
57.08 -0.0020476
57.09 -0.00099349
57.1 -0.00047576
57.11 0.00094568
57.12 0.0011672
57.13 0.00076145
57.14 0.00083841
57.15 0.00030085
57.16 0.0012022
57.17 0.00055039
57.18 -0.00073812
57.19 -0.0010973
57.2 -0.00098533
57.21 -0.001264
57.22 -0.0015404
57.23 -0.00022272
57.24 0.00023088
57.25 0.0013025
57.26 0.00039763
57.27 9.212e-005
57.28 -0.00067749
57.29 -0.00033466
57.3 0.0019707
57.31 0.00088039
57.32 0.00022622
57.33 -0.00076728
57.34 -0.00036265
57.35 0.00010028
57.36 0.00087689
57.37 0.0023939
57.38 0.00013643
57.39 -0.0010576
57.4 -0.00047809
57.41 0.0011054
57.42 0.0022249
57.43 0.00026936
57.44 -0.0005947
57.45 0.0012011
57.46 0.0020838
57.47 0.0011987
57.48 0.0011579
57.49 0.0011159
57.5 -0.00087572
57.51 -0.0021316
57.52 -0.00024021
57.53 -6.53e-005
57.54 -0.0010879
57.55 -0.0010366
57.56 -0.00043844
57.57 0.00078477
57.58 -0.00018191
57.59 -0.00083957
57.6 6.6466e-005
57.61 6.4134e-005
57.62 6.4134e-005
57.63 6.53e-005
57.64 6.53e-005
57.65 5.8304e-005
57.66 8.0459e-005
57.67 1.8657e-005
57.68 0.00073579
57.69 0.0013456
57.7 0.00041629
57.71 -1.5159e-005
57.72 0.00060869
57.73 2.3321e-006
57.74 -0.0016815
57.75 -0.00086756
57.76 3.265e-005
57.77 0.00024721
57.78 0.0012081
57.79 0.0010238
57.8 -0.00015509
57.81 -0.0010378
57.82 -0.001067
57.83 -0.0010425
57.84 -0.00093519
57.85 0.00020056
57.86 -0.0002647
57.87 -0.00076961
57.88 -5.947e-005
57.89 0.0008524
57.9 0.00056321
57.91 -0.00068682
57.92 -0.0018436
57.93 -0.0019462
57.94 0.00087922
57.95 0.0010448
57.96 -0.00011777
57.97 -0.001713
57.98 -0.0023555
57.99 -0.0013573
58 -0.001566
58.01 -0.00037314
58.02 0.0021526
58.03 0.001383
58.04 -3.7314e-005
58.05 -1.6325e-005
58.06 -0.0012314
58.07 -0.00020989
58.08 -0.00061918
58.09 -0.0011404
58.1 -0.0010518
58.11 -0.00088971
58.12 8.5123e-005
58.13 4.0813e-005
58.14 4.3145e-005
58.15 0.00021922
58.16 0.0011334
58.17 -0.00095035
58.18 -0.0014214
58.19 0.00031717
58.2 -0.00020756
58.21 0.00050957
58.22 0.0001341
58.23 -0.0010308
58.24 -0.0011847
58.25 -0.0001376
58.26 0.0012815
58.27 0.00047459
58.28 -0.00011661
58.29 0.00034632
58.3 0.0010891
58.31 0.00068215
58.32 -0.0011229
58.33 -0.0012722
58.34 0.0001411
58.35 1.0495e-005
58.36 9.3286e-005
58.37 -0.00060053
58.38 -0.0012547
58.39 -0.0008489
58.4 -0.0019543
58.41 -0.0014214
58.42 -0.0016943
58.43 -0.0021876
58.44 -0.0002542
58.45 -0.00041279
58.46 -6.7632e-005
58.47 0.00013526
58.48 -7.4629e-005
58.49 0.00093402
58.5 0.0024534
58.51 0.0018424
58.52 1.3993e-005
58.53 0.00070781
58.54 0.0013526
58.55 0.00035332
58.56 6.8798e-005
58.57 -0.00065533
58.58 -0.0011567
58.59 -0.0010413
58.6 -0.00094918
58.61 0.00027519
58.62 0.0011532
58.63 0.0010495
58.64 -0.00071597
58.65 -0.0009725
58.66 0.00012244
58.67 -2.4487e-005
58.68 0.00011078
58.69 -3.6148e-005
58.7 0.0002577
58.71 0.0011801
58.72 0.00052357
58.73 -0.00076961
58.74 -0.0011101
58.75 -0.0010646
58.76 -0.00095035
58.77 0.0001924
58.78 -0.00080576
58.79 -0.00033583
58.8 -0.00072296
58.81 -0.0022692
58.82 -0.0002029
58.83 1.5159e-005
58.84 -0.0003883
58.85 -0.00016791
58.86 0.00085007
58.87 0.0011416
58.88 0.0013608
58.89 0.0016616
58.9 0.00029851
58.91 5.947e-005
58.92 -0.0005154
58.93 4.5477e-005
58.94 -0.00067632
58.95 -0.001004
58.96 0.00011544
58.97 0.00011194
58.98 0.0013083
58.99 0.00082908
59 0.00066
59.01 -0.00060752
59.02 -0.0016908
59.03 -0.0011148
59.04 -0.0010448
59.05 -0.0012465
59.06 -0.0021479
59.07 -0.00010844
59.08 0.0011859
59.09 0.0011824
59.1 0.00093636
59.11 6.8798e-005
59.12 -5.8304e-005
59.13 0.00081275
59.14 0.0005259
59.15 -8.6289e-005
59.16 -0.00049908
59.17 -0.0020068
59.18 -0.001383
59.19 0.00087106
59.2 0.0011591
59.21 0.00069381
59.22 0.00093169
59.23 0.0021153
59.24 0.0033233
59.25 0.0013911
59.26 -0.00089904
59.27 -0.002387
59.28 -0.00065533
59.29 0.0021316
59.3 0.0013935
59.31 -0.00017141
59.32 0.0013538
59.33 0.00060752
59.34 -0.00016325
59.35 6.0636e-005
59.36 -0.001966
59.37 -0.0015252
59.38 -0.00024837
59.39 0.0020698
59.4 0.0014832
59.41 0.0013293
59.42 0.0015684
59.43 0.0011882
59.44 0.0022715
59.45 0.00016791
59.46 -0.0017479
59.47 -0.0029187
59.48 -0.0013188
59.49 0.00014692
59.5 -6.4134e-005
59.51 0.0007218
59.52 0.0013095
59.53 0.00036148
59.54 -1.1661e-006
59.55 3.4982e-006
59.56 8.8621e-005
59.57 -8.9788e-005
59.58 0.00036148
59.59 0.00021339
59.6 -0.0010565
59.61 0.0007871
59.62 0.0012465
59.63 0.00041046
59.64 0.00052473
59.65 0.0021059
59.66 0.0013643
59.67 -8.3957e-005
59.68 8.9788e-005
59.69 -1.6325e-005
59.7 5.7138e-005
59.71 4.6643e-006
59.72 3.9647e-005
59.73 1.9823e-005
59.74 2.5654e-005
59.75 3.4982e-005
59.76 5.8304e-006
59.77 7.113e-005
59.78 -0.00016791
59.79 -0.0011078
59.8 -0.0010576
59.81 -0.0011544
59.82 -0.00027286
59.83 0.0018949
59.84 0.00023671
59.85 -0.0012011
59.86 -0.00041629
59.87 0.00035332
59.88 0.00090254
59.89 4.3145e-005
59.9 3.4982e-006
59.91 5.5972e-005
59.92 -1.8657e-005
59.93 8.2791e-005
59.94 -5.8304e-005
59.95 0.00015975
59.96 -0.00078477
59.97 -0.00091653
59.98 -0.00049908
59.99 0.00013643
60 0.00056904
