0.01 -1.3887e-005
0.02 4.9546e-006
0.03 3.9023e-006
0.04 -0.00012945
0.05 -0.0002675
0.06 -0.00028979
0.07 -0.00019108
0.08 -6.3971e-005
0.09 -5.2749e-005
0.1 -0.00015408
0.11 -0.00026061
0.12 -0.00029098
0.13 -0.00026148
0.14 -0.0001992
0.15 -0.00016241
0.16 -0.00024131
0.17 -0.00042322
0.18 -0.00061418
0.19 -0.00061739
0.2 -0.00043528
0.21 -0.00025244
0.22 -0.00011514
0.23 -3.7393e-005
0.24 -0.00012065
0.25 -0.00034378
0.26 -0.00052135
0.27 -0.00060337
0.28 -0.00064988
0.29 -0.00058762
0.3 -0.00045384
0.31 -0.00030486
0.32 -0.00011299
0.33 -2.4692e-005
0.34 5.0708e-005
0.35 0.00011189
0.36 5.3424e-005
0.37 -0.00013072
0.38 -0.00033245
0.39 -0.00025518
0.4 -9.9946e-005
0.41 -0.00014889
0.42 -0.00019901
0.43 -7.3838e-005
0.44 -6.6252e-006
0.45 -6.9479e-005
0.46 -0.00018856
0.47 -0.00044744
0.48 -0.00066718
0.49 -0.0006269
0.5 -0.00039546
0.51 -0.00032381
0.52 -0.00036659
0.53 -0.00019318
0.54 -0.00017775
0.55 -0.00041835
0.56 -0.00046877
0.57 -0.00033621
0.58 -0.00011401
0.59 -3.0407e-005
0.6 -8.1009e-005
0.61 -0.00012999
0.62 -0.00034778
0.63 -0.00026135
0.64 -0.00011737
0.65 -0.0004064
0.66 -0.00039831
0.67 -0.00032428
0.68 -0.00044026
0.69 -0.00040407
0.7 -0.00031701
0.71 -0.00022271
0.72 -0.00018902
0.73 -0.0002731
0.74 -0.00028024
0.75 -0.00035121
0.76 -0.00056581
0.77 -0.00016827
0.78 0.00011284
0.79 -0.00029916
0.8 -5.032e-005
0.81 -3.1202e-007
0.82 -0.00039039
0.83 -0.00027805
0.84 -0.00035272
0.85 -0.00032133
0.86 -0.00037266
0.87 -0.00019832
0.88 8.2849e-005
0.89 -2.0264e-005
0.9 -3.0999e-005
0.91 1.9612e-006
0.92 -0.00015836
0.93 -0.00062284
0.94 -0.00040196
0.95 -0.00013347
0.96 -0.00026506
0.97 -0.00020336
0.98 -0.00011072
0.99 -2.0554e-005
1 0.0001397
1.01 8.5637e-005
1.02 -0.00016378
1.03 -0.0001712
1.04 -0.00023646
1.05 -0.0005482
1.06 -0.00067965
1.07 -0.00029191
1.08 0.00026218
1.09 0.0003347
1.1 -0.00040345
1.11 -0.00071141
1.12 -0.00022515
1.13 -0.00016388
1.14 -0.00058451
1.15 -0.00020125
1.16 0.00019109
1.17 5.7662e-005
1.18 2.4494e-005
1.19 -0.00031023
1.2 -7.9329e-005
1.21 0.0001994
1.22 -0.00040311
1.23 -0.0010228
1.24 -0.00034381
1.25 -0.00015983
1.26 -0.0010203
1.27 -0.0003917
1.28 0.00034157
1.29 0.00028111
1.3 0.00037092
1.31 0.00028404
1.32 0.00021636
1.33 5.9527e-005
1.34 0.00019568
1.35 -2.2876e-005
1.36 -0.00062636
1.37 -0.00014806
1.38 -0.00042812
1.39 -0.00063535
1.4 0.0004334
1.41 0.00025434
1.42 -0.00065975
1.43 -4.8665e-005
1.44 0.00055051
1.45 0.00027895
1.46 0.00026949
1.47 0.00015968
1.48 7.4935e-005
1.49 4.6538e-005
1.5 0.00011462
1.51 0.00022621
1.52 0.00033926
1.53 0.00035234
1.54 0.0004639
1.55 0.00035001
1.56 -0.00015063
1.57 0.00011587
1.58 0.00043001
1.59 0.00021419
1.6 0.0003218
1.61 0.00015765
1.62 0.00037943
1.63 -9.6545e-005
1.64 -0.00056082
1.65 -0.00049058
1.66 -0.0024807
1.67 -0.0010494
1.68 0.0010838
1.69 6.9166e-005
1.7 -0.00036597
1.71 -3.4123e-006
1.72 0.00039795
1.73 0.00040188
1.74 0.00029676
1.75 0.00080842
1.76 0.0012046
1.77 -0.00034282
1.78 -2.4428e-005
1.79 0.0010264
1.8 -0.00040734
1.81 -0.0012972
1.82 -0.00011274
1.83 0.00052664
1.84 0.00053167
1.85 0.00034228
1.86 -0.00091417
1.87 -8.943e-005
1.88 0.00081139
1.89 0.00046405
1.9 0.00045782
1.91 0.00070645
1.92 0.0003375
1.93 -0.0010275
1.94 -0.00024547
1.95 0.00063423
1.96 0.00021721
1.97 0.00057715
1.98 0.00044338
1.99 -0.00020489
2 0.00039294
2.01 0.00089817
2.02 0.00091627
2.03 0.0008444
2.04 -0.00090744
2.05 -0.0016463
2.06 0.00039309
2.07 0.0016781
2.08 0.00090204
2.09 0.00043634
2.1 0.0005176
2.11 0.00033122
2.12 0.00034823
2.13 0.00027798
2.14 0.0004504
2.15 0.00033304
2.16 -0.00036033
2.17 6.2568e-005
2.18 0.00075621
2.19 0.00034587
2.2 -0.00033839
2.21 0.0001322
2.22 0.00074619
2.23 0.00061944
2.24 0.00078559
2.25 0.00072296
2.26 0.00084144
2.27 0.00043331
2.28 -0.00019841
2.29 -0.00013514
2.3 0.00017799
2.31 0.0012094
2.32 -0.0002366
2.33 -0.0020057
2.34 -0.0012678
2.35 0.00025509
2.36 0.0010224
2.37 0.00071854
2.38 0.00084454
2.39 0.00071811
2.4 0.00086415
2.41 0.00055466
2.42 -0.001457
2.43 -0.00098379
2.44 0.00031136
2.45 -0.00017133
2.46 0.0011253
2.47 0.0013485
2.48 0.00052913
2.49 0.00092484
2.5 0.00069137
2.51 0.0010176
2.52 0.0005885
2.53 -0.0011919
2.54 -0.00023736
2.55 0.0010585
2.56 -0.00077134
2.57 -0.0012564
2.58 0.00019767
2.59 -0.0004238
2.6 6.3604e-005
2.61 0.0015208
2.62 0.00058129
2.63 -0.0011427
2.64 -0.00085874
2.65 -6.0211e-005
2.66 -0.00012893
2.67 0.00097334
2.68 0.0013898
2.69 0.0011337
2.7 0.0010649
2.71 0.0010387
2.72 0.00059082
2.73 0.0009138
2.74 0.0025194
2.75 0.0013498
2.76 0.00021218
2.77 0.00078312
2.78 0.00080807
2.79 0.00078586
2.8 0.0011872
2.81 0.0006845
2.82 -0.0010156
2.83 1.912e-005
2.84 0.0016756
2.85 0.00083301
2.86 -0.00096114
2.87 0.00014886
2.88 0.002292
2.89 0.0011986
2.9 -0.0013476
2.91 -0.0016142
2.92 0.00041638
2.93 0.0013314
2.94 0.00033777
2.95 -0.0013524
2.96 -0.00040507
2.97 0.001045
2.98 0.0004131
2.99 -0.00024016
3 0.00029416
3.01 0.00082253
3.02 0.00045324
3.03 0.00049941
3.04 0.00041341
3.05 0.00082802
3.06 0.00080162
3.07 -0.00089636
3.08 -0.0019263
3.09 -0.0012619
3.1 0.00041066
3.11 0.001687
3.12 0.00095096
3.13 -0.00044007
3.14 0.00056165
3.15 0.00067402
3.16 -0.00047748
3.17 0.0010141
3.18 0.00061028
3.19 -0.0010559
3.2 0.00093772
3.21 0.0020228
3.22 0.00051442
3.23 -0.00081582
3.24 3.1651e-005
3.25 0.0013409
3.26 0.00060783
3.27 -8.4901e-005
3.28 0.00031822
3.29 0.0012201
3.3 0.00061822
3.31 -0.00091847
3.32 -0.0010418
3.33 -0.00094708
3.34 0.00034725
3.35 0.0014867
3.36 0.0011685
3.37 0.0013185
3.38 0.00022524
3.39 -0.0011298
3.4 -0.0015291
3.41 -0.0013401
3.42 0.0008961
3.43 0.0012937
3.44 -0.00085771
3.45 0.00023674
3.46 0.0012837
3.47 0.00068178
3.48 0.00085356
3.49 0.00079167
3.5 0.00096279
3.51 0.00078096
3.52 -0.00022374
3.53 0.00035212
3.54 0.00080582
3.55 0.0010386
3.56 0.00073364
3.57 -0.00042898
3.58 0.00019167
3.59 2.7048e-006
3.6 4.6021e-005
3.61 -0.00047411
3.62 -5.559e-005
3.63 0.0012315
3.64 0.00082071
3.65 0.0010235
3.66 0.0011309
3.67 0.0010899
3.68 0.0011179
3.69 0.00092062
3.7 0.0012219
3.71 0.00075413
3.72 -0.0011447
3.73 -1.9857e-005
3.74 0.0010366
3.75 -0.0016778
3.76 -0.0020925
3.77 0.00015151
3.78 0.0013329
3.79 0.00068066
3.8 -0.00089523
3.81 0.00023982
3.82 0.0017535
3.83 -0.0012478
3.84 -0.0049118
3.85 -0.0028772
3.86 0.00092239
3.87 0.0008662
3.88 -0.0015199
3.89 -0.0020661
3.9 0.00020884
3.91 0.0010161
3.92 0.00075963
3.93 0.00092701
3.94 0.00093157
3.95 0.001003
3.96 0.0010678
3.97 0.0010102
3.98 0.0011504
3.99 0.00085171
4 -0.00011593
4.01 0.00039792
4.02 0.001013
4.03 0.00087904
4.04 0.00075464
4.05 0.00092374
4.06 0.0018843
4.07 0.001549
4.08 0.0011734
4.09 0.001477
4.1 0.0012626
4.11 0.00092162
4.12 0.0010016
4.13 0.00077129
4.14 0.0003096
4.15 0.00083943
4.16 -0.0005388
4.17 -0.0018302
4.18 -0.00059952
4.19 0.00045988
4.2 0.00077623
4.21 0.00094443
4.22 0.0013564
4.23 0.0015361
4.24 0.0014795
4.25 0.0010852
4.26 -0.0016291
4.27 -0.0030995
4.28 4.6648e-005
4.29 0.0016391
4.3 0.0011557
4.31 0.001242
4.32 0.00082901
4.33 0.00051914
4.34 0.00048332
4.35 0.00060277
4.36 0.00093012
4.37 0.0013261
4.38 0.0014997
4.39 0.0013748
4.4 0.0011839
4.41 0.00097339
4.42 0.00079584
4.43 0.00075913
4.44 0.00088605
4.45 0.0010064
4.46 0.0011056
4.47 0.00077307
4.48 0.00080706
4.49 0.001572
4.5 0.0010304
4.51 0.00052344
4.52 0.00097523
4.53 0.0010805
4.54 0.0012899
4.55 0.0011649
4.56 0.0013703
4.57 0.0023105
4.58 0.0018826
4.59 0.0013551
4.6 0.0015256
4.61 0.0012322
4.62 0.00097556
4.63 0.00088569
4.64 0.0008631
4.65 0.00097093
4.66 0.00094273
4.67 0.0013615
4.68 0.0010471
4.69 -0.00080636
4.7 0.000374
4.71 0.0014283
4.72 -0.0011079
4.73 -0.001656
4.74 0.0013438
4.75 0.00016857
4.76 -0.0055767
4.77 -0.0030238
4.78 0.0025762
4.79 0.0022055
4.8 -0.00047655
4.81 -0.0054104
4.82 -0.0066925
4.83 -0.0019026
4.84 -0.00088033
4.85 -0.001203
4.86 0.0026431
4.87 0.005526
4.88 0.0063466
4.89 0.0069754
4.9 0.014511
4.91 0.0201
4.92 0.005164
4.93 -0.013271
4.94 -0.01497
4.95 -0.0099262
4.96 -0.007053
4.97 -0.0040103
4.98 0.0012475
4.99 0.0005312
5 -0.0085938
5.01 -0.014813
5.02 -0.015979
5.03 -0.012465
5.04 -0.0066093
5.05 -0.0078483
5.06 -0.0090376
5.07 -0.0023836
5.08 0.007938
5.09 0.017258
5.1 0.0089273
5.11 -0.0078371
5.12 -0.01222
5.13 -0.013863
5.14 -0.018455
5.15 -0.019384
5.16 -0.023376
5.17 -0.025644
5.18 -0.028206
5.19 -0.033147
5.2 -0.024771
5.21 -0.019967
5.22 -0.019912
5.23 -0.017259
5.24 -0.020569
5.25 -0.022855
5.26 -0.018661
5.27 -0.015693
5.28 -0.011563
5.29 -0.0093303
5.3 -0.011457
5.31 -0.0061753
5.32 0.0051859
5.33 0.027015
5.34 0.052022
5.35 0.079678
5.36 0.12061
5.37 0.15706
5.38 0.16962
5.39 0.16056
5.4 0.14548
5.41 0.13715
5.42 0.13211
5.43 0.12415
5.44 0.11422
5.45 0.096122
5.46 0.068852
5.47 0.032801
5.48 -0.014661
5.49 -0.069377
5.5 -0.12687
5.51 -0.17433
5.52 -0.19455
5.53 -0.18922
5.54 -0.16962
5.55 -0.14638
5.56 -0.12818
5.57 -0.11313
5.58 -0.10206
5.59 -0.083884
5.6 -0.050299
5.61 -0.017823
5.62 0.0027966
5.63 0.0080816
5.64 0.0053002
5.65 0.0052005
5.66 0.0082572
5.67 0.0016027
5.68 -0.015259
5.69 -0.01611
5.7 -0.0020528
5.71 0.004064
5.72 0.0081327
5.73 0.014606
5.74 0.011727
5.75 0.0090255
5.76 -0.0011471
5.77 -0.029929
5.78 -0.061667
5.79 -0.085613
5.8 -0.089656
5.81 -0.074808
5.82 -0.051888
5.83 -0.026794
5.84 -0.0055402
5.85 0.019425
5.86 0.054874
5.87 0.088675
5.88 0.10037
5.89 0.085958
5.9 0.067179
5.91 0.053666
5.92 0.048126
5.93 0.050001
5.94 0.049342
5.95 0.04988
5.96 0.044906
5.97 0.012559
5.98 -0.036232
5.99 -0.068231
6 -0.077123
6.01 -0.070884
6.02 -0.060237
6.03 -0.04941
6.04 -0.032171
6.05 -0.014421
6.06 -0.0083004
6.07 -0.012931
6.08 -0.014871
6.09 -0.010813
6.1 0.0039605
6.11 0.027553
6.12 0.031813
6.13 0.01237
6.14 -0.01262
6.15 -0.03158
6.16 -0.026713
6.17 0.010988
6.18 0.052256
6.19 0.072084
6.2 0.074062
6.21 0.054096
6.22 0.014267
6.23 -0.025481
6.24 -0.041477
6.25 -0.033153
6.26 -0.02222
6.27 -0.01891
6.28 -0.019703
6.29 -0.016117
6.3 -0.0031581
6.31 0.014109
6.32 0.028718
6.33 0.030746
6.34 0.024511
6.35 0.02575
6.36 0.032859
6.37 0.034867
6.38 0.029125
6.39 0.025239
6.4 0.021439
6.41 0.0089939
6.42 -0.0055265
6.43 -0.0066327
6.44 0.0026075
6.45 0.014099
6.46 0.028756
6.47 0.040326
6.48 0.047146
6.49 0.049258
6.5 0.044543
6.51 0.029712
6.52 0.010669
6.53 -0.00090088
6.54 -0.0037821
6.55 -0.0014862
6.56 0.0052878
6.57 0.02048
6.58 0.031859
6.59 0.035908
6.6 0.040076
6.61 0.02324
6.62 -0.013503
6.63 -0.036962
6.64 -0.03925
6.65 -0.032738
6.66 -0.023347
6.67 -0.0096875
6.68 -0.0015896
6.69 -0.016612
6.7 -0.046626
6.71 -0.066864
6.72 -0.069115
6.73 -0.062037
6.74 -0.050538
6.75 -0.039224
6.76 -0.037823
6.77 -0.043247
6.78 -0.043981
6.79 -0.033971
6.8 -0.0016797
6.81 0.045031
6.82 0.062158
6.83 0.044243
6.84 0.034183
6.85 0.046799
6.86 0.050957
6.87 0.030696
6.88 0.0092981
6.89 -0.0050383
6.9 -0.018936
6.91 -0.027496
6.92 -0.022231
6.93 -0.0064098
6.94 0.0020205
6.95 0.0034899
6.96 0.0061681
6.97 0.0092374
6.98 0.0083676
6.99 -0.0068557
7 -0.023041
7.01 -0.02883
7.02 -0.020958
7.03 -0.0034004
7.04 -0.00049892
7.05 -0.011281
7.06 -0.02572
7.07 -0.034419
7.08 -0.030719
7.09 -0.022717
7.1 -0.010123
7.11 0.0026497
7.12 0.017848
7.13 0.039442
7.14 0.057954
7.15 0.073978
7.16 0.080811
7.17 0.072394
7.18 0.037322
7.19 -0.012903
7.2 -0.042431
7.21 -0.051788
7.22 -0.044925
7.23 -0.031953
7.24 -0.022364
7.25 -0.018681
7.26 -0.022215
7.27 -0.016965
7.28 -0.0032267
7.29 0.0061569
7.3 0.0083883
7.31 0.0062207
7.32 -0.002824
7.33 -0.018453
7.34 -0.029496
7.35 -0.031271
7.36 -0.033034
7.37 -0.030026
7.38 -0.0079244
7.39 0.024068
7.4 0.052848
7.41 0.071305
7.42 0.073231
7.43 0.055457
7.44 0.026008
7.45 0.0082627
7.46 0.006047
7.47 0.0012444
7.48 -0.012556
7.49 -0.027438
7.5 -0.032256
7.51 -0.021914
7.52 0.0038574
7.53 0.028543
7.54 0.015788
7.55 -0.022819
7.56 -0.04708
7.57 -0.048557
7.58 -0.03204
7.59 -0.003736
7.6 0.026673
7.61 0.044441
7.62 0.048704
7.63 0.043499
7.64 0.024938
7.65 0.0044486
7.66 -0.001965
7.67 0.00048648
7.68 0.00081302
7.69 0.00043208
7.7 0.0016187
7.71 0.0038874
7.72 0.0011351
7.73 -0.0063464
7.74 -0.0016007
7.75 0.018343
7.76 0.0373
7.77 0.041921
7.78 0.038606
7.79 0.033595
7.8 0.023246
7.81 0.0098052
7.82 0.0052214
7.83 0.00078542
7.84 -0.017024
7.85 -0.029754
7.86 -0.029283
7.87 -0.019815
7.88 -0.009539
7.89 -0.0047703
7.9 -0.0062604
7.91 -0.014142
7.92 -0.016564
7.93 -0.0023113
7.94 0.0081723
7.95 0.0021295
7.96 -0.002809
7.97 -0.010712
7.98 -0.023537
7.99 -0.032718
8 -0.032595
8.01 -0.013917
8.02 0.006817
8.03 0.0097787
8.04 -0.0050443
8.05 -0.024207
8.06 -0.026501
8.07 -0.01166
8.08 0.0041528
8.09 0.0084971
8.1 0.0038188
8.11 -0.0056204
8.12 -0.011421
8.13 0.00099153
8.14 0.027574
8.15 0.053275
8.16 0.055274
8.17 0.029821
8.18 0.0012801
8.19 -0.018678
8.2 -0.030912
8.21 -0.020912
8.22 0.014229
8.23 0.042519
8.24 0.05437
8.25 0.061175
8.26 0.052906
8.27 0.031224
8.28 0.0066291
8.29 -0.02186
8.3 -0.041343
8.31 -0.048376
8.32 -0.050153
8.33 -0.04196
8.34 -0.029884
8.35 -0.019125
8.36 -0.0057103
8.37 0.00078395
8.38 -0.0094538
8.39 -0.02312
8.4 -0.029057
8.41 -0.030585
8.42 -0.023922
8.43 -0.0040521
8.44 0.025144
8.45 0.041587
8.46 0.034588
8.47 0.011137
8.48 -0.0099731
8.49 -0.010616
8.5 -0.0061922
8.51 -0.0011926
8.52 0.005538
8.53 -0.0010117
8.54 -0.014849
8.55 -0.021442
8.56 -0.022236
8.57 -0.015146
8.58 -0.0085928
8.59 -0.011814
8.6 -0.015013
8.61 -0.013367
8.62 -0.00090838
8.63 0.016959
8.64 0.030343
8.65 0.038393
8.66 0.036077
8.67 0.023803
8.68 0.0089961
8.69 0.0059853
8.7 0.015948
8.71 0.026159
8.72 0.027389
8.73 0.013408
8.74 -0.010276
8.75 -0.030351
8.76 -0.033208
8.77 -0.024522
8.78 -0.015316
8.79 -0.0093137
8.8 -0.0062855
8.81 -0.0018799
8.82 -0.0018559
8.83 -0.0079216
8.84 -0.014772
8.85 -0.014694
8.86 -0.012856
8.87 -0.010838
8.88 -0.001696
8.89 0.0068437
8.9 0.013835
8.91 0.020649
8.92 0.025293
8.93 0.027337
8.94 0.023426
8.95 0.011701
8.96 -0.0055028
8.97 -0.019081
8.98 -0.022808
8.99 -0.013835
9 0.0031883
9.01 0.0092212
9.02 0.0078308
9.03 0.0078528
9.04 0.0013972
9.05 -0.0073921
9.06 -0.011482
9.07 -0.0048618
9.08 0.0050375
9.09 0.0045602
9.1 0.0039148
9.11 0.00040203
9.12 -0.0072033
9.13 -0.0031909
9.14 0.00099714
9.15 0.0023628
9.16 0.0035993
9.17 0.0025525
9.18 0.0035371
9.19 0.0065289
9.2 0.024985
9.21 0.044896
9.22 0.048427
9.23 0.044373
9.24 0.025605
9.25 -0.0087063
9.26 -0.032601
9.27 -0.033405
9.28 -0.022667
9.29 -0.0078176
9.3 0.0071747
9.31 0.014931
9.32 0.011815
9.33 0.0023972
9.34 -0.012497
9.35 -0.021752
9.36 -0.021187
9.37 -0.017946
9.38 -0.015031
9.39 -0.017463
9.4 -0.021237
9.41 -0.021742
9.42 -0.017869
9.43 -0.0043831
9.44 0.012849
9.45 0.025116
9.46 0.031025
9.47 0.02158
9.48 0.0048406
9.49 -0.0090259
9.5 -0.015651
9.51 -0.015814
9.52 -0.016908
9.53 -0.015179
9.54 -0.0097989
9.55 -0.0005655
9.56 0.0053891
9.57 0.0054667
9.58 0.01301
9.59 0.024849
9.6 0.029406
9.61 0.022098
9.62 0.010593
9.63 0.0016461
9.64 -0.0053883
9.65 -0.0022742
9.66 0.0072937
9.67 0.020499
9.68 0.023608
9.69 0.011496
9.7 0.0030863
9.71 -0.0069596
9.72 -0.022989
9.73 -0.037748
9.74 -0.039257
9.75 -0.032509
9.76 -0.022916
9.77 -0.0036959
9.78 0.015347
9.79 0.021733
9.8 0.012282
9.81 0.0054861
9.82 0.0042563
9.83 -0.00025188
9.84 -0.005172
9.85 -0.0085598
9.86 -0.0070929
9.87 -0.0021373
9.88 0.00090643
9.89 0.0066194
9.9 0.013798
9.91 0.018094
9.92 0.029119
9.93 0.026004
9.94 0.010498
9.95 0.0071768
9.96 -0.0029165
9.97 -0.022439
9.98 -0.036366
9.99 -0.038433
10 -0.029874
10.01 -0.023069
10.02 -0.01873
10.03 -0.016841
10.04 -0.016183
10.05 -0.0086811
10.06 0.0038391
10.07 0.022924
10.08 0.039039
10.09 0.042134
10.1 0.045205
10.11 0.043424
10.12 0.032881
10.13 0.028064
10.14 0.026358
10.15 0.024637
10.16 0.025235
10.17 0.024617
10.18 0.023442
10.19 0.012258
10.2 -0.0042789
10.21 -0.01319
10.22 -0.015051
10.23 -0.0030579
10.24 0.017058
10.25 0.030772
10.26 0.029413
10.27 0.01216
10.28 -0.0095397
10.29 -0.022577
10.3 -0.025877
10.31 -0.019731
10.32 -0.012849
10.33 -0.012201
10.34 -0.014876
10.35 -0.014174
10.36 -0.005512
10.37 0.0071376
10.38 0.028637
10.39 0.038812
10.4 0.032367
10.41 0.028294
10.42 0.021634
10.43 0.01111
10.44 0.0012545
10.45 -0.0065334
10.46 -0.0082993
10.47 -0.0036335
10.48 -0.0003225
10.49 0.0037301
10.5 0.017804
10.51 0.034935
10.52 0.044336
10.53 0.037447
10.54 0.0083837
10.55 -0.029411
10.56 -0.050087
10.57 -0.042027
10.58 -0.018455
10.59 0.0053293
10.6 0.012311
10.61 -0.0044806
10.62 -0.030957
10.63 -0.054525
10.64 -0.067912
10.65 -0.068743
10.66 -0.057848
10.67 -0.041948
10.68 -0.023404
10.69 -0.0069245
10.7 0.0062413
10.71 0.027503
10.72 0.041054
10.73 0.035069
10.74 0.021288
10.75 0.0035722
10.76 -0.011755
10.77 -0.014353
10.78 -0.0074164
10.79 -0.0050642
10.8 -0.017191
10.81 -0.03545
10.82 -0.040848
10.83 -0.033327
10.84 -0.017767
10.85 0.0012408
10.86 0.003068
10.87 -0.012321
10.88 -0.025367
10.89 -0.023634
10.9 4.9458e-005
10.91 0.029525
10.92 0.048696
10.93 0.053397
10.94 0.042681
10.95 0.029061
10.96 0.020112
10.97 0.018142
10.98 0.028617
10.99 0.044214
11 0.053959
11.01 0.052162
11.02 0.031276
11.03 0.0068829
11.04 -0.0074915
11.05 -0.020527
11.06 -0.031579
11.07 -0.038387
11.08 -0.047711
11.09 -0.062003
11.1 -0.074635
11.11 -0.0768
11.12 -0.066358
11.13 -0.042668
11.14 -0.010507
11.15 0.0089251
11.16 0.0068252
11.17 -0.006552
11.18 -0.018763
11.19 -0.023647
11.2 -0.01955
11.21 -0.0083083
11.22 0.0011509
11.23 0.0033398
11.24 0.0042714
11.25 0.0077452
11.26 0.0087359
11.27 0.010075
11.28 0.0092469
11.29 -0.0031187
11.3 -0.021255
11.31 -0.037713
11.32 -0.04945
11.33 -0.053588
11.34 -0.048379
11.35 -0.039684
11.36 -0.036133
11.37 -0.037765
11.38 -0.044939
11.39 -0.051018
11.4 -0.04837
11.41 -0.041596
11.42 -0.02585
11.43 -0.0034724
11.44 0.0068049
11.45 0.0083897
11.46 0.0085411
11.47 0.0044593
11.48 0.0065221
11.49 0.019284
11.5 0.025082
11.51 0.023228
11.52 0.012469
11.53 -0.0148
11.54 -0.041406
11.55 -0.056243
11.56 -0.054974
11.57 -0.040696
11.58 -0.020162
11.59 0.00064233
11.6 0.0068744
11.61 -0.0051427
11.62 -0.019528
11.63 -0.029537
11.64 -0.032967
11.65 -0.025264
11.66 -0.016176
11.67 -0.007432
11.68 0.001701
11.69 0.017828
11.7 0.040989
11.71 0.056525
11.72 0.058329
11.73 0.051446
11.74 0.036188
11.75 0.012806
11.76 -0.0039911
11.77 -0.0098573
11.78 -0.0091725
11.79 -0.0026886
11.8 0.00171
11.81 0.0074271
11.82 0.021407
11.83 0.027035
11.84 0.034612
11.85 0.047901
11.86 0.048865
11.87 0.041253
11.88 0.025727
11.89 0.0098794
11.9 0.007176
11.91 0.0034505
11.92 -0.0090019
11.93 -0.014561
11.94 -0.014552
11.95 -0.0093693
11.96 0.0052775
11.97 0.019086
11.98 0.02415
11.99 0.018836
12 0.0095478
12.01 0.01404
12.02 0.019597
12.03 0.0054584
12.04 -0.023868
12.05 -0.056504
12.06 -0.065672
12.07 -0.039483
12.08 0.0011835
12.09 0.021753
12.1 0.011722
12.11 -0.010524
12.12 -0.029063
12.13 -0.028876
12.14 -0.0052969
12.15 0.032162
12.16 0.057073
12.17 0.044325
12.18 0.003694
12.19 -0.049346
12.2 -0.082735
12.21 -0.0497
12.22 0.026948
12.23 0.07885
12.24 0.068893
12.25 0.017957
12.26 -0.026606
12.27 -0.046453
12.28 -0.025063
12.29 0.033376
12.3 0.077845
12.31 0.085647
12.32 0.066533
12.33 0.018751
12.34 -0.040909
12.35 -0.06585
12.36 -0.047232
12.37 -0.01717
12.38 0.014203
12.39 0.042242
12.4 0.04681
12.41 0.030421
12.42 0.0087677
12.43 0.0040301
12.44 0.027917
12.45 0.05476
12.46 0.070585
12.47 0.073102
12.48 0.0581
12.49 0.031262
12.5 0.00089726
12.51 -0.02085
12.52 -0.026022
12.53 -0.02647
12.54 -0.0354
12.55 -0.0516
12.56 -0.061137
12.57 -0.048336
12.58 -0.013808
12.59 0.024265
12.6 0.041927
12.61 0.041183
12.62 0.033308
12.63 0.020915
12.64 0.0088361
12.65 -0.001137
12.66 0.004256
12.67 0.025468
12.68 0.033073
12.69 0.022621
12.7 0.0078751
12.71 0.0055568
12.72 0.02267
12.73 0.027992
12.74 0.011847
12.75 -0.010022
12.76 -0.029217
12.77 -0.032096
12.78 -0.017157
12.79 -0.0058129
12.8 -0.013081
12.81 -0.030656
12.82 -0.046043
12.83 -0.050316
12.84 -0.042356
12.85 -0.021776
12.86 0.010513
12.87 0.038407
12.88 0.048673
12.89 0.04142
12.9 0.023124
12.91 0.0022291
12.92 -0.014007
12.93 -0.019007
12.94 -0.020333
12.95 -0.027487
12.96 -0.031933
12.97 -0.032122
12.98 -0.023822
12.99 0.00049348
13 0.033976
13.01 0.056576
13.02 0.056028
13.03 0.036763
13.04 0.012671
13.05 -8.6034e-005
13.06 -0.004707
13.07 -0.0032257
13.08 0.0065859
13.09 0.019944
13.1 0.022189
13.11 0.0088315
13.12 -0.0072162
13.13 -0.010255
13.14 -0.0043242
13.15 -0.0039517
13.16 0.00012702
13.17 0.0058459
13.18 0.004379
13.19 0.00025976
13.2 -0.00992
13.21 -0.025359
13.22 -0.036762
13.23 -0.043572
13.24 -0.039312
13.25 -0.024264
13.26 -0.013178
13.27 -0.014276
13.28 -0.018876
13.29 -0.014106
13.3 -4.6061e-005
13.31 0.023817
13.32 0.040962
13.33 0.041214
13.34 0.03218
13.35 0.020326
13.36 0.0032732
13.37 -0.013879
13.38 -0.013799
13.39 -0.0027428
13.4 0.014734
13.41 0.028975
13.42 0.035704
13.43 0.03932
13.44 0.041362
13.45 0.045154
13.46 0.041924
13.47 0.028695
13.48 0.010623
13.49 0.0061284
13.5 0.019515
13.51 0.028859
13.52 0.024572
13.53 0.0094922
13.54 -0.0077825
13.55 -0.017917
13.56 -0.016468
13.57 -0.0020404
13.58 0.012953
13.59 0.024858
13.6 0.037388
13.61 0.031853
13.62 0.0083058
13.63 -0.01995
13.64 -0.045413
13.65 -0.056731
13.66 -0.054014
13.67 -0.042926
13.68 -0.033396
13.69 -0.029243
13.7 -0.035297
13.71 -0.052643
13.72 -0.060036
13.73 -0.059998
13.74 -0.061453
13.75 -0.051841
13.76 -0.037077
13.77 -0.017091
13.78 0.0036094
13.79 0.0091548
13.8 0.011552
13.81 0.0078936
13.82 0.005048
13.83 0.026171
13.84 0.0507
13.85 0.060716
13.86 0.058218
13.87 0.044944
13.88 0.024026
13.89 -0.00085755
13.9 -0.021894
13.91 -0.038355
13.92 -0.050692
13.93 -0.044918
13.94 -0.024234
13.95 0.0032833
13.96 0.034051
13.97 0.047671
13.98 0.051807
13.99 0.051906
14 0.047629
14.01 0.042846
14.02 0.034167
14.03 0.022236
14.04 0.0097517
14.05 0.01281
14.06 0.022234
14.07 0.022904
14.08 0.011407
14.09 -0.011636
14.1 -0.034164
14.11 -0.050398
14.12 -0.057114
14.13 -0.053406
14.14 -0.036421
14.15 -0.0074281
14.16 0.017858
14.17 0.028897
14.18 0.023962
14.19 0.004959
14.2 -0.0077833
14.21 -0.0036091
14.22 0.006749
14.23 0.020721
14.24 0.024046
14.25 0.009804
14.26 -0.0032114
14.27 -0.0033879
14.28 0.011097
14.29 0.034087
14.3 0.054004
14.31 0.057429
14.32 0.044112
14.33 0.032216
14.34 0.026903
14.35 0.022976
14.36 0.022926
14.37 0.023617
14.38 0.011085
14.39 -0.010311
14.4 -0.025661
14.41 -0.039134
14.42 -0.047485
14.43 -0.047373
14.44 -0.046467
14.45 -0.04781
14.46 -0.048689
14.47 -0.042721
14.48 -0.032799
14.49 -0.022884
14.5 -0.010708
14.51 0.00031519
14.52 0.0065287
14.53 0.0079842
14.54 0.0060568
14.55 0.004768
14.56 0.0053769
14.57 0.0071424
14.58 0.0085886
14.59 0.0072468
14.6 0.0042358
14.61 -0.001588
14.62 -0.013042
14.63 -0.020927
14.64 -0.023127
14.65 -0.028542
14.66 -0.038239
14.67 -0.040765
14.68 -0.032449
14.69 -0.022841
14.7 -0.0060244
14.71 0.020783
14.72 0.047063
14.73 0.065189
14.74 0.07216
14.75 0.072025
14.76 0.06962
14.77 0.058485
14.78 0.041071
14.79 0.023594
14.8 0.0076212
14.81 -0.00061919
14.82 -0.0092387
14.83 -0.022448
14.84 -0.033488
14.85 -0.032592
14.86 -0.026698
14.87 -0.025478
14.88 -0.023894
14.89 -0.026961
14.9 -0.032794
14.91 -0.029358
14.92 -0.022759
14.93 -0.022972
14.94 -0.019385
14.95 -0.013239
14.96 -0.016
14.97 -0.02191
14.98 -0.026248
14.99 -0.029694
15 -0.031228
15.01 -0.029399
15.02 -0.028004
15.03 -0.026422
15.04 -0.022644
15.05 -0.022006
15.06 -0.020033
15.07 -0.017661
15.08 -0.020067
15.09 -0.015086
15.1 -0.0021932
15.11 0.0030372
15.12 -0.0020619
15.13 -0.0104
15.14 -0.014236
15.15 -0.0090612
15.16 -0.00068883
15.17 0.0085956
15.18 0.018071
15.19 0.013108
15.2 0.00089522
15.21 -0.0091597
15.22 -0.014977
15.23 -0.012844
15.24 -0.0089769
15.25 -0.0018491
15.26 -0.0015067
15.27 -0.0086934
15.28 -0.0091094
15.29 -0.0041834
15.3 0.0022226
15.31 0.0077088
15.32 0.0086696
15.33 0.0082673
15.34 0.0083344
15.35 0.008465
15.36 0.0079198
15.37 0.0061559
15.38 0.0044339
15.39 0.0031607
15.4 0.0061512
15.41 0.008355
15.42 0.0085213
15.43 0.0070942
15.44 -0.0043055
15.45 -0.018517
15.46 -0.026799
15.47 -0.021784
15.48 -0.0027818
15.49 0.01513
15.5 0.025555
15.51 0.024599
15.52 0.012147
15.53 -0.0042336
15.54 -0.023172
15.55 -0.041837
15.56 -0.052037
15.57 -0.04612
15.58 -0.026342
15.59 -0.0025421
15.6 0.018521
15.61 0.030271
15.62 0.034483
15.63 0.039459
15.64 0.049118
15.65 0.058102
15.66 0.055406
15.67 0.046919
15.68 0.036793
15.69 0.029688
15.7 0.03545
15.71 0.042905
15.72 0.042004
15.73 0.029393
15.74 0.0044245
15.75 -0.029105
15.76 -0.049264
15.77 -0.043062
15.78 -0.029969
15.79 -0.019378
15.8 -0.014492
15.81 -0.01694
15.82 -0.020617
15.83 -0.02047
15.84 -0.016749
15.85 -0.01374
15.86 -0.013103
15.87 -0.016568
15.88 -0.020493
15.89 -0.018584
15.9 -0.014981
15.91 -0.0070706
15.92 0.0034363
15.93 0.0091539
15.94 0.014547
15.95 0.010883
15.96 -0.00022526
15.97 -0.0078883
15.98 -0.0072934
15.99 -0.0018335
16 0.0012213
16.01 0.004777
16.02 0.0075129
16.03 0.014046
16.04 0.02086
16.05 0.022244
16.06 0.022149
16.07 0.021557
16.08 0.02168
16.09 0.018119
16.1 0.0096129
16.11 0.0020645
16.12 -0.00093412
16.13 0.00059696
16.14 0.0016403
16.15 0.0013757
16.16 0.0012675
16.17 0.0026691
16.18 0.0064159
16.19 0.0044161
16.2 -0.004208
16.21 -0.012164
16.22 -0.019718
16.23 -0.025301
16.24 -0.026949
16.25 -0.024014
16.26 -0.01607
16.27 -0.010081
16.28 -0.0017369
16.29 0.0060404
16.3 0.0058632
16.31 0.0067852
16.32 0.0087149
16.33 0.0066225
16.34 0.0015184
16.35 0.00090117
16.36 0.0020923
16.37 -0.00019704
16.38 -0.0012433
16.39 -0.00057929
16.4 0.00097971
16.41 4.516e-005
16.42 -0.0034095
16.43 -0.0084218
16.44 -0.0070722
16.45 0.0011128
16.46 0.0078612
16.47 0.015527
16.48 0.018177
16.49 0.023124
16.5 0.030339
16.51 0.031289
16.52 0.032716
16.53 0.025453
16.54 0.010666
16.55 -0.00028496
16.56 -0.0074506
16.57 -0.0054083
16.58 0.0014406
16.59 0.0025472
16.6 -0.0039416
16.61 -0.014856
16.62 -0.022887
16.63 -0.027823
16.64 -0.022205
16.65 -0.00532
16.66 0.0061096
16.67 0.017431
16.68 0.031306
16.69 0.038265
16.7 0.038714
16.71 0.032873
16.72 0.026841
16.73 0.023973
16.74 0.017906
16.75 0.0083949
16.76 0.0017984
16.77 0.0038079
16.78 0.015346
16.79 0.025025
16.8 0.030526
16.81 0.037145
16.82 0.042581
16.83 0.042925
16.84 0.028762
16.85 0.010786
16.86 0.0049914
16.87 -0.0048518
16.88 -0.019553
16.89 -0.026192
16.9 -0.027623
16.91 -0.024041
16.92 -0.015585
16.93 -0.001437
16.94 0.0041339
16.95 -0.005304
16.96 -0.019608
16.97 -0.034656
16.98 -0.046461
16.99 -0.053525
17 -0.049869
17.01 -0.039707
17.02 -0.031552
17.03 -0.023125
17.04 -0.017892
17.05 -0.016874
17.06 -0.022047
17.07 -0.031126
17.08 -0.030016
17.09 -0.025294
17.1 -0.021097
17.11 -0.018175
17.12 -0.021688
17.13 -0.022564
17.14 -0.018742
17.15 -0.0086624
17.16 -0.00090059
17.17 -0.00073461
17.18 -0.0019453
17.19 -0.00096451
17.2 0.0036129
17.21 0.0079408
17.22 0.015823
17.23 0.022058
17.24 0.019422
17.25 0.010402
17.26 -0.0013356
17.27 -0.0062215
17.28 0.0029716
17.29 0.0072749
17.3 0.0062816
17.31 0.017451
17.32 0.020352
17.33 0.0098907
17.34 0.0069145
17.35 0.0086335
17.36 0.0059787
17.37 0.0030214
17.38 -0.0019959
17.39 -0.010779
17.4 -0.017704
17.41 -0.022236
17.42 -0.024908
17.43 -0.018409
17.44 -0.0067128
17.45 -0.0036038
17.46 0.0031297
17.47 0.021703
17.48 0.035685
17.49 0.041243
17.5 0.047868
17.51 0.054858
17.52 0.058964
17.53 0.062438
17.54 0.064497
17.55 0.065705
17.56 0.066761
17.57 0.061643
17.58 0.05094
17.59 0.038877
17.6 0.023482
17.61 0.0098986
17.62 0.0025887
17.63 -0.0062757
17.64 -0.017934
17.65 -0.023367
17.66 -0.027055
17.67 -0.026536
17.68 -0.018839
17.69 -0.01628
17.7 -0.02166
17.71 -0.028158
17.72 -0.030533
17.73 -0.031876
17.74 -0.029246
17.75 -0.023739
17.76 -0.019921
17.77 -0.013476
17.78 -0.01183
17.79 -0.01933
17.8 -0.025001
17.81 -0.026473
17.82 -0.024299
17.83 -0.015488
17.84 -0.0022722
17.85 0.0052091
17.86 0.0081544
17.87 0.015745
17.88 0.020561
17.89 0.027949
17.9 0.038071
17.91 0.041446
17.92 0.040732
17.93 0.029789
17.94 0.011354
17.95 0.0023081
17.96 0.0025073
17.97 0.00040667
17.98 -0.0012258
17.99 -0.005166
18 -0.0228
18.01 -0.043703
18.02 -0.060008
18.03 -0.06901
18.04 -0.0584
18.05 -0.037093
18.06 -0.018852
18.07 -0.0032095
18.08 0.0060716
18.09 0.0049778
18.1 0.0068708
18.11 0.016111
18.12 0.020547
18.13 0.026512
18.14 0.032233
18.15 0.029194
18.16 0.021734
18.17 0.010663
18.18 -0.0009526
18.19 -0.0058624
18.2 -0.0072329
18.21 -0.011986
18.22 -0.014037
18.23 -0.0094792
18.24 -0.0018271
18.25 0.0038341
18.26 0.0045823
18.27 0.0067592
18.28 0.0075892
18.29 0.0089954
18.3 0.015182
18.31 0.011858
18.32 0.0057198
18.33 0.0017035
18.34 -0.0051317
18.35 -0.0061419
18.36 0.00044848
18.37 0.0051851
18.38 0.0058139
18.39 0.0075544
18.4 0.0068737
18.41 0.0044858
18.42 0.0029189
18.43 0.0019005
18.44 0.0023594
18.45 0.0039283
18.46 0.0058513
18.47 0.0076865
18.48 0.0086011
18.49 0.0084388
18.5 0.0062681
18.51 0.0001008
18.52 -0.013815
18.53 -0.03011
18.54 -0.036525
18.55 -0.039978
18.56 -0.045448
18.57 -0.053269
18.58 -0.059024
18.59 -0.058765
18.6 -0.057667
18.61 -0.045779
18.62 -0.024714
18.63 0.0027294
18.64 0.025131
18.65 0.028827
18.66 0.023675
18.67 0.0078197
18.68 -0.0090391
18.69 -0.013532
18.7 -0.008956
18.71 -0.0020332
18.72 0.0021642
18.73 0.0054365
18.74 0.0078136
18.75 0.016065
18.76 0.025731
18.77 0.020538
18.78 0.010017
18.79 0.0072965
18.8 0.0059115
18.81 0.0027303
18.82 0.00046234
18.83 -0.0020625
18.84 -0.0059951
18.85 -0.0082237
18.86 -0.0017239
18.87 0.005412
18.88 0.007942
18.89 0.016194
18.9 0.021324
18.91 0.023431
18.92 0.032677
18.93 0.04032
18.94 0.044961
18.95 0.050298
18.96 0.054139
18.97 0.051412
18.98 0.036498
18.99 0.013743
19 -0.009162
19.01 -0.029129
19.02 -0.04394
19.03 -0.055938
19.04 -0.066722
19.05 -0.074715
19.06 -0.078556
19.07 -0.077745
19.08 -0.067969
19.09 -0.050982
19.1 -0.037148
19.11 -0.021581
19.12 -0.0050367
19.13 0.0019837
19.14 0.0028403
19.15 -0.0023039
19.16 -0.0074089
19.17 -0.0011061
19.18 0.0077364
19.19 0.015496
19.2 0.017722
19.21 0.0091728
19.22 0.0064002
19.23 0.016829
19.24 0.026284
19.25 0.030116
19.26 0.035742
19.27 0.034472
19.28 0.022148
19.29 0.0095038
19.3 0.0076701
19.31 0.016965
19.32 0.025093
19.33 0.034201
19.34 0.034879
19.35 0.014709
19.36 -0.0047553
19.37 -0.017181
19.38 -0.027245
19.39 -0.026159
19.4 -0.020256
19.41 -0.017545
19.42 -0.017633
19.43 -0.017779
19.44 -0.014789
19.45 -0.0066815
19.46 0.0045775
19.47 0.0093371
19.48 0.0080234
19.49 0.0051002
19.5 0.00054982
19.51 -0.005307
19.52 -0.011514
19.53 -0.016581
19.54 -0.021528
19.55 -0.027102
19.56 -0.030565
19.57 -0.028135
19.58 -0.022552
19.59 -0.015493
19.6 -0.0024
19.61 0.0082651
19.62 0.007626
19.63 0.0028651
19.64 -0.0007845
19.65 -0.00079364
19.66 0.0021921
19.67 0.0068776
19.68 0.016316
19.69 0.023328
19.7 0.020393
19.71 0.011036
19.72 -0.0014
19.73 -0.011032
19.74 -0.014263
19.75 -0.013264
19.76 -0.0037295
19.77 0.0064566
19.78 0.007936
19.79 0.0080245
19.8 0.0072875
19.81 0.0067077
19.82 0.017093
19.83 0.029759
19.84 0.031557
19.85 0.028052
19.86 0.020577
19.87 0.013205
19.88 0.0091288
19.89 0.0078225
19.9 0.0083713
19.91 0.0086253
19.92 0.0079046
19.93 0.00076103
19.94 -0.0052136
19.95 -0.0023021
19.96 -0.00040534
19.97 0.0022887
19.98 0.0051973
19.99 -0.0021628
20 -0.017485
20.01 -0.032566
20.02 -0.038272
20.03 -0.034993
20.04 -0.025175
20.05 -0.015039
20.06 -0.0098508
20.07 -0.0050182
20.08 -0.0026542
20.09 -0.001611
20.1 -0.00033783
20.11 0.0010974
20.12 0.0016065
20.13 0.00016457
20.14 0.00090447
20.15 0.0013562
20.16 0.0028936
20.17 0.0061606
20.18 0.0066206
20.19 0.0064038
20.2 0.00095819
20.21 -0.0075413
20.22 -0.011306
20.23 -0.014652
20.24 -0.017665
20.25 -0.017408
20.26 -0.014355
20.27 -0.010074
20.28 -0.0040268
20.29 -0.0013824
20.3 -0.0075186
20.31 -0.008759
20.32 -0.0072784
20.33 -0.010115
20.34 -0.011366
20.35 -0.018968
20.36 -0.028785
20.37 -0.030458
20.38 -0.031234
20.39 -0.030008
20.4 -0.021595
20.41 -0.010848
20.42 -0.0054626
20.43 -0.0098876
20.44 -0.011296
20.45 -0.0087025
20.46 -0.0032616
20.47 0.0045983
20.48 0.0072052
20.49 0.01599
20.5 0.020464
20.51 0.029332
20.52 0.041605
20.53 0.017634
20.54 -0.0022829
20.55 -3.8412e-005
20.56 -0.0012922
20.57 -0.00017046
20.58 0.0013925
20.59 0.0039809
20.6 0.0075107
20.61 0.013418
20.62 0.018035
20.63 0.019856
20.64 0.01937
20.65 0.017698
20.66 0.018265
20.67 0.021143
20.68 0.019346
20.69 0.0093609
20.7 0.0060601
20.71 0.0077183
20.72 0.0072936
20.73 0.00738
20.74 0.0082243
20.75 0.0064623
20.76 0.00031235
20.77 2.4233e-005
20.78 0.0019036
20.79 0.0024218
20.8 -0.00039134
20.81 -0.0096714
20.82 -0.011185
20.83 -0.0072047
20.84 0.0026803
20.85 0.016298
20.86 0.018537
20.87 0.019472
20.88 0.019242
20.89 0.0089128
20.9 0.0019471
20.91 0.0016141
20.92 0.0010336
20.93 0.0020525
20.94 -0.00053305
20.95 -0.0086075
20.96 -0.012798
20.97 -0.017105
20.98 -0.022137
20.99 -0.020694
21 -0.012348
21.01 0.0022891
21.02 0.017583
21.03 0.028035
21.04 0.036865
21.05 0.048246
21.06 0.052789
21.07 0.048455
21.08 0.042464
21.09 0.026929
21.1 0.0097755
21.11 0.0058263
21.12 0.00030458
21.13 -0.0039734
21.14 -0.00072551
21.15 -0.00043371
21.16 0.0035422
21.17 0.0068381
21.18 0.0068097
21.19 0.0069179
21.2 0.0069976
21.21 0.014519
21.22 0.016908
21.23 0.0092105
21.24 0.0049357
21.25 0.0012437
21.26 -0.0071218
21.27 -0.018213
21.28 -0.022195
21.29 -0.015602
21.3 -0.0095607
21.31 -0.0072129
21.32 -0.0048919
21.33 -5.7493e-005
21.34 0.0054852
21.35 0.0073692
21.36 0.0074001
21.37 0.0073758
21.38 0.0050582
21.39 0.0026767
21.4 0.0054359
21.41 0.012833
21.42 0.023002
21.43 0.035246
21.44 0.04241
21.45 0.04301
21.46 0.041464
21.47 0.036652
21.48 0.024443
21.49 0.0097096
21.5 0.0063912
21.51 0.0030081
21.52 -0.0063732
21.53 -0.013149
21.54 -0.025554
21.55 -0.032884
21.56 -0.02976
21.57 -0.017335
21.58 -0.0022707
21.59 0.0077275
21.6 0.016348
21.61 0.012107
21.62 0.0058787
21.63 0.0019962
21.64 -0.0055046
21.65 -0.0070415
21.66 -0.0072627
21.67 -0.017462
21.68 -0.028044
21.69 -0.028673
21.7 -0.02784
21.71 -0.022264
21.72 -0.01558
21.73 -0.011918
21.74 -0.0074851
21.75 -0.0079798
21.76 -0.0091122
21.77 -0.011655
21.78 -0.017787
21.79 -0.019634
21.8 -0.023432
21.81 -0.027693
21.82 -0.026003
21.83 -0.027464
21.84 -0.024108
21.85 -0.018108
21.86 -0.014981
21.87 -0.0071776
21.88 -0.0011592
21.89 0.0018071
21.9 0.0017509
21.91 0.00062228
21.92 0.0021275
21.93 0.0064818
21.94 0.01576
21.95 0.024088
21.96 0.021697
21.97 0.010389
21.98 0.0033506
21.99 -0.00028404
22 -0.0014357
22.01 0.002238
22.02 0.00093988
22.03 -0.0051076
22.04 -0.013857
22.05 -0.014981
22.06 -0.0043013
22.07 0.0068502
22.08 0.01668
22.09 0.020614
22.1 0.016739
22.11 0.0095682
22.12 0.0071933
22.13 0.0089006
22.14 0.0037938
22.15 -0.0094766
22.16 -0.020625
22.17 -0.020968
22.18 -0.020297
22.19 -0.021573
22.2 -0.019304
22.21 -0.019217
22.22 -0.018579
22.23 -0.012365
22.24 -0.0049319
22.25 -0.00037224
22.26 0.00088286
22.27 0.0011968
22.28 0.0016169
22.29 -0.0028987
22.3 -0.008583
22.31 -0.0096648
22.32 -0.010638
22.33 -0.010107
22.34 -0.010893
22.35 -0.0096616
22.36 -0.0081912
22.37 -0.0087405
22.38 -0.0038978
22.39 0.0055903
22.4 0.022485
22.41 0.039458
22.42 0.049103
22.43 0.052077
22.44 0.049293
22.45 0.041221
22.46 0.033243
22.47 0.023388
22.48 0.010363
22.49 0.0060906
22.5 0.0080202
22.51 0.014152
22.52 0.019219
22.53 0.018727
22.54 0.018416
22.55 0.020649
22.56 0.025369
22.57 0.027533
22.58 0.02321
22.59 0.010648
22.6 0.0014491
22.61 0.0012868
22.62 0.0003538
22.63 0.0011272
22.64 0.0025732
22.65 0.00013208
22.66 -0.002006
22.67 -0.0072655
22.68 -0.014173
22.69 -0.014496
22.7 -0.014634
22.71 -0.016477
22.72 -0.016754
22.73 -0.016654
22.74 -0.0155
22.75 -0.010243
22.76 -5.6298e-005
22.77 0.0062812
22.78 0.0070807
22.79 0.0077086
22.8 0.0073112
22.81 0.0069871
22.82 0.011993
22.83 0.021146
22.84 0.022989
22.85 0.024897
22.86 0.03027
22.87 0.028191
22.88 0.025529
22.89 0.021303
22.9 0.016651
22.91 0.011205
22.92 0.0037812
22.93 -0.0047761
22.94 -0.018539
22.95 -0.027887
22.96 -0.027646
22.97 -0.025659
22.98 -0.021439
22.99 -0.014151
23 -0.013157
23.01 -0.014675
23.02 -0.01522
23.03 -0.013364
23.04 -0.012419
23.05 -0.012298
23.06 -0.0092793
23.07 -0.0079019
23.08 -0.0027894
23.09 0.0011849
23.1 0.001902
23.11 -0.00097675
23.12 -0.0069729
23.13 -0.0082675
23.14 -0.0054783
23.15 -0.0017806
23.16 0.0013337
23.17 0.0057142
23.18 0.0059528
23.19 0.0067657
23.2 0.0069145
23.21 0.0058842
23.22 0.016221
23.23 0.022981
23.24 0.02374
23.25 0.021123
23.26 0.0092408
23.27 0.0017609
23.28 0.0010319
23.29 0.0015099
23.3 0.00086833
23.31 0.0015975
23.32 0.002707
23.33 0.0022261
23.34 0.0037042
23.35 0.0073368
23.36 0.016215
23.37 0.026507
23.38 0.027606
23.39 0.023241
23.4 0.01848
23.41 0.0073775
23.42 -0.0065177
23.43 -0.018219
23.44 -0.025903
23.45 -0.033037
23.46 -0.038849
23.47 -0.038834
23.48 -0.039573
23.49 -0.038489
23.5 -0.028521
23.51 -0.023665
23.52 -0.026168
23.53 -0.026716
23.54 -0.032218
23.55 -0.037661
23.56 -0.03584
23.57 -0.030866
23.58 -0.031281
23.59 -0.032541
23.6 -0.032661
23.61 -0.034446
23.62 -0.030599
23.63 -0.026877
23.64 -0.027202
23.65 -0.02517
23.66 -0.020371
23.67 -0.017558
23.68 -0.014531
23.69 -0.0076781
23.7 -0.0066455
23.71 -0.013094
23.72 -0.013697
23.73 -0.0086783
23.74 -0.0012172
23.75 0.0040162
23.76 0.007674
23.77 0.019667
23.78 0.027746
23.79 0.026337
23.8 0.021537
23.81 0.012415
23.82 0.0022085
23.83 -0.008658
23.84 -0.018089
23.85 -0.025215
23.86 -0.02734
23.87 -0.02294
23.88 -0.0176
23.89 -0.013146
23.9 -0.010994
23.91 -0.0076264
23.92 -0.007237
23.93 -0.011386
23.94 -0.009295
23.95 -0.0049213
23.96 -0.0015914
23.97 0.0032087
23.98 0.0076415
23.99 0.0089733
24 0.0083575
24.01 0.0084983
24.02 0.0084929
24.03 0.0086392
24.04 0.008822
24.05 0.0018656
24.06 -0.013343
24.07 -0.019388
24.08 -0.017868
24.09 -0.016843
24.1 -0.0098704
24.11 -0.0031341
24.12 -0.00115
24.13 0.0016287
24.14 0.0061455
24.15 0.0087369
24.16 0.0076853
24.17 0.008138
24.18 0.01491
24.19 0.019522
24.2 0.021149
24.21 0.026197
24.22 0.027329
24.23 0.024626
24.24 0.020297
24.25 0.010571
24.26 0.0068389
24.27 0.0074519
24.28 0.0022815
24.29 0.0016975
24.3 0.00099216
24.31 -0.0060332
24.32 -0.01167
24.33 -0.012216
24.34 -0.0095889
24.35 -0.0085107
24.36 -0.00279
24.37 0.0029886
24.38 0.00058523
24.39 -0.0057612
24.4 -0.014257
24.41 -0.019113
24.42 -0.019003
24.43 -0.019274
24.44 -0.011106
24.45 0.0008066
24.46 0.006759
24.47 0.017122
24.48 0.027902
24.49 0.026552
24.5 0.020265
24.51 0.018267
24.52 0.011189
24.53 0.0073505
24.54 0.0079885
24.55 0.0025332
24.56 -0.0027863
24.57 -0.0075544
24.58 -0.0094675
24.59 -0.010396
24.6 -0.012401
24.61 -0.015644
24.62 -0.019517
24.63 -0.020445
24.64 -0.02228
24.65 -0.023835
24.66 -0.021683
24.67 -0.014544
24.68 -0.0093941
24.69 -0.008784
24.7 -0.0055142
24.71 -0.0045937
24.72 -0.0025077
24.73 -6.8718e-005
24.74 -0.00033293
24.75 -0.003161
24.76 -0.0086034
24.77 -0.0051159
24.78 -0.0023418
24.79 -0.0093706
24.8 -0.010443
24.81 -0.002869
24.82 -0.00048179
24.83 0.00020047
24.84 0.0058618
24.85 0.0071094
24.86 0.0070884
24.87 0.016076
24.88 0.023412
24.89 0.024071
24.9 0.027732
24.91 0.030492
24.92 0.029041
24.93 0.030231
24.94 0.03191
24.95 0.028411
24.96 0.024608
24.97 0.01752
24.98 0.0062502
24.99 0.00038109
25 -0.0038743
25.01 -0.0034828
25.02 0.0017719
25.03 0.0055516
25.04 0.0050523
25.05 0.0017791
25.06 0.0012844
25.07 0.0015712
25.08 0.0026081
25.09 0.0068901
25.1 0.01419
25.11 0.019787
25.12 0.018747
25.13 0.010053
25.14 0.0066693
25.15 0.0071008
25.16 0.003215
25.17 0.0021451
25.18 0.0013407
25.19 0.00056814
25.2 0.0052397
25.21 0.0065728
25.22 0.0078323
25.23 0.013861
25.24 0.010911
25.25 0.0061422
25.26 0.003983
25.27 -0.0011472
25.28 -0.0091076
25.29 -0.011338
25.3 -0.0059376
25.31 -0.0016649
25.32 0.0027452
25.33 0.003869
25.34 0.0045405
25.35 0.0070465
25.36 0.0071975
25.37 0.0062413
25.38 0.0039347
25.39 0.0011821
25.4 -0.00025026
25.41 0.00039729
25.42 -0.00037876
25.43 0.0037475
25.44 0.017777
25.45 0.027508
25.46 0.030256
25.47 0.031126
25.48 0.027351
25.49 0.017472
25.5 0.0082576
25.51 0.006603
25.52 0.0074365
25.53 0.0069085
25.54 0.0074763
25.55 0.007161
25.56 0.0041881
25.57 0.0058002
25.58 0.0067927
25.59 0.0015468
25.6 0.00059383
25.61 0.0027961
25.62 -0.00042436
25.63 -0.0048338
25.64 -0.0078841
25.65 -0.011879
25.66 -0.010179
25.67 -0.011712
25.68 -0.016176
25.69 -0.014959
25.7 -0.015266
25.71 -0.017152
25.72 -0.017598
25.73 -0.019198
25.74 -0.024268
25.75 -0.027251
25.76 -0.027395
25.77 -0.029426
25.78 -0.030159
25.79 -0.027905
25.8 -0.027233
25.81 -0.027777
25.82 -0.027481
25.83 -0.027621
25.84 -0.030212
25.85 -0.030554
25.86 -0.022004
25.87 -0.010723
25.88 -0.0023268
25.89 0.0048704
25.9 0.0078276
25.91 0.0074654
25.92 0.0076926
25.93 0.0075782
25.94 0.0078763
25.95 0.0075972
25.96 0.0055539
25.97 0.0058837
25.98 0.0078631
25.99 0.0079851
26 0.0084063
26.01 0.0072465
26.02 0.0029438
26.03 -0.0014957
26.04 -0.00098421
26.05 0.0037006
26.06 0.0077788
26.07 0.015667
26.08 0.020332
26.09 0.016055
26.1 0.0093637
26.11 0.005881
26.12 0.0023578
26.13 -0.00070286
26.14 -0.0011875
26.15 -0.0062166
26.16 -0.0078805
26.17 0.00022232
26.18 0.0055347
26.19 0.0076988
26.2 0.018313
26.21 0.018526
26.22 0.0084942
26.23 0.0071933
26.24 0.0035999
26.25 -0.0037924
26.26 -0.012422
26.27 -0.016705
26.28 -0.015204
26.29 -0.016034
26.3 -0.011258
26.31 -0.0077997
26.32 -0.0072789
26.33 -0.0023613
26.34 0.001114
26.35 0.0038212
26.36 0.0053814
26.37 0.0059903
26.38 0.0038013
26.39 -0.00020368
26.4 -0.0051119
26.41 -0.011451
26.42 -0.012323
26.43 -0.0074676
26.44 -0.00034761
26.45 0.0057636
26.46 0.006625
26.47 0.0030389
26.48 0.00013274
26.49 0.00073474
26.5 0.0017785
26.51 0.0061949
26.52 0.014074
26.53 0.020745
26.54 0.021205
26.55 0.011456
26.56 0.0044776
26.57 0.0007999
26.58 -0.0019141
26.59 0.00019882
26.6 0.0059188
26.61 0.013914
26.62 0.017133
26.63 0.018451
26.64 0.021655
26.65 0.019201
26.66 0.0096996
26.67 0.0063521
26.68 0.007857
26.69 0.0072527
26.7 0.0073005
26.71 0.0073347
26.72 0.0072665
26.73 0.0072286
26.74 0.0073609
26.75 0.0077572
26.76 0.0050578
26.77 0.0029861
26.78 0.005303
26.79 0.0041891
26.8 0.00076901
26.81 -0.00022515
26.82 0.00052416
26.83 -0.00043018
26.84 0.00042896
26.85 0.0031686
26.86 0.0038242
26.87 0.0063937
26.88 0.0068281
26.89 0.0056323
26.9 0.0074312
26.91 0.0072481
26.92 0.0041898
26.93 0.0049958
26.94 0.0074926
26.95 0.0072158
26.96 0.0078207
26.97 0.007416
26.98 0.0062166
26.99 0.0070966
27 0.0049237
27.01 0.00119
27.02 0.00023011
27.03 0.0011847
27.04 0.0052198
27.05 0.01343
27.06 0.02068
27.07 0.024683
27.08 0.024001
27.09 0.022948
27.1 0.021542
27.11 0.021486
27.12 0.023936
27.13 0.019642
27.14 0.019552
27.15 0.022153
27.16 0.018743
27.17 0.018765
27.18 0.020533
27.19 0.020601
27.2 0.018506
27.21 0.010863
27.22 0.0066095
27.23 0.005439
27.24 3.5642e-005
27.25 -0.010927
27.26 -0.019218
27.27 -0.025897
27.28 -0.034911
27.29 -0.040461
27.3 -0.046672
27.31 -0.045554
27.32 -0.037565
27.33 -0.03158
27.34 -0.02923
27.35 -0.027939
27.36 -0.027025
27.37 -0.028168
27.38 -0.027446
27.39 -0.029465
27.4 -0.03026
27.41 -0.024237
27.42 -0.019748
27.43 -0.018557
27.44 -0.016323
27.45 -0.013906
27.46 -0.012298
27.47 -0.0090494
27.48 -0.0064864
27.49 -0.0075072
27.5 -0.012188
27.51 -0.015654
27.52 -0.012821
27.53 -0.0089695
27.54 -0.0053486
27.55 0.00059202
27.56 0.0077461
27.57 0.018754
27.58 0.025464
27.59 0.027404
27.6 0.031524
27.61 0.028153
27.62 0.023209
27.63 0.01982
27.64 0.011337
27.65 0.0065422
27.66 0.0018998
27.67 -0.0044285
27.68 -0.005527
27.69 -0.0012343
27.7 0.0021187
27.71 0.00063419
27.72 -0.00048527
27.73 -0.0014472
27.74 -0.0053735
27.75 -0.0084595
27.76 -0.0088814
27.77 -0.012635
27.78 -0.014157
27.79 -0.01444
27.8 -0.01789
27.81 -0.021618
27.82 -0.02201
27.83 -0.020261
27.84 -0.019675
27.85 -0.018153
27.86 -0.020245
27.87 -0.020809
27.88 -0.017772
27.89 -0.017385
27.9 -0.018568
27.91 -0.015543
27.92 -0.0031153
27.93 0.0060009
27.94 0.0078256
27.95 0.015233
27.96 0.018034
27.97 0.0092977
27.98 0.0073353
27.99 0.015173
28 0.019661
28.01 0.021166
28.02 0.021908
28.03 0.021944
28.04 0.021805
28.05 0.01886
28.06 0.017502
28.07 0.01892
28.08 0.021618
28.09 0.02121
28.1 0.01992
28.11 0.02472
28.12 0.023901
28.13 0.020034
28.14 0.018448
28.15 0.018147
28.16 0.019604
28.17 0.019232
28.18 0.020476
28.19 0.020393
28.2 0.016615
28.21 0.011018
28.22 0.0074413
28.23 0.0051835
28.24 0.0050186
28.25 0.0040528
28.26 -0.0017886
28.27 -0.0076086
28.28 -0.011243
28.29 -0.010011
28.3 -0.0081659
28.31 -0.0084677
28.32 -0.0040895
28.33 0.00016255
28.34 0.00011345
28.35 0.0023037
28.36 0.0029623
28.37 0.0009398
28.38 -0.00022011
28.39 -0.0017581
28.4 -0.00081334
28.41 9.3034e-005
28.42 0.0018233
28.43 0.0065212
28.44 0.0078882
28.45 0.0081508
28.46 0.0088599
28.47 0.00845
28.48 0.0089258
28.49 0.0088039
28.5 0.0049681
28.51 0.0016861
28.52 0.00074619
28.53 -0.00094958
28.54 -0.0060257
28.55 -0.013768
28.56 -0.016744
28.57 -0.020498
28.58 -0.025611
28.59 -0.0269
28.6 -0.031515
28.61 -0.033248
28.62 -0.027814
28.63 -0.020428
28.64 -0.017744
28.65 -0.01571
28.66 -0.0090792
28.67 -0.008415
28.68 -0.010667
28.69 -0.011429
28.7 -0.012706
28.71 -0.015932
28.72 -0.019632
28.73 -0.022203
28.74 -0.026327
28.75 -0.033471
28.76 -0.037403
28.77 -0.034873
28.78 -0.030173
28.79 -0.025232
28.8 -0.02206
28.81 -0.020104
28.82 -0.018102
28.83 -0.016853
28.84 -0.015561
28.85 -0.01137
28.86 -0.0087152
28.87 -0.0079584
28.88 -0.0076365
28.89 -0.0075263
28.9 -0.0066868
28.91 -0.0071009
28.92 -0.00798
28.93 -0.0071033
28.94 -0.0071916
28.95 -0.008232
28.96 -0.0038192
28.97 0.00038306
28.98 0.0011786
28.99 0.0011626
29 0.0014605
29.01 0.0018161
29.02 0.00082389
29.03 0.0017016
29.04 -0.0011032
29.05 -0.0059227
29.06 -0.0070518
29.07 -0.010051
29.08 -0.013187
29.09 -0.014964
29.1 -0.014861
29.11 -0.011555
29.12 -0.0075817
29.13 -0.0017349
29.14 0.00059206
29.15 -0.00031195
29.16 -0.00037702
29.17 8.0352e-005
29.18 0.0015072
29.19 0.0010841
29.2 -0.00044812
29.21 -0.0047153
29.22 -0.0081941
29.23 -0.0068185
29.24 -0.0076576
29.25 -0.012102
29.26 -0.012031
29.27 -0.013572
29.28 -0.018427
29.29 -0.017864
29.3 -0.017519
29.31 -0.018035
29.32 -0.013764
29.33 -0.010442
29.34 -0.011356
29.35 -0.010292
29.36 -0.006118
29.37 -0.0018503
29.38 0.0014533
29.39 0.0055808
29.4 0.0079845
29.41 0.0076956
29.42 0.0079393
29.43 0.0071437
29.44 0.0036779
29.45 -3.1185e-005
29.46 -0.0030422
29.47 -0.0054258
29.48 -0.004438
29.49 -0.0012103
29.5 0.0029324
29.51 0.0070419
29.52 0.0068835
29.53 0.0018006
29.54 0.0014318
29.55 -0.00019753
29.56 -0.0062662
29.57 -0.0094319
29.58 -0.014348
29.59 -0.017377
29.6 -0.013404
29.61 -0.0071826
29.62 -0.0071784
29.63 -0.0025591
29.64 0.0027882
29.65 0.002069
29.66 0.0066696
29.67 0.013975
29.68 0.019053
29.69 0.024315
29.7 0.03004
29.71 0.030961
29.72 0.030584
29.73 0.031303
29.74 0.027596
29.75 0.023135
29.76 0.02555
29.77 0.020958
29.78 0.0091629
29.79 0.0067467
29.8 0.0073694
29.81 0.0056421
29.82 7.1432e-005
29.83 -0.0057519
29.84 -0.0089992
29.85 -0.015609
29.86 -0.014797
29.87 -0.0093056
29.88 -0.0064301
29.89 -0.0011883
29.9 0.006062
29.91 0.013095
29.92 0.016778
29.93 0.023217
29.94 0.026231
29.95 0.022284
29.96 0.02115
29.97 0.016848
29.98 0.0083782
29.99 0.0063456
30 0.0072428
30.01 0.0072623
30.02 0.0060779
30.03 0.0065504
30.04 0.016196
30.05 0.022197
30.06 0.021105
30.07 0.022343
30.08 0.019133
30.09 0.0092114
30.1 0.004075
30.11 0.0026256
30.12 0.0010842
30.13 0.00020736
30.14 0.0011124
30.15 0.0046452
30.16 0.0072823
30.17 0.015637
30.18 0.023942
30.19 0.02843
30.2 0.034489
30.21 0.037048
30.22 0.038227
30.23 0.037191
30.24 0.033038
30.25 0.033565
30.26 0.033198
30.27 0.030515
30.28 0.026546
30.29 0.020066
30.3 0.020643
30.31 0.019211
30.32 0.009137
30.33 0.0060793
30.34 0.0074141
30.35 0.005947
30.36 0.0064821
30.37 0.0070708
30.38 0.006563
30.39 0.0072514
30.4 0.0057755
30.41 0.0012268
30.42 -0.0015652
30.43 -0.0081512
30.44 -0.014808
30.45 -0.014849
30.46 -0.017467
30.47 -0.022987
30.48 -0.025751
30.49 -0.027265
30.5 -0.029651
30.51 -0.028346
30.52 -0.024637
30.53 -0.021183
30.54 -0.01947
30.55 -0.021401
30.56 -0.020239
30.57 -0.017312
30.58 -0.015323
30.59 -0.0098213
30.6 -0.0031734
30.61 0.00215
30.62 0.0042806
30.63 0.0079496
30.64 0.01382
30.65 0.010636
30.66 0.0051102
30.67 0.0087907
30.68 0.013111
30.69 0.01096
30.7 0.012657
30.71 0.011423
30.72 0.0063324
30.73 0.0023847
30.74 -0.0016044
30.75 -0.0032545
30.76 -0.0039566
30.77 -0.001947
30.78 -0.00092474
30.79 0.00035814
30.8 0.0015786
30.81 0.0011092
30.82 -0.00044289
30.83 -0.0037296
30.84 -0.0054019
30.85 -0.0070789
30.86 -0.0092195
30.87 -0.0040097
30.88 0.0020366
30.89 0.0029892
30.9 0.0010718
30.91 0.0011451
30.92 0.0020033
30.93 -0.0019162
30.94 -0.0059292
30.95 -0.00838
30.96 -0.0090731
30.97 -0.01003
30.98 -0.0096875
30.99 -0.0060852
31 -0.0021804
31.01 -0.0004975
31.02 0.0012104
31.03 -0.00033452
31.04 -0.004171
31.05 -0.0023517
31.06 -0.00041926
31.07 0.00019946
31.08 0.0026141
31.09 0.0065733
31.1 0.0082157
31.11 0.0074594
31.12 0.0081219
31.13 0.0070011
31.14 0.002386
31.15 0.00013236
31.16 0.0013359
31.17 0.00059747
31.18 6.5923e-005
31.19 0.00086617
31.2 0.0023441
31.21 0.0053857
31.22 0.0066504
31.23 0.0071374
31.24 0.0078029
31.25 0.0076594
31.26 0.0078487
31.27 0.00662
31.28 0.0052259
31.29 0.0073123
31.3 0.007964
31.31 0.0056044
31.32 0.0073742
31.33 0.0071964
31.34 0.0025514
31.35 0.0010713
31.36 0.00047751
31.37 -0.0032489
31.38 -0.0079116
31.39 -0.009064
31.4 -0.0095161
31.41 -0.0089181
31.42 -0.0074095
31.43 -0.0079959
31.44 -0.0090668
31.45 -0.0082127
31.46 -0.0062021
31.47 -0.0056336
31.48 -0.0019116
31.49 0.0015182
31.5 0.0027775
31.51 0.005945
31.52 0.0072867
31.53 0.0076791
31.54 0.0082465
31.55 0.0081974
31.56 0.0084567
31.57 0.0061395
31.58 0.0042097
31.59 0.0023083
31.6 -0.0048192
31.61 -0.0074099
31.62 -0.0051755
31.63 -0.0078845
31.64 -0.0071408
31.65 -0.001842
31.66 -0.0019638
31.67 -0.0017133
31.68 -4.8843e-005
31.69 -0.00064917
31.7 -0.00049814
31.71 -0.00064418
31.72 -0.00047048
31.73 -0.00044299
31.74 -0.0017837
31.75 -0.0074598
31.76 -0.014805
31.77 -0.015156
31.78 -0.018112
31.79 -0.023083
31.8 -0.02686
31.81 -0.034539
31.82 -0.034034
31.83 -0.030159
31.84 -0.029755
31.85 -0.022087
31.86 -0.014457
31.87 -0.012226
31.88 -0.003638
31.89 0.0065265
31.9 0.0071099
31.91 0.008385
31.92 0.014641
31.93 0.010781
31.94 0.0067162
31.95 0.0082445
31.96 0.0070765
31.97 0.0061997
31.98 0.0058339
31.99 0.0063588
32 0.0078609
32.01 0.013869
32.02 0.019149
32.03 0.020467
32.04 0.022932
32.05 0.02348
32.06 0.021183
32.07 0.02182
32.08 0.022929
32.09 0.017357
32.1 0.0098117
32.11 0.0075305
32.12 0.0049345
32.13 -0.00015062
32.14 -0.0042762
32.15 -0.008044
32.16 -0.01052
32.17 -0.0069306
32.18 -0.0015402
32.19 -0.000207
32.2 0.0009168
32.21 0.00054069
32.22 -0.0010919
32.23 -0.0023404
32.24 -0.0014186
32.25 2.0829e-005
32.26 -0.00081059
32.27 -0.00030215
32.28 0.0014109
32.29 0.0012843
32.3 0.0023433
32.31 0.0053959
32.32 0.0082254
32.33 0.0084674
32.34 0.00518
32.35 0.0049697
32.36 0.0073953
32.37 0.0074388
32.38 0.0042041
32.39 0.0023999
32.4 0.0021935
32.41 0.0005803
32.42 -0.00070148
32.43 -0.0039779
32.44 -0.0071916
32.45 -0.0083209
32.46 -0.0099456
32.47 -0.010707
32.48 -0.009378
32.49 -0.010345
32.5 -0.0093479
32.51 -0.0075208
32.52 -0.007954
32.53 -0.0068633
32.54 -0.0091022
32.55 -0.0075613
32.56 -4.5794e-005
32.57 0.0024934
32.58 0.005671
32.59 0.0074053
32.6 0.0034986
32.61 0.0044426
32.62 0.0079871
32.63 0.0082589
32.64 0.0055539
32.65 0.004165
32.66 0.0061538
32.67 0.0049082
32.68 0.0016394
32.69 0.0016173
32.7 0.0016093
32.71 -0.00038053
32.72 -0.0011719
32.73 -0.00076826
32.74 -0.00097786
32.75 -0.00086807
32.76 -0.0011721
32.77 -0.00076536
32.78 0.00051717
32.79 0.00038121
32.8 0.0034231
32.81 0.0072481
32.82 0.0071641
32.83 0.0070023
32.84 0.0069273
32.85 0.0072701
32.86 0.0059188
32.87 0.0025277
32.88 -0.0015324
32.89 -0.0079717
32.9 -0.0090635
32.91 -0.0060112
32.92 -0.0047802
32.93 -0.003848
32.94 -0.002056
32.95 -0.0014563
32.96 -0.0013428
32.97 0.00025994
32.98 -0.00028328
32.99 -0.001395
33 -0.0056295
33.01 -0.011059
33.02 -0.0123
33.03 -0.016518
33.04 -0.019901
33.05 -0.018123
33.06 -0.018893
33.07 -0.019385
33.08 -0.017677
33.09 -0.014217
33.1 -0.0080058
33.11 -0.0022414
33.12 -0.00063486
33.13 0.0026304
33.14 0.0059702
33.15 0.0076375
33.16 0.012707
33.17 0.009303
33.18 0.0056717
33.19 0.0069914
33.2 0.0048415
33.21 0.0039509
33.22 0.0027816
33.23 0.0010524
33.24 -0.00039775
33.25 -0.0027947
33.26 -0.0066604
33.27 -0.0090676
33.28 -0.010723
33.29 -0.012227
33.3 -0.008741
33.31 -0.0063899
33.32 -0.0077847
33.33 -0.0069845
33.34 -0.0037072
33.35 -0.004214
33.36 -0.0062969
33.37 -0.0035326
33.38 -0.0008501
33.39 -0.00055599
33.4 -0.00097911
33.41 -0.00066025
33.42 0.00047499
33.43 0.00032897
33.44 0.0020637
33.45 0.0052595
33.46 0.004299
33.47 0.00083305
33.48 -0.00041656
33.49 0.00042172
33.5 0.000593
33.51 -0.00029822
33.52 0.00045975
33.53 -1.7029e-005
33.54 -0.0025506
33.55 -0.0041771
33.56 -0.0055987
33.57 -0.0095641
33.58 -0.013828
33.59 -0.012447
33.6 -0.011504
33.61 -0.013999
33.62 -0.013601
33.63 -0.012284
33.64 -0.012594
33.65 -0.011294
33.66 -0.011121
33.67 -0.011876
33.68 -0.012504
33.69 -0.015968
33.7 -0.018233
33.71 -0.019232
33.72 -0.022174
33.73 -0.024141
33.74 -0.024582
33.75 -0.023367
33.76 -0.022235
33.77 -0.023006
33.78 -0.021443
33.79 -0.016749
33.8 -0.014439
33.81 -0.014594
33.82 -0.011374
33.83 -0.0085641
33.84 -0.0071587
33.85 -0.0031707
33.86 -0.00078565
33.87 -0.00090604
33.88 0.0012225
33.89 0.0045956
33.9 0.0052561
33.91 0.0046535
33.92 0.0062102
33.93 0.0090058
33.94 0.0099431
33.95 0.0093907
33.96 0.0076398
33.97 0.0062454
33.98 0.0063071
33.99 0.0063381
34 0.0061678
34.01 0.0061296
34.02 0.00715
34.03 0.0088437
34.04 0.0092893
34.05 0.0092658
34.06 0.011247
34.07 0.014079
34.08 0.013987
34.09 0.0095037
34.1 0.0081986
34.11 0.012368
34.12 0.013252
34.13 0.013132
34.14 0.014636
34.15 0.015167
34.16 0.015194
34.17 0.01464
34.18 0.015456
34.19 0.016568
34.2 0.015961
34.21 0.014798
34.22 0.014573
34.23 0.013689
34.24 0.011972
34.25 0.011267
34.26 0.0094398
34.27 0.0057781
34.28 0.0046371
34.29 0.0049485
34.3 0.0031955
34.31 0.0032171
34.32 0.003824
34.33 0.0030575
34.34 0.0034107
34.35 0.0030309
34.36 0.0017812
34.37 0.0025492
34.38 0.0032051
34.39 0.0022958
34.4 0.0031644
34.41 0.004063
34.42 0.0034643
34.43 0.0036615
34.44 0.0034052
34.45 0.0022033
34.46 0.0019409
34.47 0.002313
34.48 0.0023854
34.49 0.0026291
34.5 0.0027239
34.51 0.0021127
34.52 0.0015725
34.53 0.0017676
34.54 0.0022953
34.55 0.0026195
34.56 0.0020557
34.57 0.0022234
34.58 0.004219
34.59 0.0052819
34.6 0.0044785
34.61 0.0023057
34.62 0.0012848
34.63 0.0015833
34.64 0.001476
34.65 0.001258
34.66 0.000628
34.67 0.0010171
34.68 0.00096058
34.69 -0.0005554
34.7 -0.00087338
34.71 -0.00073861
34.72 -0.0013133
34.73 -0.0014664
34.74 -0.0019804
34.75 -0.0026833
34.76 -0.0021378
34.77 -0.0021952
34.78 -0.0026997
34.79 -0.0023613
34.8 -0.0027579
34.81 -0.0025777
34.82 -0.0017457
34.83 -0.0016012
34.84 -0.0011613
34.85 -0.00090786
34.86 -0.0009862
34.87 -0.00080875
34.88 -0.0013697
34.89 -0.0024528
34.9 -0.0026191
34.91 -0.0023827
34.92 -0.0018707
34.93 -0.0020182
34.94 -0.0021358
34.95 -0.00079917
34.96 -0.00037603
34.97 -0.00055078
34.98 -0.00012272
34.99 5.4268e-005
35 -8.0034e-005
35.01 -0.00035173
35.02 -0.00053154
35.03 -0.00079601
35.04 -0.00093666
35.05 -0.00083253
35.06 -0.00082131
35.07 -0.00077279
35.08 -0.00077348
35.09 -0.00072605
35.1 -0.00038721
35.11 -0.00029113
35.12 -0.00031651
35.13 -3.019e-005
35.14 6.5082e-005
35.15 1.8982e-005
35.16 -9.0159e-006
35.17 -0.00016559
35.18 0.00019984
35.19 0.00050204
35.2 0.00045358
35.21 0.00036599
35.22 0.00071364
35.23 0.0013023
35.24 0.00085024
35.25 0.00082451
35.26 0.00059239
35.27 5.7711e-005
35.28 0.00018212
35.29 -1.9781e-005
35.3 -5.9777e-005
35.31 -0.00012352
35.32 -0.00038196
35.33 -0.00036199
35.34 -0.00041988
35.35 -0.00044926
35.36 -0.00039496
35.37 -0.00056401
35.38 -0.00068194
35.39 -0.00071363
35.4 -0.00086825
35.41 -0.0010971
35.42 -0.0012248
35.43 -0.0014706
35.44 -0.0016868
35.45 -0.0015355
35.46 -0.0013642
35.47 -0.0012427
35.48 -0.0011274
35.49 -0.0010833
35.5 -0.0010056
35.51 -0.0010392
35.52 -0.0010077
35.53 -0.00082384
35.54 -0.00066512
35.55 -0.00049843
35.56 -0.00034239
35.57 -0.00012728
35.58 3.7516e-005
35.59 0.00018546
35.6 0.00038007
35.61 0.00049081
35.62 0.00061381
35.63 0.00068334
35.64 0.00067691
35.65 0.0006819
35.66 0.0006321
35.67 0.00062289
35.68 0.00061118
35.69 0.00053781
35.7 0.00051485
35.71 0.00049963
35.72 0.00048035
35.73 0.00046742
35.74 0.00043727
35.75 0.00039967
35.76 0.00035387
35.77 0.00033005
35.78 0.00033038
35.79 0.00029531
35.8 0.00024588
35.81 0.00022091
35.82 0.0001892
35.83 0.00014821
35.84 0.00011528
35.85 7.9466e-005
35.86 4.1729e-005
35.87 1.4264e-005
35.88 -8.4846e-006
35.89 -3.7313e-005
35.9 -6.4354e-005
35.91 -8.0997e-005
35.92 -0.00010051
35.93 -0.00012116
35.94 -0.00013908
35.95 -0.00015638
