0.01 0.00037054
0.02 0.00044549
0.03 0.00035628
0.04 0.00043461
0.05 0.00034386
0.06 0.00041791
0.07 0.00033345
0.08 0.00042084
0.09 0.00031889
0.1 0.00038924
0.11 0.00024825
0.12 0.0003192
0.13 0.00023277
0.14 0.00034528
0.15 0.00022176
0.16 0.00038975
0.17 0.00039326
0.18 0.00037782
0.19 4.8343e-005
0.2 8.6597e-005
0.21 4.019e-005
0.22 0.00015516
0.23 4.4259e-005
0.24 1.0874e-005
0.25 0.00021224
0.26 0.00026321
0.27 -0.00021191
0.28 0.00016245
0.29 -0.00021937
0.3 0.00011806
0.31 0.00037685
0.32 0.00029924
0.33 0.00023612
0.34 0.00028886
0.35 0.00012326
0.36 0.0004016
0.37 0.00020246
0.38 0.00013211
0.39 -0.00052674
0.4 -0.00034016
0.41 -0.00030619
0.42 0.00015245
0.43 6.2822e-005
0.44 0.00016154
0.45 0.00010324
0.46 0.00020814
0.47 5.6901e-005
0.48 0.0002419
0.49 0.00016142
0.5 0.00097765
0.51 0.00082921
0.52 0.00044327
0.53 0.00015443
0.54 0.00034275
0.55 0.0001653
0.56 0.00032471
0.57 -0.00021831
0.58 0.00026155
0.59 0.00035798
0.6 0.00026859
0.61 -0.00019104
0.62 0.00056198
0.63 -0.00011941
0.64 -0.00039117
0.65 0.00079431
0.66 0.0008443
0.67 0.00045053
0.68 0.00063922
0.69 -0.00036596
0.7 0.00043547
0.71 0.0012469
0.72 0.00025246
0.73 0.00018914
0.74 -1.6084e-005
0.75 0.0008277
0.76 -0.00073902
0.77 -0.0025669
0.78 -0.0029808
0.79 -0.0049873
0.8 -0.0074414
0.81 -0.0035674
0.82 -0.0028792
0.83 -0.003633
0.84 -0.0010762
0.85 0.00070367
0.86 -0.0020713
0.87 -0.0024108
0.88 0.00022508
0.89 0.00087507
0.9 -0.00095864
0.91 -0.0021466
0.92 -0.002079
0.93 -0.0027073
0.94 -0.00087036
0.95 -0.00061012
0.96 -0.0020281
0.97 -0.0033106
0.98 5.1138e-005
0.99 -0.0003594
1 -0.0032256
1.01 -0.0053941
1.02 -0.0050587
1.03 -0.0037377
1.04 -0.0011869
1.05 0.00095029
1.06 -8.3946e-005
1.07 -0.0044754
1.08 -0.0029914
1.09 -0.0029796
1.1 -0.0046365
1.11 -0.00089368
1.12 3.0749e-005
1.13 -0.00093897
1.14 0.0022073
1.15 0.0031156
1.16 0.0030601
1.17 0.0008826
1.18 0.00088119
1.19 -0.00052519
1.2 0.0014824
1.21 -0.0011483
1.22 0.0021924
1.23 0.0028275
1.24 0.0043227
1.25 0.0033407
1.26 0.003035
1.27 -0.0011376
1.28 -0.0025203
1.29 -0.0052767
1.3 -0.0071586
1.31 -0.00067675
1.32 0.0011192
1.33 0.0014133
1.34 0.0030739
1.35 0.00033921
1.36 0.001197
1.37 -0.0018465
1.38 -0.0034251
1.39 -0.0066046
1.4 -0.0090842
1.41 -0.0092672
1.42 -0.0087587
1.43 -0.0097704
1.44 -0.0097239
1.45 -0.0068582
1.46 -0.0021287
1.47 0.00088962
1.48 0.0029851
1.49 0.0050746
1.5 0.01016
1.51 0.0079511
1.52 0.0052841
1.53 0.0047341
1.54 0.0068729
1.55 0.0054463
1.56 0.0045273
1.57 0.003156
1.58 0.0041254
1.59 -0.0028034
1.6 -0.0068677
1.61 -0.0052345
1.62 -0.0067572
1.63 -0.0053451
1.64 -0.0053731
1.65 -0.0126
1.66 -0.010729
1.67 -0.01234
1.68 -0.014394
1.69 -0.014592
1.7 -0.011824
1.71 -0.0097933
1.72 -0.0078494
1.73 -0.0065665
1.74 -0.0061693
1.75 -0.0077506
1.76 -0.0060947
1.77 0.0010475
1.78 0.0033893
1.79 0.0060355
1.8 0.0037568
1.81 0.0065095
1.82 0.0070535
1.83 0.0039361
1.84 0.0068771
1.85 0.0066339
1.86 0.0053658
1.87 0.0062349
1.88 0.0089882
1.89 0.012329
1.9 0.010456
1.91 0.0083991
1.92 0.0063375
1.93 0.0050183
1.94 0.0064803
1.95 0.0064829
1.96 0.005799
1.97 0.0050678
1.98 0.0051919
1.99 0.0027191
2 0.0010549
2.01 0.0024659
2.02 -0.001983
2.03 0.00088519
2.04 0.00335
2.05 0.0064527
2.06 0.0061541
2.07 0.0013449
2.08 -0.0012075
2.09 -0.0034312
2.1 -0.0018456
2.11 0.002804
2.12 0.0081196
2.13 0.0070773
2.14 0.013864
2.15 0.023783
2.16 0.018226
2.17 0.0077897
2.18 0.0072225
2.19 0.0052012
2.2 0.0052259
2.21 0.0079966
2.22 0.0078485
2.23 0.004856
2.24 -2.6672e-005
2.25 -0.00017239
2.26 -0.0022866
2.27 -0.0069488
2.28 -0.008716
2.29 -0.00066727
2.3 0.004586
2.31 0.0011127
2.32 -0.0014006
2.33 -0.005888
2.34 -0.012403
2.35 -0.014043
2.36 -0.0089756
2.37 -0.0069453
2.38 -0.0061398
2.39 -0.0051053
2.4 0.00061011
2.41 0.0016769
2.42 0.0039617
2.43 0.0051991
2.44 0.0018721
2.45 0.0072899
2.46 0.014915
2.47 0.015912
2.48 0.017512
2.49 0.019318
2.5 0.014321
2.51 0.0040962
2.52 0.0054999
2.53 0.0036973
2.54 0.0086922
2.55 0.0076984
2.56 0.0034368
2.57 0.0042895
2.58 0.0021666
2.59 -0.00012982
2.6 0.0026472
2.61 0.0018259
2.62 0.004483
2.63 0.0082272
2.64 0.0077082
2.65 0.0066553
2.66 0.004102
2.67 0.00084525
2.68 0.00059682
2.69 -0.0031008
2.7 -0.0024615
2.71 0.0011603
2.72 0.0043248
2.73 0.0013359
2.74 0.0003886
2.75 -0.0020932
2.76 -0.0026057
2.77 -0.0031183
2.78 -0.0098779
2.79 -0.010176
2.8 -0.0043207
2.81 0.0018118
2.82 0.0024211
2.83 0.0059881
2.84 0.005034
2.85 0.00010897
2.86 -0.0014449
2.87 -0.00042937
2.88 -0.0028564
2.89 -0.0055064
2.9 0.0007338
2.91 0.0042992
2.92 0.0033783
2.93 0.0039853
2.94 0.008871
2.95 0.006512
2.96 -0.0016075
2.97 -0.0079504
2.98 -0.012527
2.99 -0.012923
3 -0.0013852
3.01 0.0074676
3.02 0.012178
3.03 0.015703
3.04 0.014638
3.05 0.011044
3.06 0.007029
3.07 0.0060136
3.08 0.0034192
3.09 0.0016597
3.1 0.0022832
3.11 0.0051452
3.12 0.011419
3.13 0.015303
3.14 0.010016
3.15 0.012953
3.16 0.006668
3.17 -0.00057873
3.18 -0.010423
3.19 -0.015284
3.2 -0.013543
3.21 -0.014511
3.22 -0.011407
3.23 -0.012746
3.24 -0.019226
3.25 -0.023462
3.26 -0.018603
3.27 -0.011097
3.28 -0.0067415
3.29 -0.00035306
3.3 -0.0052924
3.31 -0.008088
3.32 -0.0071024
3.33 -0.011331
3.34 -0.01184
3.35 -0.010225
3.36 -0.0028156
3.37 0.0018634
3.38 0.0046817
3.39 0.0089216
3.4 0.0096463
3.41 0.0092327
3.42 0.0091303
3.43 0.0021308
3.44 -0.0059047
3.45 -0.0011705
3.46 -0.00084291
3.47 -0.0065079
3.48 -0.010352
3.49 -0.010178
3.5 -0.0097397
3.51 -0.015931
3.52 -0.022386
3.53 -0.025251
3.54 -0.028641
3.55 -0.02757
3.56 -0.01978
3.57 -0.016417
3.58 -0.015203
3.59 -0.011648
3.6 -0.0036008
3.61 0.0068552
3.62 0.013006
3.63 0.013045
3.64 0.011624
3.65 0.011319
3.66 0.009736
3.67 0.010326
3.68 0.01338
3.69 0.01381
3.7 0.0073735
3.71 0.002936
3.72 0.0068972
3.73 0.011439
3.74 0.011439
3.75 0.011957
3.76 0.015817
3.77 0.022096
3.78 0.023553
3.79 0.018716
3.8 0.01545
3.81 0.0058463
3.82 -0.001806
3.83 -0.0024576
3.84 -0.0015011
3.85 -0.0079392
3.86 -0.014105
3.87 -0.019117
3.88 -0.021459
3.89 -0.02138
3.9 -0.015856
3.91 -0.0098188
3.92 -0.010937
3.93 -0.01033
3.94 -0.0073234
3.95 0.0025911
3.96 0.0046373
3.97 0.0094684
3.98 0.010485
3.99 0.0086057
4 0.010521
4.01 0.01024
4.02 0.013252
4.03 0.019514
4.04 0.018983
4.05 0.019882
4.06 0.02605
4.07 0.02805
4.08 0.02352
4.09 0.017663
4.1 0.019541
4.11 0.019299
4.12 0.012464
4.13 0.0087697
4.14 0.0071979
4.15 0.0065221
4.16 0.0033367
4.17 -0.0047356
4.18 -0.0079366
4.19 -0.0095394
4.2 -0.0086038
4.21 -0.0093138
4.22 -0.0086665
4.23 -0.0064415
4.24 -0.0071193
4.25 -0.016521
4.26 -0.032864
4.27 -0.044144
4.28 -0.0439
4.29 -0.04118
4.3 -0.030971
4.31 -0.019019
4.32 -0.012528
4.33 -0.0085926
4.34 -0.00093298
4.35 0.0078293
4.36 0.022793
4.37 0.026232
4.38 0.020293
4.39 0.017808
4.4 0.015954
4.41 0.016774
4.42 0.017026
4.43 0.0087958
4.44 -0.002881
4.45 -0.0085843
4.46 -0.0069815
4.47 -0.0022789
4.48 -0.0027486
4.49 -0.0038615
4.5 0.0014783
4.51 0.011252
4.52 0.011404
4.53 0.0043216
4.54 -0.0064119
4.55 -0.01265
4.56 -0.011594
4.57 -0.016558
4.58 -0.020369
4.59 -0.019726
4.6 -0.02201
4.61 -0.0177
4.62 -0.009269
4.63 0.0016199
4.64 0.017447
4.65 0.028022
4.66 0.037979
4.67 0.041574
4.68 0.035014
4.69 0.01738
4.7 -0.00037965
4.71 -0.013446
4.72 -0.013168
4.73 -0.007545
4.74 0.00089971
4.75 0.0087805
4.76 0.0087075
4.77 0.0065711
4.78 -0.0020294
4.79 -0.01191
4.8 -0.016252
4.81 -0.01153
4.82 -0.010634
4.83 -0.0041654
4.84 0.0045391
4.85 0.012719
4.86 0.0052263
4.87 -0.0093259
4.88 -0.010745
4.89 -0.0073149
4.9 -0.00030138
4.91 -0.00067858
4.92 0.0062191
4.93 0.012887
4.94 0.016221
4.95 0.0042582
4.96 -0.0058826
4.97 -0.0069287
4.98 -0.0069244
4.99 -0.011939
5 -0.012679
5.01 -0.0067758
5.02 -0.0067343
5.03 -0.0093781
5.04 -0.0095546
5.05 -0.0079831
5.06 -0.0017039
5.07 7.8607e-005
5.08 -0.0029506
5.09 -0.0032229
5.1 -0.005336
5.11 -0.0086743
5.12 -0.0086688
5.13 -0.0081316
5.14 -0.01254
5.15 -0.014887
5.16 -0.0129
5.17 -0.0068972
5.18 -0.0024817
5.19 -0.0001951
5.2 -0.0077566
5.21 -0.012681
5.22 -0.011128
5.23 -0.0029445
5.24 0.0072939
5.25 0.0080871
5.26 0.0025374
5.27 -0.0032131
5.28 -0.0065401
5.29 -0.0031194
5.3 0.0015263
5.31 0.0052823
5.32 0.013472
5.33 0.015496
5.34 0.023713
5.35 0.029819
5.36 0.0342
5.37 0.036882
5.38 0.036912
5.39 0.046399
5.4 0.054383
5.41 0.058369
5.42 0.053718
5.43 0.045713
5.44 0.038817
5.45 0.028922
5.46 0.016847
5.47 0.0097942
5.48 0.0038586
5.49 0.0010654
5.5 0.0015158
5.51 0.0052093
5.52 0.0011828
5.53 -0.012513
5.54 -0.013279
5.55 0.0097404
5.56 0.032445
5.57 0.055945
5.58 0.064793
5.59 0.067459
5.6 0.071879
5.61 0.081958
5.62 0.093464
5.63 0.10052
5.64 0.10124
5.65 0.096728
5.66 0.089148
5.67 0.062934
5.68 0.024997
5.69 -0.001211
5.7 -0.019473
5.71 -0.035894
5.72 -0.053465
5.73 -0.076372
5.74 -0.10323
5.75 -0.11925
5.76 -0.12552
5.77 -0.12098
5.78 -0.11286
5.79 -0.093879
5.8 -0.062186
5.81 -0.020423
5.82 0.01847
5.83 0.041374
5.84 0.048831
5.85 0.049155
5.86 0.047999
5.87 0.046202
5.88 0.045379
5.89 0.03924
5.9 0.025007
5.91 0.0053891
5.92 -0.022717
5.93 -0.057053
5.94 -0.095394
5.95 -0.13187
5.96 -0.16251
5.97 -0.16505
5.98 -0.13054
5.99 -0.076178
6 -0.033975
6.01 0.0053777
6.02 0.031195
6.03 0.027881
6.04 0.011823
6.05 -0.01443
6.06 -0.022529
6.07 -0.013476
6.08 0.020611
6.09 0.065088
6.1 0.11881
6.11 0.16228
6.12 0.17566
6.13 0.16976
6.14 0.13389
6.15 0.05319
6.16 -0.063002
6.17 -0.14364
6.18 -0.17026
6.19 -0.15873
6.2 -0.12859
6.21 -0.10709
6.22 -0.096522
6.23 -0.091145
6.24 -0.069043
6.25 -0.036687
6.26 -0.010302
6.27 -0.0052493
6.28 -0.013836
6.29 -0.010946
6.3 -0.0029166
6.31 0.0086329
6.32 0.025607
6.33 0.037393
6.34 0.042903
6.35 0.045791
6.36 0.056781
6.37 0.072406
6.38 0.094892
6.39 0.10636
6.4 0.10289
6.41 0.086651
6.42 0.080609
6.43 0.089929
6.44 0.10879
6.45 0.12071
6.46 0.11453
6.47 0.11007
6.48 0.097872
6.49 0.079559
6.5 0.050703
6.51 0.0054253
6.52 -0.049012
6.53 -0.077369
6.54 -0.084977
6.55 -0.093771
6.56 -0.11261
6.57 -0.14187
6.58 -0.16968
6.59 -0.17196
6.6 -0.1403
6.61 -0.11105
6.62 -0.088864
6.63 -0.072865
6.64 -0.044764
6.65 -0.015811
6.66 0.0084157
6.67 0.019109
6.68 0.020478
6.69 0.017943
6.7 -0.00066085
6.71 -0.032782
6.72 -0.046363
6.73 -0.054048
6.74 -0.062578
6.75 -0.065002
6.76 -0.05975
6.77 -0.060303
6.78 -0.058479
6.79 -0.05091
6.8 -0.033551
6.81 -0.018852
6.82 -0.006368
6.83 0.00054473
6.84 0.0031257
6.85 0.01325
6.86 0.040499
6.87 0.060797
6.88 0.066414
6.89 0.053413
6.9 0.037371
6.91 0.029339
6.92 0.028154
6.93 0.027878
6.94 0.019023
6.95 -0.005499
6.96 -0.037017
6.97 -0.055343
6.98 -0.06184
6.99 -0.052552
7 -0.028208
7.01 -0.0026108
7.02 0.014
7.03 0.019755
7.04 0.013718
7.05 -0.0049314
7.06 -0.021496
7.07 -0.023338
7.08 -0.013289
7.09 0.012776
7.1 0.035231
7.11 0.051366
7.12 0.065006
7.13 0.053213
7.14 0.017949
7.15 -0.017311
7.16 -0.037145
7.17 -0.051658
7.18 -0.068337
7.19 -0.084565
7.2 -0.086264
7.21 -0.074167
7.22 -0.061159
7.23 -0.055329
7.24 -0.055487
7.25 -0.054684
7.26 -0.038426
7.27 -0.012131
7.28 0.015996
7.29 0.038307
7.3 0.055194
7.31 0.060055
7.32 0.048545
7.33 0.027514
7.34 0.012289
7.35 0.0034339
7.36 6.1772e-005
7.37 -0.00077049
7.38 0.0048065
7.39 0.010094
7.4 0.010782
7.41 0.010544
7.42 0.009876
7.43 0.010092
7.44 0.0020908
7.45 -0.012721
7.46 -0.028078
7.47 -0.029341
7.48 -0.017212
7.49 -0.0033029
7.5 0.00071553
7.51 -0.0019133
7.52 0.0026204
7.53 0.02239
7.54 0.044918
7.55 0.053855
7.56 0.048502
7.57 0.0421
7.58 0.039061
7.59 0.030717
7.6 0.024992
7.61 0.029768
7.62 0.050331
7.63 0.080824
7.64 0.099371
7.65 0.10536
7.66 0.092387
7.67 0.078828
7.68 0.073996
7.69 0.080131
7.7 0.10233
7.71 0.12635
7.72 0.13624
7.73 0.12143
7.74 0.084586
7.75 0.03625
7.76 0.0031493
7.77 -0.019862
7.78 -0.039907
7.79 -0.047241
7.8 -0.038684
7.81 -0.03407
7.82 -0.049797
7.83 -0.0802
7.84 -0.11112
7.85 -0.12341
7.86 -0.11565
7.87 -0.10147
7.88 -0.091079
7.89 -0.071875
7.9 -0.047092
7.91 -0.027323
7.92 -0.019898
7.93 -0.022772
7.94 -0.041507
7.95 -0.048056
7.96 -0.039368
7.97 -0.013142
7.98 0.0068335
7.99 0.005996
8 -0.0056284
8.01 -0.011814
8.02 -0.0099884
8.03 0.00181
8.04 0.007546
8.05 0.011516
8.06 0.0087563
8.07 0.000885
8.08 -0.0029515
8.09 0.0047877
8.1 0.013754
8.11 0.019363
8.12 0.015484
8.13 0.0020231
8.14 -0.0028545
8.15 -0.0019609
8.16 0.0027756
8.17 -0.0038258
8.18 -0.020949
8.19 -0.051091
8.2 -0.083172
8.21 -0.10363
8.22 -0.10409
8.23 -0.090104
8.24 -0.081592
8.25 -0.072889
8.26 -0.064961
8.27 -0.047508
8.28 -0.023534
8.29 0.0043722
8.3 0.039128
8.31 0.094452
8.32 0.13869
8.33 0.13697
8.34 0.1071
8.35 0.081068
8.36 0.078993
8.37 0.104
8.38 0.13521
8.39 0.16213
8.4 0.17381
8.41 0.18311
8.42 0.18694
8.43 0.16774
8.44 0.12748
8.45 0.073672
8.46 0.01883
8.47 -0.012912
8.48 -0.033806
8.49 -0.044517
8.5 -0.052544
8.51 -0.053886
8.52 -0.04796
8.53 -0.034477
8.54 -0.01831
8.55 -0.00037064
8.56 0.01019
8.57 0.021165
8.58 0.024826
8.59 0.023265
8.6 0.014433
8.61 -0.00199
8.62 -0.0059793
8.63 -0.0046531
8.64 0.0033533
8.65 0.0040238
8.66 -0.016955
8.67 -0.03466
8.68 -0.041179
8.69 -0.041105
8.7 -0.032416
8.71 -0.030595
8.72 -0.052999
8.73 -0.091368
8.74 -0.13043
8.75 -0.15709
8.76 -0.17893
8.77 -0.18226
8.78 -0.16131
8.79 -0.14001
8.8 -0.13959
8.81 -0.15134
8.82 -0.15011
8.83 -0.12912
8.84 -0.096924
8.85 -0.074778
8.86 -0.071684
8.87 -0.071959
8.88 -0.055699
8.89 -0.033476
8.9 -0.014152
8.91 -0.017492
8.92 -0.036129
8.93 -0.060645
8.94 -0.064521
8.95 -0.050967
8.96 -0.016277
8.97 0.014511
8.98 0.039407
8.99 0.060084
9 0.08271
9.01 0.11088
9.02 0.11577
9.03 0.11726
9.04 0.13171
9.05 0.16169
9.06 0.19902
9.07 0.22506
9.08 0.21969
9.09 0.17294
9.1 0.10157
9.11 0.072897
9.12 0.089483
9.13 0.11
9.14 0.10402
9.15 0.086378
9.16 0.07113
9.17 0.060932
9.18 0.057847
9.19 0.034736
9.2 -0.011399
9.21 -0.042155
9.22 -0.049334
9.23 -0.049764
9.24 -0.057238
9.25 -0.076375
9.26 -0.079034
9.27 -0.060397
9.28 -0.030612
9.29 -0.0072458
9.3 0.001913
9.31 0.0019626
9.32 -0.007715
9.33 -0.025473
9.34 -0.047573
9.35 -0.067465
9.36 -0.083831
9.37 -0.1023
9.38 -0.10889
9.39 -0.11176
9.4 -0.10514
9.41 -0.089618
9.42 -0.071507
9.43 -0.053311
9.44 -0.040202
9.45 -0.03289
9.46 -0.03063
9.47 -0.018536
9.48 -0.002218
9.49 0.017562
9.5 0.038414
9.51 0.045703
9.52 0.04624
9.53 0.051762
9.54 0.063924
9.55 0.080909
9.56 0.081428
9.57 0.053304
9.58 0.0072196
9.59 -0.038193
9.6 -0.056211
9.61 -0.058911
9.62 -0.052558
9.63 -0.049024
9.64 -0.040743
9.65 -0.017222
9.66 0.018544
9.67 0.053647
9.68 0.07134
9.69 0.079087
9.7 0.090998
9.71 0.10604
9.72 0.11772
9.73 0.11872
9.74 0.11238
9.75 0.099798
9.76 0.083749
9.77 0.056515
9.78 0.034136
9.79 0.019147
9.8 0.015779
9.81 0.01996
9.82 0.021757
9.83 0.016436
9.84 0.011231
9.85 0.0070023
9.86 -0.0026403
9.87 -0.015873
9.88 -0.027099
9.89 -0.011948
9.9 0.01391
9.91 0.023145
9.92 0.00014435
9.93 -0.049003
9.94 -0.07846
9.95 -0.081671
9.96 -0.064882
9.97 -0.046254
9.98 -0.023466
9.99 -0.0047435
10 0.020115
10.01 0.039733
10.02 0.05099
10.03 0.057651
10.04 0.057784
10.05 0.053954
10.06 0.039553
10.07 0.020241
10.08 0.0032079
10.09 0.0047101
10.1 0.0367
10.11 0.090247
10.12 0.11884
10.13 0.12567
10.14 0.12981
10.15 0.13082
10.16 0.11388
10.17 0.06952
10.18 -0.0029476
10.19 -0.088281
10.2 -0.15323
10.21 -0.17332
10.22 -0.16439
10.23 -0.13547
10.24 -0.087916
10.25 -0.028727
10.26 0.024517
10.27 0.054049
10.28 0.072245
10.29 0.075618
10.3 0.055859
10.31 0.005928
10.32 -0.058592
10.33 -0.11488
10.34 -0.14745
10.35 -0.18864
10.36 -0.22739
10.37 -0.25509
10.38 -0.27512
10.39 -0.28172
10.4 -0.2605
10.41 -0.20695
10.42 -0.11228
10.43 -0.0297
10.44 0.011419
10.45 0.037232
10.46 0.060628
10.47 0.075713
10.48 0.082401
10.49 0.088168
10.5 0.095112
10.51 0.10607
10.52 0.12072
10.53 0.13547
10.54 0.13909
10.55 0.12877
10.56 0.11608
10.57 0.11738
10.58 0.13111
10.59 0.13428
10.6 0.12748
10.61 0.12021
10.62 0.11721
10.63 0.12064
10.64 0.1331
10.65 0.14623
10.66 0.14922
10.67 0.14827
10.68 0.13953
10.69 0.13262
10.7 0.12967
10.71 0.12806
10.72 0.11676
10.73 0.082171
10.74 0.022146
10.75 -0.040164
10.76 -0.081977
10.77 -0.10523
10.78 -0.11474
10.79 -0.10977
10.8 -0.090784
10.81 -0.063553
10.82 -0.03246
10.83 0.0032183
10.84 0.042181
10.85 0.071836
10.86 0.092821
10.87 0.098194
10.88 0.073226
10.89 0.01577
10.9 -0.034591
10.91 -0.055078
10.92 -0.050894
10.93 -0.047017
10.94 -0.067124
10.95 -0.16097
10.96 -0.29582
10.97 -0.36483
10.98 -0.38931
10.99 -0.39448
11 -0.36588
11.01 -0.2967
11.02 -0.19713
11.03 -0.12488
11.04 -0.085125
11.05 -0.048712
11.06 -0.011952
11.07 0.024567
11.08 0.018595
11.09 -0.024337
11.1 -0.13329
11.11 -0.23462
11.12 -0.30698
11.13 -0.36963
11.14 -0.39449
11.15 -0.40014
11.16 -0.37482
11.17 -0.32423
11.18 -0.26435
11.19 -0.22521
11.2 -0.18771
11.21 -0.13656
11.22 -0.071528
11.23 -0.019111
11.24 0.012884
11.25 0.060077
11.26 0.13437
11.27 0.23722
11.28 0.3233
11.29 0.34025
11.3 0.2971
11.31 0.11807
11.32 -0.11985
11.33 -0.30152
11.34 -0.32293
11.35 -0.32295
11.36 -0.34966
11.37 -0.39401
11.38 -0.42916
11.39 -0.43539
11.4 -0.40151
11.41 -0.32778
11.42 -0.21876
11.43 -0.11678
11.44 -0.039901
11.45 0.0070765
11.46 0.031727
11.47 0.062947
11.48 0.12997
11.49 0.25573
11.5 0.39083
11.51 0.49396
11.52 0.54964
11.53 0.57003
11.54 0.5685
11.55 0.56925
11.56 0.5713
11.57 0.57758
11.58 0.5754
11.59 0.55477
11.6 0.53255
11.61 0.51646
11.62 0.49385
11.63 0.44243
11.64 0.36553
11.65 0.22743
11.66 0.097358
11.67 0.018916
11.68 -0.042645
11.69 -0.096681
11.7 -0.15641
11.71 -0.21954
11.72 -0.28091
11.73 -0.31867
11.74 -0.34687
11.75 -0.36177
11.76 -0.38312
11.77 -0.40286
11.78 -0.42463
11.79 -0.43146
11.8 -0.42723
11.81 -0.40479
11.82 -0.37002
11.83 -0.31674
11.84 -0.25815
11.85 -0.20263
11.86 -0.16565
11.87 -0.1508
11.88 -0.14378
11.89 -0.13222
11.9 -0.11529
11.91 -0.096229
11.92 -0.081721
11.93 -0.071423
11.94 -0.05677
11.95 -0.032602
11.96 0.0010799
11.97 0.045989
11.98 0.085643
11.99 0.12217
12 0.17002
12.01 0.23948
12.02 0.30847
12.03 0.34755
12.04 0.33956
12.05 0.28273
12.06 0.13542
12.07 0.042852
12.08 0.018686
12.09 0.012494
12.1 0.019747
12.11 0.029348
12.12 0.033618
12.13 0.041031
12.14 0.055621
12.15 0.079318
12.16 0.10444
12.17 0.13458
12.18 0.17067
12.19 0.19577
12.2 0.19982
12.21 0.18897
12.22 0.1623
12.23 0.12536
12.24 0.095923
12.25 0.076606
12.26 0.054505
12.27 0.029858
12.28 0.0039056
12.29 -0.010368
12.3 -0.0083059
12.31 -0.0075183
12.32 -0.0051667
12.33 -0.01364
12.34 -0.028414
12.35 -0.046845
12.36 -0.043317
12.37 0.0056001
12.38 0.10225
12.39 0.16553
12.4 0.18737
12.41 0.19297
12.42 0.19878
12.43 0.20557
12.44 0.19748
12.45 0.17042
12.46 0.10598
12.47 0.032946
12.48 -0.024779
12.49 -0.06917
12.5 -0.10722
12.51 -0.13868
12.52 -0.14766
12.53 -0.13936
12.54 -0.1205
12.55 -0.076083
12.56 -0.012859
12.57 0.051214
12.58 0.07811
12.59 0.074903
12.6 0.054126
12.61 0.022286
12.62 -0.013789
12.63 -0.040106
12.64 -0.057292
12.65 -0.070896
12.66 -0.0841
12.67 -0.090359
12.68 -0.084136
12.69 -0.075301
12.7 -0.067595
12.71 -0.051935
12.72 -0.03902
12.73 -0.022356
12.74 0.0044919
12.75 0.032184
12.76 0.049868
12.77 0.06129
12.78 0.082773
12.79 0.12225
12.8 0.17538
12.81 0.21359
12.82 0.23741
12.83 0.23995
12.84 0.23136
12.85 0.22693
12.86 0.22146
12.87 0.21707
12.88 0.19332
12.89 0.15928
12.9 0.13734
12.91 0.11212
12.92 0.064068
12.93 0.010589
12.94 -0.030225
12.95 -0.065419
12.96 -0.086163
12.97 -0.081601
12.98 -0.057588
12.99 -0.012076
13 0.032609
13.01 0.064978
13.02 0.084318
13.03 0.094939
13.04 0.097131
13.05 0.085521
13.06 0.048184
13.07 -0.0076912
13.08 -0.041013
13.09 -0.061613
13.1 -0.070935
13.11 -0.078525
13.12 -0.097164
13.13 -0.11001
13.14 -0.098029
13.15 -0.061842
13.16 -0.028638
13.17 -0.013675
13.18 -0.019487
13.19 -0.044615
13.2 -0.072916
13.21 -0.082965
13.22 -0.078586
13.23 -0.071414
13.24 -0.068092
13.25 -0.054168
13.26 -0.025625
13.27 -0.0040106
13.28 0.0019203
13.29 -0.0017965
13.3 -0.024899
13.31 -0.052158
13.32 -0.062006
13.33 -0.066904
13.34 -0.081635
13.35 -0.10391
13.36 -0.14338
13.37 -0.18335
13.38 -0.21713
13.39 -0.23097
13.4 -0.22989
13.41 -0.22278
13.42 -0.19544
13.43 -0.14391
13.44 -0.096138
13.45 -0.09548
13.46 -0.11776
13.47 -0.1432
13.48 -0.14289
13.49 -0.11925
13.5 -0.08266
13.51 -0.040983
13.52 0.013644
13.53 0.072016
13.54 0.11891
13.55 0.13379
13.56 0.12384
13.57 0.1037
13.58 0.089689
13.59 0.091557
13.6 0.10235
13.61 0.11048
13.62 0.1033
13.63 0.084118
13.64 0.078649
13.65 0.081466
13.66 0.08455
13.67 0.091525
13.68 0.090058
13.69 0.085952
13.7 0.07761
13.71 0.057522
13.72 0.033246
13.73 -0.0033463
13.74 -0.047236
13.75 -0.07386
13.76 -0.089602
13.77 -0.091911
13.78 -0.086839
13.79 -0.074727
13.8 -0.057604
13.81 -0.036232
13.82 0.0045119
13.83 0.065379
13.84 0.11692
13.85 0.14448
13.86 0.15102
13.87 0.13671
13.88 0.10075
13.89 0.067748
13.9 0.048136
13.91 0.028906
13.92 -0.0020248
13.93 -0.045064
13.94 -0.092527
13.95 -0.12381
13.96 -0.13508
13.97 -0.13104
13.98 -0.12
13.99 -0.10154
14 -0.077281
14.01 -0.041942
14.02 0.0056308
14.03 0.024815
14.04 0.015288
14.05 -0.055996
14.06 -0.14062
14.07 -0.16762
14.08 -0.16591
14.09 -0.16044
14.1 -0.15176
14.11 -0.14181
14.12 -0.13689
14.13 -0.11485
14.14 -0.072882
14.15 -0.01043
14.16 0.045607
14.17 0.087388
14.18 0.10814
14.19 0.11458
14.2 0.10214
14.21 0.07816
14.22 0.053819
14.23 0.05368
14.24 0.074015
14.25 0.094629
14.26 0.089615
14.27 0.065938
14.28 0.035129
14.29 0.015661
14.3 0.016777
14.31 0.031235
14.32 0.056998
14.33 0.07719
14.34 0.088937
14.35 0.092442
14.36 0.1107
14.37 0.14419
14.38 0.17136
14.39 0.19186
14.4 0.21071
14.41 0.20598
14.42 0.18212
14.43 0.12824
14.44 0.048426
14.45 -0.0073054
14.46 -0.038153
14.47 -0.053142
14.48 -0.062794
14.49 -0.069218
14.5 -0.07893
14.51 -0.086789
14.52 -0.082968
14.53 -0.062953
14.54 -0.031863
14.55 0.0023093
14.56 0.036949
14.57 0.062908
14.58 0.078123
14.59 0.080413
14.6 0.07308
14.61 0.063395
14.62 0.044568
14.63 0.019512
14.64 -0.00098729
14.65 -0.015457
14.66 -0.028616
14.67 -0.035346
14.68 -0.043293
14.69 -0.051534
14.7 -0.062766
14.71 -0.07391
14.72 -0.077787
14.73 -0.072401
14.74 -0.060435
14.75 -0.052775
14.76 -0.047292
14.77 -0.040685
14.78 -0.025731
14.79 -0.0076547
14.8 0.0033121
14.81 0.02492
14.82 0.048793
14.83 0.065131
14.84 0.070778
14.85 0.050524
14.86 0.02378
14.87 0.016911
14.88 0.019704
14.89 0.024851
14.9 0.015563
14.91 -0.0023209
14.92 -0.021813
14.93 -0.034146
14.94 -0.042654
14.95 -0.053838
14.96 -0.061788
14.97 -0.066223
14.98 -0.072122
14.99 -0.082531
15 -0.090372
15.01 -0.095582
15.02 -0.1018
15.03 -0.11251
15.04 -0.11206
15.05 -0.098803
15.06 -0.081911
15.07 -0.063852
15.08 -0.055137
15.09 -0.050264
15.1 -0.036488
15.11 -0.023487
15.12 -0.011541
15.13 -0.0052516
15.14 -0.011696
15.15 -0.027184
15.16 -0.035955
15.17 -0.038148
15.18 -0.03405
15.19 -0.024373
15.2 -0.0084469
15.21 0.0081782
15.22 0.02698
15.23 0.048313
15.24 0.068181
15.25 0.067389
15.26 0.044729
15.27 0.015212
15.28 -0.0021113
15.29 0.0047534
15.3 0.024402
15.31 0.034263
15.32 0.038886
15.33 0.042992
15.34 0.045569
15.35 0.044606
15.36 0.050441
15.37 0.053091
15.38 0.062656
15.39 0.077448
15.4 0.10452
15.41 0.14681
15.42 0.19004
15.43 0.21896
15.44 0.24058
15.45 0.25512
15.46 0.26506
15.47 0.26685
15.48 0.25727
15.49 0.23295
15.5 0.193
15.51 0.14513
15.52 0.10042
15.53 0.037015
15.54 -0.0421
15.55 -0.11056
15.56 -0.15637
15.57 -0.18821
15.58 -0.20249
15.59 -0.19238
15.6 -0.15429
15.61 -0.11448
15.62 -0.097114
15.63 -0.089114
15.64 -0.081725
15.65 -0.069845
15.66 -0.049066
15.67 -0.028451
15.68 -0.025523
15.69 -0.033281
15.7 -0.043063
15.71 -0.051098
15.72 -0.066834
15.73 -0.084146
15.74 -0.09161
15.75 -0.088947
15.76 -0.072851
15.77 -0.054433
15.78 -0.039937
15.79 -0.042344
15.8 -0.046956
15.81 -0.044179
15.82 -0.034771
15.83 -0.018596
15.84 -0.0036653
15.85 0.019093
15.86 0.044995
15.87 0.074611
15.88 0.1
15.89 0.1231
15.9 0.13287
15.91 0.12687
15.92 0.10937
15.93 0.084269
15.94 0.044587
15.95 0.015006
15.96 0.0049047
15.97 0.0074208
15.98 0.021313
15.99 0.042175
16 0.065708
16.01 0.082504
16.02 0.094724
16.03 0.10287
16.04 0.102
16.05 0.088658
16.06 0.066329
16.07 0.033353
16.08 -0.014753
16.09 -0.066321
16.1 -0.11542
16.11 -0.15846
16.12 -0.17764
16.13 -0.17546
16.14 -0.16693
16.15 -0.13857
16.16 -0.09447
16.17 -0.039348
16.18 0.027163
16.19 0.077592
16.2 0.10754
16.21 0.12273
16.22 0.11984
16.23 0.095901
16.24 0.059624
16.25 -0.0093347
16.26 -0.073494
16.27 -0.10551
16.28 -0.11502
16.29 -0.11369
16.3 -0.10765
16.31 -0.092589
16.32 -0.072195
16.33 -0.054313
16.34 -0.03969
16.35 -0.031472
16.36 -0.023721
16.37 -0.01891
16.38 -0.023361
16.39 -0.043607
16.4 -0.083151
16.41 -0.12369
16.42 -0.14492
16.43 -0.15312
16.44 -0.15615
16.45 -0.14694
16.46 -0.13901
16.47 -0.12538
16.48 -0.11452
16.49 -0.10717
16.5 -0.10267
16.51 -0.095635
16.52 -0.086687
16.53 -0.066457
16.54 -0.035789
16.55 -0.00065392
16.56 0.037328
16.57 0.069823
16.58 0.098926
16.59 0.12329
16.6 0.13304
16.61 0.13376
16.62 0.13736
16.63 0.14719
16.64 0.1446
16.65 0.11734
16.66 0.067826
16.67 0.010721
16.68 -0.01977
16.69 -0.03072
16.7 -0.03561
16.71 -0.049778
16.72 -0.069175
16.73 -0.077669
16.74 -0.070441
16.75 -0.053043
16.76 -0.032206
16.77 -0.0058986
16.78 0.018535
16.79 0.043316
16.8 0.06677
16.81 0.072975
16.82 0.066239
16.83 0.03972
16.84 0.019283
16.85 0.021424
16.86 0.038179
16.87 0.055899
16.88 0.060302
16.89 0.05222
16.9 0.048239
16.91 0.054735
16.92 0.059721
16.93 0.058657
16.94 0.048069
16.95 0.034389
16.96 0.02075
16.97 0.01945
16.98 0.03182
16.99 0.044832
17 0.066589
17.01 0.091168
17.02 0.10885
17.03 0.1276
17.04 0.14502
17.05 0.15489
17.06 0.16237
17.07 0.16257
17.08 0.16549
17.09 0.17037
17.1 0.16856
17.11 0.17321
17.12 0.17545
17.13 0.17297
17.14 0.16391
17.15 0.14529
17.16 0.12017
17.17 0.10257
17.18 0.089272
17.19 0.081014
17.2 0.074627
17.21 0.072362
17.22 0.079986
17.23 0.078537
17.24 0.066049
17.25 0.044505
17.26 0.0086009
17.27 -0.027917
17.28 -0.054539
17.29 -0.070717
17.3 -0.084683
17.31 -0.095575
17.32 -0.097606
17.33 -0.10031
17.34 -0.10444
17.35 -0.12021
17.36 -0.13318
17.37 -0.14738
17.38 -0.15672
17.39 -0.16316
17.4 -0.15967
17.41 -0.14982
17.42 -0.13965
17.43 -0.11584
17.44 -0.085015
17.45 -0.03168
17.46 0.012556
17.47 0.044485
17.48 0.07219
17.49 0.093671
17.5 0.11154
17.51 0.12361
17.52 0.12779
17.53 0.12485
17.54 0.12354
17.55 0.12273
17.56 0.12362
17.57 0.12853
17.58 0.12455
17.59 0.10816
17.6 0.078354
17.61 0.03607
17.62 5.4554e-005
17.63 -0.017349
17.64 -0.029112
17.65 -0.037679
17.66 -0.042896
17.67 -0.047752
17.68 -0.048323
17.69 -0.047122
17.7 -0.049438
17.71 -0.053742
17.72 -0.056187
17.73 -0.067001
17.74 -0.079271
17.75 -0.083159
17.76 -0.084489
17.77 -0.077852
17.78 -0.072197
17.79 -0.055121
17.8 -0.031537
17.81 -0.0080637
17.82 0.012589
17.83 0.022981
17.84 0.01909
17.85 0.0042409
17.86 -0.01802
17.87 -0.034067
17.88 -0.044701
17.89 -0.050093
17.9 -0.057092
17.91 -0.066453
17.92 -0.070877
17.93 -0.077934
17.94 -0.083864
17.95 -0.094475
17.96 -0.099954
17.97 -0.10649
17.98 -0.11151
17.99 -0.11175
18 -0.10487
18.01 -0.09166
18.02 -0.074954
18.03 -0.059114
18.04 -0.054818
18.05 -0.060051
18.06 -0.073396
18.07 -0.08587
18.08 -0.094177
18.09 -0.1085
18.1 -0.12491
18.11 -0.13584
18.12 -0.13883
18.13 -0.13065
18.14 -0.11083
18.15 -0.089088
18.16 -0.073015
18.17 -0.061102
18.18 -0.0496
18.19 -0.028311
18.2 -0.0050182
18.21 0.02668
18.22 0.064594
18.23 0.096274
18.24 0.11669
18.25 0.13164
18.26 0.14334
18.27 0.148
18.28 0.15038
18.29 0.14928
18.3 0.13494
18.31 0.10564
18.32 0.065246
18.33 0.036051
18.34 0.030118
18.35 0.033869
18.36 0.035383
18.37 0.024872
18.38 0.004773
18.39 -0.013421
18.4 -0.020336
18.41 -0.021629
18.42 -0.018271
18.43 -0.010942
18.44 -0.0042685
18.45 -0.00011921
18.46 0.010966
18.47 0.02528
18.48 0.037597
18.49 0.046847
18.5 0.055355
18.51 0.058732
18.52 0.046925
18.53 0.027721
18.54 0.0093436
18.55 -0.018995
18.56 -0.044439
18.57 -0.073924
18.58 -0.098887
18.59 -0.11983
18.6 -0.13017
18.61 -0.1296
18.62 -0.11453
18.63 -0.097507
18.64 -0.075795
18.65 -0.056872
18.66 -0.046039
18.67 -0.03999
18.68 -0.033008
18.69 -0.023941
18.7 -0.014504
18.71 -0.010624
18.72 -0.0091387
18.73 -0.01576
18.74 -0.026275
18.75 -0.031808
18.76 -0.037702
18.77 -0.040792
18.78 -0.032739
18.79 -0.020632
18.8 0.0014789
18.81 0.027038
18.82 0.045804
18.83 0.060982
18.84 0.070628
18.85 0.062191
18.86 0.053679
18.87 0.037532
18.88 0.017852
18.89 -0.0040068
18.9 -0.021959
18.91 -0.044723
18.92 -0.072401
18.93 -0.10279
18.94 -0.12304
18.95 -0.13748
18.96 -0.14032
18.97 -0.14079
18.98 -0.13792
18.99 -0.13187
19 -0.11536
19.01 -0.093068
19.02 -0.068366
19.03 -0.045163
19.04 -0.022784
19.05 -0.0074154
19.06 0.0071499
19.07 0.016647
19.08 0.026236
19.09 0.031716
19.1 0.024806
19.11 0.014014
19.12 0.0067744
19.13 0.0021793
19.14 0.0014764
19.15 0.00034376
19.16 -0.010204
19.17 -0.027539
19.18 -0.049863
19.19 -0.075136
19.2 -0.092218
19.21 -0.10497
19.22 -0.10912
19.23 -0.10602
19.24 -0.10207
19.25 -0.09415
19.26 -0.085303
19.27 -0.072576
19.28 -0.0556
19.29 -0.037498
19.3 -0.020031
19.31 -0.0043079
19.32 0.0086055
19.33 0.014532
19.34 0.010313
19.35 0.0070264
19.36 0.0010764
19.37 -0.012597
19.38 -0.030183
19.39 -0.049068
19.4 -0.058802
19.41 -0.062238
19.42 -0.061383
19.43 -0.060424
19.44 -0.062532
19.45 -0.059167
19.46 -0.057119
19.47 -0.052581
19.48 -0.043159
19.49 -0.024556
19.5 -0.0072543
19.51 0.0050751
19.52 0.0057808
19.53 0.0055389
19.54 0.0013046
19.55 -0.0068728
19.56 -0.011533
19.57 -0.020045
19.58 -0.027884
19.59 -0.030319
19.6 -0.024639
19.61 -0.013524
19.62 0.0087543
19.63 0.03586
19.64 0.053917
19.65 0.074861
19.66 0.088216
19.67 0.093918
19.68 0.10304
19.69 0.1132
19.7 0.11802
19.71 0.13056
19.72 0.14339
19.73 0.1663
19.74 0.18752
19.75 0.19841
19.76 0.20199
19.77 0.19615
19.78 0.19298
19.79 0.18445
19.8 0.17576
19.81 0.15972
19.82 0.13583
19.83 0.10633
19.84 0.077928
19.85 0.064503
19.86 0.06201
19.87 0.063906
19.88 0.063838
19.89 0.059016
19.9 0.054783
19.91 0.048729
19.92 0.048195
19.93 0.053479
19.94 0.059155
19.95 0.059311
19.96 0.058025
19.97 0.049758
19.98 0.03707
19.99 0.0295
20 0.023216
20.01 0.016908
20.02 0.0068148
20.03 0.0021312
20.04 0.0078719
20.05 0.022771
20.06 0.039562
20.07 0.043744
20.08 0.047781
20.09 0.054343
20.1 0.05607
20.11 0.054858
20.12 0.050384
20.13 0.050205
20.14 0.055998
20.15 0.069358
20.16 0.080135
20.17 0.086631
20.18 0.091769
20.19 0.086454
20.2 0.078634
20.21 0.066358
20.22 0.053585
20.23 0.046527
20.24 0.043275
20.25 0.039038
20.26 0.031926
20.27 0.027706
20.28 0.016831
20.29 0.0041702
20.3 -0.0086082
20.31 -0.024454
20.32 -0.038764
20.33 -0.048821
20.34 -0.055216
20.35 -0.051416
20.36 -0.040028
20.37 -0.032587
20.38 -0.030222
20.39 -0.029162
20.4 -0.028432
20.41 -0.030194
20.42 -0.036397
20.43 -0.04118
20.44 -0.044884
20.45 -0.048383
20.46 -0.052327
20.47 -0.056417
20.48 -0.062237
20.49 -0.065103
20.5 -0.064054
20.51 -0.057632
20.52 -0.052545
20.53 -0.05018
20.54 -0.050872
20.55 -0.046243
20.56 -0.040159
20.57 -0.03376
20.58 -0.029306
20.59 -0.028591
20.6 -0.037688
20.61 -0.05677
20.62 -0.070986
20.63 -0.07821
20.64 -0.087388
20.65 -0.096134
20.66 -0.10093
20.67 -0.096253
20.68 -0.084549
20.69 -0.077159
20.7 -0.066312
20.71 -0.067378
20.72 -0.071269
20.73 -0.063332
20.74 -0.059702
20.75 -0.054036
20.76 -0.044126
20.77 -0.033984
20.78 -0.03078
20.79 -0.035902
20.8 -0.041616
20.81 -0.052397
20.82 -0.05741
20.83 -0.063194
20.84 -0.063595
20.85 -0.061977
20.86 -0.052575
20.87 -0.034634
20.88 -0.017781
20.89 -0.0037576
20.9 0.0089872
20.91 0.018154
20.92 0.022942
20.93 0.031661
20.94 0.035303
20.95 0.042476
20.96 0.044916
20.97 0.041768
20.98 0.038581
20.99 0.02364
21 0.011493
21.01 0.0050383
21.02 0.0038269
21.03 0.0097857
21.04 0.020635
21.05 0.03242
21.06 0.034169
21.07 0.032172
21.08 0.034983
21.09 0.040354
21.1 0.040192
21.11 0.035988
21.12 0.024867
21.13 0.016596
21.14 0.0043431
21.15 -0.008637
21.16 -0.020057
21.17 -0.022293
21.18 -0.021359
21.19 -0.02211
21.2 -0.022454
21.21 -0.0211
21.22 -0.014368
21.23 -0.0020014
21.24 0.012886
21.25 0.028919
21.26 0.037423
21.27 0.044654
21.28 0.049415
21.29 0.050124
21.3 0.05441
21.31 0.059186
21.32 0.057664
21.33 0.059666
21.34 0.058543
21.35 0.060733
21.36 0.052965
21.37 0.038811
21.38 0.020322
21.39 -0.0028282
21.4 -0.017727
21.41 -0.028574
21.42 -0.034588
21.43 -0.037942
21.44 -0.035187
21.45 -0.02989
21.46 -0.021339
21.47 -0.014198
21.48 -0.0089036
21.49 -0.0049999
21.5 0.0034021
21.51 0.013561
21.52 0.020767
21.53 0.024071
21.54 0.016695
21.55 0.0065352
21.56 -0.0018808
21.57 -0.0061103
21.58 -0.0065075
21.59 -0.0034575
21.6 -0.0085638
21.61 -0.017587
21.62 -0.02216
21.63 -0.021457
21.64 -0.022193
21.65 -0.025383
21.66 -0.02593
21.67 -0.023202
21.68 -0.023399
21.69 -0.023412
21.7 -0.022798
21.71 -0.021764
21.72 -0.021814
21.73 -0.021547
21.74 -0.020608
21.75 -0.014589
21.76 -0.011042
21.77 -0.016176
21.78 -0.020087
21.79 -0.021677
21.8 -0.030191
21.81 -0.037831
21.82 -0.040901
21.83 -0.038258
21.84 -0.036976
21.85 -0.028588
21.86 -0.01662
21.87 -0.0080562
21.88 0.0013995
21.89 0.0088633
21.9 0.01251
21.91 0.016434
21.92 0.013696
21.93 0.010204
21.94 0.0088149
21.95 0.0050803
21.96 -0.0044125
21.97 -0.010867
21.98 -0.01643
21.99 -0.019493
22 -0.018121
22.01 -0.01654
22.02 -0.016702
22.03 -0.01767
22.04 -0.018782
22.05 -0.021151
22.06 -0.027773
22.07 -0.034749
22.08 -0.045574
22.09 -0.053902
22.1 -0.056747
22.11 -0.052559
22.12 -0.042082
22.13 -0.024326
22.14 -0.0086305
22.15 0.0058067
22.16 0.022732
22.17 0.037969
22.18 0.039831
22.19 0.036302
22.2 0.026489
22.21 0.015882
22.22 0.0045965
22.23 -0.007859
22.24 -0.02035
22.25 -0.026766
22.26 -0.033354
22.27 -0.030209
22.28 -0.029632
22.29 -0.029742
22.3 -0.027705
22.31 -0.029775
22.32 -0.034603
22.33 -0.042745
22.34 -0.05932
22.35 -0.078019
22.36 -0.094388
22.37 -0.10546
22.38 -0.11261
22.39 -0.11349
22.4 -0.11077
22.41 -0.10592
22.42 -0.10131
22.43 -0.089412
22.44 -0.084406
22.45 -0.072881
22.46 -0.058665
22.47 -0.047033
22.48 -0.036016
22.49 -0.025055
22.5 -0.01816
22.51 -0.014171
22.52 -0.011895
22.53 -0.013513
22.54 -0.0054579
22.55 0.0077037
22.56 0.019025
22.57 0.029993
22.58 0.038124
22.59 0.039838
22.6 0.040853
22.61 0.040389
22.62 0.041724
22.63 0.032866
22.64 0.022743
22.65 0.011339
22.66 0.00095577
22.67 -0.0071505
22.68 -0.012974
22.69 -0.023177
22.7 -0.036829
22.71 -0.039603
22.72 -0.041957
22.73 -0.044535
22.74 -0.045646
22.75 -0.050229
22.76 -0.050072
22.77 -0.054916
22.78 -0.068076
22.79 -0.085996
22.8 -0.10752
22.81 -0.12371
22.82 -0.13555
22.83 -0.14768
22.84 -0.15324
22.85 -0.15695
22.86 -0.14938
22.87 -0.1434
22.88 -0.134
22.89 -0.12387
22.9 -0.11372
22.91 -0.10213
22.92 -0.085519
22.93 -0.069538
22.94 -0.042954
22.95 -0.015326
22.96 0.0026083
22.97 0.01475
22.98 0.017386
22.99 0.014006
23 0.0039888
23.01 -0.0021193
23.02 -0.00059187
23.03 0.00020654
23.04 0.0062359
23.05 0.016834
23.06 0.02297
23.07 0.030917
23.08 0.038894
23.09 0.043167
23.1 0.04861
23.11 0.058518
23.12 0.066301
23.13 0.075323
23.14 0.082629
23.15 0.092039
23.16 0.09923
23.17 0.10307
23.18 0.11108
23.19 0.11494
23.2 0.10934
23.21 0.10535
23.22 0.10387
23.23 0.090728
23.24 0.075972
23.25 0.067171
23.26 0.062984
23.27 0.063211
23.28 0.061827
23.29 0.062489
23.3 0.070068
23.31 0.079995
23.32 0.083692
23.33 0.088118
23.34 0.087094
23.35 0.084144
23.36 0.081278
23.37 0.076882
23.38 0.074398
23.39 0.07503
23.4 0.073512
23.41 0.074641
23.42 0.075546
23.43 0.071189
23.44 0.068938
23.45 0.068953
23.46 0.075534
23.47 0.083523
23.48 0.094412
23.49 0.10308
23.5 0.10949
23.51 0.11401
23.52 0.11201
23.53 0.10712
23.54 0.10641
23.55 0.10001
23.56 0.091317
23.57 0.084202
23.58 0.074952
23.59 0.065785
23.6 0.060413
23.61 0.06316
23.62 0.059704
23.63 0.054316
23.64 0.050302
23.65 0.046501
23.66 0.046531
23.67 0.042166
23.68 0.033066
23.69 0.020693
23.7 0.011594
23.71 0.0051707
23.72 -0.0051124
23.73 -0.01747
23.74 -0.031536
23.75 -0.039837
23.76 -0.045678
23.77 -0.046242
23.78 -0.041241
23.79 -0.031397
23.8 -0.018925
23.81 -0.00067933
23.82 0.011375
23.83 0.016269
23.84 0.018124
23.85 0.013426
23.86 0.0089185
23.87 0.0048863
23.88 0.0063176
23.89 0.0017903
23.9 -0.0061177
23.91 -0.017041
23.92 -0.023878
23.93 -0.028476
23.94 -0.031218
23.95 -0.037593
23.96 -0.019471
23.97 0.00042471
23.98 -0.0068424
23.99 -0.013097
24 -0.012677
24.01 -0.012767
24.02 -0.013113
24.03 -0.013258
24.04 -0.0054945
24.05 -0.0015882
24.06 0.0012176
24.07 0.0072594
24.08 0.0072502
24.09 0.0076579
24.1 0.0039795
24.11 -0.00024795
24.12 -0.0044761
24.13 -0.012824
24.14 -0.021099
24.15 -0.029784
24.16 -0.038005
24.17 -0.039887
24.18 -0.038926
24.19 -0.03852
24.2 -0.039134
24.21 -0.040099
24.22 -0.040176
24.23 -0.04239
24.24 -0.044989
24.25 -0.043318
24.26 -0.040136
24.27 -0.038175
24.28 -0.030291
24.29 -0.026606
24.3 -0.018741
24.31 -0.0097034
24.32 0.00047764
24.33 0.01141
24.34 0.031735
24.35 0.050684
24.36 0.072466
24.37 0.089795
24.38 0.095406
24.39 0.099325
24.4 0.10431
24.41 0.10534
24.42 0.10228
24.43 0.0979
24.44 0.094446
24.45 0.083223
24.46 0.079199
24.47 0.077197
24.48 0.069867
24.49 0.061174
24.5 0.05284
24.51 0.04018
24.52 0.026899
24.53 0.01153
24.54 0.0004318
24.55 -0.0065752
24.56 -0.008872
24.57 -0.0087543
24.58 -0.011015
24.59 -0.013752
24.6 -0.015575
24.61 -0.01123
24.62 -0.0023086
24.63 0.0063305
24.64 0.011867
24.65 0.014219
24.66 0.019918
24.67 0.027509
24.68 0.027098
24.69 0.022426
24.7 0.015602
24.71 0.012073
24.72 0.0058749
24.73 0.0027077
24.74 0.0048912
24.75 0.0052439
24.76 0.001874
24.77 -0.0052528
24.78 -0.013255
24.79 -0.023792
24.8 -0.033042
24.81 -0.033933
24.82 -0.032051
24.83 -0.031602
24.84 -0.030316
24.85 -0.031333
24.86 -0.038536
24.87 -0.046148
24.88 -0.049163
24.89 -0.045244
24.9 -0.044889
24.91 -0.042797
24.92 -0.041013
24.93 -0.035197
24.94 -0.025949
24.95 -0.014861
24.96 -0.001891
24.97 0.0085258
24.98 0.019832
24.99 0.029373
25 0.039425
25.01 0.050461
25.02 0.060235
25.03 0.066126
25.04 0.065622
25.05 0.069534
25.06 0.06849
25.07 0.064872
25.08 0.056673
25.09 0.041938
25.1 0.025658
25.11 0.020312
25.12 0.0084285
25.13 0.0014116
25.14 0.00023017
25.15 -0.0054741
25.16 -0.0056014
25.17 -0.0065042
25.18 -0.015487
25.19 -0.016793
25.2 -0.016683
25.21 -0.0094443
25.22 -0.0034893
25.23 0.0047337
25.24 0.0091972
25.25 0.012624
25.26 0.0064573
25.27 0.0043087
25.28 0.004214
25.29 0.0036526
25.3 0.0033559
25.31 0.0051566
25.32 0.0072387
25.33 0.015003
25.34 0.025823
25.35 0.035064
25.36 0.041598
25.37 0.0487
25.38 0.053347
25.39 0.058758
25.4 0.062059
25.41 0.060324
25.42 0.058177
25.43 0.050079
25.44 0.042257
25.45 0.032816
25.46 0.027246
25.47 0.020878
25.48 0.017588
25.49 0.016989
25.5 0.018659
25.51 0.019011
25.52 0.018884
25.53 0.019137
25.54 0.019179
25.55 0.015178
25.56 0.020688
25.57 0.029333
25.58 0.032475
25.59 0.042264
25.6 0.048567
25.61 0.053464
25.62 0.057364
25.63 0.059883
25.64 0.06012
25.65 0.061343
25.66 0.057584
25.67 0.050734
25.68 0.047627
25.69 0.039994
25.7 0.027884
25.71 0.015692
25.72 0.0042685
25.73 -0.0015159
25.74 -0.0057168
25.75 -0.005917
25.76 -0.0054062
25.77 -0.0041446
25.78 -0.0050622
25.79 -0.0050768
25.8 -0.0015394
25.81 -0.0025974
25.82 0.001049
25.83 0.0034952
25.84 0.0019666
25.85 -0.0026695
25.86 -0.0066191
25.87 -0.008447
25.88 -0.003405
25.89 0.0018503
25.9 0.0053182
25.91 0.0089124
25.92 0.016959
25.93 0.023414
25.94 0.031772
25.95 0.0377
25.96 0.032991
25.97 0.02318
25.98 0.010384
25.99 -0.0049243
26 -0.018184
26.01 -0.031693
26.02 -0.040822
26.03 -0.054903
26.04 -0.066035
26.05 -0.072164
26.06 -0.07659
26.07 -0.083622
26.08 -0.091723
26.09 -0.0974
26.1 -0.10147
26.11 -0.10705
26.12 -0.10413
26.13 -0.094249
26.14 -0.089462
26.15 -0.083688
26.16 -0.077007
26.17 -0.072278
26.18 -0.06371
26.19 -0.054388
26.2 -0.043287
26.21 -0.028332
26.22 -0.016382
26.23 -0.012212
26.24 -0.0086024
26.25 -0.011352
26.26 -0.016127
26.27 -0.022116
26.28 -0.023455
26.29 -0.023992
26.3 -0.023615
26.31 -0.026318
26.32 -0.025251
26.33 -0.028891
26.34 -0.033776
26.35 -0.038102
26.36 -0.043788
26.37 -0.050918
26.38 -0.059636
26.39 -0.063903
26.4 -0.071312
26.41 -0.075142
26.42 -0.082386
26.43 -0.087853
26.44 -0.090778
26.45 -0.089458
26.46 -0.089521
26.47 -0.085199
26.48 -0.078726
26.49 -0.072014
26.5 -0.074955
26.51 -0.075693
26.52 -0.073068
26.53 -0.0789
26.54 -0.080471
26.55 -0.08247
26.56 -0.08382
26.57 -0.083335
26.58 -0.085061
26.59 -0.089352
26.6 -0.083345
26.61 -0.082122
26.62 -0.072862
26.63 -0.06316
26.64 -0.054011
26.65 -0.047741
26.66 -0.046806
26.67 -0.045446
26.68 -0.044771
26.69 -0.043916
26.7 -0.043833
26.71 -0.042744
26.72 -0.041117
26.73 -0.035705
26.74 -0.031719
26.75 -0.024842
26.76 -0.019675
26.77 -0.015221
26.78 -0.0064554
26.79 0.003497
26.8 0.016097
26.81 0.029183
26.82 0.044341
26.83 0.057552
26.84 0.065283
26.85 0.072359
26.86 0.078722
26.87 0.080845
26.88 0.079869
26.89 0.072749
26.9 0.061938
26.91 0.055882
26.92 0.05011
26.93 0.049394
26.94 0.047721
26.95 0.046606
26.96 0.046401
26.97 0.047234
26.98 0.049368
26.99 0.042782
27 0.035957
27.01 0.030989
27.02 0.026926
27.03 0.020034
27.04 0.01782
27.05 0.019673
27.06 0.02485
27.07 0.034924
27.08 0.040175
27.09 0.044339
27.1 0.05439
27.11 0.058941
27.12 0.059328
27.13 0.061859
27.14 0.062112
27.15 0.0635
27.16 0.063457
27.17 0.054919
27.18 0.046446
27.19 0.03497
27.2 0.023004
27.21 0.015673
27.22 0.0098945
27.23 0.0039681
27.24 -0.00087005
27.25 -0.0014228
27.26 -0.001103
27.27 -0.0016593
27.28 0.0017536
27.29 0.0041255
27.3 0.0033817
27.31 0.00032114
27.32 -0.0032446
27.33 -0.0031083
27.34 -0.00073232
27.35 0.00026149
27.36 -0.00079599
27.37 0.0050022
27.38 0.0093424
27.39 0.01633
27.4 0.01995
27.41 0.020746
27.42 0.025594
27.43 0.026404
27.44 0.019845
27.45 0.019828
27.46 0.017625
27.47 0.017125
27.48 0.019726
27.49 0.021343
27.5 0.028988
27.51 0.028171
27.52 0.027311
27.53 0.020734
27.54 0.018427
27.55 0.018038
27.56 0.017288
27.57 0.013675
27.58 0.0070115
27.59 0.0011421
27.6 -0.0014746
27.61 -0.0007834
27.62 -0.0014518
27.63 -0.0013584
27.64 -0.00158
27.65 -0.00040867
27.66 0.004352
27.67 0.010768
27.68 0.011125
27.69 0.0093788
27.7 0.0074828
27.71 0.0080734
27.72 0.0026183
27.73 -6.6811e-005
27.74 -0.002426
27.75 -0.011825
27.76 -0.02009
27.77 -0.020046
27.78 -0.024071
27.79 -0.029665
27.8 -0.034606
27.81 -0.044431
27.82 -0.054336
27.83 -0.063197
27.84 -0.074663
27.85 -0.080609
27.86 -0.086737
27.87 -0.097345
27.88 -0.10368
27.89 -0.1103
27.9 -0.11883
27.91 -0.12335
27.92 -0.12942
27.93 -0.12946
27.94 -0.12798
27.95 -0.11903
27.96 -0.10861
27.97 -0.097657
27.98 -0.088527
27.99 -0.076313
28 -0.067883
28.01 -0.066179
28.02 -0.06537
28.03 -0.063717
28.04 -0.058643
28.05 -0.051786
28.06 -0.045177
28.07 -0.038932
28.08 -0.037999
28.09 -0.033117
28.1 -0.027519
28.11 -0.021129
28.12 -0.012469
28.13 -0.0024271
28.14 0.0050288
28.15 0.015371
28.16 0.03068
28.17 0.039049
28.18 0.046586
28.19 0.0524
28.2 0.058442
28.21 0.063582
28.22 0.068282
28.23 0.072473
28.24 0.078493
28.25 0.086291
28.26 0.091296
28.27 0.096602
28.28 0.098763
28.29 0.094061
28.3 0.090599
28.31 0.086489
28.32 0.085969
28.33 0.088826
28.34 0.090558
28.35 0.092976
28.36 0.093176
28.37 0.092546
28.38 0.093479
28.39 0.098407
28.4 0.099092
28.41 0.096196
28.42 0.089176
28.43 0.079109
28.44 0.066682
28.45 0.056472
28.46 0.044338
28.47 0.033202
28.48 0.02357
28.49 0.013429
28.5 0.010447
28.51 0.0069925
28.52 0.0084698
28.53 0.012514
28.54 0.01887
28.55 0.025393
28.56 0.031356
28.57 0.031251
28.58 0.035322
28.59 0.041496
28.6 0.041228
28.61 0.040487
28.62 0.040614
28.63 0.042091
28.64 0.042617
28.65 0.043356
28.66 0.042941
28.67 0.047602
28.68 0.049344
28.69 0.047492
28.7 0.049465
28.71 0.047953
28.72 0.046297
28.73 0.04559
28.74 0.039698
28.75 0.0348
28.76 0.027466
28.77 0.017496
28.78 0.011667
28.79 0.0017722
28.8 -0.0062663
28.81 -0.014749
28.82 -0.017778
28.83 -0.015324
28.84 -0.0076537
28.85 -0.0026
28.86 0.0026802
28.87 0.0039517
28.88 0.0051772
28.89 0.0095047
28.9 0.0063512
28.91 0.0021599
28.92 0.0019172
28.93 -0.00046797
28.94 -0.00016542
28.95 -0.0029358
28.96 -0.0088686
28.97 -0.012863
28.98 -0.016111
28.99 -0.020406
29 -0.019405
29.01 -0.018533
29.02 -0.016898
29.03 -0.018886
29.04 -0.017666
29.05 -0.0080709
29.06 -0.0034585
29.07 0.0029649
29.08 0.0068079
29.09 0.0074552
29.1 0.0062393
29.11 0.0081685
29.12 0.0088544
29.13 0.0097203
29.14 0.011455
29.15 0.0092903
29.16 0.0058917
29.17 -0.0054939
29.18 -0.011331
29.19 -0.011779
29.2 -0.013334
29.21 -0.017658
29.22 -0.023637
29.23 -0.024222
29.24 -0.025015
29.25 -0.028099
29.26 -0.029292
29.27 -0.034073
29.28 -0.036012
29.29 -0.041457
29.3 -0.046266
29.31 -0.050842
29.32 -0.058051
29.33 -0.063079
29.34 -0.063403
29.35 -0.063673
29.36 -0.06467
29.37 -0.063808
29.38 -0.059864
29.39 -0.057052
29.4 -0.048669
29.41 -0.035495
29.42 -0.023046
29.43 -0.01131
29.44 -0.0018631
29.45 0.0087305
29.46 0.0169
29.47 0.022798
29.48 0.027589
29.49 0.027593
29.5 0.031977
29.51 0.031519
29.52 0.032076
29.53 0.032285
29.54 0.031846
29.55 0.026218
29.56 0.015255
29.57 0.004652
29.58 -0.0009485
29.59 -0.0094989
29.6 -0.012296
29.61 -0.0172
29.62 -0.017071
29.63 -0.014783
29.64 -0.011666
29.65 -0.0080743
29.66 -0.0075995
29.67 -0.0085765
29.68 -0.0082803
29.69 -0.0092866
29.7 -0.009595
29.71 -0.0098175
29.72 -0.011868
29.73 -0.012559
29.74 -0.01409
29.75 -0.011677
29.76 -0.013817
29.77 -0.014807
29.78 -0.019548
29.79 -0.023811
29.8 -0.028805
29.81 -0.031522
29.82 -0.032879
29.83 -0.033427
29.84 -0.027625
29.85 -0.018866
29.86 -0.010433
29.87 -0.0074751
29.88 -0.0066803
29.89 -0.006767
29.9 -0.003468
29.91 -0.0026029
29.92 -0.0020725
29.93 -0.0092245
29.94 -0.015922
29.95 -0.024188
29.96 -0.031423
29.97 -0.03364
29.98 -0.034934
29.99 -0.035853
30 -0.034382
30.01 -0.031109
30.02 -0.030725
30.03 -0.024365
30.04 -0.017664
30.05 -0.015967
30.06 -0.016661
30.07 -0.018548
30.08 -0.024695
30.09 -0.025879
30.1 -0.026875
30.11 -0.026171
30.12 -0.02842
30.13 -0.032167
30.14 -0.039343
30.15 -0.047713
30.16 -0.055063
30.17 -0.056318
30.18 -0.053687
30.19 -0.043058
30.2 -0.03529
30.21 -0.033315
30.22 -0.028662
30.23 -0.025655
30.24 -0.026512
30.25 -0.026315
30.26 -0.031097
30.27 -0.027641
30.28 -0.026798
30.29 -0.030681
30.3 -0.030677
30.31 -0.027827
30.32 -0.027273
30.33 -0.02286
30.34 -0.024232
30.35 -0.020751
30.36 -0.0226
30.37 -0.026112
30.38 -0.027108
30.39 -0.025726
30.4 -0.024385
30.41 -0.027427
30.42 -0.02728
30.43 -0.029643
30.44 -0.032397
30.45 -0.02743
30.46 -0.024493
30.47 -0.02552
30.48 -0.023823
30.49 -0.025588
30.5 -0.025751
30.51 -0.022408
30.52 -0.022433
30.53 -0.019564
30.54 -0.012368
30.55 -0.015319
30.56 -0.019185
30.57 -0.019474
30.58 -0.017295
30.59 -0.012842
30.6 -0.012772
30.61 -0.010003
30.62 -0.011442
30.63 -0.0091204
30.64 -0.01206
30.65 -0.016412
30.66 -0.023073
30.67 -0.026384
30.68 -0.029172
30.69 -0.029692
30.7 -0.032065
30.71 -0.033955
30.72 -0.032677
30.73 -0.034193
30.74 -0.040913
30.75 -0.042066
30.76 -0.039814
30.77 -0.040578
30.78 -0.038077
30.79 -0.035062
30.8 -0.026942
30.81 -0.017759
30.82 -0.008072
30.83 -0.0010836
30.84 -0.0013137
30.85 0.0037865
30.86 0.0032176
30.87 -0.0039778
30.88 -0.0085406
30.89 -0.0090095
30.9 -0.0075933
30.91 -0.0069225
30.92 -0.0010234
30.93 0.0018852
30.94 0.0052721
30.95 0.0083353
30.96 0.013468
30.97 0.015459
30.98 0.020721
30.99 0.029047
31 0.035393
31.01 0.037673
31.02 0.033997
31.03 0.031677
31.04 0.021141
31.05 0.0086088
31.06 -0.0014823
31.07 -0.010099
31.08 -0.015403
31.09 -0.01552
31.1 -0.0083192
31.11 -0.0011375
31.12 0.0064404
31.13 0.016114
31.14 0.02456
31.15 0.028703
31.16 0.030353
31.17 0.036712
31.18 0.041428
31.19 0.03977
31.2 0.026854
31.21 0.019392
31.22 0.014637
31.23 0.010554
31.24 0.0097288
31.25 0.010158
31.26 0.015161
31.27 0.013191
31.28 0.013091
31.29 0.0080907
31.3 0.0090378
31.31 0.013386
31.32 0.016623
31.33 0.017319
31.34 0.014625
31.35 0.0091783
31.36 0.0087269
31.37 0.013843
31.38 0.019765
31.39 0.025015
31.4 0.032849
31.41 0.038763
31.42 0.042934
31.43 0.047327
31.44 0.05191
31.45 0.058158
31.46 0.06152
31.47 0.067209
31.48 0.068701
31.49 0.067582
31.5 0.071897
31.51 0.08283
31.52 0.083514
31.53 0.090098
31.54 0.089222
31.55 0.088983
31.56 0.086241
31.57 0.088708
31.58 0.088707
31.59 0.087336
31.6 0.086016
31.61 0.084193
31.62 0.08714
31.63 0.089466
31.64 0.09239
31.65 0.091987
31.66 0.095752
31.67 0.10133
31.68 0.10121
31.69 0.10192
31.7 0.10242
31.71 0.10152
31.72 0.096737
31.73 0.086634
31.74 0.077202
31.75 0.069172
31.76 0.053728
31.77 0.039243
31.78 0.027384
31.79 0.016147
31.8 0.0095599
31.81 0.0032578
31.82 -0.0037355
31.83 -0.0075715
31.84 -0.0084069
31.85 -0.016801
31.86 -0.026733
31.87 -0.035343
31.88 -0.040998
31.89 -0.040294
31.9 -0.041752
31.91 -0.040008
31.92 -0.039587
31.93 -0.041837
31.94 -0.044384
31.95 -0.045872
31.96 -0.04906
31.97 -0.051414
31.98 -0.054033
31.99 -0.046481
32 -0.042049
32.01 -0.040032
32.02 -0.032934
32.03 -0.022715
32.04 -0.021211
32.05 -0.018732
32.06 -0.012064
32.07 -0.0099893
32.08 -0.010265
32.09 -0.0044086
32.1 -0.0010551
32.11 -0.00077077
32.12 -0.0017433
32.13 -0.0046555
32.14 -0.01383
32.15 -0.018691
32.16 -0.016244
32.17 -0.015683
32.18 -0.012859
32.19 -0.0078203
32.2 -0.0071319
32.21 -0.0054819
32.22 -0.0022012
32.23 0.00072754
32.24 -0.0017261
32.25 -0.0027872
32.26 -0.0067766
32.27 -0.011124
32.28 -0.013269
32.29 -0.010983
32.3 -0.014418
32.31 -0.011907
32.32 -0.012165
32.33 -0.0086854
32.34 -0.0060636
32.35 -0.0042712
32.36 -0.0010585
32.37 0.0012342
32.38 0.0043633
32.39 0.0097644
32.4 0.01261
32.41 0.012035
32.42 0.011657
32.43 0.011775
32.44 0.011496
32.45 0.01039
32.46 0.0045727
32.47 0.0030009
32.48 0.0043349
32.49 0.0070368
32.5 0.0077753
32.51 0.010151
32.52 0.0054144
32.53 -0.0013978
32.54 -0.012166
32.55 -0.01877
32.56 -0.02549
32.57 -0.033233
32.58 -0.041417
32.59 -0.046504
32.6 -0.052548
32.61 -0.056205
32.62 -0.057235
32.63 -0.060919
32.64 -0.063077
32.65 -0.059414
32.66 -0.058932
32.67 -0.060813
32.68 -0.059326
32.69 -0.058647
32.7 -0.056967
32.71 -0.055545
32.72 -0.05609
32.73 -0.053675
32.74 -0.051361
32.75 -0.044141
32.76 -0.037847
32.77 -0.03079
32.78 -0.02074
32.79 -0.012021
32.8 -0.0049511
32.81 0.0031791
32.82 0.0081233
32.83 0.011083
32.84 0.016982
32.85 0.023374
32.86 0.027113
32.87 0.029425
32.88 0.034236
32.89 0.040353
32.9 0.042954
32.91 0.04524
32.92 0.046897
32.93 0.050068
32.94 0.053723
32.95 0.055552
32.96 0.057743
32.97 0.058327
32.98 0.058847
32.99 0.060883
33 0.064742
33.01 0.067918
33.02 0.068652
33.03 0.066219
33.04 0.064266
33.05 0.062378
33.06 0.060382
33.07 0.058373
33.08 0.056136
33.09 0.05432
33.1 0.050643
33.11 0.048942
33.12 0.045355
33.13 0.038961
33.14 0.034348
33.15 0.028028
33.16 0.025377
33.17 0.020678
33.18 0.011737
33.19 0.0040886
33.2 0.00048194
33.21 -0.002338
33.22 -0.0058535
33.23 -0.0062664
33.24 -0.0078341
33.25 -0.01208
33.26 -0.012233
33.27 -0.011817
33.28 -0.012317
33.29 -0.012427
33.3 -0.012526
33.31 -0.013113
33.32 -0.015339
33.33 -0.017632
33.34 -0.020352
33.35 -0.0213
33.36 -0.020126
33.37 -0.017059
33.38 -0.015683
33.39 -0.015935
33.4 -0.015718
33.41 -0.014995
33.42 -0.01244
33.43 -0.011432
33.44 -0.010317
33.45 -0.0075211
33.46 -0.0078687
33.47 -0.0081673
33.48 -0.0073947
33.49 -0.0050761
33.5 -0.0052594
33.51 -0.0040464
33.52 -0.0052194
33.53 -0.0072131
33.54 -0.0066867
33.55 -0.0064949
33.56 -0.0071904
33.57 -0.0079701
33.58 -0.007952
33.59 -0.0091698
33.6 -0.011404
33.61 -0.012227
33.62 -0.014101
33.63 -0.016264
33.64 -0.017399
33.65 -0.017627
33.66 -0.017315
33.67 -0.016785
33.68 -0.014842
33.69 -0.014373
33.7 -0.014369
33.71 -0.014357
33.72 -0.014118
33.73 -0.014175
33.74 -0.013815
33.75 -0.01452
33.76 -0.0146
33.77 -0.014902
33.78 -0.014066
33.79 -0.013682
33.8 -0.013378
33.81 -0.013249
33.82 -0.012795
33.83 -0.01285
33.84 -0.01319
33.85 -0.014274
33.86 -0.014234
33.87 -0.013852
33.88 -0.013747
33.89 -0.013632
33.9 -0.014197
33.91 -0.014237
33.92 -0.01415
33.93 -0.013685
33.94 -0.014032
33.95 -0.014265
33.96 -0.014579
33.97 -0.014931
33.98 -0.015273
33.99 -0.015327
34 -0.015119
34.01 -0.014416
34.02 -0.014139
34.03 -0.013667
34.04 -0.012905
34.05 -0.011976
34.06 -0.01149
34.07 -0.010749
34.08 -0.01001
34.09 -0.009621
34.1 -0.0090892
34.11 -0.0089755
34.12 -0.0089285
34.13 -0.0088623
34.14 -0.0086719
34.15 -0.0082003
34.16 -0.007779
34.17 -0.0073891
34.18 -0.0071371
34.19 -0.0067259
34.2 -0.0059708
34.21 -0.0054237
34.22 -0.0045252
34.23 -0.0038136
34.24 -0.0031005
34.25 -0.0024143
34.26 -0.0017761
34.27 -0.0012866
34.28 -0.00075732
34.29 -0.00017046
34.3 0.00032137
34.31 0.00064474
34.32 0.00085253
34.33 0.0011897
34.34 0.0014117
34.35 0.0016944
34.36 0.0018699
34.37 0.0020548
34.38 0.002328
34.39 0.0025338
34.4 0.0026304
34.41 0.0026847
34.42 0.0027566
34.43 0.0027941
34.44 0.0028171
34.45 0.0028566
34.46 0.0028889
34.47 0.0028556
34.48 0.0028902
34.49 0.0029473
34.5 0.0030201
34.51 0.0031075
34.52 0.0031356
34.53 0.0031316
34.54 0.0031518
34.55 0.0031348
34.56 0.0031243
34.57 0.0031442
34.58 0.0031665
34.59 0.0031775
34.6 0.0032054
34.61 0.0032247
34.62 0.0032471
34.63 0.003257
34.64 0.0032673
34.65 0.0032861
34.66 0.0032948
34.67 0.0033033
34.68 0.0033159
34.69 0.0033232
34.7 0.003331
34.71 0.0033306
34.72 0.0033288
34.73 0.00332
34.74 0.0033136
34.75 0.0033033
34.76 0.0032894
34.77 0.0032697
34.78 0.003248
34.79 0.0032209
34.8 0.0031907
34.81 0.0031562
34.82 0.003119
34.83 0.003078
34.84 0.0030353
34.85 0.0029893
34.86 0.002941
34.87 0.0028902
34.88 0.0028376
34.89 0.0027828
34.9 0.0027263
34.91 0.002668
34.92 0.002608
34.93 0.0025463
34.94 0.0024831
34.95 0.0024183
