0.01 9.085e-005
0.02 6.028e-006
0.03 7.3052e-005
0.04 -4.5702e-006
0.05 5.9465e-005
0.06 -4.8291e-005
0.07 3.2608e-005
0.08 -6.5548e-005
0.09 -2.175e-005
0.1 -0.00013788
0.11 -6.8234e-005
0.12 -0.00013281
0.13 -4.907e-005
0.14 -0.0001541
0.15 -9.2902e-005
0.16 -0.00019049
0.17 -3.0597e-005
0.18 -7.2782e-005
0.19 -2.3381e-005
0.2 -0.00013384
0.21 -0.00022392
0.22 -0.00037899
0.23 -0.00030425
0.24 -0.00032796
0.25 -0.00034325
0.26 -0.00053409
0.27 -0.00046933
0.28 -0.0004185
0.29 0.00017609
0.3 0.0001465
0.31 -8.8075e-005
0.32 -0.00035228
0.33 -0.00016984
0.34 -0.00098497
0.35 -0.00096261
0.36 2.7824e-005
0.37 0.0003761
0.38 -0.00091733
0.39 -0.001664
0.4 -0.0017337
0.41 -0.0013225
0.42 -0.00079324
0.43 -0.00099847
0.44 -0.00079204
0.45 -4.8905e-005
0.46 0.00089749
0.47 0.001549
0.48 0.0013214
0.49 0.0015603
0.5 0.00093598
0.51 -0.00027974
0.52 -0.0011571
0.53 -0.0016629
0.54 -0.00055624
0.55 0.0018149
0.56 0.0006196
0.57 -0.0020342
0.58 -0.003126
0.59 -0.0001269
0.6 0.0019057
0.61 0.0018801
0.62 0.0018345
0.63 0.0013422
0.64 -0.00052886
0.65 -0.00074471
0.66 -0.0015843
0.67 -0.0027061
0.68 -0.0034157
0.69 -0.002477
0.7 -0.0034898
0.71 -0.0050186
0.72 -0.0045526
0.73 8.5221e-005
0.74 0.002302
0.75 0.002425
0.76 0.0027776
0.77 0.0030204
0.78 0.0028738
0.79 0.0032457
0.8 0.0031495
0.81 0.0031172
0.82 0.002882
0.83 0.0021461
0.84 -0.0042125
0.85 -0.0060279
0.86 0.0010704
0.87 0.0044561
0.88 0.0028784
0.89 -0.0043808
0.9 -0.0086837
0.91 -0.00438
0.92 0.0038614
0.93 0.0086475
0.94 0.0045261
0.95 0.0022636
0.96 0.0033162
0.97 0.0076272
0.98 0.014121
0.99 0.014471
1 0.0098039
1.01 0.012289
1.02 0.0090495
1.03 0.0022757
1.04 -0.002984
1.05 -0.0003418
1.06 0.0017454
1.07 0.0020333
1.08 -0.0053158
1.09 -0.019585
1.1 -0.024928
1.11 -0.013808
1.12 -0.0098006
1.13 -0.0032815
1.14 -0.002118
1.15 -0.011258
1.16 -0.012155
1.17 -0.011094
1.18 -0.011423
1.19 -0.0107
1.2 -0.0021503
1.21 0.0037133
1.22 -0.0071636
1.23 -0.01155
1.24 -0.0085019
1.25 0.0027365
1.26 0.009537
1.27 0.0070706
1.28 0.006903
1.29 0.0072874
1.3 0.0058218
1.31 -0.0039479
1.32 -0.011437
1.33 -0.018228
1.34 -0.016283
1.35 -0.0008554
1.36 0.0079679
1.37 0.0077226
1.38 0.0032775
1.39 0.0077373
1.4 0.017276
1.41 0.026258
1.42 0.027667
1.43 0.023369
1.44 0.0089389
1.45 0.0051883
1.46 0.011789
1.47 0.023754
1.48 0.026163
1.49 0.022131
1.5 0.0096155
1.51 -0.0045436
1.52 -0.013345
1.53 -0.016918
1.54 -0.016164
1.55 -0.014397
1.56 -0.011533
1.57 -0.0079267
1.58 -0.006143
1.59 -0.0080881
1.6 -0.0062885
1.61 0.0018398
1.62 0.006759
1.63 0.0048527
1.64 -0.0026725
1.65 -0.012743
1.66 -0.01428
1.67 -0.013207
1.68 -0.005611
1.69 -0.0025331
1.7 -0.0022732
1.71 0.0020267
1.72 0.0074329
1.73 0.0080323
1.74 0.0024954
1.75 -0.011669
1.76 -0.015804
1.77 -0.013134
1.78 -0.01272
1.79 -0.012894
1.8 -0.0063318
1.81 0.0032425
1.82 0.0093021
1.83 0.0091363
1.84 0.0089931
1.85 0.0022888
1.86 -0.00071282
1.87 0.0073316
1.88 0.017561
1.89 0.020252
1.9 0.0199
1.91 0.015365
1.92 0.0079758
1.93 0.0039831
1.94 -0.0072673
1.95 -0.012973
1.96 -0.012806
1.97 -0.011886
1.98 -0.01189
1.99 -0.004071
2 0.0051577
2.01 0.0097471
2.02 0.0019056
2.03 -0.0022316
2.04 0.00042572
2.05 0.0058382
2.06 0.010026
2.07 0.015249
2.08 0.014143
2.09 0.010206
2.1 0.01039
2.11 0.010528
2.12 0.013382
2.13 0.017737
2.14 0.02004
2.15 0.016898
2.16 0.011585
2.17 0.0032213
2.18 -0.0068949
2.19 -0.0070594
2.2 -0.010018
2.21 -0.012477
2.22 -0.011773
2.23 -0.0024351
2.24 0.0038252
2.25 0.0056512
2.26 0.003633
2.27 -0.0052587
2.28 -0.011532
2.29 -0.010488
2.3 -0.010968
2.31 -0.0062733
2.32 -0.00047955
2.33 -0.01002
2.34 -0.028526
2.35 -0.038421
2.36 -0.047634
2.37 -0.049782
2.38 -0.049587
2.39 -0.038719
2.4 -0.024236
2.41 -0.013974
2.42 -0.0056761
2.43 -0.00067078
2.44 -0.00062415
2.45 0.00038841
2.46 0.0017653
2.47 0.015994
2.48 0.034757
2.49 0.040176
2.5 0.032467
2.51 0.037827
2.52 0.041229
2.53 0.024759
2.54 0.016199
2.55 0.024938
2.56 0.038337
2.57 0.036277
2.58 0.023776
2.59 0.024062
2.6 0.025728
2.61 0.023195
2.62 0.024256
2.63 0.019164
2.64 0.0020971
2.65 -0.0079629
2.66 -0.0091539
2.67 0.0047072
2.68 0.013516
2.69 0.011476
2.7 0.011808
2.71 0.010146
2.72 0.0026286
2.73 -0.0077933
2.74 -0.0097893
2.75 -0.0098858
2.76 -0.019604
2.77 -0.026164
2.78 -0.028315
2.79 -0.02853
2.8 -0.028128
2.81 -0.023854
2.82 -0.008607
2.83 -0.0047706
2.84 -0.016494
2.85 -0.025959
2.86 -0.025877
2.87 -0.022145
2.88 -0.025225
2.89 -0.024639
2.9 -0.018155
2.91 -0.0086171
2.92 0.00025834
2.93 0.010255
2.94 0.022336
2.95 0.023152
2.96 0.022242
2.97 0.016083
2.98 -0.0041206
2.99 -0.027015
3 -0.03888
3.01 -0.023747
3.02 -0.0038821
3.03 0.0095831
3.04 0.011896
3.05 -0.0030931
3.06 -0.015415
3.07 -0.017842
3.08 -0.0097536
3.09 0.003608
3.1 0.0053272
3.11 0.0048024
3.12 0.00074592
3.13 -0.013897
3.14 -0.0073579
3.15 0.02294
3.16 0.048253
3.17 0.036868
3.18 0.0068195
3.19 -0.012144
3.2 -0.016546
3.21 -0.0094251
3.22 0.0038867
3.23 0.0054985
3.24 0.0045601
3.25 -0.00098487
3.26 -0.010807
3.27 -0.0033696
3.28 0.0070064
3.29 0.011785
3.3 0.0045357
3.31 -0.0085262
3.32 0.0010963
3.33 0.0078531
3.34 0.00069496
3.35 -0.016778
3.36 -0.021927
3.37 -0.0046824
3.38 0.012667
3.39 0.022527
3.4 0.0090181
3.41 -0.0089207
3.42 -0.014779
3.43 -0.0073201
3.44 -0.0039119
3.45 -0.002384
3.46 0.0015311
3.47 0.0052254
3.48 0.0075138
3.49 -0.0065179
3.5 -0.031419
3.51 -0.032606
3.52 -0.01939
3.53 -0.012121
3.54 -0.0082151
3.55 0.0024503
3.56 0.0104
3.57 0.014503
3.58 0.019802
3.59 0.016175
3.6 0.010022
3.61 0.012495
3.62 0.0059494
3.63 0.00041984
3.64 0.0060902
3.65 0.015006
3.66 0.014322
3.67 0.0064577
3.68 -0.0029418
3.69 -0.0080814
3.7 -0.0042157
3.71 -0.0039712
3.72 -0.013725
3.73 -0.011621
3.74 0.0011566
3.75 0.0066952
3.76 0.0010362
3.77 -0.0026063
3.78 -6.9301e-005
3.79 0.0079141
3.8 0.017799
3.81 0.028241
3.82 0.03156
3.83 0.027415
3.84 0.0087911
3.85 -0.014278
3.86 -0.026799
3.87 -0.03071
3.88 -0.032918
3.89 -0.041545
3.9 -0.0445
3.91 -0.045206
3.92 -0.043425
3.93 -0.022719
3.94 0.00010548
3.95 0.0055344
3.96 0.0093672
3.97 0.017742
3.98 0.027493
3.99 0.026588
4 0.028723
4.01 0.038177
4.02 0.04467
4.03 0.044976
4.04 0.032818
4.05 0.018154
4.06 0.012821
4.07 0.011596
4.08 0.0079621
4.09 -0.0058759
4.1 -0.018406
4.11 -0.020501
4.12 -0.015722
4.13 -0.016555
4.14 -0.013019
4.15 -0.0022249
4.16 0.0089745
4.17 0.0037726
4.18 -0.022233
4.19 -0.047796
4.2 -0.054823
4.21 -0.055798
4.22 -0.046053
4.23 -0.032956
4.24 -0.020252
4.25 -0.014495
4.26 -0.0080607
4.27 -0.003655
4.28 -0.0017479
4.29 0.012376
4.3 0.038964
4.31 0.054646
4.32 0.059613
4.33 0.055386
4.34 0.050465
4.35 0.042299
4.36 0.039375
4.37 0.034488
4.38 0.029765
4.39 0.025213
4.4 0.016026
4.41 0.0011398
4.42 -0.009362
4.43 -0.0014381
4.44 0.014041
4.45 0.015746
4.46 -0.0017504
4.47 -0.027256
4.48 -0.0316
4.49 -0.013717
4.5 0.0099048
4.51 0.030748
4.52 0.030148
4.53 0.018248
4.54 0.00059539
4.55 -0.0059209
4.56 -0.0060036
4.57 -0.00078398
4.58 0.0041985
4.59 0.0011381
4.6 -0.0024582
4.61 -0.0028232
4.62 0.002477
4.63 0.015737
4.64 0.028649
4.65 0.037992
4.66 0.035116
4.67 0.019339
4.68 -0.00031142
4.69 -0.011502
4.7 -0.012971
4.71 -0.0089355
4.72 -0.0071227
4.73 -0.0076103
4.74 -0.017817
4.75 -0.033695
4.76 -0.038689
4.77 -0.021843
4.78 0.0044337
4.79 0.016078
4.8 0.0050813
4.81 -0.0060088
4.82 0.0015291
4.83 0.0070122
4.84 0.0059021
4.85 0.0050989
4.86 0.0012856
4.87 -0.010874
4.88 -0.027509
4.89 -0.045788
4.9 -0.058752
4.91 -0.061794
4.92 -0.053592
4.93 -0.042347
4.94 -0.044515
4.95 -0.060241
4.96 -0.073006
4.97 -0.07293
4.98 -0.065758
4.99 -0.050392
5 -0.019823
5.01 0.0095284
5.02 0.026744
5.03 0.029418
5.04 0.028296
5.05 0.03499
5.06 0.059096
5.07 0.064289
5.08 0.040385
5.09 0.024562
5.1 0.02728
5.11 0.039892
5.12 0.045645
5.13 0.035913
5.14 0.010504
5.15 -0.021914
5.16 -0.049816
5.17 -0.058577
5.18 -0.037142
5.19 -0.0017798
5.2 0.014994
5.21 0.0087177
5.22 -0.00082948
5.23 -0.00012595
5.24 0.0040249
5.25 0.014784
5.26 0.017112
5.27 0.0033855
5.28 -0.011793
5.29 -0.0069912
5.3 0.0032552
5.31 0.011946
5.32 0.012428
5.33 0.0029903
5.34 -0.0086714
5.35 -0.016782
5.36 -0.019701
5.37 -0.0065382
5.38 0.013605
5.39 0.025779
5.4 0.021961
5.41 0.012025
5.42 0.0071776
5.43 0.013817
5.44 0.024563
5.45 0.031668
5.46 0.033036
5.47 0.030902
5.48 0.031176
5.49 0.037805
5.5 0.039591
5.51 0.036462
5.52 0.031779
5.53 0.022605
5.54 0.00051795
5.55 -0.015647
5.56 -0.020775
5.57 -0.018058
5.58 -0.012901
5.59 -0.007093
5.6 -0.0033418
5.61 -0.013093
5.62 -0.027395
5.63 -0.035175
5.64 -0.027854
5.65 -0.0078105
5.66 0.0071452
5.67 0.0063518
5.68 -0.012222
5.69 -0.030575
5.7 -0.0349
5.71 -0.037214
5.72 -0.030913
5.73 -0.017717
5.74 -0.02996
5.75 -0.060893
5.76 -0.070811
5.77 -0.047725
5.78 -0.0057046
5.79 0.022866
5.8 0.01579
5.81 -0.015125
5.82 -0.034026
5.83 -0.026141
5.84 0.0069366
5.85 0.029957
5.86 0.016284
5.87 0.0076741
5.88 0.030946
5.89 0.06595
5.9 0.091498
5.91 0.097926
5.92 0.09569
5.93 0.098958
5.94 0.11235
5.95 0.12885
5.96 0.14428
5.97 0.14077
5.98 0.12242
5.99 0.11295
6 0.11239
6.01 0.11901
6.02 0.10689
6.03 0.057272
6.04 -0.018407
6.05 -0.11081
6.06 -0.22854
6.07 -0.33286
6.08 -0.42456
6.09 -0.47762
6.1 -0.48066
6.11 -0.44285
6.12 -0.39249
6.13 -0.34666
6.14 -0.30967
6.15 -0.25193
6.16 -0.16475
6.17 -0.066764
6.18 0.018946
6.19 0.076777
6.2 0.11321
6.21 0.13415
6.22 0.16502
6.23 0.23684
6.24 0.36363
6.25 0.45289
6.26 0.45774
6.27 0.41446
6.28 0.34182
6.29 0.25383
6.3 0.16871
6.31 0.054437
6.32 -0.092203
6.33 -0.24585
6.34 -0.31681
6.35 -0.28665
6.36 -0.15078
6.37 0.037877
6.38 0.22103
6.39 0.36971
6.4 0.38948
6.41 0.27803
6.42 0.12259
6.43 -0.037254
6.44 -0.14792
6.45 -0.17542
6.46 -0.16601
6.47 -0.10264
6.48 -0.041242
6.49 -0.028511
6.5 -0.028904
6.51 -0.02833
6.52 -0.035493
6.53 -0.056712
6.54 -0.073798
6.55 -0.083085
6.56 -0.088795
6.57 -0.070911
6.58 -0.045175
6.59 -0.017833
6.6 0.025668
6.61 0.071473
6.62 0.092362
6.63 0.094281
6.64 0.064116
6.65 0.0042368
6.66 -0.077217
6.67 -0.1354
6.68 -0.15205
6.69 -0.13979
6.7 -0.10922
6.71 -0.087211
6.72 -0.067986
6.73 -0.038532
6.74 0.026014
6.75 0.1035
6.76 0.148
6.77 0.16572
6.78 0.15738
6.79 0.124
6.8 0.074277
6.81 0.029492
6.82 0.0079221
6.83 0.010332
6.84 0.040645
6.85 0.083927
6.86 0.10681
6.87 0.072339
6.88 -0.02528
6.89 -0.12954
6.9 -0.18615
6.91 -0.17389
6.92 -0.081541
6.93 0.085052
6.94 0.20184
6.95 0.2015
6.96 0.14557
6.97 0.045503
6.98 -0.024288
6.99 -0.025014
7 0.056316
7.01 0.14496
7.02 0.15586
7.03 0.11861
7.04 0.014996
7.05 -0.12228
7.06 -0.1932
7.07 -0.20016
7.08 -0.17094
7.09 -0.10932
7.1 -0.062496
7.11 -0.068685
7.12 -0.12022
7.13 -0.1945
7.14 -0.22463
7.15 -0.17818
7.16 -0.075796
7.17 0.053083
7.18 0.16034
7.19 0.20421
7.2 0.19322
7.21 0.13032
7.22 0.044649
7.23 -0.011458
7.24 -0.019241
7.25 0.0064974
7.26 0.095092
7.27 0.1829
7.28 0.24582
7.29 0.26951
7.3 0.24949
7.31 0.18944
7.32 0.098665
7.33 -0.010819
7.34 -0.097757
7.35 -0.13725
7.36 -0.14262
7.37 -0.1293
7.38 -0.089292
7.39 -0.025706
7.4 0.039734
7.41 0.0774
7.42 0.079578
7.43 0.066043
7.44 0.033352
7.45 -0.023999
7.46 -0.11604
7.47 -0.19408
7.48 -0.2042
7.49 -0.13526
7.5 0.012737
7.51 0.15511
7.52 0.21545
7.53 0.21206
7.54 0.1649
7.55 0.10779
7.56 0.069463
7.57 0.05428
7.58 0.062067
7.59 0.0813
7.6 0.073299
7.61 0.0016814
7.62 -0.13249
7.63 -0.26533
7.64 -0.36754
7.65 -0.39912
7.66 -0.37933
7.67 -0.33478
7.68 -0.3097
7.69 -0.3208
7.7 -0.35947
7.71 -0.38045
7.72 -0.35998
7.73 -0.23801
7.74 -0.023143
7.75 0.20875
7.76 0.3672
7.77 0.40092
7.78 0.30713
7.79 0.11368
7.8 -0.038953
7.81 -0.079809
7.82 -0.036461
7.83 0.07423
7.84 0.23191
7.85 0.37732
7.86 0.50445
7.87 0.56072
7.88 0.5421
7.89 0.46023
7.9 0.34275
7.91 0.17588
7.92 -0.045341
7.93 -0.18947
7.94 -0.21422
7.95 -0.13003
7.96 0.040137
7.97 0.18998
7.98 0.22473
7.99 0.18647
8 0.012285
8.01 -0.20196
8.02 -0.41231
8.03 -0.55926
8.04 -0.55686
8.05 -0.39296
8.06 -0.17995
8.07 -0.075411
8.08 -0.090187
8.09 -0.19139
8.1 -0.28731
8.11 -0.32066
8.12 -0.30409
8.13 -0.20457
8.14 -0.060495
8.15 0.049115
8.16 0.096889
8.17 0.13299
8.18 0.18628
8.19 0.23188
8.2 0.25732
8.21 0.26463
8.22 0.2433
8.23 0.17856
8.24 0.06563
8.25 -0.029291
8.26 -0.058803
8.27 -0.054641
8.28 -0.04079
8.29 -0.040813
8.3 -0.060146
8.31 -0.077988
8.32 -0.049617
8.33 0.043348
8.34 0.15596
8.35 0.26503
8.36 0.30216
8.37 0.29688
8.38 0.26844
8.39 0.17735
8.4 0.036582
8.41 -0.10115
8.42 -0.17903
8.43 -0.19918
8.44 -0.18723
8.45 -0.15476
8.46 -0.10438
8.47 -0.064159
8.48 -0.047612
8.49 -0.067702
8.5 -0.12753
8.51 -0.21549
8.52 -0.29511
8.53 -0.33417
8.54 -0.33609
8.55 -0.30798
8.56 -0.24006
8.57 -0.075113
8.58 0.143
8.59 0.37096
8.6 0.5605
8.61 0.61363
8.62 0.56102
8.63 0.39724
8.64 0.17367
8.65 -0.010699
8.66 -0.075838
8.67 -0.060055
8.68 -0.00098748
8.69 0.048819
8.7 0.056729
8.71 0.030288
8.72 -0.0062581
8.73 -0.0074765
8.74 0.068184
8.75 0.18225
8.76 0.23043
8.77 0.18273
8.78 0.00028487
8.79 -0.25483
8.8 -0.42858
8.81 -0.46306
8.82 -0.43382
8.83 -0.29269
8.84 -0.038432
8.85 0.093361
8.86 0.10827
8.87 0.081599
8.88 0.018313
8.89 -0.043662
8.9 -0.061099
8.91 -0.042755
8.92 0.0021084
8.93 0.017645
8.94 -0.02354
8.95 -0.12902
8.96 -0.2117
8.97 -0.2274
8.98 -0.11255
8.99 0.053453
9 0.22217
9.01 0.32237
9.02 0.31559
9.03 0.23448
9.04 0.13031
9.05 0.019885
9.06 -0.065835
9.07 -0.13346
9.08 -0.17183
9.09 -0.16066
9.1 -0.10064
9.11 -0.025705
9.12 0.029138
9.13 0.075324
9.14 0.10255
9.15 0.11138
9.16 0.094999
9.17 0.029472
9.18 -0.080737
9.19 -0.16012
9.2 -0.16973
9.21 -0.12448
9.22 -0.063256
9.23 -0.013679
9.24 0.00017231
9.25 -0.011244
9.26 -0.03386
9.27 -0.065219
9.28 -0.10026
9.29 -0.14497
9.3 -0.17943
9.31 -0.19835
9.32 -0.19864
9.33 -0.16493
9.34 -0.10054
9.35 -0.023984
9.36 0.06627
9.37 0.15209
9.38 0.23222
9.39 0.27097
9.4 0.24218
9.41 0.15186
9.42 0.066572
9.43 0.042447
9.44 0.057434
9.45 0.074627
9.46 0.072099
9.47 0.035884
9.48 -0.0039078
9.49 0.0025378
9.5 0.081246
9.51 0.18004
9.52 0.21692
9.53 0.2052
9.54 0.10539
9.55 -0.02792
9.56 -0.13505
9.57 -0.15545
9.58 -0.10479
9.59 -0.036677
9.6 -0.0034109
9.61 -0.0037507
9.62 -0.031423
9.63 -0.074434
9.64 -0.089301
9.65 -0.048881
9.66 0.058725
9.67 0.19368
9.68 0.29078
9.69 0.32184
9.7 0.31247
9.71 0.27834
9.72 0.17738
9.73 0.030272
9.74 -0.11662
9.75 -0.23737
9.76 -0.29213
9.77 -0.30071
9.78 -0.28837
9.79 -0.26988
9.8 -0.26392
9.81 -0.25577
9.82 -0.21154
9.83 -0.11378
9.84 -0.0036293
9.85 0.070735
9.86 0.092991
9.87 0.091155
9.88 0.075421
9.89 0.054649
9.9 0.050581
9.91 0.057992
9.92 0.074182
9.93 0.081199
9.94 0.049571
9.95 -0.024028
9.96 -0.11215
9.97 -0.18261
9.98 -0.23145
9.99 -0.25919
10 -0.26396
10.01 -0.26208
10.02 -0.25791
10.03 -0.23647
10.04 -0.16217
10.05 -0.050139
10.06 0.07947
10.07 0.19714
10.08 0.27591
10.09 0.32953
10.1 0.35078
10.11 0.32872
10.12 0.26156
10.13 0.12094
10.14 -0.051062
10.15 -0.20657
10.16 -0.26658
10.17 -0.26574
10.18 -0.24568
10.19 -0.22602
10.2 -0.21027
10.21 -0.17772
10.22 -0.12663
10.23 -0.07302
10.24 -0.030596
10.25 0.008203
10.26 0.044225
10.27 0.094097
10.28 0.15541
10.29 0.22512
10.3 0.28197
10.31 0.33135
10.32 0.38897
10.33 0.44309
10.34 0.49313
10.35 0.51979
10.36 0.50467
10.37 0.44636
10.38 0.35975
10.39 0.26656
10.4 0.17451
10.41 0.10804
10.42 0.030047
10.43 -0.068833
10.44 -0.19253
10.45 -0.26951
10.46 -0.30846
10.47 -0.29712
10.48 -0.22609
10.49 -0.15
10.5 -0.096119
10.51 -0.096477
10.52 -0.098112
10.53 -0.06403
10.54 -0.022921
10.55 -0.016097
10.56 -0.03637
10.57 -0.057238
10.58 -0.081762
10.59 -0.11704
10.6 -0.17374
10.61 -0.24248
10.62 -0.28622
10.63 -0.29863
10.64 -0.29915
10.65 -0.28817
10.66 -0.26101
10.67 -0.16749
10.68 -0.040858
10.69 0.081702
10.7 0.17885
10.71 0.22757
10.72 0.23036
10.73 0.19856
10.74 0.14029
10.75 0.059577
10.76 -0.022145
10.77 -0.098467
10.78 -0.16341
10.79 -0.22029
10.8 -0.2603
10.81 -0.26547
10.82 -0.20561
10.83 -0.084328
10.84 0.026395
10.85 0.079542
10.86 0.083715
10.87 0.049788
10.88 0.016495
10.89 -0.0012475
10.9 -0.00089101
10.91 -0.00031166
10.92 -0.00057385
10.93 0.003654
10.94 0.018294
10.95 0.058347
10.96 0.14484
10.97 0.21932
10.98 0.23924
10.99 0.20835
11 0.11848
11.01 -0.0035448
11.02 -0.086006
11.03 -0.11336
11.04 -0.12636
11.05 -0.12353
11.06 -0.082552
11.07 0.0097026
11.08 0.13853
11.09 0.20707
11.1 0.21714
11.11 0.2158
11.12 0.20106
11.13 0.17687
11.14 0.12546
11.15 0.04663
11.16 -0.062829
11.17 -0.17256
11.18 -0.24421
11.19 -0.26871
11.2 -0.27284
11.21 -0.26963
11.22 -0.2581
11.23 -0.23209
11.24 -0.17949
11.25 -0.12068
11.26 -0.080242
11.27 -0.052003
11.28 -0.021742
11.29 0.016635
11.3 0.058171
11.31 0.091625
11.32 0.1191
11.33 0.13068
11.34 0.13565
11.35 0.1309
11.36 0.12908
11.37 0.13983
11.38 0.18843
11.39 0.26688
11.4 0.32022
11.41 0.34841
11.42 0.35876
11.43 0.35113
11.44 0.2932
11.45 0.11989
11.46 -0.16933
11.47 -0.39025
11.48 -0.52145
11.49 -0.55456
11.5 -0.50936
11.51 -0.38128
11.52 -0.18136
11.53 -0.025825
11.54 0.070812
11.55 0.13008
11.56 0.18233
11.57 0.23912
11.58 0.28729
11.59 0.28151
11.6 0.23578
11.61 0.10555
11.62 -0.086381
11.63 -0.33143
11.64 -0.52221
11.65 -0.55758
11.66 -0.43122
11.67 -0.11003
11.68 0.19399
11.69 0.3828
11.7 0.46828
11.71 0.47999
11.72 0.40222
11.73 0.28608
11.74 0.20499
11.75 0.17198
11.76 0.15952
11.77 0.18227
11.78 0.22731
11.79 0.23287
11.8 0.19294
11.81 0.14531
11.82 0.10215
11.83 0.073473
11.84 0.078183
11.85 0.11471
11.86 0.11566
11.87 0.076748
11.88 -0.035466
11.89 -0.22475
11.9 -0.43826
11.91 -0.58643
11.92 -0.64347
11.93 -0.63644
11.94 -0.59167
11.95 -0.52302
11.96 -0.38304
11.97 -0.18394
11.98 0.012344
11.99 0.20004
12 0.34366
12.01 0.34048
12.02 0.19617
12.03 -0.0035833
12.04 -0.19187
12.05 -0.38303
12.06 -0.45806
12.07 -0.43323
12.08 -0.32319
12.09 -0.17829
12.1 -0.029054
12.11 0.11106
12.12 0.23832
12.13 0.34783
12.14 0.46344
12.15 0.51937
12.16 0.53569
12.17 0.53573
12.18 0.49865
12.19 0.39122
12.2 0.23239
12.21 0.071857
12.22 -0.064403
12.23 -0.17245
12.24 -0.27179
12.25 -0.38179
12.26 -0.46715
12.27 -0.48199
12.28 -0.43985
12.29 -0.32158
12.3 -0.15872
12.31 -0.059886
12.32 -0.019679
12.33 0.031236
12.34 0.10801
12.35 0.24178
12.36 0.37894
12.37 0.49284
12.38 0.5285
12.39 0.50336
12.4 0.39415
12.41 0.24424
12.42 0.12964
12.43 0.059154
12.44 0.028769
12.45 0.021975
12.46 0.014815
12.47 0.002257
12.48 -0.026145
12.49 -0.0584
12.5 -0.078075
12.51 -0.069622
12.52 -0.019652
12.53 0.07074
12.54 0.11591
12.55 0.10814
12.56 0.035928
12.57 -0.059131
12.58 -0.12221
12.59 -0.15036
12.6 -0.13971
12.61 -0.036511
12.62 0.11736
12.63 0.26982
12.64 0.35677
12.65 0.36834
12.66 0.34052
12.67 0.26242
12.68 0.10877
12.69 -0.060999
12.7 -0.22354
12.71 -0.3645
12.72 -0.43748
12.73 -0.49332
12.74 -0.53555
12.75 -0.5343
12.76 -0.50645
12.77 -0.46563
12.78 -0.38868
12.79 -0.27349
12.8 -0.13417
12.81 -0.029636
12.82 0.019032
12.83 0.027012
12.84 0.012101
12.85 -0.0066606
12.86 0.00024584
12.87 0.059726
12.88 0.17375
12.89 0.26684
12.9 0.31497
12.91 0.32392
12.92 0.31029
12.93 0.26806
12.94 0.222
12.95 0.17772
12.96 0.14152
12.97 0.13821
12.98 0.16622
12.99 0.19877
13 0.22371
13.01 0.21941
13.02 0.1925
13.03 0.14662
13.04 0.068409
13.05 -0.010032
13.06 -0.068315
13.07 -0.11165
13.08 -0.1747
13.09 -0.26345
13.1 -0.36016
13.11 -0.43766
13.12 -0.46941
13.13 -0.46824
13.14 -0.4583
13.15 -0.45599
13.16 -0.44626
13.17 -0.41974
13.18 -0.32571
13.19 -0.14139
13.2 0.03538
13.21 0.20328
13.22 0.30366
13.23 0.32039
13.24 0.26945
13.25 0.17342
13.26 0.088214
13.27 0.052814
13.28 0.06977
13.29 0.14047
13.3 0.24977
13.31 0.32734
13.32 0.35813
13.33 0.35144
13.34 0.32366
13.35 0.29729
13.36 0.28818
13.37 0.30595
13.38 0.35639
13.39 0.39338
13.4 0.40602
13.41 0.40918
13.42 0.395
13.43 0.34363
13.44 0.25331
13.45 0.125
13.46 0.0029098
13.47 -0.094829
13.48 -0.13707
13.49 -0.15778
13.5 -0.18861
13.51 -0.23252
13.52 -0.2792
13.53 -0.31084
13.54 -0.31639
13.55 -0.30893
13.56 -0.31101
13.57 -0.35346
13.58 -0.4099
13.59 -0.46701
13.6 -0.50803
13.61 -0.51139
13.62 -0.47324
13.63 -0.40613
13.64 -0.28863
13.65 -0.15553
13.66 -0.061811
13.67 -0.0081243
13.68 0.028882
13.69 0.061919
13.7 0.098957
13.71 0.13557
13.72 0.16794
13.73 0.18726
13.74 0.19745
13.75 0.18201
13.76 0.1242
13.77 0.0082181
13.78 -0.1095
13.79 -0.17913
13.8 -0.20454
13.81 -0.19664
13.82 -0.15136
13.83 -0.077088
13.84 -0.0090766
13.85 0.030722
13.86 0.043909
13.87 0.038994
13.88 0.022146
13.89 0.0060882
13.9 -0.010307
13.91 -0.01524
13.92 -0.0013965
13.93 0.042861
13.94 0.13444
13.95 0.24126
13.96 0.33192
13.97 0.37299
13.98 0.35907
13.99 0.28979
14 0.20438
14.01 0.1366
14.02 0.086012
14.03 0.037215
14.04 -0.029265
14.05 -0.092443
14.06 -0.15031
14.07 -0.18615
14.08 -0.19698
14.09 -0.19103
14.1 -0.17143
14.11 -0.14124
14.12 -0.10409
14.13 -0.058525
14.14 -0.016019
14.15 0.012611
14.16 0.027391
14.17 0.026928
14.18 0.019573
14.19 0.026293
14.2 0.042497
14.21 0.050246
14.22 0.016765
14.23 -0.068814
14.24 -0.17642
14.25 -0.23986
14.26 -0.26646
14.27 -0.25701
14.28 -0.21163
14.29 -0.10347
14.3 0.032069
14.31 0.16309
14.32 0.26357
14.33 0.30082
14.34 0.31194
14.35 0.30072
14.36 0.2656
14.37 0.21375
14.38 0.13364
14.39 0.057356
14.4 0.0065264
14.41 -0.0088048
14.42 -0.0043266
14.43 0.020588
14.44 0.063187
14.45 0.1087
14.46 0.16139
14.47 0.20836
14.48 0.25887
14.49 0.28879
14.5 0.27778
14.51 0.22701
14.52 0.15818
14.53 0.089622
14.54 0.029502
14.55 -0.012396
14.56 -0.05371
14.57 -0.086744
14.58 -0.11053
14.59 -0.1293
14.6 -0.13998
14.61 -0.13966
14.62 -0.13691
14.63 -0.13324
14.64 -0.12231
14.65 -0.10157
14.66 -0.061207
14.67 -0.013762
14.68 0.013328
14.69 0.011292
14.7 -0.014381
14.71 -0.055445
14.72 -0.098356
14.73 -0.12882
14.74 -0.14884
14.75 -0.1716
14.76 -0.20321
14.77 -0.23644
14.78 -0.26732
14.79 -0.28782
14.8 -0.29523
14.81 -0.28947
14.82 -0.2825
14.83 -0.2792
14.84 -0.28446
14.85 -0.28014
14.86 -0.26531
14.87 -0.21085
14.88 -0.11385
14.89 0.018839
14.9 0.12244
14.91 0.19042
14.92 0.23919
14.93 0.26459
14.94 0.27058
14.95 0.26036
14.96 0.23606
14.97 0.20384
14.98 0.16653
14.99 0.12567
15 0.072943
15.01 0.009766
15.02 -0.062215
15.03 -0.13197
15.04 -0.20391
15.05 -0.24457
15.06 -0.24874
15.07 -0.22027
15.08 -0.19463
15.09 -0.19047
15.1 -0.20375
15.11 -0.23402
15.12 -0.25486
15.13 -0.2437
15.14 -0.19883
15.15 -0.10422
15.16 0.0069903
15.17 0.098621
15.18 0.14223
15.19 0.16162
15.2 0.17829
15.21 0.18057
15.22 0.17717
15.23 0.1644
15.24 0.13898
15.25 0.12283
15.26 0.12088
15.27 0.13337
15.28 0.15917
15.29 0.18843
15.3 0.21561
15.31 0.21958
15.32 0.21445
15.33 0.20448
15.34 0.19327
15.35 0.19272
15.36 0.19295
15.37 0.19064
15.38 0.1732
15.39 0.13947
15.4 0.11225
15.41 0.10316
15.42 0.11103
15.43 0.13018
15.44 0.15378
15.45 0.15481
15.46 0.13266
15.47 0.073715
15.48 -0.006921
15.49 -0.08355
15.5 -0.15507
15.51 -0.19738
15.52 -0.20954
15.53 -0.21491
15.54 -0.20428
15.55 -0.19162
15.56 -0.17211
15.57 -0.14007
15.58 -0.080006
15.59 -0.0093406
15.6 0.035369
15.61 0.040531
15.62 0.0096551
15.63 -0.036966
15.64 -0.091418
15.65 -0.12627
15.66 -0.13771
15.67 -0.1365
15.68 -0.13233
15.69 -0.13554
15.7 -0.13601
15.71 -0.13302
15.72 -0.10791
15.73 -0.068901
15.74 -0.028934
15.75 -0.0045373
15.76 0.019818
15.77 0.040273
15.78 0.060939
15.79 0.076793
15.8 0.095804
15.81 0.11299
15.82 0.11966
15.83 0.11243
15.84 0.099189
15.85 0.080404
15.86 0.058953
15.87 0.039465
15.88 0.033021
15.89 0.03243
15.9 0.032279
15.91 0.031054
15.92 0.023623
15.93 0.0043804
15.94 -0.013047
15.95 -0.014225
15.96 -0.0038226
15.97 0.028492
15.98 0.072769
15.99 0.10433
16 0.11939
16.01 0.12048
16.02 0.10725
16.03 0.093999
16.04 0.083423
16.05 0.08875
16.06 0.10193
16.07 0.11047
16.08 0.11012
16.09 0.10433
16.1 0.092016
16.11 0.053499
16.12 0.0016136
16.13 -0.050321
16.14 -0.099833
16.15 -0.14579
16.16 -0.15891
16.17 -0.15
16.18 -0.12772
16.19 -0.10606
16.2 -0.10729
16.21 -0.12355
16.22 -0.15173
16.23 -0.17333
16.24 -0.18997
16.25 -0.19683
16.26 -0.20465
16.27 -0.20466
16.28 -0.19986
16.29 -0.1818
16.3 -0.15259
16.31 -0.11424
16.32 -0.065647
16.33 -0.016457
16.34 0.030611
16.35 0.076086
16.36 0.11272
16.37 0.1412
16.38 0.16287
16.39 0.18107
16.4 0.19447
16.41 0.20199
16.42 0.1994
16.43 0.18463
16.44 0.16374
16.45 0.13804
16.46 0.10771
16.47 0.074511
16.48 0.057282
16.49 0.047316
16.5 0.03957
16.51 0.031401
16.52 0.024156
16.53 0.010136
16.54 0.0049391
16.55 -5.2618e-005
16.56 -0.0066787
16.57 -0.013146
16.58 -0.033158
16.59 -0.06161
16.6 -0.095683
16.61 -0.12718
16.62 -0.17259
16.63 -0.20052
16.64 -0.21849
16.65 -0.23705
16.66 -0.24665
16.67 -0.24857
16.68 -0.24497
16.69 -0.22177
16.7 -0.17271
16.71 -0.11636
16.72 -0.06305
16.73 -0.018671
16.74 0.0056268
16.75 0.015309
16.76 0.0078537
16.77 -0.023929
16.78 -0.068213
16.79 -0.098055
16.8 -0.10186
16.81 -0.085135
16.82 -0.052411
16.83 -0.016115
16.84 0.026227
16.85 0.072326
16.86 0.1149
16.87 0.16244
16.88 0.20336
16.89 0.2328
16.9 0.26112
16.91 0.27999
16.92 0.27716
16.93 0.24603
16.94 0.19245
16.95 0.13903
16.96 0.086134
16.97 0.048678
16.98 0.028819
16.99 0.013335
17 -0.0042166
17.01 -0.022716
17.02 -0.041824
17.03 -0.063795
17.04 -0.077631
17.05 -0.087572
17.06 -0.098075
17.07 -0.10906
17.08 -0.11114
17.09 -0.10838
17.1 -0.096171
17.11 -0.073112
17.12 -0.04756
17.13 -0.018494
17.14 0.0081113
17.15 0.027372
17.16 0.028109
17.17 0.015668
17.18 0.0025814
17.19 -0.0096854
17.2 -0.004753
17.21 0.0044657
17.22 0.015854
17.23 0.025678
17.24 0.030474
17.25 0.033117
17.26 0.038287
17.27 0.046679
17.28 0.059521
17.29 0.082301
17.3 0.10275
17.31 0.12154
17.32 0.13207
17.33 0.12413
17.34 0.10028
17.35 0.066494
17.36 0.029993
17.37 0.011349
17.38 0.0040007
17.39 -0.0047968
17.4 -0.010404
17.41 -0.0018133
17.42 0.014999
17.43 0.031978
17.44 0.04585
17.45 0.046667
17.46 0.031588
17.47 0.0056573
17.48 -0.016632
17.49 -0.030649
17.5 -0.038293
17.51 -0.038958
17.52 -0.031116
17.53 -0.016359
17.54 0.012248
17.55 0.047349
17.56 0.090021
17.57 0.11003
17.58 0.09948
17.59 0.074836
17.6 0.038071
17.61 0.02135
17.62 0.029269
17.63 0.053345
17.64 0.086891
17.65 0.11969
17.66 0.1395
17.67 0.15447
17.68 0.1635
17.69 0.16286
17.7 0.15843
17.71 0.15048
17.72 0.13614
17.73 0.12643
17.74 0.11625
17.75 0.10024
17.76 0.070561
17.77 0.033973
17.78 -0.010915
17.79 -0.050077
17.8 -0.082121
17.81 -0.10348
17.82 -0.11448
17.83 -0.12558
17.84 -0.12571
17.85 -0.12506
17.86 -0.12603
17.87 -0.12724
17.88 -0.12436
17.89 -0.12367
17.9 -0.12245
17.91 -0.12156
17.92 -0.12107
17.93 -0.11893
17.94 -0.12442
17.95 -0.13976
17.96 -0.1614
17.97 -0.17537
17.98 -0.189
17.99 -0.19002
18 -0.18487
18.01 -0.17339
18.02 -0.15472
18.03 -0.11831
18.04 -0.07881
18.05 -0.0343
18.06 0.0064009
18.07 0.046121
18.08 0.085983
18.09 0.11895
18.1 0.1592
18.11 0.19526
18.12 0.21715
18.13 0.21293
18.14 0.18623
18.15 0.15358
18.16 0.11458
18.17 0.08401
18.18 0.056022
18.19 0.024817
18.2 -0.013947
18.21 -0.059286
18.22 -0.10012
18.23 -0.12782
18.24 -0.14536
18.25 -0.15218
18.26 -0.1497
18.27 -0.14582
18.28 -0.13909
18.29 -0.13121
18.3 -0.11881
18.31 -0.1098
18.32 -0.10783
18.33 -0.10467
18.34 -0.11524
18.35 -0.12721
18.36 -0.13538
18.37 -0.133
18.38 -0.12212
18.39 -0.1005
18.4 -0.069764
18.41 -0.045026
18.42 -0.02546
18.43 -0.010357
18.44 -0.0016644
18.45 0.022911
18.46 0.05452
18.47 0.095034
18.48 0.14839
18.49 0.20275
18.5 0.25367
18.51 0.29271
18.52 0.30172
18.53 0.29191
18.54 0.26523
18.55 0.22982
18.56 0.18804
18.57 0.15613
18.58 0.12422
18.59 0.10239
18.6 0.082377
18.61 0.05984
18.62 0.041813
18.63 0.030428
18.64 0.028644
18.65 0.039497
18.66 0.055432
18.67 0.071189
18.68 0.079718
18.69 0.068091
18.7 0.058903
18.71 0.044811
18.72 0.035179
18.73 0.03247
18.74 0.022307
18.75 0.017427
18.76 0.018152
18.77 0.02206
18.78 0.022633
18.79 0.015925
18.8 0.0055209
18.81 -0.0063191
18.82 -0.017628
18.83 -0.022198
18.84 -0.035069
18.85 -0.043027
18.86 -0.048657
18.87 -0.057933
18.88 -0.061727
18.89 -0.061752
18.9 -0.074042
18.91 -0.092625
18.92 -0.10769
18.93 -0.12615
18.94 -0.14457
18.95 -0.15821
18.96 -0.17332
18.97 -0.18859
18.98 -0.19407
18.99 -0.19689
19 -0.1855
19.01 -0.14182
19.02 -0.089528
19.03 -0.039564
19.04 0.0082741
19.05 0.041617
19.06 0.064281
19.07 0.072561
19.08 0.078325
19.09 0.07741
19.1 0.067751
19.11 0.062053
19.12 0.050976
19.13 0.038973
19.14 0.034947
19.15 0.020064
19.16 0.012994
19.17 0.0098882
19.18 0.001399
19.19 -0.0063151
19.2 -0.011408
19.21 -0.025775
19.22 -0.044292
19.23 -0.054546
19.24 -0.06008
19.25 -0.058171
19.26 -0.050509
19.27 -0.047834
19.28 -0.044742
19.29 -0.044456
19.3 -0.045361
19.31 -0.052598
19.32 -0.065465
19.33 -0.078587
19.34 -0.095309
19.35 -0.10403
19.36 -0.10286
19.37 -0.093633
19.38 -0.071602
19.39 -0.04212
19.4 -0.018134
19.41 -0.012668
19.42 -0.020256
19.43 -0.031454
19.44 -0.04653
19.45 -0.060107
19.46 -0.060557
19.47 -0.05827
19.48 -0.057177
19.49 -0.055468
19.5 -0.053143
19.51 -0.050656
19.52 -0.049503
19.53 -0.043421
19.54 -0.028037
19.55 -0.014436
19.56 0.004721
19.57 0.029204
19.58 0.042121
19.59 0.043573
19.6 0.042829
19.61 0.041996
19.62 0.040902
19.63 0.040721
19.64 0.038755
19.65 0.03305
19.66 0.019999
19.67 0.0059932
19.68 -0.017799
19.69 -0.04441
19.7 -0.069933
19.71 -0.085749
19.72 -0.093255
19.73 -0.093854
19.74 -0.092409
19.75 -0.082162
19.76 -0.073904
19.77 -0.06123
19.78 -0.047023
19.79 -0.032438
19.8 -0.022065
19.81 -0.020115
19.82 -0.019305
19.83 -0.01677
19.84 -0.016566
19.85 -0.0038382
19.86 0.0094174
19.87 0.02307
19.88 0.034436
19.89 0.04731
19.9 0.057469
19.91 0.068204
19.92 0.08941
19.93 0.11375
19.94 0.14315
19.95 0.1686
19.96 0.18729
19.97 0.1947
19.98 0.19743
19.99 0.18805
20 0.17653
20.01 0.16584
20.02 0.1545
20.03 0.14734
20.04 0.1528
20.05 0.15539
20.06 0.15072
20.07 0.14632
20.08 0.13116
20.09 0.10646
20.1 0.078879
20.11 0.042593
20.12 0.0095575
20.13 -0.021385
20.14 -0.039901
20.15 -0.053053
20.16 -0.061494
20.17 -0.05987
20.18 -0.061718
20.19 -0.060217
20.2 -0.055268
20.21 -0.055135
20.22 -0.052787
20.23 -0.061363
20.24 -0.079618
20.25 -0.10314
20.26 -0.13027
20.27 -0.14836
20.28 -0.14577
20.29 -0.12412
20.3 -0.086703
20.31 -0.053254
20.32 -0.028398
20.33 -0.014898
20.34 -0.0043751
20.35 -0.0019937
20.36 -0.001756
20.37 -0.001476
20.38 0.003138
20.39 0.01291
20.4 0.019955
20.41 0.024144
20.42 0.031223
20.43 0.038877
20.44 0.039626
20.45 0.03994
20.46 0.040055
20.47 0.041712
20.48 0.047074
20.49 0.048394
20.5 0.039645
20.51 0.033058
20.52 0.0199
20.53 0.010607
20.54 0.0052523
20.55 -0.0038273
20.56 -0.01159
20.57 -0.027967
20.58 -0.045975
20.59 -0.063264
20.6 -0.077554
20.61 -0.089678
20.62 -0.093346
20.63 -0.10345
20.64 -0.10301
20.65 -0.099751
20.66 -0.085441
20.67 -0.069374
20.68 -0.048908
20.69 -0.026794
20.7 -0.0075565
20.71 0.0024944
20.72 0.015437
20.73 0.021361
20.74 0.023689
20.75 0.029897
20.76 0.038797
20.77 0.043836
20.78 0.05825
20.79 0.088474
20.8 0.11705
20.81 0.13261
20.82 0.14094
20.83 0.13902
20.84 0.13492
20.85 0.12746
20.86 0.1148
20.87 0.1111
20.88 0.10683
20.89 0.11022
20.9 0.11381
20.91 0.10943
20.92 0.09735
20.93 0.086469
20.94 0.072549
20.95 0.060272
20.96 0.055465
20.97 0.047644
20.98 0.037868
20.99 0.03479
21 0.032481
21.01 0.032347
21.02 0.031414
21.03 0.021245
21.04 0.0090087
21.05 -0.0026827
21.06 -0.012905
21.07 -0.014251
21.08 -0.013557
21.09 -0.019904
21.1 -0.03318
21.11 -0.038175
21.12 -0.041849
21.13 -0.037341
21.14 -0.032804
21.15 -0.033253
21.16 -0.031553
21.17 -0.033773
21.18 -0.043218
21.19 -0.058804
21.2 -0.070196
21.21 -0.07505
21.22 -0.069869
21.23 -0.055413
21.24 -0.02613
21.25 0.010549
21.26 0.036822
21.27 0.052792
21.28 0.053165
21.29 0.042719
21.3 0.025975
21.31 0.0013506
21.32 -0.029291
21.33 -0.046775
21.34 -0.047589
21.35 -0.035749
21.36 -0.016115
21.37 0.0062287
21.38 0.018474
21.39 0.022435
21.4 0.023476
21.41 0.026583
21.42 0.026968
21.43 0.026155
21.44 0.022056
21.45 0.016386
21.46 0.013818
21.47 0.0080316
21.48 0.0026458
21.49 0.0021505
21.5 0.00010227
21.51 -0.007343
21.52 -0.013681
21.53 -0.024658
21.54 -0.042925
21.55 -0.059063
21.56 -0.069067
21.57 -0.075016
21.58 -0.082943
21.59 -0.079792
21.6 -0.065555
21.61 -0.042569
21.62 -0.015432
21.63 0.014582
21.64 0.038398
21.65 0.056446
21.66 0.065278
21.67 0.06946
21.68 0.06855
21.69 0.061829
21.7 0.050441
21.71 0.031023
21.72 0.02089
21.73 0.026747
21.74 0.040277
21.75 0.057032
21.76 0.071503
21.77 0.076092
21.78 0.087959
21.79 0.088287
21.8 0.087098
21.81 0.090014
21.82 0.095479
21.83 0.09329
21.84 0.086574
21.85 0.071928
21.86 0.051154
21.87 0.024625
21.88 0.0020791
21.89 -0.017343
21.9 -0.040497
21.91 -0.07103
21.92 -0.10197
21.93 -0.13089
21.94 -0.15387
21.95 -0.16964
21.96 -0.18397
21.97 -0.18721
21.98 -0.19133
21.99 -0.19249
22 -0.18712
22.01 -0.1822
22.02 -0.17802
22.03 -0.17286
22.04 -0.17338
22.05 -0.17568
22.06 -0.16889
22.07 -0.15789
22.08 -0.13992
22.09 -0.11544
22.1 -0.086388
22.11 -0.061557
22.12 -0.031016
22.13 -0.0016209
22.14 0.02439
22.15 0.040855
22.16 0.052384
22.17 0.062853
22.18 0.073755
22.19 0.090322
22.2 0.10679
22.21 0.12308
22.22 0.13779
22.23 0.15055
22.24 0.15786
22.25 0.15598
22.26 0.15556
22.27 0.15477
22.28 0.15429
22.29 0.15371
22.3 0.15965
22.31 0.15997
22.32 0.15212
22.33 0.1384
22.34 0.11951
22.35 0.10358
22.36 0.083838
22.37 0.063214
22.38 0.048601
22.39 0.032418
22.4 0.022568
22.41 0.0080804
22.42 0.0025608
22.43 -0.011563
22.44 -0.018707
22.45 -0.022082
22.46 -0.03658
22.47 -0.050319
22.48 -0.072054
22.49 -0.092528
22.5 -0.11297
22.51 -0.12053
22.52 -0.11747
22.53 -0.10282
22.54 -0.092276
22.55 -0.083749
22.56 -0.069494
22.57 -0.055536
22.58 -0.04029
22.59 -0.029192
22.6 -0.024054
22.61 -0.027612
22.62 -0.028711
22.63 -0.019879
22.64 -0.016351
22.65 -0.016887
22.66 -0.016536
22.67 -0.018616
22.68 -0.028451
22.69 -0.036585
22.7 -0.040245
22.71 -0.049696
22.72 -0.055536
22.73 -0.054891
22.74 -0.050474
22.75 -0.03937
22.76 -0.032897
22.77 -0.020924
22.78 -0.0092622
22.79 0.0070145
22.8 0.021102
22.81 0.032109
22.82 0.034599
22.83 0.029825
22.84 0.014954
22.85 0.0073529
22.86 0.0022692
22.87 -0.00091836
22.88 -0.00029834
22.89 -0.0028292
22.9 -0.0088493
22.91 -0.011876
22.92 -0.010847
22.93 -0.010492
22.94 -0.0046745
22.95 -0.0024282
22.96 -0.0097794
22.97 -0.019777
22.98 -0.024737
22.99 -0.021567
23 -0.016956
23.01 -0.012796
23.02 -0.020879
23.03 -0.031254
23.04 -0.044157
23.05 -0.051751
23.06 -0.049065
23.07 -0.046542
23.08 -0.030153
23.09 -0.023884
23.1 -0.019582
23.11 -0.022797
23.12 -0.027836
23.13 -0.040466
23.14 -0.050574
23.15 -0.0607
23.16 -0.062227
23.17 -0.059435
23.18 -0.065716
23.19 -0.077289
23.2 -0.077681
23.21 -0.080983
23.22 -0.076669
23.23 -0.062394
23.24 -0.044654
23.25 -0.027938
23.26 -0.016459
23.27 -0.0044906
23.28 0.0039416
23.29 0.018244
23.3 0.025727
23.31 0.036068
23.32 0.045095
23.33 0.056476
23.34 0.064466
23.35 0.062801
23.36 0.06066
23.37 0.048354
23.38 0.029862
23.39 0.018445
23.4 0.0088494
23.41 0.0046646
23.42 0.012638
23.43 0.017882
23.44 0.029269
23.45 0.037374
23.46 0.035866
23.47 0.041294
23.48 0.037417
23.49 0.031971
23.5 0.032141
23.51 0.031462
23.52 0.03081
23.53 0.029084
23.54 0.027589
23.55 0.02873
23.56 0.027568
23.57 0.02752
23.58 0.015452
23.59 0.003201
23.6 -0.0073772
23.61 -0.016782
23.62 -0.016086
23.63 -0.016111
23.64 -0.015527
23.65 -0.019469
23.66 -0.030091
23.67 -0.035386
23.68 -0.033081
23.69 -0.0346
23.7 -0.031557
23.71 -0.030935
23.72 -0.028954
23.73 -0.028307
23.74 -0.015475
23.75 -0.0063986
23.76 -0.00091288
23.77 0.0070355
23.78 0.017054
23.79 0.016709
23.8 0.028499
23.81 0.038753
23.82 0.05004
23.83 0.058861
23.84 0.066295
23.85 0.071348
23.86 0.070081
23.87 0.072962
23.88 0.072225
23.89 0.072674
23.9 0.076672
23.91 0.077553
23.92 0.073008
23.93 0.06414
23.94 0.050836
23.95 0.034806
23.96 0.013805
23.97 -0.0031983
23.98 -0.018613
23.99 -0.028514
24 -0.034798
24.01 -0.037216
24.02 -0.029242
24.03 -0.02296
24.04 -0.014361
24.05 -0.0095449
24.06 -0.0098857
24.07 -0.01557
24.08 -0.022248
24.09 -0.027464
24.1 -0.033847
24.11 -0.040376
24.12 -0.043194
24.13 -0.048028
24.14 -0.053243
24.15 -0.058308
24.16 -0.05849
24.17 -0.058185
24.18 -0.05886
24.19 -0.054196
24.2 -0.050624
24.21 -0.041385
24.22 -0.030303
24.23 -0.026682
24.24 -0.021799
24.25 -0.011535
24.26 -0.0026141
24.27 -9.2972e-005
24.28 0.013626
24.29 0.022923
24.3 0.032616
24.31 0.049837
24.32 0.061722
24.33 0.067415
24.34 0.073218
24.35 0.078231
24.36 0.077247
24.37 0.072521
24.38 0.064263
24.39 0.05286
24.4 0.046983
24.41 0.033855
24.42 0.026584
24.43 0.025927
24.44 0.025843
24.45 0.024369
24.46 0.031594
24.47 0.034855
24.48 0.031776
24.49 0.023848
24.5 0.021474
24.51 0.021711
24.52 0.020446
24.53 0.017739
24.54 0.0072851
24.55 -0.0015209
24.56 -0.0090996
24.57 -0.021917
24.58 -0.025687
24.59 -0.031768
24.6 -0.032778
24.61 -0.026787
24.62 -0.021065
24.63 -0.019199
24.64 -0.0088896
24.65 0.0044284
24.66 0.017331
24.67 0.032705
24.68 0.043816
24.69 0.057077
24.7 0.071001
24.71 0.080596
24.72 0.08473
24.73 0.08657
24.74 0.088621
24.75 0.088541
24.76 0.093262
24.77 0.095166
24.78 0.1064
24.79 0.10897
24.8 0.10466
24.81 0.10212
24.82 0.098798
24.83 0.09169
24.84 0.084068
24.85 0.076206
24.86 0.071836
24.87 0.071727
24.88 0.068557
24.89 0.059878
24.9 0.052608
24.91 0.033464
24.92 0.009912
24.93 -0.020422
24.94 -0.054294
24.95 -0.078585
24.96 -0.0991
24.97 -0.11808
24.98 -0.13314
24.99 -0.14335
25 -0.15289
25.01 -0.15711
25.02 -0.15996
25.03 -0.15452
25.04 -0.14209
25.05 -0.12911
25.06 -0.10321
25.07 -0.08127
25.08 -0.064554
25.09 -0.052388
25.1 -0.04078
25.11 -0.036174
25.12 -0.029477
25.13 -0.01644
25.14 -0.012279
25.15 -0.012214
25.16 -0.011814
25.17 -0.010798
25.18 -0.0086783
25.19 0.003879
25.2 0.019221
25.21 0.032591
25.22 0.044432
25.23 0.051592
25.24 0.050441
25.25 0.045002
25.26 0.029515
25.27 0.025208
25.28 0.017564
25.29 0.0053649
25.3 0.0033236
25.31 0.0094417
25.32 0.018483
25.33 0.021191
25.34 0.024795
25.35 0.030748
25.36 0.037224
25.37 0.040923
25.38 0.039871
25.39 0.036927
25.4 0.030579
25.41 0.019972
25.42 0.012984
25.43 0.0055404
25.44 -0.0062086
25.45 -0.0032178
25.46 0.0079511
25.47 0.01337
25.48 0.020472
25.49 0.017561
25.5 0.009065
25.51 0.00066567
25.52 -0.0095026
25.53 -0.018257
25.54 -0.029741
25.55 -0.034932
25.56 -0.033943
25.57 -0.031603
25.58 -0.019527
25.59 -0.011624
25.6 -0.004881
25.61 0.0049866
25.62 0.0084835
25.63 0.0041714
25.64 -0.0079317
25.65 -0.017726
25.66 -0.030129
25.67 -0.034226
25.68 -0.033186
25.69 -0.031807
25.7 -0.029341
25.71 -0.031407
25.72 -0.038356
25.73 -0.050783
25.74 -0.051414
25.75 -0.047559
25.76 -0.032992
25.77 -0.026225
25.78 -0.021843
25.79 -0.016649
25.8 -0.015564
25.81 -0.020372
25.82 -0.024228
25.83 -0.023312
25.84 -0.022969
25.85 -0.022956
25.86 -0.022559
25.87 -0.02738
25.88 -0.035923
25.89 -0.041668
25.9 -0.043635
25.91 -0.048079
25.92 -0.054446
25.93 -0.057553
25.94 -0.055266
25.95 -0.052167
25.96 -0.050946
25.97 -0.047694
25.98 -0.046163
25.99 -0.0472
26 -0.048688
26.01 -0.047301
26.02 -0.04766
26.03 -0.044626
26.04 -0.03714
26.05 -0.025682
26.06 -0.017305
26.07 -0.0020141
26.08 0.0054265
26.09 0.0062537
26.1 0.0031928
26.11 -0.0027804
26.12 -0.013684
26.13 -0.020713
26.14 -0.029995
26.15 -0.039362
26.16 -0.03658
26.17 -0.036061
26.18 -0.023191
26.19 -0.01332
26.2 -0.00038069
26.21 0.011376
26.22 0.015346
26.23 0.013742
26.24 0.010661
26.25 0.0061581
26.26 -0.0062738
26.27 -0.010958
26.28 -0.0093779
26.29 -0.0064668
26.3 -0.009942
26.31 -0.011717
26.32 -0.0040302
26.33 0.006381
26.34 0.016263
26.35 0.027851
26.36 0.037598
26.37 0.04792
26.38 0.051111
26.39 0.053025
26.4 0.05881
26.41 0.064807
26.42 0.070215
26.43 0.072785
26.44 0.079306
26.45 0.079012
26.46 0.077159
26.47 0.070228
26.48 0.061004
26.49 0.056131
26.5 0.0524
26.51 0.048443
26.52 0.041455
26.53 0.034685
26.54 0.033252
26.55 0.031774
26.56 0.035044
26.57 0.039872
26.58 0.042051
26.59 0.040518
26.6 0.033029
26.61 0.024192
26.62 0.012257
26.63 -0.00099144
26.64 -0.02004
26.65 -0.039629
26.66 -0.056489
26.67 -0.065444
26.68 -0.07644
26.69 -0.084615
26.7 -0.092815
26.71 -0.09918
26.72 -0.098768
26.73 -0.09628
26.74 -0.093824
26.75 -0.091441
26.76 -0.089045
26.77 -0.08622
26.78 -0.083925
26.79 -0.076616
26.8 -0.065141
26.81 -0.056347
26.82 -0.051503
26.83 -0.045868
26.84 -0.042501
26.85 -0.045166
26.86 -0.046442
26.87 -0.045326
26.88 -0.040591
26.89 -0.032947
26.9 -0.030996
26.91 -0.033007
26.92 -0.036833
26.93 -0.039785
26.94 -0.040257
26.95 -0.046939
26.96 -0.045753
26.97 -0.039896
26.98 -0.032885
26.99 -0.024078
27 -0.0085018
27.01 0.0033059
27.02 0.015689
27.03 0.027177
27.04 0.038855
27.05 0.046282
27.06 0.051914
27.07 0.046786
27.08 0.040409
27.09 0.030391
27.1 0.017761
27.11 0.0174
27.12 0.017811
27.13 0.018156
27.14 0.017631
27.15 0.01933
27.16 0.022393
27.17 0.028288
27.18 0.028888
27.19 0.027731
27.2 0.020393
27.21 0.01722
27.22 0.015039
27.23 0.004392
27.24 -0.0030164
27.25 -0.0041781
27.26 -0.0069172
27.27 -0.0074683
27.28 -0.0059552
27.29 -0.0055154
27.3 -0.0079401
27.31 -0.016321
27.32 -0.018581
27.33 -0.021444
27.34 -0.021692
27.35 -0.018698
27.36 -0.015253
27.37 -0.014512
27.38 -0.013434
27.39 -0.0087506
27.4 0.0047204
27.41 0.013724
27.42 0.027045
27.43 0.032418
27.44 0.036614
27.45 0.049923
27.46 0.054697
27.47 0.060194
27.48 0.071184
27.49 0.070402
27.5 0.069932
27.51 0.057443
27.52 0.045953
27.53 0.031438
27.54 0.020901
27.55 0.0072392
27.56 -0.00038897
27.57 -0.008427
27.58 -0.020684
27.59 -0.023148
27.6 -0.025636
27.61 -0.017432
27.62 -0.012453
27.63 -0.0030006
27.64 0.0088035
27.65 0.014714
27.66 0.026216
27.67 0.035351
27.68 0.043881
27.69 0.052641
27.7 0.052232
27.71 0.051382
27.72 0.043162
27.73 0.038758
27.74 0.034853
27.75 0.035815
27.76 0.041863
27.77 0.046595
27.78 0.043663
27.79 0.038896
27.8 0.035417
27.81 0.034321
27.82 0.041676
27.83 0.045613
27.84 0.054274
27.85 0.065083
27.86 0.065773
27.87 0.058202
27.88 0.038206
27.89 0.019488
27.9 0.010811
27.91 0.003919
27.92 0.0079959
27.93 0.013733
27.94 0.014026
27.95 0.019868
27.96 0.02503
27.97 0.029683
27.98 0.03391
27.99 0.036637
28 0.045044
28.01 0.055515
28.02 0.068841
28.03 0.07221
28.04 0.069618
28.05 0.067672
28.06 0.057485
28.07 0.04656
28.08 0.042852
28.09 0.039458
28.1 0.035139
28.11 0.033444
28.12 0.033002
28.13 0.028768
28.14 0.02299
28.15 0.015187
28.16 0.01331
28.17 0.01088
28.18 0.0073478
28.19 0.0086154
28.2 0.0096963
28.21 0.010468
28.22 0.014693
28.23 0.024908
28.24 0.030273
28.25 0.028657
28.26 0.027541
28.27 0.020055
28.28 0.0091726
28.29 0.0013874
28.3 -0.0066134
28.31 -0.015936
28.32 -0.018105
28.33 -0.017777
28.34 -0.017497
28.35 -0.018274
28.36 -0.016178
28.37 -0.015516
28.38 -0.016485
28.39 -0.016501
28.4 -0.01812
28.41 -0.029862
28.42 -0.034476
28.43 -0.032395
28.44 -0.021506
28.45 -0.013579
28.46 -0.0028138
28.47 0.0082797
28.48 0.011451
28.49 0.016272
28.5 0.0093791
28.51 0.0051686
28.52 -0.0010856
28.53 -0.010801
28.54 -0.016214
28.55 -0.016651
28.56 -0.013837
28.57 -0.01317
28.58 -0.016226
28.59 -0.016551
28.6 -0.023071
28.61 -0.032973
28.62 -0.035913
28.63 -0.036461
28.64 -0.037827
28.65 -0.040446
28.66 -0.041915
28.67 -0.045063
28.68 -0.049074
28.69 -0.050462
28.7 -0.046384
28.71 -0.043016
28.72 -0.040577
28.73 -0.041181
28.74 -0.045393
28.75 -0.044893
28.76 -0.043629
28.77 -0.04419
28.78 -0.04063
28.79 -0.035309
28.8 -0.028806
28.81 -0.020829
28.82 -0.010508
28.83 0.0045801
28.84 0.019147
28.85 0.033173
28.86 0.049114
28.87 0.057569
28.88 0.061642
28.89 0.064433
28.9 0.065777
28.91 0.062835
28.92 0.060187
28.93 0.057614
28.94 0.057951
28.95 0.054595
28.96 0.051968
28.97 0.046877
28.98 0.037099
28.99 0.029626
29 0.02506
29.01 0.024723
29.02 0.023138
29.03 0.022692
29.04 0.021916
29.05 0.030016
29.06 0.036371
29.07 0.038244
29.08 0.038415
29.09 0.034951
29.1 0.029145
29.11 0.018323
29.12 0.012892
29.13 0.0045464
29.14 -0.0090692
29.15 -0.01281
29.16 -0.020863
29.17 -0.022735
29.18 -0.02256
29.19 -0.017158
29.2 -0.010704
29.21 -0.0075311
29.22 0.0022662
29.23 0.0096679
29.24 0.0099585
29.25 0.0043887
29.26 -0.0031306
29.27 -0.010769
29.28 -0.013729
29.29 -0.017266
29.3 -0.0278
29.31 -0.036124
29.32 -0.035246
29.33 -0.040769
29.34 -0.042135
29.35 -0.035935
29.36 -0.033657
29.37 -0.032957
29.38 -0.033434
29.39 -0.029552
29.4 -0.020441
29.41 -0.010603
29.42 -0.0088208
29.43 -0.0016031
29.44 0.00098421
29.45 -0.0019921
29.46 -0.0082854
29.47 -0.010766
29.48 -0.011309
29.49 -0.015747
29.5 -0.020918
29.51 -0.027257
29.52 -0.032647
29.53 -0.032174
29.54 -0.027662
29.55 -0.018498
29.56 -0.010086
29.57 -0.0093617
29.58 -0.010175
29.59 -0.0089194
29.6 -0.00985
29.61 -0.0076101
29.62 -0.0068973
29.63 0.0015534
29.64 0.0096737
29.65 0.014835
29.66 0.019005
29.67 0.023772
29.68 0.021318
29.69 0.013279
29.7 0.0076846
29.71 0.0045309
29.72 -0.0040508
29.73 -0.0058709
29.74 -0.0070308
29.75 -0.0071378
29.76 -0.0069962
29.77 -0.0031571
29.78 -0.0032841
29.79 -0.0067124
29.8 -0.012176
29.81 -0.017411
29.82 -0.023019
29.83 -0.034247
29.84 -0.0397
29.85 -0.046714
29.86 -0.055656
29.87 -0.058549
29.88 -0.066537
29.89 -0.075695
29.9 -0.0767
29.91 -0.07701
29.92 -0.078059
29.93 -0.075091
29.94 -0.067387
29.95 -0.054613
29.96 -0.043492
29.97 -0.030793
29.98 -0.021438
29.99 -0.020854
30 -0.020588
30.01 -0.026748
30.02 -0.034605
30.03 -0.033602
30.04 -0.023704
30.05 -0.01705
30.06 -0.009617
30.07 -0.00069822
30.08 0.0060815
30.09 0.0058956
30.1 0.0059328
30.11 0.0055296
30.12 0.0059184
30.13 -0.0014223
30.14 -0.0089301
30.15 -0.015386
30.16 -0.016657
30.17 -0.015854
30.18 -0.016167
30.19 -0.014503
30.2 -0.0084066
30.21 -0.0019647
30.22 0.0007584
30.23 -0.0020493
30.24 -0.0038596
30.25 -0.0063799
30.26 -0.013714
30.27 -0.014937
30.28 -0.013797
30.29 -0.014204
30.3 -0.012989
30.31 -0.0067022
30.32 0.0052474
30.33 0.0088235
30.34 0.0085135
30.35 0.0068288
30.36 0.001705
30.37 -0.0048717
30.38 -0.004806
30.39 -0.0071015
30.4 -0.0048232
30.41 -0.0018178
30.42 0.0060634
30.43 0.01012
30.44 0.015123
30.45 0.019887
30.46 0.024137
30.47 0.024905
30.48 0.018829
30.49 0.010105
30.5 0.0063957
30.51 0.0021995
30.52 -0.0052554
30.53 -0.0043144
30.54 -0.00032952
30.55 0.0043004
30.56 0.005718
30.57 0.0053846
30.58 0.0055126
30.59 0.0061511
30.6 0.011468
30.61 0.015125
30.62 0.015092
30.63 0.011117
30.64 0.0070786
30.65 0.0046481
30.66 0.0021219
30.67 -0.0056995
30.68 -0.015277
30.69 -0.015941
30.7 -0.017711
30.71 -0.012501
30.72 -0.0069978
30.73 -0.0022972
30.74 0.0039603
30.75 0.0049957
30.76 0.0055645
30.77 0.012739
30.78 0.01757
30.79 0.021818
30.8 0.017937
30.81 0.01084
30.82 0.0040657
30.83 -0.00096141
30.84 -0.0072072
30.85 -0.011346
30.86 -0.010244
30.87 -0.0013768
30.88 0.0038992
30.89 0.010047
30.9 0.020142
30.91 0.023701
30.92 0.023186
30.93 0.023966
30.94 0.027049
30.95 0.022276
30.96 0.020971
30.97 0.017088
30.98 0.0096249
30.99 0.0054483
31 0.0077155
31.01 0.015351
31.02 0.030252
31.03 0.040269
31.04 0.053732
31.05 0.061075
31.06 0.063687
31.07 0.06431
31.08 0.059178
31.09 0.053954
31.1 0.046416
31.11 0.034819
31.12 0.025618
31.13 0.024819
31.14 0.022919
31.15 0.025613
31.16 0.033364
31.17 0.039782
31.18 0.037381
31.19 0.030093
31.2 0.018256
31.21 0.015047
31.22 0.0051228
31.23 -0.0057319
31.24 -0.0079429
31.25 -0.016137
31.26 -0.019508
31.27 -0.021619
31.28 -0.025281
31.29 -0.024706
31.3 -0.025223
31.31 -0.025917
31.32 -0.022949
31.33 -0.017935
31.34 -0.011507
31.35 -0.0062794
31.36 -0.005696
31.37 0.0014049
31.38 0.0063774
31.39 0.0090096
31.4 0.0087592
31.41 0.0060337
31.42 0.003802
31.43 0.0033953
31.44 -0.001591
31.45 -0.0090381
31.46 -0.0078642
31.47 -0.0091442
31.48 -0.0034153
31.49 0.0019197
31.5 0.0088935
31.51 0.0072851
31.52 0.0030432
31.53 -0.0062669
31.54 -0.010912
31.55 -0.022291
31.56 -0.031657
31.57 -0.037428
31.58 -0.042598
31.59 -0.04576
31.6 -0.044318
31.61 -0.0408
31.62 -0.036997
31.63 -0.037021
31.64 -0.039936
31.65 -0.044718
31.66 -0.045686
31.67 -0.044114
31.68 -0.043148
31.69 -0.04015
31.7 -0.035041
31.71 -0.030274
31.72 -0.025459
31.73 -0.019979
31.74 -0.018653
31.75 -0.017325
31.76 -0.015227
31.77 -0.017999
31.78 -0.017456
31.79 -0.016122
31.8 -0.012668
31.81 -0.011051
31.82 -0.0086732
31.83 -0.00732
31.84 -0.0097686
31.85 -0.0093221
31.86 -0.011209
31.87 -0.018597
31.88 -0.022326
31.89 -0.025457
31.9 -0.027609
31.91 -0.024041
31.92 -0.021064
31.93 -0.018616
31.94 -0.022236
31.95 -0.022022
31.96 -0.020892
31.97 -0.017091
31.98 -0.010139
31.99 -0.003284
32 0.0022232
32.01 0.0038441
32.02 0.0038437
32.03 0.00422
32.04 0.006492
32.05 0.010511
32.06 0.017485
32.07 0.020576
32.08 0.020282
32.09 0.024699
32.1 0.024865
32.11 0.024508
32.12 0.025069
32.13 0.035599
32.14 0.041678
32.15 0.045494
32.16 0.049743
32.17 0.050863
32.18 0.047936
32.19 0.04121
32.2 0.035331
32.21 0.035517
32.22 0.028776
32.23 0.019846
32.24 0.014085
32.25 0.013342
32.26 0.013349
32.27 0.019788
32.28 0.025948
32.29 0.03005
32.3 0.028915
32.31 0.030457
32.32 0.030581
32.33 0.029783
32.34 0.027484
32.35 0.024686
32.36 0.024101
32.37 0.02337
32.38 0.022458
32.39 0.021747
32.4 0.021031
32.41 0.019795
32.42 0.016777
32.43 0.015719
32.44 0.015528
32.45 0.015709
32.46 0.012466
32.47 0.012487
32.48 0.013913
32.49 0.015092
32.5 0.014506
32.51 0.021501
32.52 0.029053
32.53 0.029259
32.54 0.031148
32.55 0.030089
32.56 0.026782
32.57 0.024403
32.58 0.023277
32.59 0.022188
32.6 0.020548
32.61 0.020491
32.62 0.021089
32.63 0.023561
32.64 0.023773
32.65 0.022844
32.66 0.021785
32.67 0.016603
32.68 0.014538
32.69 0.011973
32.7 0.0098461
32.71 0.0075555
32.72 0.0085996
32.73 0.0070286
32.74 0.0068052
32.75 0.0042646
32.76 0.0023387
32.77 -0.0033041
32.78 -0.011039
32.79 -0.013889
32.8 -0.014235
32.81 -0.014112
32.82 -0.014973
32.83 -0.013664
32.84 -0.011856
32.85 -0.0094096
32.86 -0.0082687
32.87 -0.0080542
32.88 -0.0077913
32.89 -0.011618
32.9 -0.015614
32.91 -0.017716
32.92 -0.023659
32.93 -0.027847
32.94 -0.029818
32.95 -0.034776
32.96 -0.036768
32.97 -0.03662
32.98 -0.036797
32.99 -0.035092
33 -0.031442
33.01 -0.030033
33.02 -0.028433
33.03 -0.027043
33.04 -0.026127
33.05 -0.02466
33.06 -0.02319
33.07 -0.018492
33.08 -0.01528
33.09 -0.013426
33.1 -0.013149
33.11 -0.011578
33.12 -0.008072
33.13 -0.0017248
33.14 -0.00027353
33.15 0.0011937
33.16 0.004768
33.17 0.0082903
33.18 0.010162
33.19 0.0096383
33.2 0.0087921
33.21 0.007932
33.22 0.0034075
33.23 -0.0006662
33.24 -0.0035666
33.25 -0.004197
33.26 -0.0043186
33.27 -0.005059
33.28 -0.006937
33.29 -0.0099495
33.3 -0.013441
33.31 -0.013639
33.32 -0.012867
33.33 -0.012685
33.34 -0.011965
33.35 -0.011538
33.36 -0.0089028
33.37 -0.0046571
33.38 -0.0016311
33.39 -0.001209
33.4 -0.0014723
33.41 -0.0012917
33.42 -0.0014889
33.43 -0.0015309
33.44 0.00027966
33.45 0.0055074
33.46 0.0066264
33.47 0.0079816
33.48 0.010686
33.49 0.012122
33.5 0.011001
33.51 0.013364
33.52 0.015021
33.53 0.01334
33.54 0.010357
33.55 0.0068515
33.56 0.0025727
33.57 -0.002163
33.58 -0.0058348
33.59 -0.0094138
33.6 -0.010028
33.61 -0.0097925
33.62 -0.011275
33.63 -0.010974
33.64 -0.011072
33.65 -0.011648
33.66 -0.013159
33.67 -0.013529
33.68 -0.012798
33.69 -0.014168
33.7 -0.016397
33.71 -0.016514
33.72 -0.017706
33.73 -0.01889
33.74 -0.017727
33.75 -0.015811
33.76 -0.013184
33.77 -0.010905
33.78 -0.008686
33.79 -0.0070778
33.8 -0.0058602
33.81 -0.0052627
33.82 -0.0051148
33.83 -0.0045725
33.84 -0.0039796
33.85 -0.0023565
33.86 -0.00093136
33.87 -0.00026106
33.88 6.7756e-005
33.89 0.00029899
33.9 0.00052274
33.91 0.0006953
33.92 0.00083601
33.93 0.0012148
33.94 0.0015892
33.95 0.0017008
33.96 0.0017768
33.97 0.0016025
33.98 0.0017494
33.99 0.0018786
34 0.0022897
34.01 0.0031285
34.02 0.0034451
34.03 0.0039054
34.04 0.0042596
34.05 0.0041035
34.06 0.0039452
34.07 0.003099
34.08 0.0023164
34.09 0.0021919
34.1 0.0023542
34.11 0.0023596
34.12 0.0024758
34.13 0.0024857
34.14 0.0029639
34.15 0.0032269
34.16 0.0035037
34.17 0.0037753
34.18 0.0038053
34.19 0.0036769
34.2 0.0037431
34.21 0.0037909
34.22 0.0036576
34.23 0.0033751
34.24 0.0032304
34.25 0.0031794
34.26 0.0030861
34.27 0.0030232
34.28 0.0029107
34.29 0.0027868
34.3 0.0026999
34.31 0.0027401
34.32 0.0027057
34.33 0.0026827
34.34 0.0026334
34.35 0.0026516
34.36 0.002687
34.37 0.0025984
34.38 0.0024766
34.39 0.0023583
34.4 0.002275
34.41 0.0020905
34.42 0.0019412
34.43 0.0019285
34.44 0.001918
34.45 0.0018411
34.46 0.0018199
34.47 0.001832
34.48 0.0018318
34.49 0.001853
34.5 0.0018589
34.51 0.0018549
34.52 0.0018483
34.53 0.0018185
34.54 0.0017847
34.55 0.0017641
34.56 0.0017553
34.57 0.0017327
34.58 0.0017216
34.59 0.0017072
34.6 0.0016678
34.61 0.0016427
34.62 0.0016158
34.63 0.0015835
34.64 0.001545
34.65 0.0015077
34.66 0.0014667
34.67 0.001418
34.68 0.0013719
34.69 0.001323
34.7 0.0012696
34.71 0.0012098
34.72 0.0011497
34.73 0.0010865
34.74 0.0010217
34.75 0.00095786
34.76 0.00089331
34.77 0.00082832
34.78 0.00076491
34.79 0.00069963
34.8 0.00063482
34.81 0.00057
34.82 0.00050472
34.83 0.00043883
34.84 0.00037269
34.85 0.00030616
34.86 0.0002395
34.87 0.0001726
34.88 0.00010572
34.89 3.8942e-005
34.9 -2.759e-005
34.91 -9.4056e-005
34.92 -0.00016031
34.93 -0.00022633
34.94 -0.00029201
34.95 -0.00035733
