0.02 9.2331e-005
0.04 9.0104e-005
0.06 9.641e-005
0.08 7.0777e-005
0.1 9.2617e-005
0.12 8.1209e-005
0.14 8.9096e-006
0.16 4.9783e-005
0.18 -8.4175e-005
0.2 -6.0725e-005
0.22 4.0022e-005
0.24 -0.00022656
0.26 9.1014e-005
0.28 9.9754e-005
0.3 -0.00029386
0.32 0.00036039
0.34 0.00023261
0.36 -0.00060923
0.38 -5.8417e-005
0.4 0.00023574
0.42 -0.0006289
0.44 -0.00063925
0.46 -0.00074141
0.48 0.00012053
0.5 0.0013773
0.52 0.00067384
0.54 -0.00090759
0.56 0.00036953
0.58 0.0012163
0.6 -0.0019144
0.62 -0.0023717
0.64 -0.0024997
0.66 0.00125
0.68 -0.0038056
0.7 -0.0043579
0.72 -0.0020871
0.74 -0.0028619
0.76 -0.0061206
0.78 -0.0061824
0.8 -0.0045811
0.82 -7.1753e-005
0.84 0.0087695
0.86 0.00057556
0.88 -0.0029818
0.9 -0.0049066
0.92 -0.012606
0.94 -0.0099021
0.96 -0.00048684
0.98 0.001335
1 -0.0084909
1.02 -0.0029018
1.04 0.0039244
1.06 0.00078579
1.08 -0.0084386
1.1 -0.011884
1.12 -0.0030174
1.14 0.019657
1.16 0.0051322
1.18 0.0046867
1.2 -0.0069093
1.22 -0.024979
1.24 -0.030982
1.26 -0.027315
1.28 -0.00034722
1.3 -0.0014329
1.32 0.0032422
1.34 0.017455
1.36 0.017773
1.38 -0.00082397
1.4 -0.010678
1.42 -0.027192
1.44 -0.001202
1.46 -0.014914
1.48 -0.0057546
1.5 0.02217
1.52 -0.0024589
1.54 -0.028353
1.56 -0.003152
1.58 0.0081795
1.6 0.0099579
1.62 0.0036648
1.64 0.00051008
1.66 0.02936
1.68 0.038884
1.7 0.029932
1.72 0.0058432
1.74 0.0037413
1.76 -0.017969
1.78 -0.033876
1.8 0.012141
1.82 0.027221
1.84 0.02978
1.86 0.010838
1.88 0.0036206
1.9 0.0024547
1.92 -0.038695
1.94 -0.030661
1.96 0.028448
1.98 0.036021
2 0.036059
2.02 0.006445
2.04 -0.028585
2.06 -0.0083361
2.08 -0.013181
2.1 -0.038477
2.12 -0.018463
2.14 0.027638
2.16 0.023645
2.18 0.025461
2.2 0.06974
2.22 0.056685
2.24 0.038601
2.26 -0.0029384
2.28 -0.034359
2.3 -0.034713
2.32 -0.015521
2.34 -0.0054683
2.36 -0.041792
2.38 -0.037889
2.4 0.00083759
2.42 -0.039994
2.44 -0.012845
2.46 0.063488
2.48 0.13237
2.5 0.16316
2.52 0.14096
2.54 0.17024
2.56 0.17859
2.58 0.1978
2.6 0.21419
2.62 0.19716
2.64 0.22138
2.66 0.2297
2.68 0.21629
2.7 0.15596
2.72 0.029611
2.74 -0.08721
2.76 -0.25488
2.78 -0.40261
2.8 -0.44051
2.82 -0.41044
2.84 -0.31173
2.86 -0.09117
2.88 0.096588
2.9 0.16342
2.92 0.22148
2.94 0.23647
2.96 0.098085
2.98 -0.066386
3 -0.050227
3.02 0.091896
3.04 0.11462
3.06 -0.050029
3.08 -0.30455
3.1 -0.46801
3.12 -0.49707
3.14 -0.39376
3.16 -0.17488
3.18 -0.02791
3.2 -0.013189
3.22 -0.021498
3.24 -0.13471
3.26 -0.20719
3.28 -0.20181
3.3 -0.24858
3.32 -0.28153
3.34 -0.19388
3.36 0.019615
3.38 0.14745
3.4 0.14277
3.42 0.19077
3.44 0.30331
3.46 0.4117
3.48 0.48182
3.5 0.52515
3.52 0.54068
3.54 0.49283
3.56 0.40193
3.58 0.2832
3.6 0.14845
3.62 0.061793
3.64 -0.0098624
3.66 -0.14226
3.68 -0.34786
3.7 -0.55471
3.72 -0.66467
3.74 -0.65361
3.76 -0.53437
3.78 -0.38393
3.8 -0.2443
3.82 -0.1219
3.84 0.048104
3.86 0.32647
3.88 0.53835
3.9 0.48582
3.92 0.37374
3.94 0.30694
3.96 0.13713
3.98 -0.1823
4 -0.32291
4.02 -0.38308
4.04 -0.44702
4.06 -0.42546
4.08 -0.38256
4.1 -0.45695
4.12 -0.38994
4.14 0.063099
4.16 0.49352
4.18 0.61465
4.2 0.64422
4.22 0.68655
4.24 0.69904
4.26 0.41148
4.28 -0.14205
4.3 -0.57286
4.32 -0.70212
4.34 -0.68742
4.36 -0.50904
4.38 -0.18801
4.4 0.028622
4.42 0.08227
4.44 0.13173
4.46 0.069105
4.48 -0.11785
4.5 -0.17782
4.52 -0.20359
4.54 -0.25709
4.56 -0.14848
4.58 -0.051335
4.6 -0.010742
4.62 0.14301
4.64 0.28865
4.66 0.17892
4.68 -0.016359
4.7 -0.020274
4.72 0.06988
4.74 0.16404
4.76 0.26969
4.78 0.27369
4.8 0.24636
4.82 0.21961
4.84 0.16242
4.86 0.079479
4.88 0.03495
4.9 -0.0163
4.92 -0.013183
4.94 0.088475
4.96 0.13112
4.98 0.10552
5 0.096953
5.02 0.089138
5.04 0.10783
5.06 0.11811
5.08 0.11053
5.1 0.11194
5.12 0.03286
5.14 -0.036782
5.16 -0.018562
5.18 -0.010344
5.2 -0.065331
5.22 -0.1385
5.24 -0.14507
5.26 0.016119
5.28 0.19532
5.3 0.21792
5.32 0.19049
5.34 0.19512
5.36 0.14967
5.38 0.026272
5.4 -0.12483
5.42 -0.2356
5.44 -0.20416
5.46 -0.10857
5.48 -0.092678
5.5 -0.13926
5.52 -0.13206
5.54 -0.070341
5.56 -0.068869
5.58 -0.11246
5.6 -0.12453
5.62 -0.018064
5.64 0.055008
5.66 -0.0074083
5.68 -0.059592
5.7 0.0098819
5.72 0.11624
5.74 0.12918
5.76 0.086706
5.78 0.011533
5.8 -0.035273
5.82 -0.04809
5.84 -0.076548
5.86 -0.060991
5.88 -0.026668
5.9 -0.022082
5.92 -0.024841
5.94 -0.00078746
5.96 0.056349
5.98 0.10841
6 0.13645
6.02 0.1618
6.04 0.14997
6.06 0.1006
6.08 0.028683
6.1 -0.016402
6.12 -0.047388
6.14 -0.11688
6.16 -0.15176
6.18 -0.093693
6.2 0.044148
6.22 0.12638
6.24 0.11333
6.26 0.061092
6.28 -0.040242
6.3 -0.091315
6.32 -0.087313
6.34 -0.099556
6.36 -0.065442
6.38 0.013479
6.4 0.0498
6.42 0.019816
6.44 0.0022509
6.46 -0.0079619
6.48 -0.040905
6.5 -0.069363
6.52 -0.095854
6.54 -0.079214
6.56 -0.026299
6.58 0.00075528
6.6 -0.01683
6.62 -0.046721
6.64 -0.067601
6.66 -0.096676
6.68 -0.094221
6.7 -0.077736
6.72 -0.041803
6.74 0.0077007
6.76 0.029403
6.78 0.061657
6.8 0.090029
6.82 0.059835
6.84 -0.019312
6.86 -0.02618
6.88 0.044528
6.9 0.084548
6.92 0.071208
6.94 0.020253
6.96 -0.011485
6.98 0.016244
7 0.058729
7.02 0.09635
7.04 0.095523
7.06 0.038473
7.08 -0.065681
7.1 -0.12137
7.12 -0.069098
7.14 0.029359
7.16 0.029014
7.18 -0.069419
7.2 -0.11536
7.22 -0.084158
7.24 -0.051286
7.26 -0.036624
7.28 -0.041524
7.3 -0.038447
7.32 -0.014521
7.34 0.029176
7.36 0.074666
7.38 0.11239
7.4 0.12271
7.42 0.092556
7.44 0.080708
7.46 0.087347
7.48 0.067898
7.5 0.02076
7.52 -0.0033192
7.54 -0.0073443
7.56 -0.0069474
7.58 -0.027993
7.6 -0.070476
7.62 -0.10978
7.64 -0.10799
7.66 -0.097295
7.68 -0.095657
7.7 -0.099532
7.72 -0.075273
7.74 -0.026846
7.76 -0.018187
7.78 -0.054034
7.8 -0.048003
7.82 -0.011212
7.84 0.0010063
7.86 0.024348
7.88 0.024496
7.9 0.0050368
7.92 0.017254
7.94 0.025469
7.96 0.026182
7.98 0.058635
8 0.10042
8.02 0.12158
8.04 0.10979
8.06 0.077567
8.08 0.04666
8.1 0.0083979
8.12 -0.010418
8.14 0.002194
8.16 0.039687
8.18 0.078013
8.2 0.088989
8.22 0.069892
8.24 0.031555
8.26 -0.030999
8.28 -0.099196
8.3 -0.14308
8.32 -0.17211
8.34 -0.16477
8.36 -0.10001
8.38 0.0047983
8.4 0.084478
8.42 0.09139
8.44 0.059956
8.46 0.033104
8.48 0.0025709
8.5 -0.015804
8.52 -0.014126
8.54 -0.010699
8.56 0.0049487
8.58 0.042796
8.6 0.067371
8.62 0.070592
8.64 0.067154
8.66 0.05624
8.68 0.033992
8.7 0.0026624
8.72 -0.056292
8.74 -0.10751
8.76 -0.13092
8.78 -0.11878
8.8 -0.060829
8.82 -0.040444
8.84 -0.079639
8.86 -0.099161
8.88 -0.068485
8.9 0.00068998
8.92 0.048347
8.94 0.063386
8.96 0.078741
8.98 0.082133
9 0.069312
9.02 0.041499
9.04 0.02494
9.06 0.033416
9.08 0.024327
9.1 0.0083938
9.12 0.017933
9.14 0.044009
9.16 0.063478
9.18 0.05107
9.2 0.022095
9.22 0.008776
9.24 0.0061856
9.26 -0.013851
9.28 -0.070724
9.3 -0.12596
9.32 -0.13667
9.34 -0.10658
9.36 -0.038588
9.38 0.03177
9.4 0.074573
9.42 0.088017
9.44 0.067227
9.46 0.039831
9.48 0.017204
9.5 0.00012539
9.52 -0.028759
9.54 -0.053783
9.56 -0.058446
9.58 -0.07005
9.6 -0.083333
9.62 -0.085395
9.64 -0.09376
9.66 -0.10173
9.68 -0.098932
9.7 -0.073384
9.72 -0.04195
9.74 -0.02046
9.76 -0.031263
9.78 -0.044955
9.8 -0.04508
9.82 -0.042853
9.84 -0.033201
9.86 -0.016708
9.88 -0.0010622
9.9 -0.0001313
9.92 -0.0022242
9.94 -0.01679
9.96 -0.031874
9.98 -0.029134
10 -0.027541
10.02 -0.0027266
10.04 0.035315
10.06 0.067117
10.08 0.0773
10.1 0.078057
10.12 0.069759
10.14 0.070893
10.16 0.079986
10.18 0.077607
10.2 0.073242
10.22 0.058135
10.24 0.036581
10.26 0.024521
10.28 0.0091454
10.3 -0.010982
10.32 -0.031107
10.34 -0.037948
10.36 -0.030284
10.38 -0.0087644
10.4 0.019068
10.42 0.026898
10.44 0.021999
10.46 0.040706
10.48 0.067292
10.5 0.08953
10.52 0.097912
10.54 0.093937
10.56 0.0793
10.58 0.043572
10.6 -0.0018942
10.62 -0.029765
10.64 -0.013493
10.66 0.024363
10.68 0.061427
10.7 0.089426
10.72 0.092815
10.74 0.055033
10.76 -0.027697
10.78 -0.081499
10.8 -0.080738
10.82 -0.064047
10.84 -0.044255
10.86 -0.026214
10.88 -0.0031605
10.9 0.024701
10.92 0.036004
10.94 0.015144
10.96 -0.022543
10.98 -0.046064
11 -0.029456
11.02 0.012358
11.04 0.045967
11.06 0.059335
11.08 0.06113
11.1 0.044819
11.12 0.0012955
11.14 -0.041019
11.16 -0.046577
11.18 -0.023842
11.2 0.0059723
11.22 0.026857
11.24 0.016733
11.26 -0.014047
11.28 -0.040985
11.3 -0.055194
11.32 -0.055941
11.34 -0.045317
11.36 -0.0056023
11.38 0.041826
11.4 0.059232
11.42 0.04199
11.44 0.008564
11.46 0.0033331
11.48 0.020374
11.5 0.033459
11.52 0.031692
11.54 0.024637
11.56 0.016216
11.58 0.016852
11.6 0.037061
11.62 0.052667
11.64 0.059742
11.66 0.044336
11.68 -0.0079191
11.7 -0.055554
11.72 -0.06714
11.74 -0.047746
11.76 -0.026297
11.78 -0.017585
11.8 -0.0073739
11.82 -0.00050807
11.84 -0.0057566
11.86 -0.025292
11.88 -0.019492
11.9 -0.013723
11.92 -0.024437
11.94 -0.035899
11.96 -0.04014
11.98 -0.032518
12 -0.03157
12.02 -0.042405
12.04 -0.046087
12.06 -0.031738
12.08 -0.006301
12.1 0.013263
12.12 0.016461
12.14 0.020588
12.16 0.025846
12.18 0.014288
12.2 -0.0033078
12.22 -0.023092
12.24 -0.046567
12.26 -0.058393
12.28 -0.048956
12.3 -0.028197
12.32 -0.017742
12.34 -0.026712
12.36 -0.035238
12.38 -0.046808
12.4 -0.058251
12.42 -0.043189
12.44 -0.0092659
12.46 0.01607
12.48 0.025521
12.5 0.039444
12.52 0.051444
12.54 0.058834
12.56 0.051824
12.58 0.036601
12.6 0.027511
12.62 0.013194
12.64 -0.0040727
12.66 -0.016367
12.68 0.0028893
12.7 0.056978
12.72 0.10066
12.74 0.10833
12.76 0.089408
12.78 0.062188
12.8 0.051086
12.82 0.04113
12.84 0.0024369
12.86 -0.045117
12.88 -0.074189
12.9 -0.088469
12.92 -0.10933
12.94 -0.12647
12.96 -0.13569
12.98 -0.13186
13 -0.10244
13.02 -0.074288
13.04 -0.064407
13.06 -0.056214
13.08 -0.05057
13.1 -0.044321
13.12 -0.028651
13.14 0.005112
13.16 0.052886
13.18 0.087795
13.2 0.10423
13.22 0.11585
13.24 0.12505
13.26 0.11858
13.28 0.099321
13.3 0.061432
13.32 0.026105
13.34 0.0091286
13.36 -0.0050089
13.38 -0.014412
13.4 -0.015289
13.42 -0.026095
13.44 -0.039148
13.46 -0.040755
13.48 -0.048835
13.5 -0.064718
13.52 -0.065552
13.54 -0.04486
13.56 -0.012039
13.58 0.020483
13.6 0.034862
13.62 0.028132
13.64 0.014682
13.66 0.0030403
13.68 0.018264
13.7 0.041217
13.72 0.043274
13.74 0.037205
13.76 0.020581
13.78 0.0098192
13.8 0.027306
13.82 0.04316
13.84 0.034393
13.86 0.033705
13.88 0.045184
13.9 0.044667
13.92 0.0414
13.94 0.030521
13.96 0.0074903
13.98 -0.018788
14 -0.045634
14.02 -0.065937
14.04 -0.063245
14.06 -0.047717
14.08 -0.025115
14.1 -0.00015882
14.12 0.012963
14.14 0.028186
14.16 0.033179
14.18 0.025936
14.2 0.025904
14.22 0.030528
14.24 0.031186
14.26 0.031865
14.28 0.038569
14.3 0.030586
14.32 0.014638
14.34 0.00028182
14.36 -0.0028552
14.38 -0.00055832
14.4 -0.0098581
14.42 -0.013699
14.44 -0.017494
14.46 -0.013915
14.48 -0.017795
14.5 -0.029458
14.52 -0.030931
14.54 -0.021704
14.56 -0.026711
14.58 -0.043275
14.6 -0.029539
14.62 -0.0028783
14.64 0.014429
14.66 0.012371
14.68 0.012053
14.7 0.020456
14.72 0.025998
14.74 0.02818
14.76 0.020389
14.78 0.0061337
14.8 0.019361
14.82 0.047148
14.84 0.062819
14.86 0.062824
14.88 0.043541
14.9 0.020109
14.92 0.01016
14.94 0.015608
14.96 0.021642
14.98 0.029591
15 0.028584
15.02 0.010875
15.04 -0.0070124
15.06 -0.023068
15.08 -0.039827
15.1 -0.053598
15.12 -0.063702
15.14 -0.066393
15.16 -0.058079
15.18 -0.039976
15.2 -0.03202
15.22 -0.037686
15.24 -0.051496
15.26 -0.055289
15.28 -0.047901
15.3 -0.031581
15.32 -0.017124
15.34 -0.0056025
15.36 0.00031861
15.38 -0.0073047
15.4 -0.019752
15.42 -0.034378
15.44 -0.033186
15.46 -0.013295
15.48 -0.0081522
15.5 -0.0098889
15.52 0.0076516
15.54 0.045398
15.56 0.071595
15.58 0.079849
15.6 0.072928
15.62 0.048148
15.64 0.012005
15.66 -0.019679
15.68 -0.0405
15.7 -0.049909
15.72 -0.045624
15.74 -0.024538
15.76 -0.012325
15.78 -0.022834
15.8 -0.036353
15.82 -0.052286
15.84 -0.054264
15.86 -0.044934
15.88 -0.03769
15.9 -0.041794
15.92 -0.04269
15.94 -0.032224
15.96 -0.021368
15.98 -0.032735
16 -0.043333
16.02 -0.037225
16.04 -0.027254
16.06 -0.01875
16.08 0.0021652
16.1 0.025008
16.12 0.032099
16.14 0.034456
16.16 0.033296
16.18 0.041634
16.2 0.061474
16.22 0.0703
16.24 0.062895
16.26 0.048922
16.28 0.039085
16.3 0.017634
16.32 -0.0029136
16.34 -0.018249
16.36 -0.032493
16.38 -0.036577
16.4 -0.032607
16.42 -0.023092
16.44 -0.007912
16.46 -0.0044526
16.48 -0.018423
16.5 -0.033772
16.52 -0.040807
16.54 -0.041662
16.56 -0.035974
16.58 -0.021549
16.6 -0.0069306
16.62 -0.0045621
16.64 -0.013791
16.66 -0.02181
16.68 -0.016705
16.7 -0.0044426
16.72 0.013467
16.74 0.026701
16.76 0.023708
16.78 0.013483
16.8 0.010036
16.82 0.0079449
16.84 0.0027437
16.86 0.00885
16.88 0.02851
16.9 0.04395
16.92 0.0488
16.94 0.043286
16.96 0.036946
16.98 0.038723
17 0.044085
17.02 0.042159
17.04 0.038497
17.06 0.038954
17.08 0.045635
17.1 0.040171
17.12 0.019219
17.14 -0.00096947
17.16 -0.014411
17.18 -0.027154
17.2 -0.038349
17.22 -0.048943
17.24 -0.06096
17.26 -0.06537
17.28 -0.061421
17.3 -0.054809
17.32 -0.043491
17.34 -0.026556
17.36 -0.014442
17.38 -0.005222
17.4 0.0070946
17.42 0.01525
17.44 0.025027
17.46 0.030939
17.48 0.026633
17.5 0.018661
17.52 0.018137
17.54 0.016975
17.56 0.01337
17.58 0.0038305
17.6 -0.005633
17.62 -0.018624
17.64 -0.021305
17.66 -0.018097
17.68 -0.020732
17.7 -0.02306
17.72 -0.01262
17.74 0.0073535
17.76 0.021892
17.78 0.014549
17.8 -0.00036123
17.82 -0.014987
17.84 -0.022897
17.86 -0.017664
17.88 -0.0023071
17.9 0.015925
17.92 0.022171
17.94 0.025894
17.96 0.027833
17.98 0.026892
18 0.026144
18.02 0.027662
18.04 0.035075
18.06 0.046583
18.08 0.055471
18.1 0.064606
18.12 0.065482
18.14 0.05352
18.16 0.028036
18.18 0.002205
18.2 -0.0011788
18.22 -0.002122
18.24 0.014411
18.26 0.027961
18.28 0.029816
18.3 0.015345
18.32 0.0038996
18.34 -0.0066551
18.36 -0.017446
18.38 -0.030162
18.4 -0.034275
18.42 -0.027678
18.44 -0.013765
18.46 -0.0052111
18.48 -0.011437
18.5 -0.023622
18.52 -0.031513
18.54 -0.041214
18.56 -0.040135
18.58 -0.032691
18.6 -0.018152
18.62 -0.01138
18.64 -0.010397
18.66 -0.005596
18.68 0.00508
18.7 0.013068
18.72 0.016016
18.74 0.015896
18.76 0.011653
18.78 0.014224
18.8 0.020933
18.82 0.017515
18.84 0.010987
18.86 0.0089012
18.88 0.0046978
18.9 0.00031707
18.92 7.4069e-005
18.94 -0.00060254
18.96 0.0068758
18.98 0.020998
19 0.03278
19.02 0.027004
19.04 0.017054
19.06 0.017468
19.08 0.020712
19.1 0.018679
19.12 0.022207
19.14 0.031208
19.16 0.027023
19.18 0.01324
19.2 -0.0005066
19.22 -0.016209
19.24 -0.025274
19.26 -0.038927
19.28 -0.052073
19.3 -0.060417
19.32 -0.055578
19.34 -0.0471
19.36 -0.038451
19.38 -0.030203
19.4 -0.028364
19.42 -0.024562
19.44 -0.0078512
19.46 0.018293
19.48 0.039106
19.5 0.049349
19.52 0.054825
19.54 0.051144
19.56 0.045872
19.58 0.038429
19.6 0.037031
19.62 0.033551
19.64 0.033868
19.66 0.036904
19.68 0.037202
19.7 0.02759
19.72 0.015731
19.74 0.0047747
19.76 -0.0064843
19.78 -0.016662
19.8 -0.025461
19.82 -0.039625
19.84 -0.046658
19.86 -0.042239
19.88 -0.038054
19.9 -0.037643
19.92 -0.043553
19.94 -0.046308
19.96 -0.038715
19.98 -0.031281
20 -0.020117
20.02 -0.0088231
20.04 -0.00055964
20.06 0.012944
20.08 0.016262
20.1 0.011901
20.12 0.00057476
20.14 -0.011384
20.16 -0.017511
20.18 -0.018322
20.2 -0.0088245
20.22 -0.0019445
20.24 0.0020262
20.26 0.003035
20.28 0.0099759
20.3 0.016961
20.32 0.025655
20.34 0.033829
20.36 0.040427
20.38 0.040148
20.4 0.036997
20.42 0.028768
20.44 0.016417
20.46 0.0086118
20.48 0.00033558
20.5 -0.0097913
20.52 -0.018204
20.54 -0.02552
20.56 -0.020657
20.58 -0.0058871
20.6 0.0096784
20.62 0.014399
20.64 0.011973
20.66 0.005284
20.68 -0.0035347
20.7 -0.011701
20.72 -0.019389
20.74 -0.015123
20.76 -0.0043431
20.78 0.0043561
20.8 0.01132
20.82 0.010598
20.84 0.0038792
20.86 0.00084489
20.88 0.0016988
20.9 0.0027713
20.92 0.00087422
20.94 -0.0078401
20.96 -0.017996
20.98 -0.023102
21 -0.021286
21.02 -0.021441
21.04 -0.023297
21.06 -0.029805
21.08 -0.033892
21.1 -0.037371
21.12 -0.039441
21.14 -0.034006
21.16 -0.027114
21.18 -0.026262
21.2 -0.025534
21.22 -0.026731
21.24 -0.025504
21.26 -0.015586
21.28 0.0012345
21.3 0.012219
21.32 0.013869
21.34 0.013253
21.36 0.0099247
21.38 0.002022
21.4 -0.0039274
21.42 -0.0086759
21.44 -0.016267
21.46 -0.021461
21.48 -0.024947
21.5 -0.025693
21.52 -0.021165
21.54 -0.01692
21.56 -0.017745
21.58 -0.017308
21.6 -0.0057748
21.62 0.002735
21.64 0.0035969
21.66 0.0021875
21.68 -0.0017808
21.7 0.00018539
21.72 0.006962
21.74 0.012872
21.76 0.018509
21.78 0.02175
21.8 0.020701
21.82 0.020836
21.84 0.017538
21.86 0.0065219
21.88 -0.0038239
21.9 -0.011679
21.92 -0.0073338
21.94 0.0053947
21.96 0.01011
21.98 0.0068762
22 0.012966
22.02 0.023864
22.04 0.026197
22.06 0.023139
22.08 0.01773
22.1 0.014532
22.12 0.017482
22.14 0.017167
22.16 0.02091
22.18 0.024073
22.2 0.020619
22.22 0.014372
22.24 0.0073428
22.26 0.0048146
22.28 0.0046004
22.3 -0.0019164
22.32 -0.0092702
22.34 0.0036744
22.36 0.012656
22.38 0.015393
22.4 0.021307
22.42 0.026819
22.44 0.02652
22.46 0.025052
22.48 0.023868
22.5 0.025603
22.52 0.025195
22.54 0.023227
22.56 0.013607
22.58 0.005347
22.6 0.006564
22.62 0.0087857
22.64 0.0088703
22.66 0.0092664
22.68 0.0059665
22.7 0.0032512
22.72 0.0059209
22.74 0.01132
22.76 0.01075
22.78 0.010111
22.8 0.011979
22.82 0.010519
22.84 -0.00025354
22.86 -0.013783
22.88 -0.030487
22.9 -0.044016
22.92 -0.045726
22.94 -0.044042
22.96 -0.046033
22.98 -0.048759
23 -0.046145
23.02 -0.04381
23.04 -0.039444
23.06 -0.030237
23.08 -0.019613
23.1 -0.011345
23.12 -0.0064362
23.14 0.00066207
23.16 0.0031558
23.18 0.0065412
23.2 0.012984
23.22 0.019905
23.24 0.024327
23.26 0.029243
23.28 0.038316
23.3 0.041964
23.32 0.0417
23.34 0.034578
23.36 0.015916
23.38 0.0024506
23.4 -0.0047217
23.42 -0.0063303
23.44 -0.0056184
23.46 -0.0054698
23.48 -0.0047495
23.5 -0.0066103
23.52 -0.011952
23.54 -0.018408
23.56 -0.023672
23.58 -0.025309
23.6 -0.017403
23.62 -0.011201
23.64 -0.0092462
23.66 -0.012796
23.68 -0.017563
23.7 -0.020232
23.72 -0.01805
23.74 -0.01827
23.76 -0.022697
23.78 -0.03073
23.8 -0.03453
23.82 -0.031817
23.84 -0.028433
23.86 -0.025464
23.88 -0.018771
23.9 -0.015758
23.92 -0.0081177
23.94 -0.0012735
23.96 0.00089884
23.98 0.0012857
24 0.0073899
24.02 0.0093784
24.04 0.015458
24.06 0.021218
24.08 0.024955
24.1 0.02512
24.12 0.020849
24.14 0.019129
24.16 0.014687
24.18 0.011972
24.2 0.010697
24.22 0.0066819
24.24 0.0035622
24.26 0.0021933
24.28 -0.0023544
24.3 -0.014677
24.32 -0.020875
24.34 -0.020431
24.36 -0.013943
24.38 -0.007719
24.4 -0.0021453
24.42 0.00048698
24.44 -0.00039407
24.46 0.0033856
24.48 0.0083134
24.5 0.0075591
24.52 0.012489
24.54 0.018757
24.56 0.024148
24.58 0.02586
24.6 0.028707
24.62 0.027224
24.64 0.022863
24.66 0.017004
24.68 0.017081
24.7 0.015408
24.72 0.011551
24.74 0.013108
24.76 0.0091496
24.78 0.00023129
24.8 -0.0019626
24.82 -0.0016765
24.84 -0.0019539
24.86 -0.0013472
24.88 0.0094977
24.9 0.018562
24.92 0.021808
24.94 0.017886
24.96 0.0093966
24.98 0.0013208
25 -0.00053467
25.02 -0.0051242
25.04 -0.0048112
25.06 -0.0048335
25.08 -0.004945
25.1 -0.0078192
25.12 -0.0076539
25.14 -0.010423
25.16 -0.015766
25.18 -0.019527
25.2 -0.017385
25.22 -0.010914
25.24 -0.0055766
25.26 -0.0047605
25.28 -0.0088592
25.3 -0.0078633
25.32 -0.0020213
25.34 -0.00024062
25.36 -0.0035866
25.38 -0.0069967
25.4 -0.0079326
25.42 -0.0088507
25.44 -0.010666
25.46 -0.00093606
25.48 0.0054952
25.5 0.0039584
25.52 -0.003916
25.54 -0.0088169
25.56 -0.009866
25.58 -0.0084358
25.6 -0.0084705
25.62 -0.0080264
25.64 -0.007662
25.66 -0.0027843
25.68 0.00086017
25.7 -0.0046198
25.72 -0.013012
25.74 -0.012506
25.76 -0.010882
25.78 -0.0043081
25.8 0.0042302
25.82 0.0046252
25.84 -1.1398e-005
25.86 0.0044523
25.88 0.014435
25.9 0.024622
25.92 0.02676
25.94 0.024499
25.96 0.018831
25.98 0.0094613
26 0.0090716
26.02 0.01254
26.04 0.0076135
26.06 0.0029826
26.08 -0.0014649
26.1 -0.00082861
26.12 -0.00096387
26.14 -0.0012729
26.16 -0.005609
26.18 -0.0073168
26.2 -0.005865
26.22 -0.0036047
26.24 0.00020446
26.26 0.0012012
26.28 0.0017056
26.3 0.007939
26.32 0.018727
26.34 0.023306
26.36 0.020034
26.38 0.0098934
26.4 0.0046155
26.42 -0.00028152
26.44 -0.0041514
26.46 -0.0015015
26.48 0.0013911
26.5 -0.0032651
26.52 -0.0057663
26.54 -0.0055647
26.56 -0.0037346
26.58 -0.0021555
26.6 0.005043
26.62 0.0083246
26.64 0.0090119
26.66 0.004026
26.68 -0.00064138
26.7 -0.0057628
26.72 -0.0070208
26.74 -0.0058417
26.76 -0.0056639
26.78 -0.003662
26.8 -0.0013591
26.82 -0.0024385
26.84 -0.0054071
26.86 -0.0057767
26.88 -0.0048926
26.9 -0.0049137
26.92 -0.0061696
26.94 -0.0056481
26.96 -0.0040222
26.98 -0.0020043
27 0.0003149
27.02 0.00073711
27.04 0.00095928
27.06 0.0021618
27.08 0.0027647
27.1 0.00059132
27.12 -0.00035364
27.14 -0.0022746
27.16 -0.0049685
27.18 -0.0076782
27.2 -0.0082604
27.22 -0.0069878
27.24 -0.0055179
27.26 -0.0029639
27.28 -0.0013078
27.3 -5.8876e-005
27.32 0.00049621
27.34 0.00015484
27.36 -0.00053076
27.38 -0.00044928
27.4 -0.0009039
27.42 -0.0011834
27.44 -0.0014969
27.46 -0.0014124
27.48 -0.0013683
27.5 -0.0011859
27.52 -0.0012949
27.54 -0.0012048
27.56 -0.00087569
27.58 -0.00057283
27.6 -0.00015194
27.62 -7.8466e-006
27.64 4.833e-005
27.66 9.1994e-005
27.68 0.00015166
27.7 0.00040105
27.72 0.00073286
27.74 0.00099743
27.76 0.00099668
27.78 0.0009331
27.8 0.00097756
27.82 0.00092035
27.84 0.00079334
27.86 0.00067502
27.88 0.00057023
27.9 0.00047771
27.92 0.00043003
27.94 0.00039804
27.96 0.00037157
27.98 0.00034397
28 0.00033821
28.02 0.0003383
28.04 0.00033877
28.06 0.00033791
28.08 0.00033628
28.1 0.00033456
28.12 0.00033591
28.14 0.00033765
28.16 0.00033834
28.18 0.00033741
28.2 0.00033455
