0.01 0.00075087
0.02 0.00025559
0.03 0.0010782
0.04 0.0013475
0.05 0.00060428
0.06 0.00033607
0.07 -0.0012893
0.08 -0.0026411
0.09 -0.0038183
0.1 -0.0050123
0.11 -0.0028824
0.12 0.00099458
0.13 0.0013989
0.14 0.0021302
0.15 0.0028836
0.16 0.0031177
0.17 0.002809
0.18 0.0018219
0.19 0.00075519
0.2 0.00053298
0.21 0.001089
0.22 3.6648e-005
0.23 -0.0015057
0.24 -0.0020176
0.25 -0.0010353
0.26 0.00056747
0.27 0.0021863
0.28 0.001128
0.29 -0.00033081
0.3 -0.0049159
0.31 -0.0067048
0.32 -0.0048865
0.33 -0.0033407
0.34 -0.0011871
0.35 0.0013349
0.36 0.0019469
0.37 0.0018119
0.38 0.0014034
0.39 -0.0014433
0.4 -0.0036675
0.41 -0.00050551
0.42 0.0040492
0.43 0.003885
0.44 -0.00070966
0.45 -0.0037694
0.46 -0.0028402
0.47 -0.00095584
0.48 0.00049231
0.49 0.0020549
0.5 0.0022723
0.51 0.0018928
0.52 -0.00095123
0.53 -0.0022936
0.54 0.00075867
0.55 0.0027189
0.56 0.0045246
0.57 0.0043632
0.58 0.0015303
0.59 -0.0016046
0.6 -0.0050188
0.61 -0.0064894
0.62 -0.0045229
0.63 -0.00052474
0.64 0.0021404
0.65 0.0011253
0.66 -0.0011392
0.67 -0.0021859
0.68 0.00038156
0.69 0.0029245
0.7 0.0031555
0.71 0.00090706
0.72 -0.00080668
0.73 -0.00028936
0.74 0.0011779
0.75 0.0028384
0.76 0.003272
0.77 0.0041676
0.78 0.0029011
0.79 0.002308
0.8 0.00020879
0.81 -0.0012007
0.82 -0.00050659
0.83 0.0032799
0.84 0.0073551
0.85 0.0079139
0.86 0.005363
0.87 0.0027239
0.88 0.0021441
0.89 0.0024925
0.9 -6.7483e-005
0.91 -0.0046061
0.92 -0.0080932
0.93 -0.0025863
0.94 0.0033046
0.95 0.0030067
0.96 0.0011113
0.97 -0.0018681
0.98 -0.0040183
0.99 -0.0036572
1 0.00012638
1.01 0.0051389
1.02 0.0074844
1.03 0.0056018
1.04 0.00042456
1.05 -0.0029751
1.06 -0.0041625
1.07 -0.0025114
1.08 -0.002471
1.09 -0.0030787
1.1 -0.0017348
1.11 0.0018509
1.12 0.0023137
1.13 0.00092547
1.14 0.0010838
1.15 0.002458
1.16 0.0011327
1.17 -0.00075534
1.18 -0.0021759
1.19 -0.0016686
1.2 0.00059304
1.21 0.0034994
1.22 0.0064639
1.23 0.0065315
1.24 0.0036575
1.25 -0.00079058
1.26 -0.00032073
1.27 0.0050806
1.28 0.0066944
1.29 0.0043317
1.3 0.00017836
1.31 -0.0025011
1.32 -0.0043386
1.33 -0.0031534
1.34 -0.0021434
1.35 0.00041919
1.36 0.00071345
1.37 0.00064421
1.38 -0.0026776
1.39 -0.0049121
1.4 -0.0038904
1.41 1.7543e-005
1.42 0.0035573
1.43 0.0030386
1.44 -0.0015577
1.45 -0.0047368
1.46 -0.0072521
1.47 -0.0094835
1.48 -0.01039
1.49 -0.0083853
1.5 -0.0050369
1.51 -0.0025002
1.52 0.0020732
1.53 0.0069391
1.54 0.0084439
1.55 0.010848
1.56 0.013382
1.57 0.011959
1.58 0.0066048
1.59 0.00017543
1.6 -0.0063994
1.61 -0.012999
1.62 -0.016374
1.63 -0.012045
1.64 -0.0022028
1.65 0.0078496
1.66 0.011516
1.67 0.010453
1.68 0.0074202
1.69 0.00073043
1.7 -0.0059539
1.71 -0.0071277
1.72 -0.0020904
1.73 0.0034416
1.74 0.0045173
1.75 0.0023318
1.76 -0.0035614
1.77 -0.0090879
1.78 -0.013603
1.79 -0.015827
1.8 -0.015119
1.81 -0.010986
1.82 -0.0052258
1.83 -0.0016118
1.84 0.00056441
1.85 0.0018569
1.86 0.0031358
1.87 0.005613
1.88 0.0064204
1.89 0.0051446
1.9 0.0021923
1.91 -0.0031727
1.92 -0.0080563
1.93 -0.0095973
1.94 -0.0092597
1.95 -0.0080011
1.96 -0.0075695
1.97 -0.0071178
1.98 -0.0030964
1.99 0.011045
2 0.026585
2.01 0.028624
2.02 0.01556
2.03 -0.0014091
2.04 -0.012888
2.05 -0.017301
2.06 -0.017438
2.07 -0.011173
2.08 0.0010963
2.09 0.0091175
2.1 0.012686
2.11 0.012911
2.12 0.010635
2.13 0.0068629
2.14 0.0027737
2.15 -0.0012398
2.16 -0.0069272
2.17 -0.012734
2.18 -0.011704
2.19 -0.005157
2.2 -0.0016412
2.21 -0.00098849
2.22 0.0015146
2.23 0.0030378
2.24 0.0015249
2.25 -0.0022801
2.26 -0.0021976
2.27 1.4102e-005
2.28 0.0015896
2.29 -0.0020413
2.3 -0.0076995
2.31 -0.015295
2.32 -0.019123
2.33 -0.017427
2.34 -0.0096216
2.35 0.0013927
2.36 0.010216
2.37 0.014818
2.38 0.015161
2.39 0.011257
2.4 0.00081066
2.41 -0.014889
2.42 -0.034554
2.43 -0.057275
2.44 -0.084674
2.45 -0.10582
2.46 -0.12729
2.47 -0.13989
2.48 -0.14222
2.49 -0.14417
2.5 -0.14435
2.51 -0.14242
2.52 -0.13556
2.53 -0.12345
2.54 -0.10614
2.55 -0.080448
2.56 -0.047893
2.57 -0.010147
2.58 0.031841
2.59 0.070658
2.6 0.10742
2.61 0.1411
2.62 0.19708
2.63 0.26586
2.64 0.33236
2.65 0.35691
2.66 0.32674
2.67 0.28048
2.68 0.23444
2.69 0.17799
2.7 0.12769
2.71 0.094341
2.72 0.076997
2.73 0.079757
2.74 0.096806
2.75 0.10275
2.76 0.08851
2.77 0.050554
2.78 0.0098578
2.79 -0.020593
2.8 -0.040843
2.81 -0.048378
2.82 -0.049734
2.83 -0.04939
2.84 -0.047525
2.85 -0.046576
2.86 -0.051886
2.87 -0.068462
2.88 -0.09343
2.89 -0.11925
2.9 -0.14421
2.91 -0.15487
2.92 -0.1612
2.93 -0.16683
2.94 -0.16159
2.95 -0.14073
2.96 -0.11733
2.97 -0.096732
2.98 -0.080324
2.99 -0.072558
3 -0.059845
3.01 -0.034289
3.02 0.028167
3.03 0.089924
3.04 0.12934
3.05 0.14625
3.06 0.14763
3.07 0.14198
3.08 0.1253
3.09 0.092703
3.1 0.046199
3.11 0.0069149
3.12 -0.02541
3.13 -0.050317
3.14 -0.083801
3.15 -0.11264
3.16 -0.12113
3.17 -0.11454
3.18 -0.1065
3.19 -0.080447
3.2 -0.047395
3.21 -0.010649
3.22 0.0074629
3.23 0.0039236
3.24 -0.0078027
3.25 -0.031038
3.26 -0.065898
3.27 -0.10679
3.28 -0.1293
3.29 -0.13317
3.3 -0.13544
3.31 -0.13298
3.32 -0.11297
3.33 -0.07226
3.34 -0.031968
3.35 0.0064656
3.36 0.063359
3.37 0.16697
3.38 0.24685
3.39 0.27674
3.4 0.2884
3.41 0.29248
3.42 0.27795
3.43 0.17414
3.44 -0.0088566
3.45 -0.093797
3.46 -0.13499
3.47 -0.12557
3.48 -0.063731
3.49 -0.0084894
3.5 0.033325
3.51 0.054608
3.52 0.05114
3.53 0.02282
3.54 -0.0095643
3.55 -0.024989
3.56 -0.034511
3.57 -0.043848
3.58 -0.047733
3.59 -0.039585
3.6 -0.013742
3.61 0.044838
3.62 0.10365
3.63 0.1346
3.64 0.14086
3.65 0.13778
3.66 0.11614
3.67 0.051019
3.68 -0.051217
3.69 -0.097569
3.7 -0.12902
3.71 -0.1499
3.72 -0.1405
3.73 -0.099523
3.74 -0.052802
3.75 -0.015324
3.76 0.0034347
3.77 -0.0036804
3.78 -0.024867
3.79 -0.049608
3.8 -0.072814
3.81 -0.079545
3.82 -0.052023
3.83 -0.014395
3.84 0.00056526
3.85 0.0022173
3.86 0.0050052
3.87 0.0017135
3.88 -0.0022451
3.89 -0.0041473
3.9 -0.00017468
3.91 0.0028114
3.92 0.0066847
3.93 0.010715
3.94 0.017014
3.95 0.02324
3.96 0.032942
3.97 0.049349
3.98 0.075644
3.99 0.093298
4 0.096837
4.01 0.089308
4.02 0.074238
4.03 0.044247
4.04 0.00073536
4.05 -0.042849
4.06 -0.082646
4.07 -0.096074
4.08 -0.096961
4.09 -0.092047
4.1 -0.070424
4.11 -0.039431
4.12 -0.0083088
4.13 0.0089958
4.14 0.01799
4.15 0.022409
4.16 0.024024
4.17 0.022129
4.18 0.017439
4.19 0.0027693
4.2 -0.015849
4.21 -0.031627
4.22 -0.04435
4.23 -0.05708
4.24 -0.065449
4.25 -0.070996
4.26 -0.069591
4.27 -0.063633
4.28 -0.053322
4.29 -0.042161
4.3 -0.033432
4.31 -0.021959
4.32 -0.0068002
4.33 0.0050176
4.34 0.017577
4.35 0.028593
4.36 0.036884
4.37 0.040455
4.38 0.04133
4.39 0.040885
4.4 0.039608
4.41 0.036871
4.42 0.034823
4.43 0.032384
4.44 0.032021
4.45 0.033148
4.46 0.033337
4.47 0.028427
4.48 0.017436
4.49 -0.0061413
4.5 -0.035763
4.51 -0.059043
4.52 -0.069142
4.53 -0.074531
4.54 -0.071043
4.55 -0.054358
4.56 -0.034732
4.57 -0.016218
4.58 0.0033188
4.59 0.02048
4.6 0.039863
4.61 0.060187
4.62 0.083832
4.63 0.10178
4.64 0.10853
4.65 0.10195
4.66 0.082497
4.67 0.045039
4.68 0.003535
4.69 -0.027847
4.7 -0.045912
4.71 -0.054139
4.72 -0.054958
4.73 -0.049937
4.74 -0.032331
4.75 -0.0078051
4.76 0.015514
4.77 0.032482
4.78 0.044986
4.79 0.055093
4.8 0.064012
4.81 0.067723
4.82 0.067158
4.83 0.062103
4.84 0.054945
4.85 0.048131
4.86 0.042732
4.87 0.036702
4.88 0.029124
4.89 0.018879
4.9 0.0089285
4.91 -0.00019745
4.92 -0.012232
4.93 -0.026098
4.94 -0.041694
4.95 -0.054885
4.96 -0.062163
4.97 -0.06441
4.98 -0.062966
4.99 -0.058559
5 -0.04641
5.01 -0.030792
5.02 -0.013409
5.03 0.0022866
5.04 0.012689
5.05 0.019805
5.06 0.024174
5.07 0.027976
5.08 0.031307
5.09 0.033617
5.1 0.033946
5.11 0.034445
5.12 0.032163
5.13 0.027526
5.14 0.017229
5.15 0.0014583
5.16 -0.01768
5.17 -0.035055
5.18 -0.044162
5.19 -0.047474
5.2 -0.049129
5.21 -0.049651
5.22 -0.050293
5.23 -0.054422
5.24 -0.057303
5.25 -0.058873
5.26 -0.0568
5.27 -0.05096
5.28 -0.042559
5.29 -0.029817
5.3 -0.013123
5.31 0.0024781
5.32 0.01427
5.33 0.023865
5.34 0.031149
5.35 0.037512
5.36 0.044356
5.37 0.049868
5.38 0.05302
5.39 0.054982
5.4 0.053175
5.41 0.046967
5.42 0.038333
5.43 0.023877
5.44 0.0080231
5.45 -0.0057465
5.46 -0.015429
5.47 -0.019828
5.48 -0.019382
5.49 -0.018244
5.5 -0.017047
5.51 -0.017137
5.52 -0.018642
5.53 -0.02239
5.54 -0.024044
5.55 -0.026371
5.56 -0.026329
5.57 -0.023622
5.58 -0.020969
5.59 -0.018822
5.6 -0.018617
5.61 -0.020119
5.62 -0.020683
5.63 -0.018687
5.64 -0.013941
5.65 -0.0065277
5.66 0.0032397
5.67 0.011996
5.68 0.0186
5.69 0.021569
5.7 0.022009
5.71 0.021223
5.72 0.019962
5.73 0.018246
5.74 0.016256
5.75 0.014041
5.76 0.012439
5.77 0.011167
5.78 0.0101
5.79 0.008771
5.8 0.0075184
5.81 0.0063141
5.82 0.0053162
5.83 0.0044757
5.84 0.0037023
5.85 0.0029048
5.86 0.001994
5.87 0.00077552
5.88 -0.00052641
5.89 -0.0019488
5.9 -0.0032841
5.91 -0.0043268
5.92 -0.0049743
5.93 -0.0053583
5.94 -0.0052955
5.95 -0.0045472
