0.02 -0.0043977
0.04 0.0089173
0.06 0.019551
0.08 -0.014938
0.1 -0.023224
0.12 -0.01124
0.14 -0.0041299
0.16 0.017416
0.18 0.012683
0.2 0.0079455
0.22 -0.0014656
0.24 -0.0075271
0.26 0.0040037
0.28 0.0085766
0.3 -0.0055104
0.32 -0.008676
0.34 0.0056808
0.36 0.011313
0.38 0.011765
0.4 0.0034181
0.42 -0.022228
0.44 -0.019678
0.46 0.016438
0.48 0.031163
0.5 0.0044385
0.52 -0.018656
0.54 -0.028115
0.56 -0.0031441
0.58 0.012126
0.6 -0.0069623
0.62 -0.0045851
0.64 -0.0055809
0.66 -0.0054077
0.68 0.00051469
0.7 -0.00080512
0.72 -0.0023861
0.74 0.007154
0.76 0.012103
0.78 0.016262
0.8 -0.0010028
0.82 -0.0074429
0.84 -0.0036957
0.86 0.0064911
0.88 -0.001483
0.9 -0.025007
0.92 -0.0020171
0.94 0.02656
0.96 0.030185
0.98 -0.013957
1 -0.04032
1.02 -0.019156
1.04 0.020961
1.06 0.020969
1.08 0.0033597
1.1 -0.023676
1.12 -0.015492
1.14 0.022708
1.16 -0.0041206
1.18 1.1502e-006
1.2 -0.0086511
1.22 -0.011402
1.24 0.015647
1.26 0.017285
1.28 -0.022315
1.3 -0.011977
1.32 -0.0075132
1.34 -0.01007
1.36 0.00050896
1.38 -0.0039677
1.4 0.015891
1.42 0.012918
1.44 0.011771
1.46 -0.010152
1.48 -0.026766
1.5 0.0146
1.52 0.017125
1.54 -0.006213
1.56 -0.0063105
1.58 -0.025088
1.6 0.016103
1.62 0.025537
1.64 -0.015769
1.66 -0.029131
1.68 -0.010864
1.7 0.0053768
1.72 0.0082818
1.74 0.010723
1.76 0.0039688
1.78 0.0039342
1.8 0.00027655
1.82 -0.0051216
1.84 -0.016335
1.86 -0.014083
1.88 -0.00050282
1.9 0.024267
1.92 0.0053947
1.94 -0.010981
1.96 0.0096406
1.98 0.011744
2 -0.0020184
2.02 -0.012963
2.04 -0.013918
2.06 0.00042104
2.08 0.017566
2.1 0.016406
2.12 0.019367
2.14 -0.0014849
2.16 -0.024675
2.18 -0.004864
2.2 0.0081326
2.22 0.01223
2.24 -0.0080383
2.26 -0.0072197
2.28 0.0050468
2.3 -0.0091809
2.32 -0.0016587
2.34 -0.003647
2.36 0.0075831
2.38 0.0057999
2.4 -0.020707
2.42 0.00085809
2.44 -0.0031646
2.46 -0.006382
2.48 0.012908
2.5 0.012067
2.52 0.01922
2.54 -0.005526
2.56 -0.0095925
2.58 0.014034
2.6 0.031667
2.62 -0.0030649
2.64 -0.019628
2.66 0.021315
2.68 0.051372
2.7 0.0096697
2.72 -0.039211
2.74 -0.031504
2.76 -0.0023547
2.78 0.012295
2.8 0.0098678
2.82 0.012658
2.84 -0.017175
2.86 -0.018611
2.88 0.011216
2.9 0.00077421
2.92 -0.012275
2.94 -0.0077606
2.96 0.0098326
2.98 0.014987
3 -0.0024142
3.02 -0.0035767
3.04 -0.01235
3.06 -0.0042267
3.08 0.018819
3.1 0.01128
3.12 -0.0038679
3.14 -0.012468
3.16 0.005709
3.18 0.013687
3.2 0.018318
3.22 -0.015709
3.24 -0.031742
3.26 0.025567
3.28 0.028428
3.3 0.00039128
3.32 -0.015373
3.34 -0.017579
3.36 0.011979
3.38 0.0089313
3.4 -0.012943
3.42 -0.021925
3.44 0.0065256
3.46 0.016709
3.48 -0.0043937
3.5 -0.0082605
3.52 -0.011714
3.54 0.0063534
3.56 -0.0053873
3.58 -0.0018546
3.6 0.011217
3.62 0.0089556
3.64 0.0044079
3.66 0.0082537
3.68 0.0083943
3.7 -0.013106
3.72 -0.0025646
3.74 0.0093014
3.76 0.02181
3.78 0.00039611
3.8 -0.015565
3.82 -0.0034777
3.84 0.0032693
3.86 0.0036123
3.88 -0.029554
3.9 -0.018901
3.92 0.0013665
3.94 0.013176
3.96 -0.0086954
3.98 -0.03198
4 -0.0049428
4.02 0.020389
4.04 0.012799
4.06 0.015922
4.08 -0.016757
4.1 -0.018239
4.12 0.0039415
4.14 -0.0019023
4.16 0.010563
4.18 0.00016316
4.2 0.025749
4.22 0.0013426
4.24 -0.027599
4.26 -0.015364
4.28 -0.0097599
4.3 0.0054161
4.32 -0.0036229
4.34 -0.016781
4.36 -0.0015506
4.38 0.0089632
4.4 -0.0066617
4.42 -0.015775
4.44 0.013934
4.46 -0.0060662
4.48 -0.011539
4.5 0.02543
4.52 0.0065801
4.54 -0.0018136
4.56 -0.0071692
4.58 0.015177
4.6 0.032483
4.62 -0.033784
4.64 -0.014526
4.66 0.017702
4.68 0.00084704
4.7 0.015248
4.72 -0.0083917
4.74 -0.013311
4.76 0.008526
4.78 0.016289
4.8 -0.012505
4.82 -0.023703
4.84 -0.028214
4.86 -0.017071
4.88 0.012371
4.9 0.014855
4.92 0.015407
4.94 -0.017124
4.96 -0.010557
4.98 -0.00061737
5 0.0077075
5.02 -0.018995
5.04 -0.014869
5.06 0.043486
5.08 0.0089428
5.1 -0.014605
5.12 0.017617
5.14 0.028584
5.16 0.00029845
5.18 0.0022821
5.2 -0.00093377
5.22 0.012317
5.24 0.04699
5.26 0.015501
5.28 -0.04195
5.3 -0.024249
5.32 0.017504
5.34 -0.0047372
5.36 -0.05401
5.38 -0.05613
5.4 -0.010808
5.42 0.035062
5.44 0.01568
5.46 -0.035956
5.48 -0.011384
5.5 0.037248
5.52 0.019524
5.54 -0.018783
5.56 -0.020197
5.58 -0.012426
5.6 0.019752
5.62 0.049538
5.64 0.030119
5.66 -0.011784
5.68 -0.012127
5.7 0.0065382
5.72 0.023663
5.74 0.016288
5.76 -0.0059587
5.78 -0.025517
5.8 -0.034995
5.82 -0.025065
5.84 0.0013472
5.86 0.0093864
5.88 0.016456
5.9 0.013049
5.92 0.014259
5.94 0.025175
5.96 -0.010391
5.98 0.0037963
6 0.028335
6.02 -0.008572
6.04 0.0005323
6.06 0.0054214
6.08 -0.022729
6.1 0.01375
6.12 0.039062
6.14 0.014028
6.16 0.012532
6.18 0.02651
6.2 -0.015353
6.22 -0.021989
6.24 0.010028
6.26 0.0078879
6.28 0.0053434
6.3 -0.033214
6.32 -0.048384
6.34 -0.0089705
6.36 0.0070027
6.38 0.020381
6.4 0.016302
6.42 -0.0048666
6.44 0.017299
6.46 0.0078867
6.48 0.012882
6.5 0.040943
6.52 0.023292
6.54 -0.05108
6.56 -0.031234
6.58 0.016392
6.6 -0.0067954
6.62 -0.0065741
6.64 -0.0043428
6.66 0.024944
6.68 -0.012682
6.7 -0.0047151
6.72 -0.0013696
6.74 -0.020124
6.76 0.0023806
6.78 0.0099303
6.8 0.0057642
6.82 0.013772
6.84 0.024559
6.86 -0.0050468
6.88 0.012361
6.9 -0.030223
6.92 -0.053573
6.94 -0.00013882
6.96 -0.0063133
6.98 -0.026756
7 -0.026583
7.02 0.0048635
7.04 0.00030367
7.06 -0.020481
7.08 -0.0064698
7.1 -0.0011445
7.12 0.02524
7.14 0.0057981
7.16 0.0032235
7.18 0.0068206
7.2 0.030389
7.22 0.018497
7.24 -0.020877
7.26 -0.0046495
7.28 -0.022186
7.3 0.007531
7.32 0.029394
7.34 -0.031878
7.36 -0.016988
7.38 0.0053554
7.4 0.016173
7.42 0.019533
7.44 -0.012041
7.46 -0.023891
7.48 0.0071078
7.5 -0.016898
7.52 -0.038283
7.54 0.015237
7.56 -0.0052728
7.58 -0.023828
7.6 -0.02315
7.62 0.019183
7.64 0.033097
7.66 -0.0004947
7.68 -0.0019481
7.7 -0.015406
7.72 -0.016937
7.74 0.016128
7.76 -0.0042536
7.78 -0.0017803
7.8 0.047124
7.82 0.009681
7.84 0.0038935
7.86 0.02746
7.88 0.025571
7.9 -0.0070473
7.92 0.0076162
7.94 0.027761
7.96 0.0022975
7.98 -0.023517
8 -0.061405
8.02 0.0016151
8.04 0.0085428
8.06 0.018895
8.08 0.07352
8.1 0.050693
8.12 0.029015
8.14 0.00070549
8.16 -0.018973
8.18 -0.044811
8.2 -0.028113
8.22 -0.0090431
8.24 0.0035819
8.26 0.0098711
8.28 0.012448
8.3 0.0010127
8.32 -0.017973
8.34 -0.000341
8.36 -0.024873
8.38 -0.031126
8.4 -0.0087606
8.42 0.030426
8.44 0.019687
8.46 0.009608
8.48 -0.0088551
8.5 -0.01894
8.52 0.019868
8.54 -0.015742
8.56 -0.010589
8.58 0.026378
8.6 0.035809
8.62 0.035785
8.64 0.0038994
8.66 -0.068007
8.68 -0.06247
8.7 -0.018385
8.72 -0.004851
8.74 0.02162
8.76 -0.004579
8.78 0.012072
8.8 0.028118
8.82 -0.0028373
8.84 -0.033082
8.86 -0.029159
8.88 0.0051978
8.9 -0.00090282
8.92 0.0053673
8.94 0.014805
8.96 -0.0086456
8.98 -0.012541
9 -0.024229
9.02 -0.019976
9.04 0.03966
9.06 0.02906
9.08 -0.00025096
9.1 -0.012767
9.12 -0.023495
9.14 0.0094331
9.16 0.0293
9.18 0.025043
9.2 0.0070594
9.22 0.013246
9.24 0.000375
9.26 -0.036575
9.28 -0.031075
9.3 0.019312
9.32 -0.0043831
9.34 -0.00043863
9.36 0.023167
9.38 0.0064111
9.4 -0.0070301
9.42 0.0034046
9.44 0.024446
9.46 -0.0028506
9.48 0.013578
9.5 0.0075062
9.52 0.0080271
9.54 0.022011
9.56 -0.013387
9.58 -0.03589
9.6 -0.022511
9.62 -0.0065313
9.64 0.0026401
9.66 -0.0052995
9.68 0.0062495
9.7 0.042318
9.72 -0.010946
9.74 -0.031926
9.76 0.016148
9.78 -0.0069867
9.8 0.0011018
9.82 0.0093257
9.84 -0.0093794
9.86 0.020738
9.88 0.014752
9.9 -0.009024
9.92 -0.007762
9.94 -0.011868
9.96 -0.0071577
9.98 0.0092272
10 0.0074771
10.02 0.035274
10.04 -0.0015275
10.06 -0.0062636
10.08 0.012815
10.1 -0.0065412
10.12 -7.9628e-005
10.14 -0.0028414
10.16 -0.0058699
10.18 -0.012897
10.2 -0.0083117
10.22 -0.016831
10.24 -0.0049511
10.26 0.029403
10.28 0.017857
10.3 -0.011026
10.32 0.035075
10.34 0.021219
10.36 -0.01998
10.38 -0.029587
10.4 -0.017621
10.42 0.00057661
10.44 -0.002821
10.46 -0.0039667
10.48 -0.0065795
10.5 -0.028269
10.52 0.0012028
10.54 0.031745
10.56 0.0032797
10.58 0.0072351
10.6 -0.032186
10.62 -0.027896
10.64 0.015429
10.66 0.012015
10.68 0.015682
10.7 0.027545
10.72 0.010162
10.74 -0.012751
10.76 0.0057736
10.78 -0.03735
10.8 -0.062282
10.82 -0.0090964
10.84 3.8046e-005
10.86 0.034515
10.88 0.018937
10.9 -0.023135
10.92 -0.024646
10.94 -0.022198
10.96 0.0033318
10.98 0.00051939
11 0.019611
11.02 0.026057
11.04 -0.023597
11.06 -0.030627
11.08 -0.019478
11.1 -0.015515
11.12 0.0032211
11.14 0.00096933
11.16 -0.0098919
11.18 0.0063002
11.2 -0.0011047
11.22 0.01156
11.24 0.014326
11.26 0.017671
11.28 0.029677
11.3 -0.0038172
11.32 -0.00098018
11.34 -0.00834
11.36 0.0064207
11.38 -0.0016979
11.4 -0.0091917
11.42 -0.012201
11.44 -0.044321
11.46 -0.030358
11.48 -0.0089332
11.5 0.004586
11.52 0.0076185
11.54 0.017502
11.56 0.0055404
11.58 0.0018161
11.6 0.027836
11.62 0.035812
11.64 0.021068
11.66 0.024503
11.68 0.023258
11.7 0.0044372
11.72 -0.017216
11.74 -0.020398
11.76 -0.011126
11.78 -0.0042214
11.8 0.0066988
11.82 0.0092459
11.84 0.018282
11.86 0.018372
11.88 0.017162
11.9 -0.002117
11.92 -0.028759
11.94 -0.018911
11.96 -0.0288
11.98 -0.03861
12 -0.005684
12.02 0.033549
12.04 0.025496
12.06 -0.0066587
12.08 -0.017498
12.1 0.0045677
12.12 -0.013705
12.14 -0.049244
12.16 -0.0023285
12.18 0.014763
12.2 -0.00067957
12.22 0.0088487
12.24 -0.0024501
12.26 0.0060295
12.28 0.021529
12.3 0.01824
12.32 0.0052107
12.34 -0.018065
12.36 0.0087874
12.38 -0.0023213
12.4 -0.0069384
12.42 0.015081
12.44 0.019036
12.46 0.024854
12.48 0.0014962
12.5 0.0014375
12.52 -0.015626
12.54 -0.045184
12.56 -0.012948
12.58 0.0089615
12.6 -0.010748
12.62 0.013359
12.64 0.015423
12.66 -0.0042321
12.68 0.020883
12.7 -0.0046887
12.72 -0.0024232
12.74 0.030334
12.76 -0.022943
12.78 -0.039569
12.8 -0.0076417
12.82 0.010957
12.84 0.019125
12.86 0.023597
12.88 0.025071
12.9 0.0091631
12.92 -0.012138
12.94 -0.023173
12.96 -0.030733
12.98 0.00079859
13 0.012162
13.02 -0.0071545
13.04 -0.021277
13.06 -0.020559
13.08 0.018364
13.1 0.025301
13.12 0.0070349
13.14 -0.017311
13.16 -0.026598
13.18 -0.00021816
13.2 0.016645
13.22 -0.0036129
13.24 0.010338
13.26 0.025388
13.28 0.03545
13.3 0.02804
13.32 0.0049954
13.34 -0.030328
13.36 -0.02936
13.38 -0.033292
13.4 -0.0066764
13.42 0.019937
13.44 -0.0016053
13.46 -0.002282
13.48 0.0079381
13.5 0.021919
13.52 -0.01545
13.54 -0.014558
13.56 0.0048115
13.58 -0.0013506
13.6 0.018182
13.62 0.047287
13.64 0.027971
13.66 -0.00070369
13.68 -0.021172
13.7 -0.028307
13.72 -0.019357
13.74 -0.010385
13.76 0.012001
13.78 0.02192
13.8 0.013835
13.82 -0.0048227
13.84 -0.0040762
13.86 -0.0018393
13.88 -0.0015371
13.9 0.020147
13.92 0.015567
13.94 0.0096169
13.96 -0.014495
13.98 -0.027211
14 -0.014217
14.02 0.0060952
14.04 0.023862
14.06 0.022188
14.08 0.0021386
14.1 -0.016397
14.12 -0.0053619
14.14 -0.013761
14.16 -0.017683
14.18 -0.00038641
14.2 0.0029306
14.22 -0.010627
14.24 0.0084297
14.26 0.019905
14.28 0.020018
14.3 0.013561
14.32 -0.013615
14.34 -0.029008
14.36 -0.035324
14.38 -0.01401
14.4 0.0068127
14.42 0.0073501
14.44 0.015627
14.46 0.022945
14.48 0.0021862
14.5 0.0037149
14.52 -0.024019
14.54 -0.011751
14.56 -0.0030623
14.58 0.012621
14.6 0.012744
14.62 -0.013403
14.64 0.014964
14.66 0.020391
14.68 0.03013
14.7 0.0028541
14.72 -0.0023208
14.74 0.011952
14.76 0.0054097
14.78 -0.028403
14.8 -0.027824
14.82 -0.022783
14.84 -0.0046092
14.86 0.0054031
14.88 0.018355
14.9 0.022176
14.92 -0.010426
14.94 0.0020687
14.96 -0.024043
14.98 -0.021994
15 -0.0021599
15.02 -0.0022583
15.04 0.01952
15.06 0.0027828
15.08 0.00094531
15.1 0.020851
15.12 0.015482
15.14 -0.010914
15.16 -0.022051
15.18 -0.0043456
15.2 0.011652
15.22 0.0052334
15.24 0.021063
15.26 0.021188
15.28 -0.0072465
15.3 -0.025597
15.32 -0.017684
15.34 0.016638
15.36 0.014487
15.38 -0.018344
15.4 -0.0041466
15.42 0.0083842
15.44 -0.03403
15.46 -0.011532
15.48 -0.01369
15.5 -0.014024
15.52 0.021014
15.54 -0.01027
15.56 -0.0028718
15.58 0.017042
15.6 -0.013741
15.62 -0.027377
15.64 -0.00018217
15.66 0.00011048
15.68 0.0075169
15.7 -0.0042372
15.72 -0.02277
15.74 -0.0031501
15.76 -0.00056049
15.78 0.0055771
15.8 -0.012693
15.82 -0.006866
15.84 0.015901
15.86 0.012855
15.88 0.017547
15.9 -0.012909
15.92 -0.026658
15.94 -0.018788
15.96 0.0060877
15.98 0.052513
16 0.020881
16.02 -0.019397
16.04 -0.0033063
16.06 0.0066609
16.08 -0.0031421
16.1 -0.0065396
16.12 -0.0020796
16.14 -0.0027249
16.16 -0.017547
16.18 -0.015316
16.2 0.0064973
16.22 0.011057
16.24 0.01906
16.26 0.018126
16.28 -0.012566
16.3 -0.0017249
16.32 0.0053438
16.34 -0.024269
16.36 -0.025566
16.38 -0.011878
16.4 0.010341
16.42 0.013174
16.44 0.021605
16.46 0.030039
16.48 -0.0051491
16.5 -0.024441
16.52 -0.014974
16.54 -0.011854
16.56 -0.013984
16.58 -0.016324
16.6 -0.0032688
16.62 0.011841
16.64 -0.00026893
16.66 0.0065769
16.68 0.022881
16.7 -0.0019244
16.72 -0.011974
16.74 -0.010837
16.76 -0.035393
16.78 -0.044829
16.8 -0.029991
16.82 -0.0061747
16.84 0.017365
16.86 0.031424
16.88 0.037357
16.9 0.031006
16.92 -0.0018238
16.94 -0.016713
16.96 0.014028
16.98 0.029844
17 -0.0010292
17.02 -0.037321
17.04 -0.038799
17.06 -0.0017686
17.08 0.031157
17.1 0.018879
17.12 -0.012354
17.14 0.0065636
17.16 0.026576
17.18 0.027649
17.2 0.008564
17.22 -0.015248
17.24 -0.0011541
17.26 0.029575
17.28 0.031677
17.3 0.0037435
17.32 -0.042303
17.34 -0.012658
17.36 0.044085
17.38 0.0032653
17.4 -0.0083807
17.42 0.0059151
17.44 -0.0079171
17.46 -0.013953
17.48 -0.031362
17.5 -0.032197
17.52 -0.019452
17.54 0.018091
17.56 0.02346
17.58 0.02662
17.6 0.027258
17.62 0.0059405
17.64 0.026141
17.66 0.027036
17.68 0.0018062
17.7 -0.010372
17.72 0.0055908
17.74 0.026012
17.76 0.02759
17.78 -0.021402
17.8 -0.013884
17.82 0.0011258
17.84 -0.017355
17.86 -0.016462
17.88 -0.011275
17.9 0.023594
17.92 0.010734
17.94 0.029116
17.96 0.032512
17.98 0.019429
18 0.041864
18.02 0.0042971
18.04 -0.0061006
18.06 0.0028152
18.08 -0.018611
18.1 -0.01942
18.12 -0.0087145
18.14 -0.0048274
18.16 -0.0009881
18.18 -0.0093158
18.2 0.011704
18.22 0.0075915
18.24 -0.012961
18.26 0.0055777
18.28 -0.0060396
18.3 -0.017628
18.32 0.0063777
18.34 -0.0001384
18.36 0.010298
18.38 -0.010443
18.4 -0.030893
18.42 0.033414
18.44 0.035887
18.46 -0.0070493
18.48 -0.012431
18.5 -0.0072543
18.52 0.011555
18.54 -0.018171
18.56 -0.025135
18.58 0.010013
18.6 0.045465
18.62 0.085339
18.64 0.028752
18.66 -0.030004
18.68 -0.032936
18.7 -0.039308
18.72 -0.011076
18.74 0.0066869
18.76 -0.0067625
18.78 -0.00026126
18.8 -0.002282
18.82 0.00019007
18.84 0.015546
18.86 0.012274
18.88 -0.010258
18.9 -0.051153
18.92 -0.011186
18.94 0.019221
18.96 -0.028118
18.98 -0.021377
19 -0.020621
19.02 -0.028548
19.04 -0.0095534
19.06 0.0038059
19.08 -0.027746
19.1 -0.050112
19.12 -0.025068
19.14 0.0045786
19.16 0.00034986
19.18 0.026783
19.2 0.032249
19.22 0.010621
19.24 0.0079396
19.26 -0.023858
19.28 -0.0065502
19.3 0.0093098
19.32 -0.029343
19.34 -0.010053
19.36 0.027773
19.38 -0.0028966
19.4 -0.0018615
19.42 0.005914
19.44 -0.0094126
19.46 0.0091189
19.48 0.015094
19.5 -0.015661
19.52 -0.030283
19.54 -0.020153
19.56 -0.031877
19.58 -0.048981
19.6 -0.028865
19.62 0.019517
19.64 0.066759
19.66 0.054397
19.68 0.0069034
19.7 -0.015134
19.72 -0.045617
19.74 -0.032656
19.76 0.0086154
19.78 0.019943
19.8 0.027239
19.82 0.0085965
19.84 -0.013528
19.86 -0.017813
19.88 0.012182
19.9 0.034031
19.92 0.0065487
19.94 -0.0124
19.96 -0.027051
19.98 -0.028177
20 -0.007487
20.02 -0.026729
20.04 -0.048009
20.06 -0.029941
20.08 -0.0072871
20.1 0.010343
20.12 0.0073574
20.14 0.012698
20.16 0.020051
20.18 0.037482
20.2 -0.013117
20.22 -0.048615
20.24 0.0062914
20.26 0.033818
20.28 0.029365
20.3 -0.026593
20.32 -0.019935
20.34 0.02783
20.36 0.015704
20.38 0.00077094
20.4 0.0027398
20.42 0.01019
20.44 0.005164
20.46 0.0034551
20.48 -0.0045951
20.5 0.02458
20.52 0.045428
20.54 -0.002704
20.56 -0.024124
20.58 0.014984
20.6 0.01413
20.62 -0.013427
20.64 -0.023225
20.66 -0.010872
20.68 0.031034
20.7 0.035846
20.72 0.015276
20.74 0.0017373
20.76 -0.010823
20.78 -0.017227
20.8 -0.02064
20.82 -0.022981
20.84 0.00019132
20.86 0.02496
20.88 0.024803
20.9 0.00067687
20.92 0.0023026
20.94 0.016004
20.96 -0.0081334
20.98 -0.0082359
21 0.018544
21.02 0.028835
21.04 0.025632
21.06 0.0034583
21.08 0.011237
21.1 0.039607
21.12 -0.00021801
21.14 0.0021105
21.16 0.034791
21.18 0.02885
21.2 0.031008
21.22 -0.0056962
21.24 -0.00128
21.26 0.011948
21.28 0.012543
21.3 0.013251
21.32 0.0015832
21.34 0.011049
21.36 0.011872
21.38 -0.016732
21.4 -0.032439
21.42 -0.0070246
21.44 -0.014284
21.46 -0.031736
21.48 -0.0070053
21.5 -0.010694
21.52 -0.019965
21.54 0.017504
21.56 0.017987
21.58 0.0022717
21.6 -0.010081
21.62 -0.024218
21.64 -0.023573
21.66 -0.0083501
21.68 0.018132
21.7 0.033862
21.72 0.027128
21.74 0.038616
21.76 0.0092136
21.78 -0.026567
21.8 -0.019398
21.82 -0.0063125
21.84 -0.00088452
21.86 -0.019532
21.88 0.0044861
21.9 0.0038668
21.92 -0.01713
21.94 -0.0031361
21.96 0.012055
21.98 0.016359
22 0.0075941
22.02 -0.009272
22.04 -0.01912
22.06 0.0036512
22.08 0.0083572
22.1 -0.0061244
22.12 0.0009661
22.14 -0.0026064
22.16 0.0082467
22.18 -0.0051015
22.2 -0.013629
22.22 -0.0034922
22.24 -0.0019116
22.26 -0.014429
22.28 -0.026297
22.3 -0.010509
22.32 0.02653
22.34 0.045082
22.36 0.012266
22.38 0.0052325
22.4 0.025562
22.42 0.0014522
22.44 -0.019369
22.46 -0.0097549
22.48 0.018368
22.5 3.1881e-005
22.52 -0.029262
22.54 -0.0027996
22.56 0.0077678
22.58 -0.0051716
22.6 -0.0040162
22.62 -0.0094222
22.64 -0.0057881
22.66 -0.0053136
22.68 -0.01163
22.7 0.0014803
22.72 0.0012452
22.74 0.0073526
22.76 0.0015078
22.78 -0.0054692
22.8 0.011363
22.82 -0.011765
22.84 2.5864e-005
22.86 0.021947
22.88 -0.016209
22.9 -0.023728
22.92 -0.016438
22.94 -0.0043805
22.96 -0.015981
22.98 -0.00041543
23 0.018554
23.02 0.033115
23.04 -0.0022296
23.06 -0.031205
23.08 -0.017629
23.1 0.0081123
23.12 0.027262
23.14 0.015649
23.16 0.009321
23.18 -0.0028363
23.2 0.00046556
23.22 -0.010404
23.24 -0.0057033
23.26 0.0072102
23.28 -0.0096176
23.3 -0.015089
23.32 -0.0051043
23.34 -0.027277
23.36 -0.029742
23.38 -0.027361
23.4 -0.022073
23.42 -0.0057891
23.44 0.017045
23.46 0.034635
23.48 0.023924
23.5 0.020647
23.52 0.022052
23.54 -0.004088
23.56 -0.0066843
23.58 -0.011404
23.6 -0.013586
23.62 0.013967
23.64 0.010233
23.66 -0.025694
23.68 -0.042265
23.7 -0.039143
23.72 -0.039432
23.74 -0.02544
23.76 0.019838
23.78 0.029086
23.8 0.002761
23.82 -0.037259
23.84 -0.036783
23.86 -0.0081439
23.88 6.1846e-006
23.9 0.018119
23.92 0.0035665
23.94 0.0079239
23.96 0.0088756
23.98 -0.0018613
24 0.0021789
24.02 -0.0052957
24.04 -0.02074
24.06 -0.025439
24.08 -0.013071
24.1 0.00058082
24.12 0.01694
24.14 0.028261
24.16 0.0018224
24.18 -0.014917
24.2 0.017917
24.22 -0.00068366
24.24 -0.019509
24.26 -0.012168
24.28 -0.003444
24.3 0.0094559
24.32 -0.0047387
24.34 0.023547
24.36 0.072621
24.38 0.086085
24.4 0.083169
24.42 0.032941
24.44 -0.073423
24.46 -0.10755
24.48 -0.083691
24.5 -0.053281
24.52 -0.017868
24.54 0.031789
24.56 0.035771
24.58 -0.0026464
24.6 0.013369
24.62 0.014786
24.64 0.031797
24.66 0.003256
24.68 -0.029239
24.7 -0.042676
24.72 -0.051652
24.74 0.0057883
24.76 0.019436
24.78 0.01797
24.8 0.013984
24.82 -0.00060888
24.84 0.023484
24.86 0.010094
24.88 -0.024062
24.9 -0.0044999
24.92 0.02591
24.94 0.047917
24.96 0.02674
24.98 -0.051996
25 -0.081581
25.02 -0.055228
25.04 -0.030318
25.06 -0.0022
25.08 0.042599
25.1 0.056587
25.12 0.028838
25.14 0.014464
25.16 0.037701
25.18 0.010723
25.2 -0.037247
25.22 0.0017761
25.24 -0.0012509
25.26 -0.016718
25.28 0.02953
25.3 0.011378
25.32 -0.01566
25.34 0.01273
25.36 0.021218
25.38 -0.039526
25.4 -0.036631
25.42 0.011886
25.44 0.0043153
25.46 0.030585
25.48 0.031367
25.5 -0.016363
25.52 -0.052593
25.54 -0.00043025
25.56 -0.0066142
25.58 0.0028867
25.6 0.030268
25.62 0.012455
25.64 0.030476
25.66 -0.017603
25.68 -0.030543
25.7 -0.0081003
25.72 -0.0018041
25.74 -0.007176
25.76 0.013935
25.78 0.014696
25.8 0.020288
25.82 0.015325
25.84 0.0015252
25.86 0.015895
25.88 0.013758
25.9 0.01587
25.92 -0.0041747
25.94 -0.0070582
25.96 0.0053344
25.98 -0.023555
26 -0.032662
26.02 -0.040249
26.04 -0.032352
26.06 0.036596
26.08 0.034463
26.1 0.017571
26.12 0.025552
26.14 0.01516
26.16 0.0075891
26.18 -0.0079754
26.2 -0.031784
26.22 -0.008402
26.24 -0.00070855
26.26 -0.0011324
26.28 0.031654
26.3 0.033665
26.32 0.043897
26.34 0.041532
26.36 0.0082141
26.38 -0.02179
26.4 -0.028698
26.42 -0.042208
26.44 -0.031128
26.46 0.00027053
26.48 -0.0032911
26.5 0.0070616
26.52 0.012174
26.54 0.0012851
26.56 0.0027849
26.58 0.0045022
26.6 -0.011191
26.62 0.017893
26.64 0.015142
26.66 -0.00015457
26.68 -0.00098174
26.7 -0.019305
26.72 -0.0035426
26.74 -0.0098195
26.76 0.00952
26.78 -0.00068637
26.8 -0.018419
26.82 0.013613
26.84 0.017085
26.86 0.012153
26.88 0.015472
26.9 0.0059393
26.92 0.0083155
26.94 -0.018984
26.96 -0.040895
26.98 -0.011794
27 0.0042152
27.02 -0.0052569
27.04 -0.011322
27.06 -0.013356
27.08 0.014762
27.1 0.0092098
27.12 0.011103
27.14 0.016847
27.16 -0.011642
27.18 -0.010358
27.2 -0.0089853
27.22 -0.032513
27.24 -0.0091084
27.26 0.0095721
27.28 0.0084305
27.3 0.014941
27.32 -0.006095
27.34 0.0071097
27.36 0.0060829
27.38 -0.021688
27.4 -0.027644
27.42 -0.01096
27.44 0.024219
27.46 0.0087928
27.48 -0.0061729
27.5 0.0058232
27.52 -0.025224
27.54 -0.0089716
27.56 0.018637
27.58 0.00019429
27.6 -0.007506
27.62 -0.010217
27.64 0.005588
27.66 0.0036001
27.68 -0.0012413
27.7 0.0069429
27.72 -0.02022
27.74 -0.0045145
27.76 -0.004509
27.78 0.008842
27.8 0.022097
27.82 0.0028863
27.84 -0.0033783
27.86 0.0014972
27.88 -0.0050846
27.9 0.0031789
27.92 0.040571
27.94 0.019375
27.96 -0.0024008
27.98 -0.0015695
28 0.015388
28.02 0.015416
28.04 0.018623
28.06 0.0080162
28.08 -7.2387e-005
28.1 0.00017234
28.12 0.0022027
28.14 0.019927
28.16 0.005458
28.18 0.0044887
28.2 0.015217
28.22 0.0070057
28.24 -0.016969
28.26 -0.02375
28.28 0.010841
28.3 0.025294
28.32 0.002286
28.34 0.018
28.36 0.012685
28.38 0.00092149
28.4 -0.0044353
28.42 0.00049216
28.44 0.012101
28.46 0.0056152
28.48 0.0055618
28.5 -0.017662
28.52 -0.018775
28.54 -0.0041975
28.56 0.0076099
28.58 0.022112
28.6 0.030063
28.62 0.022297
28.64 -0.014907
28.66 -0.016199
28.68 -0.024275
28.7 -0.034392
28.72 -0.011278
28.74 0.015575
28.76 0.016595
28.78 0.013639
28.8 0.0029174
28.82 -0.00040222
28.84 -0.0042031
28.86 -0.011216
28.88 -0.0033651
28.9 -0.016955
28.92 -0.018786
28.94 -0.0041759
28.96 -0.0015275
28.98 -0.022341
29 -0.014786
29.02 -0.0002506
29.04 0.0070285
29.06 -0.014149
29.08 -0.0030193
29.1 0.0040684
29.12 0.003851
29.14 0.0079185
29.16 0.004804
29.18 -0.0012365
29.2 0.011089
29.22 0.031373
29.24 0.0080511
29.26 0.015236
29.28 0.016717
29.3 0.013997
29.32 0.0075943
29.34 0.0055025
29.36 0.0084652
29.38 -0.01533
29.4 -0.02338
29.42 -0.013184
29.44 -0.010479
29.46 0.0011108
29.48 -0.003948
29.5 -0.031764
29.52 0.0041761
29.54 0.021019
29.56 -0.0076081
29.58 -0.02061
29.6 -0.019901
29.62 0.0060163
29.64 0.017858
29.66 0.0054967
29.68 -0.0019014
29.7 0.011957
29.72 0.021099
29.74 0.022889
29.76 -0.0069152
29.78 -0.0069617
29.8 -0.0093831
29.82 -0.012797
29.84 -0.019049
29.86 -0.010091
29.88 0.014831
29.9 0.005372
29.92 -0.0043928
29.94 -0.021867
29.96 -0.014747
29.98 -0.011825
30 0.0050137
30.02 0.011709
30.04 -0.0043478
30.06 0.0022326
30.08 -0.0062661
30.1 -0.017715
30.12 0.0062003
30.14 0.00081198
30.16 -0.020692
30.18 -0.0049633
30.2 0.00064373
30.22 0.015805
30.24 0.035172
30.26 0.0082837
30.28 -0.020454
30.3 -0.0014182
30.32 0.020448
30.34 0.0025973
30.36 -0.018618
30.38 -0.01167
30.4 -0.0002343
30.42 -0.00061852
30.44 -0.0080946
30.46 -0.011829
30.48 -0.0071717
30.5 -0.0059686
30.52 -0.0012544
30.54 -0.0063898
30.56 -0.0073728
30.58 0.0002467
30.6 0.00077032
30.62 0.001942
30.64 -0.0083218
30.66 -0.0096399
30.68 -0.0032659
30.7 0.0073493
30.72 0.019303
30.74 0.0051316
30.76 -0.015448
30.78 0.0079617
30.8 0.020227
30.82 0.0011952
30.84 -0.0043708
30.86 -0.018534
30.88 -0.023808
30.9 -0.022489
30.92 -0.025232
30.94 -0.033143
30.96 -0.012149
30.98 0.00061523
31 -0.011937
31.02 -0.0055087
31.04 -0.010946
31.06 -0.011242
31.08 0.0099423
31.1 -0.00046372
31.12 -0.0087943
31.14 0.0044213
31.16 0.00014323
31.18 0.0045142
31.2 0.0091956
31.22 0.011856
31.24 0.0079349
31.26 -0.0082435
31.28 -0.0030604
31.3 0.012994
31.32 0.017725
31.34 0.016681
31.36 0.01526
31.38 0.0025273
31.4 -0.007042
31.42 0.0053752
31.44 0.0040612
31.46 0.0095205
31.48 0.0063171
31.5 -0.010207
31.52 -0.012276
31.54 -0.0091437
31.56 0.0049729
31.58 0.010306
31.6 -0.0036503
31.62 -0.015942
31.64 -0.011349
31.66 -0.0025662
31.68 0.00082316
31.7 0.0034933
31.72 0.0086847
31.74 0.011687
31.76 0.01429
31.78 0.00046885
31.8 -0.0032965
31.82 0.0050736
31.84 0.0053292
31.86 0.021207
31.88 0.012683
31.9 0.0072378
31.92 0.005247
31.94 -0.0046695
31.96 0.00037551
31.98 -0.019659
32 -0.019177
32.02 0.0004752
32.04 0.0066906
32.06 0.0043813
32.08 -0.00028237
32.1 0.00022209
32.12 -0.014992
32.14 -0.021431
32.16 0.00016181
32.18 0.0059479
32.2 0.014844
32.22 -0.0052662
32.24 -0.011225
32.26 0.006522
32.28 0.00065376
32.3 -0.010564
32.32 -0.011616
32.34 -0.01279
32.36 -0.035366
32.38 -0.02019
32.4 0.011643
32.42 0.028016
32.44 0.026255
32.46 0.023802
32.48 0.027792
32.5 0.01522
32.52 -0.004936
32.54 -0.024225
32.56 -0.010063
32.58 0.0039823
32.6 -0.022643
32.62 -0.015469
32.64 -0.011807
32.66 -0.019816
32.68 -0.016324
32.7 0.0061108
32.72 0.0079921
32.74 7.3903e-006
32.76 0.0060833
32.78 0.0028197
32.8 -0.0018836
32.82 0.00079063
32.84 0.018052
32.86 0.0037219
32.88 -0.0010908
32.9 0.0049878
32.92 0.0098592
32.94 0.02238
32.96 0.032752
32.98 0.022074
33 0.0031459
33.02 -0.006154
33.04 -0.0048894
33.06 -0.01978
33.08 -0.017761
33.1 -0.0054282
33.12 -0.022882
33.14 -0.018953
33.16 -0.019021
33.18 -0.0083228
33.2 -0.00039978
33.22 -0.0090093
33.24 -0.010751
33.26 -0.012041
33.28 -0.0077953
33.3 -0.002764
33.32 -0.0014173
33.34 0.0056635
33.36 0.010648
33.38 0.015326
33.4 0.01469
33.42 0.0046311
33.44 -0.0077998
33.46 -0.0033865
33.48 0.0036247
33.5 0.0053213
33.52 -0.010321
33.54 -0.024412
33.56 -0.012788
33.58 -0.010691
33.6 0.00019396
33.62 -0.008313
33.64 0.0010675
33.66 0.022672
33.68 0.02257
33.7 0.024883
33.72 0.012239
33.74 0.0031085
33.76 -0.00049007
33.78 0.0025998
33.8 0.011428
33.82 0.018382
33.84 0.014987
33.86 0.012833
33.88 0.016703
33.9 0.018604
33.92 0.011089
33.94 0.015015
33.96 0.0066231
33.98 -0.00023361
34 -0.00018308
34.02 -0.010966
34.04 -0.01404
34.06 0.0071232
34.08 0.018757
34.1 0.0047865
34.12 -0.0026294
34.14 -0.017609
34.16 0.0035313
34.18 0.013018
34.2 -0.00015354
34.22 -0.010186
34.24 -0.012835
34.26 -0.0071266
34.28 -0.0025341
34.3 0.0014458
34.32 -4.8371e-006
34.34 0.002869
34.36 0.0060068
34.38 0.016123
34.4 0.013171
34.42 0.013548
34.44 0.016437
34.46 -0.0041384
34.48 -0.00073948
34.5 9.7059e-006
34.52 0.0031734
34.54 0.013726
34.56 0.014845
34.58 0.011167
34.6 0.00094735
34.62 0.0093681
34.64 0.013271
34.66 0.0036926
34.68 7.8932e-005
34.7 0.0061658
34.72 0.014964
34.74 0.0024865
34.76 -0.019079
34.78 -0.016846
34.8 -0.011164
34.82 -0.0037976
34.84 0.002504
34.86 -0.0085406
34.88 -0.0038196
34.9 0.0034841
34.92 0.00043647
34.94 0.006228
34.96 -0.010234
34.98 -0.010858
35 0.0084209
35.02 0.018951
35.04 0.017559
35.06 0.012125
35.08 0.0095199
35.1 0.0026714
35.12 -0.0071618
35.14 -0.0043413
35.16 0.008523
35.18 0.01426
35.2 0.01652
35.22 0.013508
35.24 0.010159
35.26 -0.0038207
35.28 -0.0037127
35.3 -0.0058429
35.32 -0.0084312
35.34 -0.0014146
35.36 -0.0021625
35.38 0.007583
35.4 0.0055772
35.42 -0.0044132
35.44 -0.0082948
35.46 -0.004561
35.48 0.002483
35.5 0.0036587
35.52 0.00056189
35.54 -0.010088
35.56 -0.013562
35.58 -0.010362
35.6 0.00034837
35.62 0.015311
35.64 0.011144
35.66 0.009618
35.68 0.010663
35.7 -0.0038452
35.72 -0.0075778
35.74 -0.0086348
35.76 -0.0087565
35.78 -0.011725
35.8 -0.00435
35.82 0.0021046
35.84 0.003588
35.86 -0.00018288
35.88 0.0022576
35.9 0.0085181
35.92 -0.0068182
35.94 -0.0091016
35.96 -0.0090907
35.98 -0.013437
36 0.0057806
36.02 0.010016
36.04 0.011331
36.06 -0.0014687
36.08 -0.029474
36.1 -0.025688
36.12 -0.011421
36.14 -0.0051782
36.16 -0.0086784
36.18 -0.0033736
36.2 -0.002608
36.22 -0.0024672
36.24 -0.010225
36.26 -0.0059155
36.28 0.0021333
36.3 -0.0025454
36.32 -0.0053182
36.34 -0.0032264
36.36 -0.0054482
36.38 -0.0038527
36.4 -0.008042
36.42 -0.013935
36.44 -0.0041728
36.46 -0.0054376
36.48 0.00010924
36.5 0.00048927
36.52 0.00037984
36.54 0.00030595
36.56 -0.0056006
36.58 -0.0077868
36.6 0.0030512
36.62 0.004551
36.64 0.00091544
36.66 -0.0016824
36.68 0.00043952
36.7 0.0057648
36.72 -0.0041846
36.74 -0.00084312
36.76 -0.0011057
36.78 0.006399
36.8 0.0010517
36.82 -0.013106
36.84 -0.0085819
36.86 -0.0035451
36.88 0.0022697
36.9 0.0011143
36.92 -0.0017898
36.94 -0.013698
36.96 -0.016365
36.98 -0.0090472
37 -0.003592
37.02 0.0085353
37.04 0.0066293
37.06 -0.0017054
37.08 -0.00037106
37.1 0.0022731
37.12 -0.0024699
37.14 -0.0054806
37.16 -0.0067699
37.18 -0.0057856
37.2 -0.008598
37.22 -0.019035
37.24 -0.0030992
37.26 0.0083049
37.28 0.0041225
37.3 0.0040937
37.32 -0.0039211
37.34 -0.0007314
37.36 -0.0045583
37.38 -0.0066639
37.4 -0.0016134
37.42 -0.010584
37.44 -0.0082966
37.46 0.005481
37.48 0.0094759
37.5 0.0068399
37.52 0.0078584
37.54 0.0013585
37.56 0.00087994
37.58 -0.0021089
37.6 -0.0024822
37.62 0.0064047
37.64 -0.003088
37.66 -0.0044143
37.68 0.00026024
37.7 -0.0048861
37.72 -0.0053414
37.74 0.0023806
37.76 0.00095046
37.78 -0.00064926
37.8 0.010999
37.82 0.010935
37.84 0.00041838
37.86 0.00061384
37.88 -0.0038584
37.9 -0.0062744
37.92 -0.002654
37.94 -0.0080915
37.96 -0.0087369
37.98 0.0073827
38 0.017865
38.02 0.018703
38.04 0.011782
38.06 0.0050308
38.08 0.013918
38.1 0.016452
38.12 0.01005
38.14 -0.0023279
38.16 -0.0097451
38.18 -0.0067892
38.2 0.0016944
38.22 0.0051821
38.24 -0.0011838
38.26 0.0050726
38.28 0.0083321
38.3 -0.0028137
38.32 -0.0039608
38.34 -0.0014342
38.36 -0.007554
38.38 -0.0078631
38.4 -0.00086153
38.42 0.008128
38.44 0.009919
38.46 0.012379
38.48 0.0093597
38.5 -0.0042539
38.52 0.005746
38.54 -0.0049376
38.56 -0.0022018
38.58 0.011193
38.6 0.0015566
38.62 0.0076106
38.64 0.00050916
38.66 -0.0038291
38.68 -0.0015131
38.7 -0.0056941
38.72 -0.0077642
38.74 -0.01012
38.76 -0.0048234
38.78 -0.0050832
38.8 -0.0054155
38.82 0.0035234
38.84 0.0043642
38.86 0.01134
38.88 0.012934
38.9 -0.0014125
38.92 -0.0091716
38.94 -0.006444
38.96 -0.011862
38.98 -0.0013922
39 0.011487
39.02 0.01216
39.04 0.0030348
39.06 -0.0026325
39.08 0.005013
39.1 0.0030237
39.12 0.0038946
39.14 0.0019995
39.16 -0.0061342
39.18 -0.0062231
39.2 0.0056075
39.22 -0.0030799
39.24 -0.017901
39.26 -0.0088046
39.28 -0.0028463
39.3 -0.0040126
39.32 -0.0095896
39.34 -0.0012522
39.36 0.006757
39.38 0.0099289
39.4 0.011791
39.42 0.0052788
39.44 -0.0027865
39.46 -0.0024188
39.48 0.0019754
39.5 -0.0057344
39.52 -0.0067462
39.54 0.00087879
39.56 0.0040247
39.58 -0.0059889
39.6 -0.003573
39.62 -0.00017689
39.64 -0.0028895
39.66 0.0043773
39.68 -0.0036416
39.7 -0.0095864
39.72 -0.0064295
39.74 0.0033517
39.76 0.0023399
39.78 -0.012425
39.8 -0.0036049
39.82 0.0019309
39.84 0.00055955
39.86 0.0046585
39.88 0.017097
39.9 0.0052176
39.92 -0.010347
39.94 -0.0059077
39.96 -0.004092
39.98 0.0022505
40 -0.0039458
40.02 -0.0029273
40.04 0.0056384
40.06 0.0046936
40.08 -0.0010475
40.1 -0.0029767
40.12 -0.0064276
40.14 -0.0059641
40.16 -0.00086442
40.18 0.011256
40.2 0.014849
40.22 0.012622
40.24 0.0062464
40.26 -0.0030057
40.28 -0.0026899
40.3 -0.00016194
40.32 0.0062722
40.34 0.0068081
40.36 -0.0022389
40.38 -0.0087565
40.4 -0.0017235
40.42 0.0018627
40.44 -0.0015144
40.46 -0.013627
40.48 -0.016847
40.5 -0.010385
40.52 0.0015713
40.54 0.011927
40.56 0.0082023
40.58 0.0061637
40.6 -0.0040345
40.62 0.0032104
40.64 0.012778
40.66 0.012626
40.68 0.014572
40.7 0.0077932
40.72 -0.00050317
40.74 -0.0041469
40.76 -0.00093255
40.78 0.0029408
40.8 0.0037748
40.82 -0.0044041
40.84 -0.0062895
40.86 -0.0028578
40.88 -0.0093631
40.9 -0.012776
40.92 -0.0056265
40.94 0.00018555
40.96 -0.00065123
40.98 0.0031578
41 -0.0022564
41.02 -0.0078019
41.04 0.00016215
41.06 0.00033029
41.08 0.0011725
41.1 -0.0065456
41.12 -0.0032109
41.14 -0.010448
41.16 -0.01268
41.18 -0.010065
41.2 -0.0063571
41.22 0.0059002
41.24 0.0022565
41.26 -0.0025385
41.28 -0.0014242
41.3 0.0034951
41.32 0.0086441
41.34 0.0082051
41.36 0.0080287
41.38 0.013044
41.4 0.0026213
41.42 0.00080695
41.44 -0.0024074
41.46 -0.009059
41.48 -0.0088321
41.5 -0.0083194
41.52 -0.0022202
41.54 0.0014836
41.56 -0.0093176
41.58 -0.0090496
41.6 0.006519
41.62 0.010465
41.64 0.0057889
41.66 -0.0030558
41.68 -0.0077454
41.7 -0.0051217
41.72 -0.0021794
41.74 -0.00032686
41.76 0.0051749
41.78 -0.0043889
41.8 -0.0057753
41.82 -0.0032214
41.84 -0.0043535
41.86 -0.0046652
41.88 -0.0036152
41.9 0.00017202
41.92 0.00078042
41.94 0.0016882
41.96 -0.00054583
41.98 0.0021544
42 -0.0014906
42.02 0.006453
42.04 0.018569
42.06 0.011663
42.08 -0.0019473
42.1 -0.0042607
42.12 0.0040493
42.14 0.014052
42.16 0.0096905
42.18 0.0038688
42.2 0.0089986
42.22 0.01192
42.24 0.0088783
42.26 0.011503
42.28 0.0079827
42.3 0.0053768
42.32 0.013519
42.34 0.0084175
42.36 0.0097628
42.38 0.0087333
42.4 0.0043773
42.42 0.0039999
42.44 -0.0002522
42.46 -0.0059891
42.48 -0.0070651
42.5 -0.0092869
42.52 -0.0098721
42.54 0.0048134
42.56 0.010619
42.58 0.0015019
42.6 0.001856
42.62 0.0093977
42.64 0.0034598
42.66 7.0392e-005
42.68 0.0019066
42.7 0.0001155
42.72 -0.0001101
42.74 0.0001319
42.76 -0.0028405
42.78 -0.0039684
42.8 0.0084378
42.82 0.0099254
42.84 0.0023632
42.86 -0.0053343
42.88 -0.0068137
42.9 -0.0034475
42.92 -0.0022116
42.94 -0.005791
42.96 -0.0046466
42.98 -0.0007992
43 0.0027761
43.02 0.0071622
43.04 0.0051688
43.06 0.0068737
43.08 0.010971
43.1 0.01225
43.12 0.0033982
43.14 -0.0031891
43.16 -0.0037565
43.18 -0.002582
43.2 -0.0073181
43.22 -0.0059591
43.24 -0.0067999
43.26 -0.0044825
43.28 0.0040354
43.3 0.001491
43.32 -0.00089893
43.34 -0.00056669
43.36 0.0010453
43.38 -0.0031521
43.4 -0.0016386
43.42 0.001878
43.44 0.005739
43.46 0.0020516
43.48 -0.0010397
43.5 0.0015581
43.52 0.0023319
43.54 0.010935
43.56 0.0029349
43.58 -0.00019057
43.6 0.003933
43.62 0.001796
43.64 0.0023265
43.66 0.0077969
43.68 0.0099215
43.7 0.0036391
43.72 -0.0056744
43.74 -0.0049183
43.76 0.00086644
43.78 -0.0018803
43.8 0.0061659
43.82 0.0084013
43.84 -0.0016383
43.86 -0.0031846
43.88 -0.0037246
43.9 -0.0047281
43.92 -0.0022233
43.94 -0.0052148
43.96 -0.0058082
43.98 -0.0061541
44 -0.0066134
44.02 -0.00047454
44.04 -0.0034291
44.06 -0.010372
44.08 -0.0059229
44.1 -0.0023872
44.12 -1.2295e-005
44.14 -0.00092968
44.16 -0.010055
44.18 -0.0086859
44.2 0.0021303
44.22 0.0014125
44.24 -0.0050736
44.26 -0.0090686
44.28 -0.019778
44.3 -0.011096
44.32 6.729e-005
44.34 -0.00086103
44.36 -0.0033097
44.38 -0.0018235
44.4 -0.0024756
44.42 -0.001818
44.44 -0.001647
44.46 -0.0070407
44.48 -0.0053686
44.5 -0.0071979
44.52 0.0032246
44.54 0.004194
44.56 0.0013023
44.58 0.0066687
44.6 0.0030894
44.62 -0.0040503
44.64 -0.0057251
44.66 0.00069819
44.68 -0.0023616
44.7 -0.0036878
44.72 0.0034287
44.74 0.0035449
44.76 0.0013095
44.78 -0.0035482
44.8 -0.0057289
44.82 -0.0059449
44.84 -0.0048169
44.86 0.00059744
44.88 -0.0021315
44.9 -0.0065517
44.92 -0.0030967
44.94 -0.0022654
44.96 -0.0020452
44.98 0.0017052
45 -0.0027779
45.02 -0.0048336
45.04 -0.0034504
45.06 -0.0014052
45.08 0.00067144
45.1 0.0011763
45.12 -0.0023281
45.14 -0.0032145
45.16 -0.0023966
45.18 -0.0046453
45.2 -0.0074596
45.22 -0.0068478
45.24 -0.0068663
45.26 -0.0045602
45.28 0.0029018
45.3 0.0017551
45.32 0.0056157
45.34 0.0010325
45.36 -0.0038474
45.38 0.002638
45.4 -0.0038557
45.42 -0.0049933
45.44 0.0024562
45.46 -0.0026414
45.48 -0.0037483
45.5 0.001293
45.52 -0.00047123
45.54 -0.0015803
45.56 -0.0031536
45.58 -0.0020976
45.6 0.0039377
45.62 0.0015949
45.64 -0.001185
45.66 -0.0012209
45.68 0.0040223
45.7 0.00037443
45.72 -0.00090865
45.74 0.00018984
45.76 -0.0033209
45.78 -0.00068236
45.8 0.00090367
45.82 0.00046614
45.84 -0.0041929
45.86 -0.0024327
45.88 0.0014219
45.9 0.00085387
45.92 0.0036128
45.94 0.0063217
45.96 0.006884
45.98 0.0089376
46 0.00062658
46.02 -0.0031726
46.04 0.0024829
46.06 0.003018
46.08 0.0020828
46.1 0.0015197
46.12 0.0023117
46.14 0.0013169
46.16 0.001186
46.18 0.0077506
46.2 0.0081162
46.22 0.00097985
46.24 -0.0011261
46.26 0.0020895
46.28 0.0010074
46.3 0.0027847
46.32 0.0051257
46.34 0.0059477
46.36 0.0057171
46.38 0.0013928
46.4 0.0022224
46.42 0.0044998
46.44 0.00036188
46.46 -0.003578
46.48 -0.0016174
46.5 0.0004479
46.52 0.0029666
46.54 0.0057419
46.56 0.0081326
46.58 0.0039981
46.6 9.9422e-005
46.62 0.00098139
46.64 0.001649
46.66 0.0043199
46.68 0.0052586
46.7 0.0034575
46.72 0.0051761
46.74 0.0039175
46.76 0.0013869
46.78 0.0027186
46.8 0.0011033
46.82 0.0019846
46.84 0.0013438
46.86 0.0001313
46.88 -0.0026837
46.9 -0.0042643
46.92 -0.0022431
46.94 0.00044947
46.96 0.0022689
46.98 1.2476e-005
47 -0.0050366
47.02 -0.0059204
47.04 -0.0020479
47.06 0.00047413
47.08 0.00055114
47.1 -0.0019067
47.12 -0.0018437
47.14 -0.00050351
47.16 -0.00047033
47.18 0.0022941
47.2 -0.00081807
47.22 -0.0053287
47.24 -0.002735
47.26 0.0032691
47.28 0.00489
47.3 -0.0027404
47.32 -0.0044803
47.34 0.0013272
47.36 0.003184
47.38 0.0020724
47.4 0.00097673
47.42 -0.0017327
47.44 -0.0013573
47.46 -2.1681e-005
47.48 0.00096039
47.5 -0.0012645
47.52 -0.0036663
47.54 -0.00077644
47.56 0.00074028
47.58 0.00039881
47.6 -0.00018042
47.62 -0.0026058
47.64 -0.0039856
47.66 -0.0018195
47.68 0.0014065
47.7 -0.00031582
47.72 -0.0021222
47.74 -0.0020354
47.76 -0.00085805
47.78 0.002018
47.8 0.0019857
47.82 0.00040972
47.84 -0.00086125
47.86 -0.0025434
47.88 -0.0028428
47.9 -0.001371
47.92 0.00088323
47.94 0.0014793
47.96 0.00076824
47.98 8.5386e-005
48 -0.0012293
48.02 0.00051241
48.04 0.0012276
48.06 0.00067617
48.08 0.0010646
48.1 4.7119e-006
48.12 -0.0001242
48.14 -0.00022501
48.16 -0.0008585
48.18 -0.00059667
48.2 2.8034e-005
48.22 -0.00031147
48.24 -0.0015432
48.26 -0.0012048
48.28 -0.00079639
48.3 0.00087221
48.32 0.0012603
48.34 0.00053809
48.36 0.0013422
48.38 -0.00045867
48.4 -0.0003617
48.42 0.00036177
48.44 3.791e-005
48.46 0.00077457
48.48 -0.00034514
48.5 -0.00054944
48.52 0.00096311
48.54 0.0009172
48.56 -4.9007e-005
48.58 -0.00063994
48.6 -6.694e-005
48.62 0.0006413
48.64 0.00044002
48.66 0.00053701
48.68 0.000301
48.7 -0.00018822
48.72 -0.00054964
48.74 -0.00045035
48.76 0.0003193
48.78 0.00010872
48.8 0.00010617
48.82 -1.1134e-005
48.84 -0.00011529
48.86 -0.00010087
48.88 -1.3441e-005
48.9 0.00023783
48.92 -0.00016588
48.94 -0.00026378
48.96 0.00030035
48.98 0.00030378
49 -7.8392e-005
49.02 -7.5606e-005
49.04 4.6758e-005
49.06 7.8341e-005
49.08 -0.00018279
49.1 5.1635e-005
49.12 0.00024921
49.14 5.5073e-005
49.16 -0.0001677
49.18 -0.00021139
49.2 -0.00030087
49.22 -0.00013578
49.24 6.3534e-005
49.26 -2.8737e-005
49.28 3.3072e-005
49.3 0.0001517
49.32 0.00013514
49.34 6.6437e-005
49.36 6.8684e-005
49.38 0.00018107
49.4 0.00016425
49.42 0.0001166
49.44 3.043e-005
49.46 4.5756e-005
49.48 8.4323e-005
49.5 2.6987e-005
49.52 0.00015782
49.54 8.7533e-005
49.56 7.878e-005
49.58 0.00010818
49.6 1.812e-005
49.62 -3.7525e-007
49.64 -5.9595e-005
49.66 -9.6349e-005
49.68 -5.4764e-005
49.7 -5.6421e-005
49.72 -3.9429e-005
49.74 -3.1923e-005
49.76 -6.3369e-005
49.78 -7.9267e-005
49.8 -8.0195e-005
49.82 -6.0956e-005
49.84 -5.6147e-005
49.86 -6.5612e-005
49.88 -7.1928e-005
49.9 -7.6158e-005
