0.01 -1.5555e-005
0.02 -2.8756e-005
0.03 -3.9994e-005
0.04 -0.00018239
0.05 -0.00033636
0.06 -0.0004968
0.07 -0.00046558
0.08 -0.00040629
0.09 -0.00033517
0.1 -0.00035416
0.11 -0.00020017
0.12 0.00034906
0.13 0.0012656
0.14 0.002252
0.15 0.0031686
0.16 0.0032875
0.17 0.0026696
0.18 0.0015601
0.19 0.0011407
0.2 0.001256
0.21 0.0013883
0.22 0.00031535
0.23 -0.0017916
0.24 -0.0040312
0.25 -0.0050812
0.26 -0.0050389
0.27 -0.0056667
0.28 -0.0035874
0.29 -0.00012833
0.3 0.00050008
0.31 0.00078515
0.32 0.001828
0.33 0.0021952
0.34 0.0003666
0.35 -0.0030598
0.36 -0.0030437
0.37 0.0011968
0.38 0.0049759
0.39 0.0058567
0.4 0.0055449
0.41 0.0037017
0.42 0.0007018
0.43 2.6597e-005
0.44 0.0023075
0.45 0.0071309
0.46 0.012723
0.47 0.013978
0.48 0.0078501
0.49 -0.0033466
0.5 -0.014863
0.51 -0.019943
0.52 -0.015917
0.53 -0.0090138
0.54 -0.0024766
0.55 0.0015829
0.56 0.0003615
0.57 -0.0048424
0.58 -0.0095893
0.59 -0.0097602
0.6 -0.0021019
0.61 0.0081105
0.62 0.012675
0.63 0.0093876
0.64 -0.0025802
0.65 -0.019818
0.66 -0.028773
0.67 -0.013119
0.68 0.013905
0.69 0.034214
0.7 0.038848
0.71 0.029959
0.72 0.011876
0.73 -0.00097506
0.74 -0.0037509
0.75 -0.0057363
0.76 -0.0096086
0.77 -0.01182
0.78 -0.011329
0.79 -0.0084245
0.8 -0.0018803
0.81 0.0034709
0.82 0.0065274
0.83 0.0067539
0.84 0.0043183
0.85 0.0034334
0.86 0.0043198
0.87 0.014137
0.88 0.030714
0.89 0.035722
0.9 0.020196
0.91 -0.016415
0.92 -0.052466
0.93 -0.065864
0.94 -0.050761
0.95 -0.031008
0.96 -0.021123
0.97 -0.01662
0.98 -0.0085569
0.99 0.0036688
1 0.014543
1.01 0.022365
1.02 0.030611
1.03 0.033559
1.04 0.02658
1.05 0.011325
1.06 -0.010454
1.07 -0.023238
1.08 -0.022431
1.09 -0.010239
1.1 0.0108
1.11 0.023832
1.12 0.017549
1.13 0.0048557
1.14 -0.0042692
1.15 0.0068261
1.16 0.037719
1.17 0.056892
1.18 0.047593
1.19 0.021779
1.2 -0.011226
1.21 -0.044654
1.22 -0.07268
1.23 -0.080401
1.24 -0.07302
1.25 -0.041744
1.26 -0.0047313
1.27 0.016269
1.28 0.010353
1.29 0.00019026
1.3 0.0085429
1.31 0.04252
1.32 0.076715
1.33 0.076626
1.34 0.045691
1.35 0.0032681
1.36 -0.024571
1.37 -0.0071296
1.38 0.03186
1.39 0.031745
1.4 -0.0041193
1.41 -0.045977
1.42 -0.058539
1.43 -0.025975
1.44 0.0092916
1.45 0.0082439
1.46 -0.0025367
1.47 -0.0012885
1.48 0.011777
1.49 0.02216
1.5 0.013285
1.51 -0.013628
1.52 -0.041879
1.53 -0.066264
1.54 -0.070216
1.55 -0.048224
1.56 -0.031377
1.57 -0.030878
1.58 -0.043699
1.59 -0.043904
1.6 -0.020376
1.61 0.057047
1.62 0.12335
1.63 0.1245
1.64 0.10196
1.65 0.064734
1.66 0.038895
1.67 0.025649
1.68 0.0038478
1.69 -0.023928
1.7 -0.047932
1.71 -0.053204
1.72 -0.042528
1.73 -0.031401
1.74 -0.035093
1.75 -0.05169
1.76 -0.073832
1.77 -0.07312
1.78 -0.01531
1.79 0.051656
1.8 0.083891
1.81 0.07244
1.82 0.04538
1.83 0.024742
1.84 0.031447
1.85 0.046945
1.86 0.04826
1.87 0.020618
1.88 -0.027428
1.89 -0.066253
1.9 -0.089872
1.91 -0.053159
1.92 0.022081
1.93 0.067465
1.94 0.062877
1.95 0.049966
1.96 0.03826
1.97 0.020207
1.98 -0.014632
1.99 -0.054249
2 -0.078478
2.01 -0.092899
2.02 -0.081973
2.03 -0.036319
2.04 -0.011789
2.05 -0.014759
2.06 -0.017942
2.07 0.0024971
2.08 0.041457
2.09 0.069864
2.1 0.068964
2.11 0.05333
2.12 0.03231
2.13 0.036149
2.14 0.059532
2.15 0.077531
2.16 0.068002
2.17 0.034943
2.18 -0.021802
2.19 -0.063842
2.2 -0.070979
2.21 -0.058609
2.22 -0.034881
2.23 -0.0049001
2.24 0.02565
2.25 0.048346
2.26 0.065778
2.27 0.073661
2.28 0.068005
2.29 0.073568
2.3 0.098943
2.31 0.12592
2.32 0.13844
2.33 0.12927
2.34 0.082895
2.35 0.0022101
2.36 -0.081059
2.37 -0.15782
2.38 -0.22103
2.39 -0.20988
2.4 -0.17158
2.41 -0.14031
2.42 -0.10858
2.43 -0.074495
2.44 -0.06249
2.45 -0.070659
2.46 -0.071088
2.47 -0.057514
2.48 -0.02868
2.49 0.022916
2.5 0.098851
2.51 0.19021
2.52 0.25618
2.53 0.26897
2.54 0.24754
2.55 0.20556
2.56 0.13914
2.57 0.060647
2.58 -0.0077406
2.59 -0.065316
2.6 -0.12321
2.61 -0.17995
2.62 -0.22812
2.63 -0.23439
2.64 -0.17732
2.65 -0.057328
2.66 0.057082
2.67 0.15303
2.68 0.14097
2.69 0.060859
2.7 -0.0054274
2.71 -0.08331
2.72 -0.12927
2.73 -0.13503
2.74 -0.13801
2.75 -0.1425
2.76 -0.13292
2.77 -0.12752
2.78 -0.13833
2.79 -0.15283
2.8 -0.14669
2.81 -0.1194
2.82 -0.094213
2.83 -0.083623
2.84 -0.087768
2.85 -0.10622
2.86 -0.10187
2.87 -0.030376
2.88 0.077656
2.89 0.19393
2.9 0.26756
2.91 0.29911
2.92 0.30871
2.93 0.29895
2.94 0.27137
2.95 0.21839
2.96 0.17105
2.97 0.10061
2.98 0.0091133
2.99 -0.10389
3 -0.19492
3.01 -0.2458
3.02 -0.2256
3.03 -0.13458
3.04 0.015152
3.05 0.076288
3.06 0.075967
3.07 0.044741
3.08 -0.0077747
3.09 -0.065207
3.1 -0.12592
3.11 -0.16806
3.12 -0.17918
3.13 -0.14643
3.14 -0.017408
3.15 0.11835
3.16 0.13954
3.17 0.11959
3.18 0.0998
3.19 0.076047
3.2 0.047546
3.21 0.031266
3.22 0.025986
3.23 0.0038582
3.24 -0.018909
3.25 -0.055194
3.26 -0.088565
3.27 -0.072975
3.28 -0.015022
3.29 0.041431
3.3 0.088573
3.31 0.092203
3.32 0.058107
3.33 0.0067853
3.34 -0.048779
3.35 -0.094889
3.36 -0.083174
3.37 0.012644
3.38 0.11292
3.39 0.13034
3.4 0.11489
3.41 0.074841
3.42 0.026693
3.43 -0.035545
3.44 -0.097533
3.45 -0.139
3.46 -0.14404
3.47 -0.12203
3.48 -0.079721
3.49 -0.036723
3.5 -0.0055578
3.51 0.0068525
3.52 0.020665
3.53 0.035211
3.54 0.074888
3.55 0.10527
3.56 0.10572
3.57 0.060335
3.58 -0.014981
3.59 -0.088828
3.6 -0.12015
3.61 -0.064528
3.62 0.082103
3.63 0.17799
3.64 0.22138
3.65 0.19503
3.66 0.12557
3.67 0.041735
3.68 -0.049878
3.69 -0.1496
3.7 -0.22422
3.71 -0.25079
3.72 -0.19073
3.73 -0.082605
3.74 0.084228
3.75 0.15714
3.76 0.13605
3.77 0.080702
3.78 -0.0076168
3.79 -0.085547
3.8 -0.14436
3.81 -0.18538
3.82 -0.202
3.83 -0.19665
3.84 -0.1296
3.85 0.021887
3.86 0.12973
3.87 0.16002
3.88 0.15256
3.89 0.14186
3.9 0.13235
3.91 0.13018
3.92 0.17372
3.93 0.26068
3.94 0.31627
3.95 0.30743
3.96 0.25503
3.97 0.17959
3.98 0.091473
3.99 0.01596
4 -0.057013
4.01 -0.13854
4.02 -0.21324
4.03 -0.27825
4.04 -0.33709
4.05 -0.36121
4.06 -0.3722
4.07 -0.35826
4.08 -0.33684
4.09 -0.30666
4.1 -0.23416
4.11 -0.049197
4.12 0.12665
4.13 0.25559
4.14 0.29776
4.15 0.2877
4.16 0.30686
4.17 0.35404
4.18 0.38331
4.19 0.38657
4.2 0.37591
4.21 0.34976
4.22 0.26685
4.23 0.15938
4.24 0.059634
4.25 -0.03692
4.26 -0.1362
4.27 -0.22871
4.28 -0.32258
4.29 -0.41762
4.3 -0.53959
4.31 -0.61579
4.32 -0.60492
4.33 -0.48727
4.34 -0.34289
4.35 -0.26356
4.36 -0.18906
4.37 -0.10832
4.38 -0.033437
4.39 0.014745
4.4 0.0243
4.41 0.022384
4.42 0.048341
4.43 0.11107
4.44 0.16284
4.45 0.19649
4.46 0.19268
4.47 0.15974
4.48 0.097032
4.49 0.0082159
4.5 -0.078373
4.51 -0.16495
4.52 -0.20778
4.53 -0.16848
4.54 -0.053085
4.55 0.081806
4.56 0.17886
4.57 0.24054
4.58 0.27144
4.59 0.27413
4.6 0.27383
4.61 0.27105
4.62 0.27333
4.63 0.27192
4.64 0.25165
4.65 0.21767
4.66 0.17944
4.67 0.14427
4.68 0.10578
4.69 0.064154
4.7 0.020264
4.71 -0.01483
4.72 -0.043725
4.73 -0.033485
4.74 0.0032239
4.75 0.01046
4.76 -0.0088167
4.77 -0.057126
4.78 -0.10734
4.79 -0.15714
4.8 -0.20545
4.81 -0.25212
4.82 -0.25967
4.83 -0.20306
4.84 -0.13589
4.85 -0.071652
4.86 -0.020147
4.87 -0.010943
4.88 -0.020397
4.89 -0.021233
4.9 -0.026044
4.91 -0.035415
4.92 -0.036467
4.93 -0.010488
4.94 0.024335
4.95 0.057065
4.96 0.088399
4.97 0.12141
4.98 0.15265
4.99 0.18254
5 0.21066
5.01 0.22211
5.02 0.2175
5.03 0.1981
5.04 0.16113
5.05 0.11967
5.06 0.081597
5.07 -0.014523
5.08 -0.13494
5.09 -0.23838
5.1 -0.3569
5.11 -0.43696
5.12 -0.49515
5.13 -0.48999
5.14 -0.41652
5.15 -0.33733
5.16 -0.2703
5.17 -0.16297
5.18 -0.063444
5.19 0.00024284
5.2 0.060488
5.21 0.12524
5.22 0.18275
5.23 0.22822
5.24 0.24933
5.25 0.28134
5.26 0.3101
5.27 0.32339
5.28 0.29704
5.29 0.229
5.3 0.14605
5.31 0.063787
5.32 -0.029326
5.33 -0.11688
5.34 -0.18251
5.35 -0.14939
5.36 -0.071624
5.37 0.055727
5.38 0.12639
5.39 0.097624
5.4 0.045168
5.41 -0.016014
5.42 -0.060697
5.43 -0.048881
5.44 -0.0093609
5.45 0.0237
5.46 0.027979
5.47 -0.0080461
5.48 -0.050882
5.49 -0.090793
5.5 -0.12198
5.51 -0.11567
5.52 -0.081286
5.53 -0.050206
5.54 -0.021334
5.55 -0.014009
5.56 -0.029172
5.57 -0.043567
5.58 -0.040727
5.59 -0.0034155
5.6 0.055242
5.61 0.11097
5.62 0.16538
5.63 0.21822
5.64 0.25907
5.65 0.24653
5.66 0.21037
5.67 0.17214
5.68 0.1343
5.69 0.080356
5.7 0.018157
5.71 -0.041763
5.72 -0.075664
5.73 -0.087506
5.74 -0.10548
5.75 -0.13008
5.76 -0.15005
5.77 -0.1524
5.78 -0.1291
5.79 -0.096026
5.8 -0.064222
5.81 -0.040047
5.82 -0.036731
5.83 -0.040285
5.84 -0.034743
5.85 -0.01933
5.86 0.0010429
5.87 0.0185
5.88 0.037425
5.89 0.052217
5.9 0.057361
5.91 0.035379
5.92 -0.0025128
5.93 -0.039527
5.94 -0.075266
5.95 -0.11107
5.96 -0.14166
5.97 -0.14833
5.98 -0.13545
5.99 -0.093686
6 -0.040132
6.01 0.0069168
6.02 0.057568
6.03 0.10261
6.04 0.15288
6.05 0.18907
6.06 0.23982
6.07 0.25836
6.08 0.2425
6.09 0.20452
6.1 0.15325
6.11 0.10448
6.12 0.054761
6.13 0.0072317
6.14 -0.033507
6.15 -0.054245
6.16 -0.074974
6.17 -0.10141
6.18 -0.12814
6.19 -0.1495
6.2 -0.14687
6.21 -0.13488
6.22 -0.13
6.23 -0.12477
6.24 -0.11415
6.25 -0.10403
6.26 -0.086246
6.27 -0.064159
6.28 -0.043305
6.29 -0.023177
6.3 -0.002599
6.31 0.012593
6.32 0.031175
6.33 0.064306
6.34 0.096914
6.35 0.12475
6.36 0.13759
6.37 0.12848
6.38 0.11156
6.39 0.095903
6.4 0.075923
6.41 0.062981
6.42 0.066799
6.43 0.072279
6.44 0.072993
6.45 0.067668
6.46 0.055133
6.47 0.024181
6.48 -0.011512
6.49 -0.018257
6.5 0.0070392
6.51 0.055754
6.52 0.099797
6.53 0.10072
6.54 0.062945
6.55 0.00017088
6.56 -0.063788
6.57 -0.1176
6.58 -0.12632
6.59 -0.1029
6.6 -0.08122
6.61 -0.074956
6.62 -0.091065
6.63 -0.11258
6.64 -0.12085
6.65 -0.079857
6.66 -0.0022975
6.67 0.074398
6.68 0.1262
6.69 0.14809
6.7 0.14181
6.71 0.12536
6.72 0.09997
6.73 0.07329
6.74 0.051055
6.75 0.036929
6.76 0.018703
6.77 -0.027572
6.78 -0.082875
6.79 -0.13046
6.8 -0.1824
6.81 -0.21494
6.82 -0.21107
6.83 -0.15839
6.84 -0.084127
6.85 -0.012397
6.86 0.025592
6.87 0.026801
6.88 -0.00023828
6.89 -0.03606
6.9 -0.073133
6.91 -0.090514
6.92 -0.072754
6.93 -0.03483
6.94 -0.0083751
6.95 0.01361
6.96 0.030006
6.97 0.068759
6.98 0.12053
6.99 0.16952
7 0.21669
7.01 0.26503
7.02 0.28324
7.03 0.24904
7.04 0.18889
7.05 0.14084
7.06 0.067689
7.07 -0.011788
7.08 -0.088165
7.09 -0.14504
7.1 -0.16748
7.11 -0.15851
7.12 -0.11749
7.13 -0.058758
7.14 -0.0022789
7.15 0.051545
7.16 0.10648
7.17 0.14628
7.18 0.15848
7.19 0.14339
7.2 0.10285
7.21 0.060167
7.22 0.020653
7.23 -0.019455
7.24 -0.059005
7.25 -0.09365
7.26 -0.10749
7.27 -0.097284
7.28 -0.065394
7.29 -0.031808
7.3 -0.017698
7.31 -0.028868
7.32 -0.051035
7.33 -0.064525
7.34 -0.064421
7.35 -0.051959
7.36 -0.036381
7.37 -0.025819
7.38 -0.018947
7.39 -0.0094028
7.4 0.016001
7.41 0.041386
7.42 0.031967
7.43 0.013556
7.44 0.016069
7.45 0.03819
7.46 0.05595
7.47 0.068137
7.48 0.074302
7.49 0.067194
7.5 0.057149
7.51 0.044179
7.52 0.023066
7.53 -0.00095178
7.54 -0.020219
7.55 -0.056972
7.56 -0.11345
7.57 -0.17268
7.58 -0.24216
7.59 -0.30512
7.6 -0.36452
7.61 -0.42071
7.62 -0.47723
7.63 -0.49271
7.64 -0.46664
7.65 -0.43029
7.66 -0.40321
7.67 -0.3863
7.68 -0.37359
7.69 -0.32921
7.7 -0.24411
7.71 -0.1455
7.72 -0.051261
7.73 0.030266
7.74 0.082081
7.75 0.11191
7.76 0.13733
7.77 0.16006
7.78 0.18086
7.79 0.21099
7.8 0.25393
7.81 0.29487
7.82 0.31578
7.83 0.30638
7.84 0.264
7.85 0.2122
7.86 0.1644
7.87 0.11423
7.88 0.067738
7.89 0.019619
7.9 -0.0070281
7.91 -0.014886
7.92 -0.024987
7.93 -0.036468
7.94 -0.036996
7.95 -0.036809
7.96 -0.032357
7.97 -0.021387
7.98 0.007773
7.99 0.03361
8 0.032412
8.01 0.0097512
8.02 -0.0037849
8.03 -0.00916
8.04 -0.019911
8.05 -0.024557
8.06 -0.006416
8.07 0.028375
8.08 0.061034
8.09 0.093582
8.1 0.12448
8.11 0.13834
8.12 0.13738
8.13 0.12432
8.14 0.089261
8.15 0.054533
8.16 0.028596
8.17 0.015865
8.18 0.021663
8.19 0.042013
8.2 0.08309
8.21 0.14611
8.22 0.19336
8.23 0.22636
8.24 0.26192
8.25 0.27519
8.26 0.27216
8.27 0.25546
8.28 0.22137
8.29 0.18068
8.3 0.1435
8.31 0.10518
8.32 0.067366
8.33 0.017247
8.34 -0.037476
8.35 -0.089778
8.36 -0.12832
8.37 -0.15746
8.38 -0.18228
8.39 -0.19683
8.4 -0.20318
8.41 -0.20459
8.42 -0.19798
8.43 -0.18598
8.44 -0.15464
8.45 -0.097654
8.46 -0.041037
8.47 0.013687
8.48 0.068828
8.49 0.11193
8.5 0.1409
8.51 0.16038
8.52 0.15353
8.53 0.12305
8.54 0.090451
8.55 0.059918
8.56 0.027077
8.57 -0.0075243
8.58 -0.047175
8.59 -0.084511
8.6 -0.11565
8.61 -0.14406
8.62 -0.16204
8.63 -0.16329
8.64 -0.1469
8.65 -0.10204
8.66 -0.048029
8.67 -0.002061
8.68 0.030732
8.69 0.055143
8.7 0.075393
8.71 0.088532
8.72 0.094259
8.73 0.089823
8.74 0.061975
8.75 0.015395
8.76 -0.022276
8.77 -0.076719
8.78 -0.14411
8.79 -0.18815
8.8 -0.20575
8.81 -0.20803
8.82 -0.19633
8.83 -0.16684
8.84 -0.13134
8.85 -0.09807
8.86 -0.065473
8.87 -0.044135
8.88 -0.031258
8.89 -0.021574
8.9 -0.011104
8.91 0.010422
8.92 0.036852
8.93 0.048267
8.94 0.045647
8.95 0.037417
8.96 0.026573
8.97 0.015446
8.98 0.011936
8.99 0.018273
9 0.033084
9.01 0.047501
9.02 0.050628
9.03 0.040587
9.04 0.021876
9.05 0.0045151
9.06 -0.00073445
9.07 0.0024196
9.08 0.006889
9.09 -0.0015216
9.1 -0.024168
9.11 -0.050118
9.12 -0.072359
9.13 -0.087486
9.14 -0.066354
9.15 -0.025313
9.16 0.014658
9.17 0.052484
9.18 0.091648
9.19 0.11449
9.2 0.1192
9.21 0.12324
9.22 0.12106
9.23 0.11105
9.24 0.09811
9.25 0.075767
9.26 0.050398
9.27 0.026091
9.28 0.010924
9.29 0.00518
9.3 -0.0012202
9.31 -0.0086155
9.32 -0.020987
9.33 -0.029997
9.34 -0.032077
9.35 -0.031378
9.36 -0.026295
9.37 -0.0087365
9.38 0.013662
9.39 0.03473
9.4 0.04592
9.41 0.048075
9.42 0.050857
9.43 0.059072
9.44 0.080334
9.45 0.10042
9.46 0.10412
9.47 0.10521
9.48 0.10061
9.49 0.092425
9.5 0.067368
9.51 0.023695
9.52 -0.018407
9.53 -0.058019
9.54 -0.099093
9.55 -0.1385
9.56 -0.17712
9.57 -0.20159
9.58 -0.19784
9.59 -0.17928
9.6 -0.15646
9.61 -0.1352
9.62 -0.11998
9.63 -0.10761
9.64 -0.09088
9.65 -0.075183
9.66 -0.062975
9.67 -0.054918
9.68 -0.04992
9.69 -0.038207
9.7 -0.018089
9.71 0.014638
9.72 0.063144
9.73 0.10836
9.74 0.14213
9.75 0.16151
9.76 0.16674
9.77 0.16189
9.78 0.14607
9.79 0.12674
9.8 0.10468
9.81 0.080017
9.82 0.063173
9.83 0.057243
9.84 0.05457
9.85 0.059279
9.86 0.06209
9.87 0.058215
9.88 0.044704
9.89 0.031814
9.9 0.030994
9.91 0.043667
9.92 0.059349
9.93 0.078921
9.94 0.090384
9.95 0.089476
9.96 0.078434
9.97 0.053545
9.98 0.020816
9.99 -0.0042728
10 -0.02731
10.01 -0.040317
10.02 -0.050063
10.03 -0.057228
10.04 -0.061529
10.05 -0.064995
10.06 -0.07079
10.07 -0.074805
10.08 -0.077869
10.09 -0.07286
10.1 -0.053549
10.11 -0.0034471
10.12 0.049615
10.13 0.096015
10.14 0.11922
10.15 0.11254
10.16 0.088318
10.17 0.054553
10.18 0.00044689
10.19 -0.063127
10.2 -0.10824
10.21 -0.13555
10.22 -0.14139
10.23 -0.12307
10.24 -0.10002
10.25 -0.078496
10.26 -0.061563
10.27 -0.06106
10.28 -0.064086
10.29 -0.069092
10.3 -0.076121
10.31 -0.079796
10.32 -0.07805
10.33 -0.069261
10.34 -0.052401
10.35 -0.044338
10.36 -0.043298
10.37 -0.045433
10.38 -0.051782
10.39 -0.051008
10.4 -0.038831
10.41 -0.017009
10.42 0.014891
10.43 0.04916
10.44 0.07493
10.45 0.094303
10.46 0.099275
10.47 0.093341
10.48 0.079614
10.49 0.063239
10.5 0.048834
10.51 0.033895
10.52 0.024824
10.53 0.016032
10.54 0.0058498
10.55 -0.0064381
10.56 -0.014877
10.57 -0.019021
10.58 -0.014423
10.59 -0.0073023
10.6 0.0064896
10.61 0.024792
10.62 0.043337
10.63 0.054464
10.64 0.055763
10.65 0.045447
10.66 0.033884
10.67 0.025339
10.68 0.01861
10.69 0.0043785
10.7 -0.017039
10.71 -0.048431
10.72 -0.086996
10.73 -0.12747
10.74 -0.15891
10.75 -0.1688
10.76 -0.15698
10.77 -0.124
10.78 -0.084501
10.79 -0.048002
10.8 -0.014329
10.81 0.006808
10.82 0.029468
10.83 0.056642
10.84 0.09349
10.85 0.11604
10.86 0.12674
10.87 0.12862
10.88 0.11701
10.89 0.094388
10.9 0.06404
10.91 0.032006
10.92 0.0088108
10.93 0.0017831
10.94 0.0046726
10.95 0.0055242
10.96 0.0074808
10.97 0.0076827
10.98 7.4472e-005
10.99 -0.0086592
11 -0.010244
11.01 -0.0055212
11.02 0.0094351
11.03 0.031987
11.04 0.052531
11.05 0.061253
11.06 0.054275
11.07 0.036944
11.08 0.015152
11.09 -0.0058543
11.1 -0.027482
11.11 -0.04465
11.12 -0.052967
11.13 -0.050453
11.14 -0.044344
11.15 -0.03866
11.16 -0.036792
11.17 -0.039015
11.18 -0.043084
11.19 -0.043259
11.2 -0.040922
11.21 -0.034517
11.22 -0.025687
11.23 -0.012186
11.24 0.0034946
11.25 0.018992
11.26 0.034142
11.27 0.046378
11.28 0.049379
11.29 0.046409
11.3 0.033056
11.31 0.01555
11.32 0.00041458
11.33 -0.012856
11.34 -0.021739
11.35 -0.027705
11.36 -0.031171
11.37 -0.034019
11.38 -0.033867
11.39 -0.032675
11.4 -0.033705
11.41 -0.03826
11.42 -0.042222
11.43 -0.042693
11.44 -0.033962
11.45 -0.015306
11.46 0.0031376
11.47 0.016209
11.48 0.016888
11.49 0.0047611
11.5 -0.014694
11.51 -0.034198
11.52 -0.048234
11.53 -0.045594
11.54 -0.024217
11.55 0.00036482
11.56 0.023204
11.57 0.046891
11.58 0.060893
11.59 0.060512
11.6 0.050643
11.61 0.028954
11.62 0.0059548
11.63 -0.016023
11.64 -0.030762
11.65 -0.021291
11.66 -0.00053593
11.67 0.018891
11.68 0.038037
11.69 0.052685
11.7 0.055584
11.71 0.050909
11.72 0.041872
11.73 0.032624
11.74 0.025737
11.75 0.022224
11.76 0.019168
11.77 0.014769
11.78 0.0077428
11.79 -0.0033341
11.8 -0.016438
11.81 -0.029452
11.82 -0.041729
11.83 -0.04612
11.84 -0.043886
11.85 -0.032631
11.86 -0.011468
11.87 0.011218
11.88 0.03257
11.89 0.052544
11.9 0.059245
11.91 0.055196
11.92 0.039657
11.93 0.012312
11.94 -0.015091
11.95 -0.041661
11.96 -0.057479
11.97 -0.057294
11.98 -0.054185
11.99 -0.048253
12 -0.043546
12.01 -0.04253
12.02 -0.042103
12.03 -0.038705
12.04 -0.029095
12.05 -0.0092583
12.06 0.012165
12.07 0.03235
12.08 0.04934
12.09 0.058081
12.1 0.057434
12.11 0.051111
12.12 0.041577
12.13 0.032341
12.14 0.020171
12.15 0.0033052
12.16 -0.012554
12.17 -0.028001
12.18 -0.039747
12.19 -0.045211
12.2 -0.040969
12.21 -0.031663
12.22 -0.023659
12.23 -0.019398
12.24 -0.01491
12.25 -0.0092774
12.26 -0.00016531
12.27 0.011841
12.28 0.025027
12.29 0.031402
12.3 0.034163
12.31 0.037053
12.32 0.039173
12.33 0.038972
12.34 0.033328
12.35 0.016524
12.36 -0.0067044
12.37 -0.02815
12.38 -0.048859
12.39 -0.05948
12.4 -0.058756
12.41 -0.052883
12.42 -0.038437
12.43 -0.020806
12.44 -0.0039214
12.45 0.0092793
12.46 0.01843
12.47 0.025001
12.48 0.030509
12.49 0.039132
12.5 0.047417
12.51 0.047566
12.52 0.042601
12.53 0.029119
12.54 0.011475
12.55 -0.0011853
12.56 -0.0057614
12.57 -0.0046157
12.58 -0.0025445
12.59 -0.0013862
12.6 -0.0042338
12.61 -0.0081544
12.62 -0.011525
12.63 -0.013645
12.64 -0.0094488
12.65 -0.001332
12.66 0.0091865
12.67 0.020354
12.68 0.027258
12.69 0.032742
12.7 0.036967
12.71 0.034857
12.72 0.025537
12.73 0.0097019
12.74 -0.0078626
12.75 -0.024634
12.76 -0.038728
12.77 -0.045396
12.78 -0.049028
12.79 -0.048427
12.8 -0.044066
12.81 -0.029562
12.82 -0.0092055
12.83 0.010995
12.84 0.02887
12.85 0.038913
12.86 0.038004
12.87 0.032648
12.88 0.020505
12.89 0.012271
12.9 0.009346
12.91 0.0078966
12.92 0.0078351
12.93 0.0052012
12.94 -0.0035873
12.95 -0.018385
12.96 -0.032107
12.97 -0.046522
12.98 -0.05685
12.99 -0.056902
13 -0.053459
13.01 -0.044029
13.02 -0.027086
13.03 -0.010267
13.04 0.0054484
13.05 0.0161
13.06 0.021719
13.07 0.026802
13.08 0.030622
13.09 0.034343
13.1 0.041018
13.11 0.0492
13.12 0.055134
13.13 0.053395
13.14 0.048466
13.15 0.033484
13.16 0.016438
13.17 0.0069639
13.18 0.004907
13.19 0.0069738
13.2 0.01007
13.21 0.012965
13.22 0.010042
13.23 0.0010033
13.24 -0.0089662
13.25 -0.014788
13.26 -0.017235
13.27 -0.020286
13.28 -0.020164
13.29 -0.021669
13.3 -0.027431
13.31 -0.031789
13.32 -0.03494
13.33 -0.033114
13.34 -0.026123
13.35 -0.017523
13.36 -0.0053868
13.37 0.00014434
13.38 0.0046611
13.39 0.011701
13.4 0.023189
13.41 0.03367
13.42 0.037855
13.43 0.036345
13.44 0.032049
13.45 0.026835
13.46 0.020619
13.47 0.012847
13.48 0.0011377
13.49 -0.010801
13.5 -0.019998
13.51 -0.025031
13.52 -0.025248
13.53 -0.027078
13.54 -0.032231
13.55 -0.039164
13.56 -0.04587
13.57 -0.049497
13.58 -0.049082
13.59 -0.04507
13.6 -0.034408
13.61 -0.023633
13.62 -0.013555
13.63 -0.0065142
13.64 -0.0024223
13.65 -3.8399e-005
13.66 0.0043365
13.67 0.009021
13.68 0.012889
13.69 0.013652
13.7 0.015082
13.71 0.017432
13.72 0.018157
13.73 0.021405
13.74 0.025416
13.75 0.0306
13.76 0.034161
13.77 0.0369
13.78 0.037389
13.79 0.034425
13.8 0.028257
13.81 0.019197
13.82 0.010844
13.83 0.0010478
13.84 -0.013059
13.85 -0.026512
13.86 -0.040107
13.87 -0.051086
13.88 -0.054443
13.89 -0.053558
13.9 -0.049883
13.91 -0.044826
13.92 -0.038568
13.93 -0.029963
13.94 -0.022681
13.95 -0.016172
13.96 -0.0099787
13.97 -0.0013005
13.98 0.0074831
13.99 0.021026
14 0.032378
14.01 0.039512
14.02 0.043069
14.03 0.044308
14.04 0.0439
14.05 0.042728
14.06 0.03853
14.07 0.031591
14.08 0.025248
14.09 0.018966
14.1 0.014174
14.11 0.011745
14.12 0.011742
14.13 0.013893
14.14 0.01541
14.15 0.014747
14.16 0.010392
14.17 -0.0014766
14.18 -0.013106
14.19 -0.021034
14.2 -0.022687
14.21 -0.017686
14.22 -0.0063096
14.23 0.0040098
14.24 0.0094783
14.25 0.011374
14.26 0.013932
14.27 0.016698
14.28 0.018554
14.29 0.018842
14.3 0.016107
14.31 0.0079391
14.32 -0.0014553
14.33 -0.0090782
14.34 -0.012315
14.35 -0.011317
14.36 -0.0053224
14.37 0.0089486
14.38 0.022084
14.39 0.029423
14.4 0.030397
14.41 0.028916
14.42 0.025484
14.43 0.023984
14.44 0.025209
14.45 0.026838
14.46 0.027944
14.47 0.025631
14.48 0.019392
14.49 0.0072355
14.5 -0.0078413
14.51 -0.021321
14.52 -0.032481
14.53 -0.033461
14.54 -0.027796
14.55 -0.013985
14.56 -9.5254e-005
14.57 0.0055773
14.58 0.0045337
14.59 -0.00062424
14.6 -0.0060016
14.61 -0.008724
14.62 -0.00346
14.63 0.0035888
14.64 0.0083277
14.65 0.0078942
14.66 0.00011989
14.67 -0.0094763
14.68 -0.020655
14.69 -0.029637
14.7 -0.036954
14.71 -0.042088
14.72 -0.044992
14.73 -0.044519
14.74 -0.042735
14.75 -0.032033
14.76 -0.012869
14.77 0.0055491
14.78 0.02361
14.79 0.035336
14.8 0.041129
14.81 0.041369
14.82 0.037765
14.83 0.033801
14.84 0.029564
14.85 0.026263
14.86 0.023505
14.87 0.021891
14.88 0.015497
14.89 0.0079968
14.9 -0.0021625
14.91 -0.010511
14.92 -0.015235
14.93 -0.017464
14.94 -0.01725
14.95 -0.016969
14.96 -0.016895
14.97 -0.01631
14.98 -0.017366
14.99 -0.020297
15 -0.023382
15.01 -0.024585
15.02 -0.023434
15.03 -0.019561
15.04 -0.018119
15.05 -0.018142
15.06 -0.018473
15.07 -0.021492
15.08 -0.021688
15.09 -0.019715
15.1 -0.012799
15.11 -0.00083322
15.12 0.012959
15.13 0.026672
15.14 0.034253
15.15 0.035357
15.16 0.034535
15.17 0.033773
15.18 0.032894
15.19 0.031834
15.2 0.030834
15.21 0.03
15.22 0.027655
15.23 0.022235
15.24 0.017526
15.25 0.012448
15.26 0.0072163
15.27 0.0063081
15.28 0.0060816
15.29 0.006433
15.3 0.0094031
15.31 0.011266
15.32 0.0096584
15.33 0.0062595
15.34 0.00079642
15.35 -0.0029477
15.36 -0.0061802
15.37 -0.010473
15.38 -0.014006
15.39 -0.019108
15.4 -0.026119
15.41 -0.035023
15.42 -0.042416
15.43 -0.046774
15.44 -0.045239
15.45 -0.039311
15.46 -0.030889
15.47 -0.019933
15.48 -0.011308
15.49 -0.0064025
15.5 -0.0049977
15.51 -0.0051449
15.52 -0.0084284
15.53 -0.0095559
15.54 -0.010406
15.55 -0.013746
15.56 -0.014679
15.57 -0.018792
15.58 -0.022719
15.59 -0.027753
15.6 -0.030908
15.61 -0.030623
15.62 -0.028857
15.63 -0.023098
15.64 -0.011432
15.65 -0.004707
15.66 -0.0005185
15.67 0.00068588
15.68 0.00082729
15.69 0.00055349
15.7 0.0023438
15.71 0.0021727
15.72 0.00058227
15.73 -0.0024262
15.74 -0.0060519
15.75 -0.011409
15.76 -0.013778
15.77 -0.012956
15.78 -0.012906
15.79 -0.012607
15.8 -0.012482
15.81 -0.010779
15.82 -0.0043702
15.83 0.0073152
15.84 0.022592
15.85 0.036669
15.86 0.043666
15.87 0.043252
15.88 0.036382
15.89 0.023585
15.9 0.011212
15.91 0.0015092
15.92 -0.0072733
15.93 -0.016774
15.94 -0.025984
15.95 -0.034532
15.96 -0.038922
15.97 -0.040113
15.98 -0.039498
15.99 -0.037025
16 -0.034802
16.01 -0.029777
16.02 -0.021448
16.03 -0.012184
16.04 -0.0034596
16.05 0.00429
16.06 0.0091453
16.07 0.014326
16.08 0.018613
16.09 0.023603
16.1 0.030191
16.11 0.034813
16.12 0.038064
16.13 0.038436
16.14 0.034951
16.15 0.028405
16.16 0.020332
16.17 0.0087665
16.18 -0.0045576
16.19 -0.013396
16.2 -0.016175
16.21 -0.013012
16.22 -0.0042465
16.23 0.004311
16.24 0.0083772
16.25 0.0073492
16.26 0.00095396
16.27 -0.0078966
16.28 -0.019019
16.29 -0.024505
16.3 -0.028052
16.31 -0.028349
16.32 -0.025118
16.33 -0.018956
16.34 -0.012266
16.35 -0.0073271
16.36 -0.0060818
16.37 -0.0024766
16.38 0.0020051
16.39 0.0081444
16.4 0.016925
16.41 0.030973
16.42 0.04127
16.43 0.04776
16.44 0.048344
16.45 0.046107
16.46 0.03944
16.47 0.028015
16.48 0.018706
16.49 0.010502
16.5 0.0038693
16.51 -0.00077836
16.52 -0.0038954
16.53 -0.0016308
16.54 0.0024525
16.55 0.011437
16.56 0.019359
16.57 0.022223
16.58 0.020401
16.59 0.015987
16.6 0.0091682
16.61 0.0012212
16.62 -0.0086209
16.63 -0.018193
16.64 -0.024431
16.65 -0.031342
16.66 -0.036082
16.67 -0.038035
16.68 -0.037975
16.69 -0.034363
16.7 -0.030156
16.71 -0.021597
16.72 -0.0069428
16.73 0.0091311
16.74 0.02356
16.75 0.036865
16.76 0.044813
16.77 0.047782
16.78 0.045748
16.79 0.038745
16.8 0.028817
16.81 0.017654
16.82 0.007162
16.83 -0.0009077
16.84 -0.0084184
16.85 -0.013562
16.86 -0.01812
16.87 -0.022007
16.88 -0.027013
16.89 -0.03143
16.9 -0.032741
16.91 -0.033949
16.92 -0.032921
16.93 -0.028554
16.94 -0.02172
16.95 -0.011341
16.96 0.0015173
16.97 0.015123
16.98 0.023306
16.99 0.02356
17 0.017807
17.01 0.011973
17.02 0.0061574
17.03 0.0021512
17.04 -0.0024887
17.05 -0.0069585
17.06 -0.012267
17.07 -0.015516
17.08 -0.015017
17.09 -0.014296
17.1 -0.0099695
17.11 -0.0019227
17.12 0.0057061
17.13 0.012309
17.14 0.014328
17.15 0.013883
17.16 0.012504
17.17 0.0087719
17.18 0.0080543
17.19 0.0071837
17.2 0.0015904
17.21 -0.0036772
17.22 -0.0064596
17.23 -0.0066001
17.24 -0.006452
17.25 -0.0064947
17.26 -0.0063379
17.27 -0.0061464
17.28 -0.0061311
17.29 -0.004467
17.3 0.0020862
17.31 0.011688
17.32 0.019635
17.33 0.025374
17.34 0.026443
17.35 0.025945
17.36 0.023617
17.37 0.019935
17.38 0.01643
17.39 0.013667
17.4 0.013459
17.41 0.012769
17.42 0.014145
17.43 0.016869
17.44 0.016009
17.45 0.017364
17.46 0.020094
17.47 0.019281
17.48 0.01519
17.49 0.010524
17.5 0.0043965
17.51 -0.0033034
17.52 -0.0085924
17.53 -0.011117
17.54 -0.013965
17.55 -0.018073
17.56 -0.021358
17.57 -0.024316
17.58 -0.02265
17.59 -0.019421
17.6 -0.015987
17.61 -0.010098
17.62 -0.0033021
17.63 0.0043119
17.64 0.010123
17.65 0.014077
17.66 0.014941
17.67 0.01364
17.68 0.01011
17.69 0.0054616
17.7 -0.00024763
17.71 -0.0058405
17.72 -0.010327
17.73 -0.01618
17.74 -0.020226
17.75 -0.023592
17.76 -0.023608
17.77 -0.02092
17.78 -0.016404
17.79 -0.0095039
17.8 -0.0008253
17.81 0.0080084
17.82 0.014871
17.83 0.015396
17.84 0.014062
17.85 0.010552
17.86 0.0061707
17.87 0.0027585
17.88 -0.00044014
17.89 -0.0032617
17.9 -0.0071091
17.91 -0.011182
17.92 -0.016869
17.93 -0.023186
17.94 -0.027615
17.95 -0.025137
17.96 -0.016466
17.97 -0.0033838
17.98 0.010965
17.99 0.022589
18 0.028444
18.01 0.030233
18.02 0.02906
18.03 0.02749
18.04 0.026642
18.05 0.026219
18.06 0.023212
18.07 0.01893
18.08 0.015127
18.09 0.010432
18.1 0.0043416
18.11 -0.0033753
18.12 -0.011765
18.13 -0.018856
18.14 -0.023962
18.15 -0.024917
18.16 -0.023084
18.17 -0.016888
18.18 -0.0083082
18.19 0.00057603
18.2 0.0053638
18.21 0.0084402
18.22 0.0081101
18.23 0.00445
18.24 0.004436
18.25 0.0033503
18.26 0.0015182
18.27 -0.00023174
18.28 -0.0011418
18.29 -0.0036768
18.3 -0.0093463
18.31 -0.011632
18.32 -0.014482
18.33 -0.015376
18.34 -0.014807
18.35 -0.014053
18.36 -0.010693
18.37 -0.0070728
18.38 -0.0013673
18.39 0.0039769
18.4 0.0049846
18.41 0.0015274
18.42 -0.0061991
18.43 -0.014241
18.44 -0.018894
18.45 -0.017264
18.46 -0.0098644
18.47 0.0013415
18.48 0.0096297
18.49 0.015074
18.5 0.01846
18.51 0.01925
18.52 0.016855
18.53 0.013065
18.54 0.0094201
18.55 0.0061151
18.56 0.00119
18.57 -0.0035148
18.58 -0.0098907
18.59 -0.017944
18.6 -0.025581
18.61 -0.029733
18.62 -0.029926
18.63 -0.027551
18.64 -0.02116
18.65 -0.01274
18.66 -0.0036619
18.67 0.0033285
18.68 0.0057797
18.69 0.0072232
18.7 0.0079949
18.71 0.0082375
18.72 0.0096331
18.73 0.0095543
18.74 0.0089896
18.75 0.009965
18.76 0.01317
18.77 0.012269
18.78 0.0083433
18.79 0.0060168
18.8 0.0032243
18.81 -0.00012872
18.82 -0.0026253
18.83 -0.0027431
18.84 -0.0025423
18.85 -0.0058223
18.86 -0.013167
18.87 -0.021359
18.88 -0.025866
18.89 -0.02624
18.9 -0.02302
18.91 -0.016967
18.92 -0.0092797
18.93 -0.0018609
18.94 0.00047223
18.95 4.1467e-005
18.96 0.00036452
18.97 -0.0022039
18.98 -0.0047417
18.99 -0.0043144
19 -0.0037952
19.01 -0.00025911
19.02 0.001608
19.03 0.0053131
19.04 0.0096419
19.05 0.013049
19.06 0.014547
19.07 0.012234
19.08 0.0081868
19.09 0.0043474
19.1 0.0032944
19.11 0.0032509
19.12 -0.00019515
19.13 -0.002077
19.14 -0.0011966
19.15 0.0015487
19.16 0.0048463
19.17 0.0080919
19.18 0.011632
19.19 0.011944
19.2 0.011284
19.21 0.010945
19.22 0.0067464
19.23 0.00049773
19.24 -0.0050464
19.25 -0.010002
19.26 -0.013028
19.27 -0.013226
19.28 -0.01211
19.29 -0.0078456
19.3 -0.0030943
19.31 0.0019009
19.32 0.0063264
19.33 0.0092457
19.34 0.011337
19.35 0.010631
19.36 0.013494
19.37 0.014931
19.38 0.015408
19.39 0.015121
19.4 0.013487
19.41 0.0092865
19.42 0.0030934
19.43 -0.003524
19.44 -0.0067727
19.45 -0.0063016
19.46 -0.0053955
19.47 0.00071451
19.48 0.0065098
19.49 0.011125
19.5 0.011935
19.51 0.011407
19.52 0.0079281
19.53 0.0063535
19.54 0.003067
19.55 0.00020624
19.56 -0.0029377
19.57 -0.0054545
19.58 -0.0086745
19.59 -0.0061485
19.6 -0.0033406
19.61 -0.001095
19.62 0.0010852
19.63 0.00059557
19.64 0.00071459
19.65 0.00055409
19.66 0.00050342
19.67 0.0020157
19.68 0.0051921
19.69 0.0048114
19.7 0.0047707
19.71 0.0029504
19.72 -0.0032096
19.73 -0.01187
19.74 -0.01735
19.75 -0.022311
19.76 -0.025019
19.77 -0.027487
19.78 -0.025509
19.79 -0.021924
19.8 -0.018545
19.81 -0.015564
19.82 -0.011871
19.83 -0.0055094
19.84 0.0023694
19.85 0.010547
19.86 0.016362
19.87 0.018123
19.88 0.019053
19.89 0.017135
19.9 0.015954
19.91 0.015826
19.92 0.015129
19.93 0.0149
19.94 0.012171
19.95 0.0064496
19.96 -0.00071811
19.97 -0.0085243
19.98 -0.015294
19.99 -0.020305
20 -0.022844
20.01 -0.023488
20.02 -0.021114
20.03 -0.018153
20.04 -0.016563
20.05 -0.012425
20.06 -0.006567
20.07 -0.0007894
20.08 0.003562
20.09 0.0067081
20.1 0.010201
20.11 0.010249
20.12 0.0072166
20.13 0.0046547
20.14 0.0017464
20.15 0.0015409
20.16 0.0014537
20.17 0.0040117
20.18 0.0097976
20.19 0.015159
20.2 0.019361
20.21 0.019026
20.22 0.015524
20.23 0.0096289
20.24 0.0024802
20.25 -0.0039452
20.26 -0.0083044
20.27 -0.011999
20.28 -0.015677
20.29 -0.019075
20.3 -0.021109
20.31 -0.023567
20.32 -0.023373
20.33 -0.022663
20.34 -0.022167
20.35 -0.021463
20.36 -0.01791
20.37 -0.013519
20.38 -0.0088032
20.39 -0.0039131
20.4 0.0007093
20.41 0.0039808
20.42 0.0060443
20.43 0.0088705
20.44 0.0087942
20.45 0.0085409
20.46 0.0083192
20.47 0.0078913
20.48 0.00412
20.49 0.0029148
20.5 0.0012019
20.51 -0.0016647
20.52 -0.003345
20.53 -0.0061476
20.54 -0.0064954
20.55 -0.0064781
20.56 -0.0095437
20.57 -0.01279
20.58 -0.014978
20.59 -0.014754
20.6 -0.013051
20.61 -0.0079042
20.62 -0.0029948
20.63 -7.4003e-005
20.64 0.0036386
20.65 0.0060997
20.66 0.0092117
20.67 0.012721
20.68 0.014674
20.69 0.014675
20.7 0.013953
20.71 0.014243
20.72 0.010963
20.73 0.0083017
20.74 0.0064469
20.75 0.0070998
20.76 0.0080999
20.77 0.0091653
20.78 0.012123
20.79 0.012183
20.8 0.011614
20.81 0.011517
20.82 0.011168
20.83 0.010984
20.84 0.010455
20.85 0.010545
20.86 0.0074069
20.87 0.0049717
20.88 0.0034719
20.89 0.00023312
20.9 -0.0001787
20.91 0.0028966
20.92 0.0061216
20.93 0.010586
20.94 0.015531
20.95 0.017982
20.96 0.017609
20.97 0.017208
20.98 0.016616
20.99 0.018522
21 0.020567
21.01 0.021554
21.02 0.024091
21.03 0.023298
21.04 0.022739
21.05 0.019121
21.06 0.011351
21.07 0.0035041
21.08 -0.0016325
21.09 -0.0033435
21.1 -0.0031301
21.11 -0.0036409
21.12 -0.0023666
21.13 0.00067777
21.14 0.0013192
21.15 0.001718
21.16 0.0054251
21.17 0.0053761
21.18 0.0080001
21.19 0.0096587
21.2 0.011694
21.21 0.013456
21.22 0.015189
21.23 0.017098
21.24 0.019137
21.25 0.021342
21.26 0.020245
21.27 0.022129
21.28 0.023232
21.29 0.019108
21.3 0.016107
21.31 0.01242
21.32 0.006516
21.33 -9.6699e-005
21.34 -0.0048553
21.35 -0.010384
21.36 -0.013342
21.37 -0.013105
21.38 -0.016072
21.39 -0.018045
21.4 -0.017185
21.41 -0.017112
21.42 -0.014029
21.43 -0.01013
21.44 -0.0072795
21.45 -0.0036059
21.46 -0.0019759
21.47 -0.0024329
21.48 -0.0023602
21.49 -0.0024498
21.5 -0.0025033
21.51 -0.002624
21.52 -0.0036389
21.53 -0.0072444
21.54 -0.0077172
21.55 -0.0074066
21.56 -0.0074786
21.57 -0.0076281
21.58 -0.0073939
21.59 -0.0075736
21.6 -0.0069196
21.61 -0.0049052
21.62 -0.0033641
21.63 -0.0036692
21.64 -0.0036918
21.65 -0.006551
21.66 -0.0087405
21.67 -0.0085336
21.68 -0.0088326
21.69 -0.011157
21.7 -0.013594
21.71 -0.016959
21.72 -0.017894
21.73 -0.01668
21.74 -0.012307
21.75 -0.0052821
21.76 -0.0026406
21.77 -0.0028323
21.78 -0.0037123
21.79 -0.0068051
21.8 -0.0071015
21.81 -0.0035061
21.82 -0.00062874
21.83 0.0038549
21.84 0.0059712
21.85 0.0058233
21.86 0.0051184
21.87 0.0053804
21.88 0.0027641
21.89 -5.8347e-005
21.9 -0.0034537
21.91 -0.0053467
21.92 -0.0082456
21.93 -0.011151
21.94 -0.015018
21.95 -0.018339
21.96 -0.020864
21.97 -0.022137
21.98 -0.024435
21.99 -0.028266
22 -0.029372
22.01 -0.031275
22.02 -0.031034
22.03 -0.02759
22.04 -0.022935
22.05 -0.017778
22.06 -0.011464
22.07 -0.0064486
22.08 -0.0022685
22.09 -0.00031893
22.1 0.0024164
22.11 0.0047138
22.12 0.0074985
22.13 0.010749
22.14 0.014422
22.15 0.015913
22.16 0.015073
22.17 0.014504
22.18 0.011644
22.19 0.0067923
22.2 0.0017
22.21 -0.0027912
22.22 -0.005948
22.23 -0.009038
22.24 -0.010379
22.25 -0.011534
22.26 -0.014516
22.27 -0.016217
22.28 -0.018194
22.29 -0.019743
22.3 -0.021155
22.31 -0.020185
22.32 -0.01911
22.33 -0.017454
22.34 -0.01435
22.35 -0.0092323
22.36 -0.0043025
22.37 0.0027207
22.38 0.0092069
22.39 0.014404
22.4 0.017591
22.41 0.019584
22.42 0.020163
22.43 0.017483
22.44 0.014437
22.45 0.011598
22.46 0.0072911
22.47 0.0040412
22.48 0.0015149
22.49 0.00081368
22.5 -0.00060253
22.51 -0.0021968
22.52 -0.0016593
22.53 -0.00079445
22.54 0.0014168
22.55 0.0042396
22.56 0.0080172
22.57 0.0095865
22.58 0.010268
22.59 0.0085441
22.6 0.007466
22.61 0.0054056
22.62 0.0044872
22.63 0.0060703
22.64 0.007151
22.65 0.0066229
22.66 0.0051473
22.67 0.0031545
22.68 0.0015593
22.69 -0.00033903
22.7 -0.0012634
22.71 0.00020515
22.72 0.0020964
22.73 0.002062
22.74 0.0031397
22.75 0.0049373
22.76 0.0057273
22.77 0.0062582
22.78 0.0067237
22.79 0.0079703
22.8 0.0090307
22.81 0.0099798
22.82 0.01124
22.83 0.011714
22.84 0.012618
22.85 0.012725
22.86 0.011957
22.87 0.011147
22.88 0.010198
22.89 0.0080067
22.9 0.0069572
22.91 0.0052762
22.92 0.0042889
22.93 0.0040557
22.94 0.003671
22.95 0.0033623
22.96 0.0026352
22.97 0.0011896
22.98 0.00085607
22.99 0.00083101
23 0.00060903
23.01 0.00046111
23.02 0.000365
23.03 6.8355e-005
23.04 -0.0010785
23.05 -0.0022359
23.06 -0.0029376
23.07 -0.0035164
23.08 -0.0034402
23.09 -0.0027717
23.1 -0.0018297
23.11 -0.0016073
23.12 -0.00088047
23.13 -0.00037992
23.14 -0.00044265
23.15 0.00021073
23.16 0.00067311
23.17 0.001166
23.18 0.0016608
23.19 0.0019881
23.2 0.0021899
23.21 0.0019612
23.22 0.0018769
23.23 0.0014085
23.24 0.00078139
23.25 0.00020199
23.26 -0.00047442
23.27 -0.00095356
23.28 -0.0012239
23.29 -0.0016414
23.3 -0.0016896
23.31 -0.0019717
23.32 -0.0021487
23.33 -0.002043
23.34 -0.0019757
23.35 -0.0019232
23.36 -0.0018477
23.37 -0.0017976
23.38 -0.0015638
23.39 -0.0013525
23.4 -0.0012389
23.41 -0.0010634
23.42 -0.0010924
23.43 -0.0010168
23.44 -0.00091138
23.45 -0.00096078
23.46 -0.0010132
23.47 -0.0010503
23.48 -0.0010153
23.49 -0.00095355
23.5 -0.0010023
23.51 -0.001086
23.52 -0.00119
23.53 -0.0012117
23.54 -0.0012106
23.55 -0.0012062
23.56 -0.0012219
23.57 -0.001238
23.58 -0.0012385
23.59 -0.0012059
23.6 -0.0011733
23.61 -0.0011346
23.62 -0.0011253
23.63 -0.0011127
23.64 -0.0010858
23.65 -0.0010368
23.66 -0.00096953
23.67 -0.00090154
23.68 -0.00084056
23.69 -0.00078965
23.7 -0.00074547
23.71 -0.00070089
23.72 -0.00066379
23.73 -0.00063128
23.74 -0.00059661
23.75 -0.00056214
23.76 -0.00052874
23.77 -0.00049736
23.78 -0.00046021
23.79 -0.00042328
23.8 -0.00038674
23.81 -0.00035095
23.82 -0.00031537
23.83 -0.00028119
23.84 -0.00024711
23.85 -0.00021319
23.86 -0.00017991
23.87 -0.00014759
23.88 -0.00011593
23.89 -8.5477e-005
23.9 -5.5812e-005
23.91 -2.6982e-005
23.92 1.0675e-006
23.93 2.8291e-005
23.94 5.4727e-005
23.95 8.0313e-005
