0.005 0.00062226
0.01 0.0010363
0.015 0.0016565
0.02 0.0017284
0.025 0.0016764
0.03 0.0016417
0.035 0.0015763
0.04 0.0014763
0.045 0.0013578
0.05 0.001247
0.055 0.0011561
0.06 0.0010837
0.065 0.0010199
0.07 0.00095551
0.075 0.00089592
0.08 0.000855
0.085 0.00085561
0.09 0.00092336
0.095 0.0010566
0.1 0.00123
0.105 0.0014116
0.11 0.0015751
0.115 0.0017157
0.12 0.0018297
0.125 0.0019012
0.13 0.0019172
0.135 0.0018909
0.14 0.0018528
0.145 0.0018101
0.15 0.0017402
0.155 0.0016141
0.16 0.0014527
0.165 0.0013493
0.17 0.0013692
0.175 0.0014385
0.18 0.0014273
0.185 0.0012833
0.19 0.0010314
0.195 0.00074585
0.2 0.00052183
0.205 0.000466
0.21 0.00058883
0.215 0.00071009
0.22 0.00065901
0.225 0.00044948
0.23 0.00022015
0.235 0.00013558
0.24 0.0002665
0.245 0.0005286
0.25 0.00076872
0.255 0.00087416
0.26 0.00081645
0.265 0.00062658
0.27 0.00041471
0.275 0.00030307
0.28 0.00024267
0.285 0.00015834
0.29 0.00012677
0.295 0.00020551
0.3 0.00040135
0.305 0.00073257
0.31 0.0010608
0.315 0.0010603
0.32 0.00056985
0.325 -0.00015778
0.33 -0.00070577
0.335 -0.0008064
0.34 -0.00026673
0.345 0.00089581
0.35 0.0020193
0.355 0.0022461
0.36 0.0014357
0.365 0.00020792
0.37 -0.00069277
0.375 -0.0009262
0.38 -0.00056929
0.385 5.1027e-005
0.39 0.00048241
0.395 0.00045424
0.4 5.0065e-005
0.405 -0.00040694
0.41 -0.00057534
0.415 -0.00032082
0.42 0.0001935
0.425 0.0005894
0.43 0.0004358
0.435 -0.0004144
0.44 -0.0014135
0.445 -0.001805
0.45 -0.0014104
0.455 -0.00031605
0.46 0.0011813
0.465 0.0021378
0.47 0.0019385
0.475 0.0011674
0.48 0.00065493
0.485 0.00070275
0.49 0.0012015
0.495 0.0016365
0.5 0.0014511
0.505 0.00066154
0.51 -0.00026452
0.515 -0.00082803
0.52 -0.00090815
0.525 -0.00081966
0.53 -0.00075116
0.535 -0.00070728
0.54 -0.00084358
0.545 -0.0011556
0.55 -0.0013056
0.555 -0.0012612
0.56 -0.0014005
0.565 -0.0019311
0.57 -0.0025605
0.575 -0.0026885
0.58 -0.0019846
0.585 -0.00074977
0.59 0.00035388
0.595 0.0011423
0.6 0.0020106
0.605 0.0028225
0.61 0.0027794
0.615 0.0017821
0.62 0.00099109
0.625 0.0016692
0.63 0.0034401
0.635 0.0045865
0.64 0.0041106
0.645 0.0021084
0.65 -0.00051692
0.655 -0.0024444
0.66 -0.0033006
0.665 -0.0035396
0.67 -0.0033366
0.675 -0.0027378
0.68 -0.0020711
0.685 -0.0016424
0.69 -0.0013333
0.695 -0.00088392
0.7 -0.00059084
0.705 -0.0009391
0.71 -0.0017212
0.715 -0.0025002
0.72 -0.0030398
0.725 -0.0027879
0.73 -0.0013928
0.735 0.00024231
0.74 0.00071491
0.745 4.8594e-005
0.75 -0.00049116
0.755 -0.00043262
0.76 -0.00042397
0.765 -0.00076991
0.77 -0.00078966
0.775 5.7369e-005
0.78 0.0012113
0.785 0.0018485
0.79 0.0019335
0.795 0.0019469
0.8 0.0020351
0.805 0.0020438
0.81 0.0021658
0.815 0.0025384
0.82 0.0024264
0.825 0.00059121
0.83 -0.0029862
0.835 -0.0063756
0.84 -0.0074631
0.845 -0.005127
0.85 0.00011846
0.855 0.0047768
0.86 0.0044511
0.865 -0.00087501
0.87 -0.0063769
0.875 -0.0077625
0.88 -0.0042632
0.885 0.0019325
0.89 0.0069821
0.895 0.0073268
0.9 0.0023441
0.905 -0.0041885
0.91 -0.0072421
0.915 -0.0048603
0.92 0.00039796
0.925 0.0038806
0.93 0.003621
0.935 0.0015486
0.94 0.00042949
0.945 0.0013622
0.95 0.0037479
0.955 0.0057458
0.96 0.0055196
0.965 0.0033097
0.97 0.0011794
0.975 0.0010746
0.98 0.0033428
0.985 0.0060588
0.99 0.0063123
0.995 0.0026225
1 -0.0039506
1.005 -0.010415
1.01 -0.013714
1.015 -0.01148
1.02 -0.0036852
1.025 0.0052659
1.03 0.0096852
1.035 0.0065151
1.04 -0.0025122
1.045 -0.011272
1.05 -0.014605
1.055 -0.01151
1.06 -0.0041007
1.065 0.002539
1.07 0.0027154
1.075 -0.0037246
1.08 -0.010977
1.085 -0.013385
1.09 -0.0086936
1.095 0.0014264
1.1 0.010531
1.105 0.010508
1.11 0.00032717
1.115 -0.011282
1.12 -0.014384
1.125 -0.0056188
1.13 0.0091904
1.135 0.018701
1.14 0.015604
1.145 0.0029909
1.15 -0.0089384
1.155 -0.011987
1.16 -0.0040446
1.165 0.0098113
1.17 0.018041
1.175 0.012915
1.18 -0.0013412
1.185 -0.0143
1.19 -0.019037
1.195 -0.015028
1.2 -0.0063859
1.205 0.0001672
1.21 -0.00016905
1.215 -0.0056446
1.22 -0.010312
1.225 -0.0096756
1.23 -0.0031512
1.235 0.0052703
1.24 0.009256
1.245 0.0057317
1.25 -0.0021151
1.255 -0.0081536
1.26 -0.0076961
1.265 0.00047545
1.27 0.011887
1.275 0.018426
1.28 0.014985
1.285 0.0039296
1.29 -0.006836
1.295 -0.011485
1.3 -0.0087524
1.305 -0.00018316
1.31 0.008412
1.315 0.010434
1.32 0.0053255
1.325 -0.0014571
1.33 -0.0040468
1.335 -0.00087058
1.34 0.004523
1.345 0.0067191
1.35 0.0031426
1.355 -0.0038187
1.36 -0.0090465
1.365 -0.0095547
1.37 -0.0064269
1.375 -0.003173
1.38 -0.0026931
1.385 -0.0047963
1.39 -0.0069557
1.395 -0.006774
1.4 -0.0035444
1.405 0.0015685
1.41 0.0066604
1.415 0.0097255
1.42 0.0089968
1.425 0.0051802
1.43 0.0015871
1.435 0.00056552
1.44 0.0017213
1.445 0.0025895
1.45 -0.00010121
1.455 -0.0067664
1.46 -0.013434
1.465 -0.016152
1.47 -0.01396
1.475 -0.0085663
1.48 -0.0034555
1.485 -0.0017726
1.49 -0.0039168
1.495 -0.0070351
1.5 -0.0073303
1.505 -0.0025903
1.51 0.0053858
1.515 0.010182
1.52 0.0064063
1.525 -0.0039398
1.53 -0.013344
1.535 -0.016753
1.54 -0.014012
1.545 -0.0068142
1.55 0.0012636
1.555 0.0053208
1.56 0.0034217
1.565 -0.0015957
1.57 -0.0047356
1.575 -0.0027503
1.58 0.0037458
1.585 0.011092
1.59 0.014768
1.595 0.013063
1.6 0.0089657
1.605 0.0067872
1.61 0.0081139
1.615 0.010896
1.62 0.01121
1.625 0.0071726
1.63 0.0015398
1.635 -0.0017703
1.64 -0.0018523
1.645 0.00039398
1.65 0.0033903
1.655 0.0037539
1.66 -0.0013466
1.665 -0.0096291
1.67 -0.01517
1.675 -0.014045
1.68 -0.0076473
1.685 -0.0017058
1.69 -0.00024495
1.695 -0.0016039
1.7 -0.0019295
1.705 0.00023396
1.71 0.0031893
1.715 0.0041305
1.72 0.001871
1.725 -0.0018638
1.73 -0.0036549
1.735 -0.0015272
1.74 0.002439
1.745 0.003503
1.75 -0.00066268
1.755 -0.0071848
1.76 -0.011417
1.765 -0.010977
1.77 -0.0062266
1.775 -0.00035654
1.78 0.0019359
1.785 -0.001342
1.79 -0.0073555
1.795 -0.011552
1.8 -0.011746
1.805 -0.0086533
1.81 -0.0041113
1.815 -0.00030195
1.82 0.00023095
1.825 -0.0032604
1.83 -0.0075397
1.835 -0.0075971
1.84 -0.001609
1.845 0.0065132
1.85 0.010098
1.855 0.0056729
1.86 -0.003376
1.865 -0.010419
1.87 -0.010974
1.875 -0.0038591
1.88 0.0071268
1.885 0.014788
1.89 0.0145
1.895 0.0072597
1.9 -0.0017218
1.905 -0.0074627
1.91 -0.0078033
1.915 -0.0026057
1.92 0.0058652
1.925 0.012096
1.93 0.01038
1.935 0.00084164
1.94 -0.0096076
1.945 -0.013736
1.95 -0.0085192
1.955 0.0034313
1.96 0.013513
1.965 0.012492
1.97 -0.00037428
1.975 -0.015083
1.98 -0.02034
1.985 -0.011721
1.99 0.0060347
1.995 0.019381
2 0.015433
2.005 -0.004633
2.01 -0.025569
2.015 -0.033378
2.02 -0.023941
2.025 -0.0027182
2.03 0.017206
2.035 0.023559
2.04 0.011785
2.045 -0.0093913
2.05 -0.022597
2.055 -0.016721
2.06 0.0057179
2.065 0.029771
2.07 0.040893
2.075 0.034825
2.08 0.017691
2.085 0.0019649
2.09 -0.0048987
2.095 -0.0044051
2.1 -0.0012963
2.105 -7.2833e-005
2.11 -0.0030318
2.115 -0.0086258
2.12 -0.013337
2.125 -0.015012
2.13 -0.012885
2.135 -0.0076686
2.14 -0.0029834
2.145 -0.0021326
2.15 -0.003837
2.155 -0.0046232
2.16 -0.0039304
2.165 -0.004592
2.17 -0.0088812
2.175 -0.015206
2.18 -0.019302
2.185 -0.017921
2.19 -0.010845
2.195 -0.00093715
2.2 0.0075377
2.205 0.011323
2.21 0.0098265
2.215 0.0061806
2.22 0.0051902
2.225 0.008882
2.23 0.01463
2.235 0.017838
2.24 0.016021
2.245 0.0097423
2.25 0.0010938
2.255 -0.0074385
2.26 -0.013451
2.265 -0.014785
2.27 -0.010189
2.275 -0.0022088
2.28 0.0022261
2.285 -0.0024642
2.29 -0.014019
2.295 -0.024414
2.3 -0.027403
2.305 -0.019896
2.31 -0.0038667
2.315 0.011682
2.32 0.019703
2.325 0.021294
2.33 0.020089
2.335 0.017693
2.34 0.014943
2.345 0.013186
2.35 0.013222
2.355 0.014196
2.36 0.013911
2.365 0.0098385
2.37 0.0020974
2.375 -0.0052626
2.38 -0.0085731
2.385 -0.0073716
2.39 -0.0032294
2.395 0.0018821
2.4 0.0065618
2.405 0.0099855
2.41 0.011217
2.415 0.0093212
2.42 0.0052585
2.425 0.0020426
2.43 0.0018141
2.435 0.0035575
2.44 0.0037947
2.445 -0.0010655
2.45 -0.011494
2.455 -0.022987
2.46 -0.029752
2.465 -0.028808
2.47 -0.020484
2.475 -0.0087738
2.48 0.00082246
2.485 0.0057348
2.49 0.006292
2.495 0.0030724
2.5 -0.0026051
2.505 -0.0079179
2.51 -0.010345
2.515 -0.0089168
2.52 -0.0031544
2.525 0.0067052
2.53 0.017307
2.535 0.023726
2.54 0.02385
2.545 0.01949
2.55 0.014546
2.555 0.012556
2.56 0.014711
2.565 0.01855
2.57 0.020492
2.575 0.019982
2.58 0.018274
2.585 0.014922
2.59 0.0081633
2.595 -0.00079625
2.6 -0.0070583
2.605 -0.0073572
2.61 -0.0034578
2.615 -0.0009315
2.62 -0.0047296
2.625 -0.014146
2.63 -0.023349
2.635 -0.02744
2.64 -0.024153
2.645 -0.012916
2.65 0.0016387
2.655 0.011487
2.66 0.012568
2.665 0.0072839
2.67 0.001465
2.675 -0.00049465
2.68 0.0023137
2.685 0.0073784
2.69 0.0094974
2.695 0.0051779
2.7 -0.0033872
2.705 -0.011432
2.71 -0.015844
2.715 -0.014838
2.72 -0.0075872
2.725 0.0031682
2.73 0.010603
2.735 0.0096371
2.74 0.0026495
2.745 -0.0029399
2.75 -0.0020082
2.755 0.0052722
2.76 0.015607
2.765 0.024056
2.77 0.02407
2.775 0.011947
2.78 -0.0056638
2.785 -0.015403
2.79 -0.0095759
2.795 0.0065215
2.8 0.017261
2.805 0.01086
2.81 -0.0080715
2.815 -0.024307
2.82 -0.028961
2.825 -0.022031
2.83 -0.0073242
2.835 0.0062337
2.84 0.0096735
2.845 0.0025409
2.85 -0.0067588
2.855 -0.0079657
2.86 0.0033615
2.865 0.020143
2.87 0.0291
2.875 0.02439
2.88 0.011283
2.885 -0.00025333
2.89 -0.0031067
2.895 0.0030624
2.9 0.010978
2.905 0.010498
2.91 -0.00082466
2.915 -0.014542
2.92 -0.021887
2.925 -0.021176
2.93 -0.013343
2.935 -0.0017336
2.94 0.0047275
2.945 0.00039108
2.95 -0.0084491
2.955 -0.011472
2.96 -0.0051431
2.965 0.0059152
2.97 0.013875
2.975 0.013668
2.98 0.0057904
2.985 -0.0047873
2.99 -0.01307
2.995 -0.017374
3 -0.017571
3.005 -0.012135
3.01 -0.00092025
3.015 0.011285
3.02 0.019318
3.025 0.022855
3.03 0.024695
3.035 0.026819
3.04 0.029523
3.045 0.032446
3.05 0.033949
3.055 0.029341
3.06 0.015064
3.065 -0.004747
3.07 -0.021801
3.075 -0.030406
3.08 -0.027705
3.085 -0.014714
3.09 0.00035648
3.095 0.0076696
3.1 0.005715
3.105 0.00057179
3.11 -0.0018903
3.115 0.0012626
3.12 0.0091728
3.125 0.014863
3.13 0.011831
3.135 0.0032309
3.14 -0.0033457
3.145 -0.0053354
3.15 -0.0045914
3.155 -0.0033385
3.16 -0.0026535
3.165 -0.0027476
3.17 -0.0037563
3.175 -0.0053258
3.18 -0.0064367
3.185 -0.0065942
3.19 -0.0061867
3.195 -0.0051538
3.2 -0.0030334
3.205 1.2622e-005
3.21 0.0039913
3.215 0.0090813
3.22 0.013588
3.225 0.013921
3.23 0.009257
3.235 0.0038726
3.24 0.0033653
3.245 0.010105
3.25 0.019763
3.255 0.022699
3.26 0.013794
3.265 -0.00056286
3.27 -0.010505
3.275 -0.01152
3.28 -0.003765
3.285 0.0079689
3.29 0.016174
3.295 0.017509
3.3 0.014985
3.305 0.013102
3.31 0.013749
3.315 0.016301
3.32 0.018195
3.325 0.016439
3.33 0.011268
3.335 0.0062949
3.34 0.0038183
3.345 0.0028039
3.35 0.0016232
3.355 0.00033865
3.36 0.00055237
3.365 0.0033409
3.37 0.0077757
3.375 0.011555
3.38 0.012306
3.385 0.0094663
3.39 0.0052684
3.395 0.0028578
3.4 0.0033561
3.405 0.0047369
3.41 0.0033308
3.415 -0.0024075
3.42 -0.011329
3.425 -0.022111
3.43 -0.032551
3.435 -0.040039
3.44 -0.043245
3.445 -0.041443
3.45 -0.035467
3.455 -0.028969
3.46 -0.02525
3.465 -0.023231
3.47 -0.01849
3.475 -0.0085864
3.48 0.0026548
3.485 0.0091713
3.49 0.0094607
3.495 0.0053963
3.5 -0.00088509
3.505 -0.0068963
3.51 -0.010125
3.515 -0.0092111
3.52 -0.0048377
3.525 0.00052823
3.53 0.0051025
3.535 0.010162
3.54 0.016916
3.545 0.022161
3.55 0.022127
3.555 0.017983
3.56 0.014169
3.565 0.014128
3.57 0.01827
3.575 0.023469
3.58 0.025065
3.585 0.021015
3.59 0.012258
3.595 7.9397e-005
3.6 -0.013744
3.605 -0.026226
3.61 -0.03446
3.615 -0.036728
3.62 -0.03237
3.625 -0.022707
3.63 -0.012351
3.635 -0.0058869
3.64 -0.0040138
3.645 -0.0053947
3.65 -0.0084412
3.655 -0.010456
3.66 -0.0092358
3.665 -0.0056707
3.67 -0.0027605
3.675 -0.0019358
3.68 -0.0019151
3.685 -0.0011812
3.69 0.00047009
3.695 0.0034494
3.7 0.0089303
3.705 0.016347
3.71 0.021213
3.715 0.017912
3.72 0.0068558
3.725 -0.0046987
3.73 -0.010346
3.735 -0.0094344
3.74 -0.0053083
3.745 -0.0020074
3.75 -0.0009563
3.755 0.00027168
3.76 0.0045826
3.765 0.01132
3.77 0.016608
3.775 0.018242
3.78 0.017778
3.785 0.016899
3.79 0.014552
3.795 0.0087834
3.8 -0.00022804
3.805 -0.010466
3.81 -0.019773
3.815 -0.026488
3.82 -0.029688
3.825 -0.028377
3.83 -0.022308
3.835 -0.014406
3.84 -0.0091843
3.845 -0.0083505
3.85 -0.0091413
3.855 -0.0070103
3.86 -0.00030466
3.865 0.0079663
3.87 0.014033
3.875 0.016712
3.88 0.015562
3.885 0.010113
3.89 0.002224
3.895 -0.0042356
3.9 -0.0060963
3.905 -0.0022256
3.91 0.0055993
3.915 0.012663
3.92 0.013837
3.925 0.0079275
3.93 -0.0004121
3.935 -0.0057334
3.94 -0.0066785
3.945 -0.0044919
3.95 -0.0010366
3.955 0.00082332
3.96 -0.0019004
3.965 -0.009411
3.97 -0.018696
3.975 -0.026211
3.98 -0.029129
3.985 -0.025202
3.99 -0.014077
3.995 0.0013662
4 0.016347
4.005 0.026844
4.01 0.030797
4.015 0.028456
4.02 0.023353
4.025 0.020587
4.03 0.022246
4.035 0.025628
4.04 0.025453
4.045 0.018034
4.05 0.0049182
4.055 -0.0082605
4.06 -0.017226
4.065 -0.022015
4.07 -0.024434
4.075 -0.024693
4.08 -0.022436
4.085 -0.019281
4.09 -0.017479
4.095 -0.017167
4.1 -0.017279
4.105 -0.017936
4.11 -0.019895
4.115 -0.02216
4.12 -0.022521
4.125 -0.020668
4.13 -0.018474
4.135 -0.01728
4.14 -0.015911
4.145 -0.012208
4.15 -0.0057687
4.155 0.0017247
4.16 0.008076
4.165 0.012655
4.17 0.015767
4.175 0.017184
4.18 0.017221
4.185 0.016766
4.19 0.016061
4.195 0.014613
4.2 0.011696
4.205 0.0079755
4.21 0.0053998
4.215 0.0032415
4.22 -0.0024918
4.225 -0.0136
4.23 -0.026351
4.235 -0.034949
4.24 -0.036311
4.245 -0.030194
4.25 -0.018954
4.255 -0.0071993
4.26 0.0019903
4.265 0.0083447
4.27 0.012586
4.275 0.017132
4.28 0.025654
4.285 0.037765
4.29 0.048172
4.295 0.051772
4.3 0.046427
4.305 0.032883
4.31 0.014586
4.315 -0.0031158
4.32 -0.015726
4.325 -0.021805
4.33 -0.022754
4.335 -0.021122
4.34 -0.019764
4.345 -0.020745
4.35 -0.022917
4.355 -0.02219
4.36 -0.015649
4.365 -0.0054727
4.37 0.0021566
4.375 0.0027021
4.38 -0.0027091
4.385 -0.0092286
4.39 -0.01274
4.395 -0.011857
4.4 -0.008027
4.405 -0.0048166
4.41 -0.0063449
4.415 -0.013575
4.42 -0.021957
4.425 -0.02661
4.43 -0.026258
4.435 -0.021557
4.44 -0.015352
4.445 -0.011737
4.45 -0.012075
4.455 -0.014141
4.46 -0.013388
4.465 -0.0053867
4.47 0.0090176
4.475 0.023251
4.48 0.031082
4.485 0.030112
4.49 0.022579
4.495 0.014518
4.5 0.011073
4.505 0.013877
4.51 0.021145
4.515 0.028135
4.52 0.030418
4.525 0.027847
4.53 0.024229
4.535 0.02252
4.54 0.022295
4.545 0.021526
4.55 0.018015
4.555 0.010164
4.56 -0.00048172
4.565 -0.0091785
4.57 -0.012099
4.575 -0.0080821
4.58 0.00080417
4.585 0.0087501
4.59 0.0097584
4.595 0.0031863
4.6 -0.0060256
4.605 -0.012459
4.61 -0.012567
4.615 -0.0056852
4.62 0.0026089
4.625 0.0030501
4.63 -0.0069744
4.635 -0.020024
4.64 -0.027436
4.645 -0.026931
4.65 -0.019912
4.655 -0.0090488
4.66 0.00073627
4.665 0.0065776
4.67 0.010731
4.675 0.016327
4.68 0.022065
4.685 0.023145
4.69 0.017327
4.695 0.0076886
4.7 -0.00082398
4.705 -0.0057272
4.71 -0.0073822
4.715 -0.0072776
4.72 -0.007867
4.725 -0.011138
4.73 -0.015806
4.735 -0.019216
4.74 -0.020645
4.745 -0.021586
4.75 -0.025068
4.755 -0.032645
4.76 -0.041653
4.765 -0.046898
4.77 -0.043475
4.775 -0.029669
4.78 -0.010143
4.785 0.0068935
4.79 0.017293
4.795 0.022695
4.8 0.026211
4.805 0.029323
4.81 0.031672
4.815 0.032575
4.82 0.032268
4.825 0.030806
4.83 0.027108
4.835 0.020878
4.84 0.013774
4.845 0.0071565
4.85 -0.00050415
4.855 -0.010573
4.86 -0.020108
4.865 -0.025471
4.87 -0.026211
4.875 -0.023807
4.88 -0.020209
4.885 -0.017956
4.89 -0.019124
4.895 -0.022767
4.9 -0.025354
4.905 -0.023439
4.91 -0.016114
4.915 -0.0054404
4.92 0.0059919
4.925 0.016134
4.93 0.023198
4.935 0.026274
4.94 0.026208
4.945 0.025394
4.95 0.02573
4.955 0.026343
4.96 0.024661
4.965 0.019531
4.97 0.01209
4.975 0.0046027
4.98 -0.0016352
4.985 -0.0065172
4.99 -0.010066
4.995 -0.012887
5 -0.016057
5.005 -0.019403
5.01 -0.021342
5.015 -0.020789
5.02 -0.017779
5.025 -0.013175
5.03 -0.0081889
5.035 -0.0037264
5.04 -0.000124
5.045 0.0031664
5.05 0.0073901
5.055 0.013549
5.06 0.021319
5.065 0.028774
5.07 0.033751
5.075 0.035487
5.08 0.034657
5.085 0.032667
5.09 0.03094
5.095 0.030146
5.1 0.028888
5.105 0.025001
5.11 0.019649
5.115 0.016161
5.12 0.016028
5.125 0.018821
5.13 0.022624
5.135 0.023609
5.14 0.018947
5.145 0.010979
5.15 0.0046022
5.155 0.0014983
5.16 0.00061362
5.165 0.0012594
5.17 0.0026103
5.175 0.0026318
5.18 0.00085339
5.185 -0.00020938
5.19 0.00042669
5.195 -0.00059565
5.2 -0.0076078
5.205 -0.021104
5.21 -0.036204
5.215 -0.046961
5.22 -0.050097
5.225 -0.043614
5.23 -0.028602
5.235 -0.011137
5.24 0.0024468
5.245 0.0099155
5.25 0.013382
5.255 0.016257
5.26 0.019946
5.265 0.022821
5.27 0.021942
5.275 0.0164
5.28 0.0088142
5.285 0.0030448
5.29 0.00093943
5.295 0.0031455
5.3 0.0103
5.305 0.020185
5.31 0.027866
5.315 0.030568
5.32 0.029362
5.325 0.026493
5.33 0.022472
5.335 0.015938
5.34 0.0064705
5.345 -0.0030787
5.35 -0.0090296
5.355 -0.010498
5.36 -0.0088112
5.365 -0.0060593
5.37 -0.0046816
5.375 -0.0071494
5.38 -0.014937
5.385 -0.025724
5.39 -0.034196
5.395 -0.03749
5.4 -0.036505
5.405 -0.032794
5.41 -0.02662
5.415 -0.016867
5.42 -0.002871
5.425 0.013462
5.43 0.027742
5.435 0.036522
5.44 0.040388
5.445 0.042389
5.45 0.04463
5.455 0.046199
5.46 0.044515
5.465 0.038097
5.47 0.02759
5.475 0.016112
5.48 0.0077296
5.485 0.004367
5.49 0.0061119
5.495 0.012449
5.5 0.020794
5.505 0.027753
5.51 0.032216
5.515 0.034845
5.52 0.034828
5.525 0.030137
5.53 0.022373
5.535 0.016622
5.54 0.016353
5.545 0.021821
5.55 0.030347
5.555 0.035648
5.56 0.031107
5.565 0.016953
5.57 0.00080848
5.575 -0.0097352
5.58 -0.012111
5.585 -0.0079231
5.59 -0.00037378
5.595 0.0074966
5.6 0.013801
5.605 0.018476
5.61 0.022952
5.615 0.029035
5.62 0.037082
5.625 0.044712
5.63 0.049191
5.635 0.048987
5.64 0.042589
5.645 0.030328
5.65 0.016363
5.655 0.0058002
5.66 0.0012376
5.665 0.0021875
5.67 0.0053401
5.675 0.0060355
5.68 0.00162
5.685 -0.006757
5.69 -0.015125
5.695 -0.019487
5.7 -0.01802
5.705 -0.010411
5.71 0.00062171
5.715 0.0089764
5.72 0.011887
5.725 0.011979
5.73 0.012272
5.735 0.013827
5.74 0.016455
5.745 0.019757
5.75 0.023822
5.755 0.028472
5.76 0.03279
5.765 0.036679
5.77 0.040944
5.775 0.045688
5.78 0.050009
5.785 0.052587
5.79 0.052586
5.795 0.049922
5.8 0.044625
5.805 0.036687
5.81 0.026191
5.815 0.013669
5.82 0.00023214
5.825 -0.01177
5.83 -0.01904
5.835 -0.020143
5.84 -0.01588
5.845 -0.0080765
5.85 0.00044929
5.855 0.0071626
5.86 0.011255
5.865 0.013159
5.87 0.012476
5.875 0.0070605
5.88 -0.0037709
5.885 -0.016802
5.89 -0.027668
5.895 -0.034035
5.9 -0.035769
5.905 -0.034175
5.91 -0.031521
5.915 -0.029683
5.92 -0.029261
5.925 -0.030084
5.93 -0.032275
5.935 -0.036352
5.94 -0.041928
5.945 -0.047584
5.95 -0.052672
5.955 -0.058144
5.96 -0.064463
5.965 -0.070806
5.97 -0.076542
5.975 -0.081454
5.98 -0.085585
5.985 -0.088547
5.99 -0.089363
5.995 -0.087474
6 -0.080807
6.005 -0.065963
6.01 -0.043987
6.015 -0.020266
6.02 0.0011698
6.025 0.018193
6.03 0.029715
6.035 0.03668
6.04 0.040517
6.045 0.041938
6.05 0.042083
6.055 0.042112
6.06 0.042342
6.065 0.042036
6.07 0.039669
6.075 0.033999
6.08 0.025196
6.085 0.015025
6.09 0.0053051
6.095 -0.0027736
6.1 -0.0089433
6.105 -0.014893
6.11 -0.022968
6.115 -0.033199
6.12 -0.044079
6.125 -0.054406
6.13 -0.063192
6.135 -0.069689
6.14 -0.073096
6.145 -0.073335
6.15 -0.070902
6.155 -0.065785
6.16 -0.056934
6.165 -0.040969
6.17 -0.013846
6.175 0.020505
6.18 0.0492
6.185 0.060843
6.19 0.05191
6.195 0.028842
6.2 0.0026504
6.205 -0.019207
6.21 -0.033707
6.215 -0.04129
6.22 -0.044907
6.225 -0.046879
6.23 -0.047352
6.235 -0.045459
6.24 -0.040693
6.245 -0.034458
6.25 -0.029726
6.255 -0.029086
6.26 -0.034015
6.265 -0.044215
6.27 -0.055609
6.275 -0.063107
6.28 -0.0655
6.285 -0.063377
6.29 -0.055411
6.295 -0.041553
6.3 -0.026101
6.305 -0.012084
6.31 0.0013602
6.315 0.014109
6.32 0.0249
6.325 0.033962
6.33 0.041985
6.335 0.049221
6.34 0.056172
6.345 0.062845
6.35 0.068213
6.355 0.071256
6.36 0.07054
6.365 0.065684
6.37 0.058238
6.375 0.049977
6.38 0.042699
6.385 0.036115
6.39 0.027631
6.395 0.015739
6.4 0.0011157
6.405 -0.013378
6.41 -0.023606
6.415 -0.02728
6.42 -0.025206
6.425 -0.019801
6.43 -0.013567
6.435 -0.0084844
6.44 -0.0057803
6.445 -0.0046237
6.45 -0.0021495
6.455 0.0043118
6.46 0.016112
6.465 0.03176
6.47 0.047445
6.475 0.060058
6.48 0.066517
6.485 0.06423
6.49 0.052685
6.495 0.03379
6.5 0.011813
6.505 -0.010428
6.51 -0.032609
6.515 -0.053188
6.52 -0.069548
6.525 -0.080627
6.53 -0.086626
6.535 -0.08758
6.54 -0.081729
6.545 -0.067353
6.55 -0.045838
6.555 -0.020419
6.56 0.0052466
6.565 0.029114
6.57 0.051036
6.575 0.069061
6.58 0.07987
6.585 0.081903
6.59 0.073956
6.595 0.057164
6.6 0.037754
6.605 0.021379
6.61 0.0089846
6.615 -0.00034319
6.62 -0.0072906
6.625 -0.013599
6.63 -0.021462
6.635 -0.033291
6.64 -0.051787
6.645 -0.076051
6.65 -0.10054
6.655 -0.11948
6.66 -0.13076
6.665 -0.13636
6.67 -0.13899
6.675 -0.13978
6.68 -0.13969
6.685 -0.13961
6.69 -0.13934
6.695 -0.1388
6.7 -0.13816
6.705 -0.13708
6.71 -0.13564
6.715 -0.13462
6.72 -0.13425
6.725 -0.13413
6.73 -0.13465
6.735 -0.13632
6.74 -0.13775
6.745 -0.13725
6.75 -0.13327
6.755 -0.12302
6.76 -0.10467
6.765 -0.080594
6.77 -0.055066
6.775 -0.029994
6.78 -0.0070299
6.785 0.011046
6.79 0.023388
6.795 0.030307
6.8 0.031083
6.805 0.025681
6.81 0.016514
6.815 0.0069998
6.82 -0.00026581
6.825 -0.0042884
6.83 -0.0056481
6.835 -0.0061131
6.84 -0.0074009
6.845 -0.0099281
6.85 -0.012677
6.855 -0.013539
6.86 -0.0083091
6.865 0.0063187
6.87 0.025959
6.875 0.04328
6.88 0.05584
6.885 0.065175
6.89 0.074479
6.895 0.086321
6.9 0.10069
6.905 0.11527
6.91 0.12691
6.915 0.13266
6.92 0.13236
6.925 0.13037
6.93 0.13123
6.935 0.1342
6.94 0.13592
6.945 0.13682
6.95 0.13913
6.955 0.14189
6.96 0.14291
6.965 0.14161
6.97 0.1349
6.975 0.11284
6.98 0.072214
6.985 0.025945
6.99 -0.015839
6.995 -0.052262
7 -0.078419
7.005 -0.089992
7.01 -0.091968
7.015 -0.090916
7.02 -0.088546
7.025 -0.083477
7.03 -0.073125
7.035 -0.056748
7.04 -0.035522
7.045 -0.0094946
7.05 0.019376
7.055 0.044798
7.06 0.061438
7.065 0.068273
7.07 0.066631
7.075 0.058267
7.08 0.043989
7.085 0.025495
7.09 0.0060568
7.095 -0.013569
7.1 -0.033399
7.105 -0.050591
7.11 -0.061589
7.115 -0.064305
7.12 -0.05879
7.125 -0.047234
7.13 -0.031539
7.135 -0.014312
7.14 -0.00019798
7.145 0.0076147
7.15 0.0083038
7.155 0.0026818
7.16 -0.0075691
7.165 -0.018926
7.17 -0.026561
7.175 -0.029359
7.18 -0.030104
7.185 -0.031327
7.19 -0.033312
7.195 -0.035003
7.2 -0.03553
7.205 -0.034235
7.21 -0.028036
7.215 -0.013468
7.22 0.0071432
7.225 0.029523
7.23 0.053227
7.235 0.077927
7.24 0.099891
7.245 0.11688
7.25 0.13155
7.255 0.14483
7.26 0.15382
7.265 0.15564
7.27 0.14094
7.275 0.096581
7.28 0.031566
7.285 -0.022134
7.29 -0.046082
7.295 -0.050424
7.3 -0.049342
7.305 -0.044836
7.31 -0.037796
7.315 -0.031963
7.32 -0.027645
7.325 -0.023749
7.33 -0.021256
7.335 -0.020936
7.34 -0.021066
7.345 -0.018896
7.35 -0.013601
7.355 -0.0073239
7.36 -0.0029237
7.365 -0.0027248
7.37 -0.0073497
7.375 -0.01418
7.38 -0.018775
7.385 -0.019183
7.39 -0.017116
7.395 -0.013673
7.4 -0.0074568
7.405 0.0010971
7.41 0.0060505
7.415 0.0020323
7.42 -0.0082115
7.425 -0.017885
7.43 -0.023856
7.435 -0.025256
7.44 -0.021916
7.445 -0.016822
7.45 -0.013599
7.455 -0.013559
7.46 -0.016491
7.465 -0.022161
7.47 -0.029121
7.475 -0.035033
7.48 -0.041521
7.485 -0.052159
7.49 -0.064794
7.495 -0.074383
7.5 -0.08138
7.505 -0.089051
7.51 -0.097927
7.515 -0.10732
7.52 -0.11703
7.525 -0.1258
7.53 -0.13034
7.535 -0.12677
7.54 -0.1124
7.545 -0.087207
7.55 -0.054726
7.555 -0.020928
7.56 0.0083258
7.565 0.030913
7.57 0.049381
7.575 0.066219
7.58 0.082538
7.585 0.098609
7.59 0.11135
7.595 0.11705
7.6 0.11586
7.605 0.10978
7.61 0.098608
7.615 0.08085
7.62 0.060064
7.625 0.044621
7.63 0.037611
7.635 0.035502
7.64 0.038409
7.645 0.050109
7.65 0.067285
7.655 0.080377
7.66 0.083688
7.665 0.077798
7.67 0.065518
7.675 0.050979
7.68 0.040028
7.685 0.036401
7.69 0.039395
7.695 0.044698
7.7 0.046869
7.705 0.043969
7.71 0.036869
7.715 0.027106
7.72 0.018706
7.725 0.0151
7.73 0.014769
7.735 0.014289
7.74 0.012199
7.745 0.0070987
7.75 -0.002988
7.755 -0.016447
7.76 -0.028126
7.765 -0.03496
7.77 -0.037993
7.775 -0.038495
7.78 -0.036292
7.785 -0.032745
7.79 -0.030914
7.795 -0.030996
7.8 -0.028461
7.805 -0.019211
7.81 -0.0035026
7.815 0.015346
7.82 0.032919
7.825 0.045955
7.83 0.054481
7.835 0.061099
7.84 0.066652
7.845 0.068629
7.85 0.064837
7.855 0.056969
7.86 0.049339
7.865 0.043511
7.87 0.037789
7.875 0.031872
7.88 0.02683
7.885 0.022073
7.89 0.017241
7.895 0.014721
7.9 0.01759
7.905 0.025805
7.91 0.035849
7.915 0.044777
7.92 0.051287
7.925 0.054489
7.93 0.054484
7.935 0.053294
7.94 0.053618
7.945 0.055613
7.95 0.056978
7.955 0.055658
7.96 0.050138
7.965 0.039292
7.97 0.024533
7.975 0.011261
7.98 0.0036212
7.985 3.4039e-005
7.99 -0.0014941
7.995 -0.00018991
8 0.005564
8.005 0.016197
8.01 0.029462
8.015 0.042202
8.02 0.052802
8.025 0.06143
8.03 0.068977
8.035 0.075278
8.04 0.078794
8.045 0.078403
8.05 0.07133
8.055 0.054161
8.06 0.028929
8.065 0.00024593
8.07 -0.027901
8.075 -0.051282
8.08 -0.068675
8.085 -0.08209
8.09 -0.092893
8.095 -0.10114
8.1 -0.10688
8.105 -0.10978
8.11 -0.10914
8.115 -0.10491
8.12 -0.09795
8.125 -0.088448
8.13 -0.075494
8.135 -0.059788
8.14 -0.042767
8.145 -0.025479
8.15 -0.010402
8.155 0.00018434
8.16 0.0050479
8.165 0.0051843
8.17 0.0039916
8.175 0.0044061
8.18 0.0083948
8.185 0.01688
8.19 0.02785
8.195 0.037678
8.2 0.042842
8.205 0.039862
8.21 0.028673
8.215 0.012978
8.22 -0.0034159
8.225 -0.01689
8.23 -0.02462
8.235 -0.027433
8.24 -0.027464
8.245 -0.022912
8.25 -0.010428
8.255 0.0076148
8.26 0.024755
8.265 0.037611
8.27 0.046357
8.275 0.050806
8.28 0.050809
8.285 0.047759
8.29 0.043111
8.295 0.036265
8.3 0.024253
8.305 0.0073562
8.31 -0.010313
8.315 -0.02637
8.32 -0.039583
8.325 -0.04905
8.33 -0.056354
8.335 -0.063241
8.34 -0.069382
8.345 -0.074962
8.35 -0.080011
8.355 -0.081617
8.36 -0.076752
8.365 -0.065651
8.37 -0.049653
8.375 -0.029219
8.38 -0.0047673
8.385 0.021639
8.39 0.046267
8.395 0.067949
8.4 0.0874
8.405 0.10258
8.41 0.11108
8.415 0.11229
8.42 0.10648
8.425 0.095522
8.43 0.081133
8.435 0.062242
8.44 0.039594
8.445 0.017269
8.45 -0.0036858
8.455 -0.023054
8.46 -0.037469
8.465 -0.044702
8.47 -0.046275
8.475 -0.043996
8.48 -0.035439
8.485 -0.017838
8.49 0.0036604
8.495 0.021624
8.5 0.037742
8.505 0.056323
8.51 0.073895
8.515 0.085085
8.52 0.089705
8.525 0.089252
8.53 0.081335
8.535 0.063927
8.54 0.042874
8.545 0.026101
8.55 0.014922
8.555 0.0052437
8.56 -0.0066294
8.565 -0.020773
8.57 -0.034234
8.575 -0.043932
8.58 -0.048994
8.585 -0.050366
8.59 -0.049683
8.595 -0.048193
8.6 -0.045579
8.605 -0.040906
8.61 -0.032719
8.615 -0.018605
8.62 0.00077124
8.625 0.019549
8.63 0.03257
8.635 0.041023
8.64 0.047385
8.645 0.050808
8.65 0.050576
8.655 0.047338
8.66 0.04086
8.665 0.030964
8.67 0.019558
8.675 0.0091347
8.68 0.00048486
8.685 -0.0073835
8.69 -0.014914
8.695 -0.021776
8.7 -0.027285
8.705 -0.030178
8.71 -0.030247
8.715 -0.027377
8.72 -0.020485
8.725 -0.010522
8.73 -0.00060276
8.735 0.0072235
8.74 0.012208
8.745 0.014579
8.75 0.015108
8.755 0.014283
8.76 0.013189
8.765 0.012791
8.77 0.013292
8.775 0.013893
8.78 0.012839
8.785 0.009653
8.79 0.0058511
8.795 0.0031763
8.8 0.0018627
8.805 0.0011528
8.81 0.00029608
8.815 -0.0012042
8.82 -0.0050481
8.825 -0.012466
8.83 -0.022438
8.835 -0.03432
8.84 -0.046602
8.845 -0.056741
8.85 -0.064388
8.855 -0.070926
8.86 -0.076821
8.865 -0.081476
8.87 -0.084611
8.875 -0.086399
8.88 -0.087028
8.885 -0.086656
8.89 -0.085789
8.895 -0.085126
8.9 -0.085311
8.905 -0.087228
8.91 -0.090997
8.915 -0.095426
8.92 -0.099211
8.925 -0.10172
8.93 -0.10276
8.935 -0.10087
8.94 -0.092725
8.945 -0.076378
8.95 -0.054138
8.955 -0.03103
8.96 -0.010707
8.965 0.0060761
8.97 0.019435
8.975 0.030342
8.98 0.040341
8.985 0.050267
8.99 0.059662
8.995 0.067175
9 0.072589
9.005 0.075482
9.01 0.074217
9.015 0.067278
9.02 0.054272
9.025 0.037387
9.03 0.020783
9.035 0.0086062
9.04 0.00256
9.045 0.0022458
9.05 0.0084264
9.055 0.021025
9.06 0.035637
9.065 0.047192
9.07 0.054727
9.075 0.059588
9.08 0.062444
9.085 0.063906
9.09 0.064514
9.095 0.063445
9.1 0.05925
9.105 0.052334
9.11 0.044512
9.115 0.037303
9.12 0.031018
9.125 0.024572
9.13 0.016885
9.135 0.0075695
9.14 -0.0018078
9.145 -0.0090951
9.15 -0.013892
9.155 -0.016489
9.16 -0.017331
9.165 -0.016401
9.17 -0.013444
9.175 -0.0089232
9.18 -0.0030445
9.185 0.0040488
9.19 0.011134
9.195 0.015935
9.2 0.017142
9.205 0.014945
9.21 0.01039
9.215 0.0052436
9.22 0.00032547
9.225 -0.004281
9.23 -0.0086236
9.235 -0.012987
9.24 -0.017602
9.245 -0.022558
9.25 -0.027869
9.255 -0.033479
9.26 -0.038966
9.265 -0.043094
9.27 -0.044911
9.275 -0.044733
9.28 -0.04278
9.285 -0.038749
9.29 -0.032572
9.295 -0.025135
9.3 -0.017583
9.305 -0.010805
9.31 -0.0057259
9.315 -0.0027149
9.32 -0.001618
9.325 -0.0016494
9.33 -0.0016665
9.335 -0.00072023
9.34 0.0017485
9.345 0.0056606
9.35 0.010914
9.355 0.017216
9.36 0.023905
9.365 0.030323
9.37 0.036811
9.375 0.044604
9.38 0.053206
9.385 0.060848
9.39 0.066235
9.395 0.068317
9.4 0.066675
9.405 0.061899
9.41 0.055498
9.415 0.049657
9.42 0.045359
9.425 0.041505
9.43 0.037878
9.435 0.035888
9.44 0.036337
9.445 0.03941
9.45 0.044879
9.455 0.051973
9.46 0.059664
9.465 0.066754
9.47 0.072491
9.475 0.076435
9.48 0.077906
9.485 0.075087
9.49 0.065607
9.495 0.0501
9.5 0.031162
9.505 0.01128
9.51 -0.005084
9.515 -0.015097
9.52 -0.020604
9.525 -0.024261
9.53 -0.027529
9.535 -0.031563
9.54 -0.037382
9.545 -0.044151
9.55 -0.049906
9.555 -0.053944
9.56 -0.056095
9.565 -0.055787
9.57 -0.052397
9.575 -0.045289
9.58 -0.03536
9.585 -0.025886
9.59 -0.019428
9.595 -0.016241
9.6 -0.015979
9.605 -0.018467
9.61 -0.022533
9.615 -0.026141
9.62 -0.028166
9.625 -0.028461
9.63 -0.026983
9.635 -0.023642
9.64 -0.018609
9.645 -0.012983
9.65 -0.0081711
9.655 -0.0039177
9.66 0.0010513
9.665 0.0073779
9.67 0.014726
9.675 0.022057
9.68 0.02845
9.685 0.033054
9.69 0.034916
9.695 0.033679
9.7 0.029137
9.705 0.020586
9.71 0.0090282
9.715 -0.0026807
9.72 -0.01276
9.725 -0.020347
9.73 -0.024993
9.735 -0.027201
9.74 -0.027752
9.745 -0.026565
9.75 -0.022592
9.755 -0.015679
9.76 -0.0063452
9.765 0.0050157
9.77 0.017757
9.775 0.031091
9.78 0.043959
9.785 0.055241
9.79 0.063993
9.795 0.069984
9.8 0.073594
9.805 0.075235
9.81 0.075354
9.815 0.074417
9.82 0.071678
9.825 0.064793
9.83 0.05279
9.835 0.036039
9.84 0.01438
9.845 -0.0085929
9.85 -0.027422
9.855 -0.042165
9.86 -0.054474
9.865 -0.063241
9.87 -0.068221
9.875 -0.070962
9.88 -0.071622
9.885 -0.069677
9.89 -0.066378
9.895 -0.063048
9.9 -0.060117
9.905 -0.057654
9.91 -0.055594
9.915 -0.054342
9.92 -0.054193
9.925 -0.055016
9.93 -0.056638
9.935 -0.058843
9.94 -0.061541
9.945 -0.064283
9.95 -0.066255
9.955 -0.067596
9.96 -0.068865
9.965 -0.069495
9.97 -0.068403
9.975 -0.065038
9.98 -0.05905
9.985 -0.050284
9.99 -0.038494
9.995 -0.02422
10 -0.0088072
10.005 0.007256
10.01 0.022457
10.015 0.035021
10.02 0.044561
10.025 0.051109
10.03 0.056155
10.035 0.06113
10.04 0.065564
10.045 0.068993
10.05 0.070945
10.055 0.070062
10.06 0.065327
10.065 0.05714
10.07 0.046089
10.075 0.032144
10.08 0.016563
10.085 0.00054744
10.09 -0.015778
10.095 -0.031107
10.1 -0.044351
10.105 -0.055786
10.11 -0.064941
10.115 -0.070958
10.12 -0.074702
10.125 -0.077359
10.13 -0.078813
10.135 -0.079091
10.14 -0.078502
10.145 -0.076887
10.15 -0.073777
10.155 -0.068699
10.16 -0.061338
10.165 -0.051335
10.17 -0.038838
10.175 -0.024663
10.18 -0.010534
10.185 0.0011757
10.19 0.010174
10.195 0.018141
10.2 0.025664
10.205 0.032237
10.21 0.03767
10.215 0.041755
10.22 0.044425
10.225 0.045911
10.23 0.04605
10.235 0.044371
10.24 0.040057
10.245 0.032846
10.25 0.02346
10.255 0.012807
10.26 0.0025506
10.265 -0.0055071
10.27 -0.011474
10.275 -0.017055
10.28 -0.022797
10.285 -0.02812
10.29 -0.033572
10.295 -0.039251
10.3 -0.04372
10.305 -0.046642
10.31 -0.048946
10.315 -0.050673
10.32 -0.05161
10.325 -0.051876
10.33 -0.051061
10.335 -0.048641
10.34 -0.044457
10.345 -0.038857
10.35 -0.032284
10.355 -0.025333
10.36 -0.019092
10.365 -0.013882
10.37 -0.0092053
10.375 -0.0042427
10.38 0.0018661
10.385 0.0084958
10.39 0.014528
10.395 0.020098
10.4 0.025388
10.405 0.029958
10.41 0.03341
10.415 0.035775
10.42 0.037209
10.425 0.037528
10.43 0.0367
10.435 0.035182
10.44 0.033404
10.445 0.031328
10.45 0.028777
10.455 0.02577
10.46 0.022558
10.465 0.019524
10.47 0.01684
10.475 0.014276
10.48 0.011646
10.485 0.0096308
10.49 0.0088493
10.495 0.0089118
10.5 0.0097216
10.505 0.011401
10.51 0.01335
10.515 0.014807
10.52 0.015326
10.525 0.01502
10.53 0.014268
10.535 0.012711
10.54 0.0091952
10.545 0.0034194
10.55 -0.0033254
10.555 -0.0099041
10.56 -0.015984
10.565 -0.021765
10.57 -0.02705
10.575 -0.03118
10.58 -0.034274
10.585 -0.036812
10.59 -0.038955
10.595 -0.039783
10.6 -0.0387
10.605 -0.036336
10.61 -0.032963
10.615 -0.02824
10.62 -0.022296
10.625 -0.01602
10.63 -0.010071
10.635 -0.0046124
10.64 0.00011042
10.645 0.0039757
10.65 0.0068826
10.655 0.0079464
10.66 0.0068496
10.665 0.0042698
10.67 0.0011126
10.675 -0.0021453
10.68 -0.005291
10.685 -0.0074298
10.69 -0.0089192
10.695 -0.010561
10.7 -0.012044
10.705 -0.013709
10.71 -0.015933
10.715 -0.017806
10.72 -0.018557
10.725 -0.01858
10.73 -0.018612
10.735 -0.019186
10.74 -0.021002
10.745 -0.024235
10.75 -0.027872
10.755 -0.030735
10.76 -0.031742
10.765 -0.030137
10.77 -0.024399
10.775 -0.01355
10.78 -0.00043223
10.785 0.011492
10.79 0.021241
10.795 0.029214
10.8 0.036138
10.805 0.04291
10.81 0.049729
10.815 0.055512
10.82 0.059717
10.825 0.062217
10.83 0.062421
10.835 0.06019
10.84 0.055482
10.845 0.048479
10.85 0.040389
10.855 0.032001
10.86 0.023225
10.865 0.01495
10.87 0.0080406
10.875 0.0018222
10.88 -0.0041461
10.885 -0.0094642
10.89 -0.013853
10.895 -0.017017
10.9 -0.01849
10.905 -0.017953
10.91 -0.015541
10.915 -0.012025
10.92 -0.0082065
10.925 -0.0047438
10.93 -0.0020691
10.935 4.5073e-005
10.94 0.002287
10.945 0.0054299
10.95 0.0092166
10.955 0.012519
10.96 0.014404
10.965 0.014167
10.97 0.011901
10.975 0.0081215
10.98 0.0032691
10.985 -0.0017327
10.99 -0.0066127
10.995 -0.01202
11 -0.0173
11.005 -0.020925
11.01 -0.022671
11.015 -0.022723
11.02 -0.020923
11.025 -0.017673
11.03 -0.013547
11.035 -0.0091875
11.04 -0.0059836
11.045 -0.004555
11.05 -0.0042049
11.055 -0.0045495
11.06 -0.0053835
11.065 -0.0057545
11.07 -0.0045138
11.075 -0.0014856
11.08 0.002217
11.085 0.0052712
11.09 0.0073137
11.095 0.008258
11.1 0.0083473
11.105 0.008215
11.11 0.0082725
11.115 0.0090546
11.12 0.010303
11.125 0.011248
11.13 0.011684
11.135 0.011829
11.14 0.012345
11.145 0.013442
11.15 0.014664
11.155 0.015616
11.16 0.015975
11.165 0.015575
11.17 0.014221
11.175 0.011707
11.18 0.0085713
11.185 0.0059159
11.19 0.0046976
11.195 0.0052887
11.2 0.0075549
11.205 0.011239
11.21 0.015335
11.215 0.018284
11.22 0.019429
11.225 0.01895
11.23 0.016606
11.235 0.011802
11.24 0.0040767
11.245 -0.0065985
11.25 -0.019074
11.255 -0.031532
11.26 -0.043112
11.265 -0.053366
11.27 -0.061766
11.275 -0.068863
11.28 -0.075075
11.285 -0.079885
11.29 -0.083388
11.295 -0.086635
11.3 -0.089813
11.305 -0.092087
11.31 -0.093116
11.315 -0.093169
11.32 -0.09248
11.325 -0.090592
11.33 -0.087072
11.335 -0.082131
11.34 -0.075999
11.345 -0.068831
11.35 -0.06129
11.355 -0.053581
11.36 -0.044871
11.365 -0.035199
11.37 -0.025819
11.375 -0.016972
11.38 -0.0080497
11.385 0.00052494
11.39 0.0085861
11.395 0.016464
11.4 0.024053
11.405 0.030837
11.41 0.035882
11.415 0.038232
11.42 0.036941
11.425 0.031197
11.43 0.021343
11.435 0.0099106
11.44 -0.00080582
11.445 -0.010194
11.45 -0.01752
11.455 -0.022561
11.46 -0.025927
11.465 -0.027874
11.47 -0.028289
11.475 -0.026852
11.48 -0.023661
11.485 -0.019219
11.49 -0.013613
11.495 -0.0076112
11.5 -0.0028726
11.505 -0.00060686
11.51 -0.00096575
11.515 -0.0034576
11.52 -0.0074172
11.525 -0.011576
11.53 -0.01509
11.535 -0.018007
11.54 -0.020172
11.545 -0.021394
11.55 -0.021819
11.555 -0.021695
11.56 -0.021034
11.565 -0.019521
11.57 -0.017189
11.575 -0.014015
11.58 -0.0097162
11.585 -0.0047819
11.59 0.00018911
11.595 0.0048603
11.6 0.0084499
11.605 0.010266
11.61 0.010018
11.615 0.0076409
11.62 0.0035277
11.625 -0.0019136
11.63 -0.0083723
11.635 -0.015134
11.64 -0.021469
11.645 -0.026943
11.65 -0.031343
11.655 -0.034295
11.66 -0.035517
11.665 -0.034946
11.67 -0.032089
11.675 -0.027581
11.68 -0.022877
11.685 -0.018169
11.69 -0.013453
11.695 -0.0088193
11.7 -0.0039511
11.705 0.0015216
11.71 0.0081856
11.715 0.01639
11.72 0.025047
11.725 0.032104
11.73 0.037025
11.735 0.040444
11.74 0.042597
11.745 0.043696
11.75 0.043591
11.755 0.041865
11.76 0.038741
11.765 0.034813
11.77 0.030746
11.775 0.027223
11.78 0.024458
11.785 0.02253
11.79 0.021509
11.795 0.020724
11.8 0.019666
11.805 0.018647
11.81 0.017783
11.815 0.016829
11.82 0.015614
11.825 0.014341
11.83 0.013385
11.835 0.012762
11.84 0.012494
11.845 0.012604
11.85 0.013092
11.855 0.013995
11.86 0.015177
11.865 0.016513
11.87 0.017711
11.875 0.01872
11.88 0.01966
11.885 0.020857
11.89 0.022764
11.895 0.025146
11.9 0.027901
11.905 0.031671
11.91 0.036497
11.915 0.042031
11.92 0.048101
11.925 0.053797
11.93 0.058693
11.935 0.063324
11.94 0.068146
11.945 0.073282
11.95 0.078436
11.955 0.082999
11.96 0.086115
11.965 0.08749
11.97 0.087589
11.975 0.086408
11.98 0.083579
11.985 0.079543
11.99 0.075254
11.995 0.071024
12 0.066417
12.005 0.060975
12.01 0.054285
12.015 0.046151
12.02 0.037499
12.025 0.029747
12.03 0.023776
12.035 0.019637
12.04 0.017108
12.045 0.016163
12.05 0.016519
12.055 0.018001
12.06 0.019994
12.065 0.021455
12.07 0.022099
12.075 0.022313
12.08 0.022369
12.085 0.021803
12.09 0.020391
12.095 0.018333
12.1 0.015849
12.105 0.013583
12.11 0.011785
12.115 0.010176
12.12 0.0080835
12.125 0.0056019
12.13 0.0034793
12.135 0.001677
12.14 0.00031152
12.145 -0.00086343
12.15 -0.002705
12.155 -0.0056087
12.16 -0.0094572
12.165 -0.013492
12.17 -0.017165
12.175 -0.020276
12.18 -0.022002
12.185 -0.021839
12.19 -0.019472
12.195 -0.015203
12.2 -0.0099103
12.205 -0.0042071
12.21 0.0011063
12.215 0.0062292
12.22 0.011034
12.225 0.014517
12.23 0.016216
12.235 0.016137
12.24 0.015139
12.245 0.013823
12.25 0.011542
12.255 0.0083798
12.26 0.0053458
12.265 0.0026082
12.27 -0.00059294
12.275 -0.0047788
12.28 -0.0086104
12.285 -0.011321
12.29 -0.013017
12.295 -0.012975
12.3 -0.010294
12.305 -0.0042988
12.31 0.0038656
12.315 0.013015
12.32 0.022177
12.325 0.029531
12.33 0.034665
12.335 0.038081
12.34 0.040006
12.345 0.041118
12.35 0.041225
12.355 0.039461
12.36 0.035731
12.365 0.029738
12.37 0.021458
12.375 0.012072
12.38 0.0029077
12.385 -0.0053518
12.39 -0.011931
12.395 -0.016598
12.4 -0.019822
12.405 -0.021553
12.41 -0.022099
12.415 -0.021647
12.42 -0.020456
12.425 -0.01973
12.43 -0.019414
12.435 -0.018446
12.44 -0.016716
12.445 -0.01459
12.45 -0.011952
12.455 -0.0083255
12.46 -0.0038165
12.465 0.00094658
12.47 0.0060869
12.475 0.011768
12.48 0.01758
12.485 0.023605
12.49 0.029268
12.495 0.033417
12.5 0.036798
12.505 0.040285
12.51 0.043563
12.515 0.046652
12.52 0.049667
12.525 0.052695
12.53 0.056074
12.535 0.059575
12.54 0.062718
12.545 0.065688
12.55 0.068232
12.555 0.069816
12.56 0.070365
12.565 0.069174
12.57 0.065842
12.575 0.060815
12.58 0.05382
12.585 0.04464
12.59 0.034561
12.595 0.025762
12.6 0.018896
12.605 0.01355
12.61 0.010235
12.615 0.0087468
12.62 0.0084097
12.625 0.0093253
12.63 0.011665
12.635 0.015535
12.64 0.020727
12.645 0.02673
12.65 0.033153
12.655 0.039844
12.66 0.046256
12.665 0.051701
12.67 0.056363
12.675 0.060071
12.68 0.062304
12.685 0.062902
12.69 0.061697
12.695 0.059186
12.7 0.055685
12.705 0.05112
12.71 0.045924
12.715 0.040906
12.72 0.036008
12.725 0.031056
12.73 0.026932
12.735 0.023638
12.74 0.020705
12.745 0.017853
12.75 0.014613
12.755 0.010933
12.76 0.0073992
12.765 0.0043552
12.77 0.0022021
12.775 0.00094956
12.78 -8.2265e-005
12.785 -0.0009366
12.79 -0.0019426
12.795 -0.0030824
12.8 -0.0039173
12.805 -0.0044636
12.81 -0.0051023
12.815 -0.0061489
12.82 -0.0076143
12.825 -0.0090081
12.83 -0.0094199
12.835 -0.0093639
12.84 -0.0093743
12.845 -0.0091117
12.85 -0.0087817
12.855 -0.0082663
12.86 -0.0075059
12.865 -0.0065012
12.87 -0.004707
12.875 -0.00221
12.88 9.5317e-005
12.885 0.0015936
12.89 0.0022414
12.895 0.0017638
12.9 0.00014529
12.905 -0.0024819
12.91 -0.005735
12.915 -0.0089995
12.92 -0.012749
12.925 -0.017242
12.93 -0.022032
12.935 -0.027327
12.94 -0.033079
12.945 -0.038881
12.95 -0.045094
12.955 -0.051434
12.96 -0.057097
12.965 -0.062339
12.97 -0.067636
12.975 -0.072782
12.98 -0.077234
12.985 -0.080931
12.99 -0.084424
12.995 -0.087535
13 -0.089365
13.005 -0.089891
13.01 -0.089594
13.015 -0.088583
13.02 -0.086822
13.025 -0.0844
13.03 -0.081285
13.035 -0.076844
13.04 -0.070466
13.045 -0.062656
13.05 -0.05384
13.055 -0.043821
13.06 -0.033192
13.065 -0.022448
13.07 -0.011228
13.075 0.0001975
13.08 0.010164
13.085 0.017646
13.09 0.023323
13.095 0.027538
13.1 0.03
13.105 0.030957
13.11 0.030818
13.115 0.029643
13.12 0.027395
13.125 0.024181
13.13 0.020879
13.135 0.017981
13.14 0.015098
13.145 0.012904
13.15 0.011961
13.155 0.012008
13.16 0.01293
13.165 0.014415
13.17 0.016003
13.175 0.01741
13.18 0.018772
13.185 0.019987
13.19 0.020655
13.195 0.020618
13.2 0.020328
13.205 0.019854
13.21 0.01899
13.215 0.018063
13.22 0.016706
13.225 0.014893
13.23 0.01318
13.235 0.011203
13.24 0.0089205
13.245 0.0066833
13.25 0.0041123
13.255 0.0011412
13.26 -0.0021042
13.265 -0.0055171
13.27 -0.0088319
13.275 -0.011881
13.28 -0.01506
13.285 -0.018672
13.29 -0.021733
13.295 -0.024234
13.3 -0.027199
13.305 -0.030413
13.31 -0.033089
13.315 -0.034736
13.32 -0.035434
13.325 -0.035495
13.33 -0.034691
13.335 -0.032866
13.34 -0.030332
13.345 -0.02763
13.35 -0.024885
13.355 -0.021769
13.36 -0.01852
13.365 -0.015756
13.37 -0.013493
13.375 -0.011895
13.38 -0.011543
13.385 -0.012023
13.39 -0.012891
13.395 -0.014154
13.4 -0.015437
13.405 -0.016546
13.41 -0.017378
13.415 -0.017669
13.42 -0.017164
13.425 -0.015356
13.43 -0.012545
13.435 -0.0092891
13.44 -0.0056227
13.445 -0.0023101
13.45 0.00012823
13.455 0.0018025
13.46 0.0028848
13.465 0.0032353
13.47 0.0019685
13.475 -0.00096596
13.48 -0.0047997
13.485 -0.0094867
13.49 -0.015081
13.495 -0.021646
13.5 -0.029201
13.505 -0.037149
13.51 -0.044586
13.515 -0.051105
13.52 -0.0571
13.525 -0.062233
13.53 -0.065974
13.535 -0.06877
13.54 -0.070427
13.545 -0.070944
13.55 -0.070045
13.555 -0.066915
13.56 -0.061626
13.565 -0.054412
13.57 -0.045797
13.575 -0.036318
13.58 -0.027238
13.585 -0.019369
13.59 -0.011796
13.595 -0.0043126
13.6 0.0024764
13.605 0.0081863
13.61 0.01231
13.615 0.014758
13.62 0.015961
13.625 0.016152
13.63 0.01542
13.635 0.013804
13.64 0.011626
13.645 0.0095234
13.65 0.0073853
13.655 0.004715
13.66 0.0021006
13.665 0.00026623
13.67 -0.0013015
13.675 -0.0028614
13.68 -0.0038006
13.685 -0.0037809
13.69 -0.0034225
13.695 -0.0031047
13.7 -0.0024668
13.705 -0.0021123
13.71 -0.0022193
13.715 -0.0024715
13.72 -0.0028565
13.725 -0.00277
13.73 -0.0021866
13.735 -0.0011294
13.74 0.00087821
13.745 0.0036483
13.75 0.0068229
13.755 0.010759
13.76 0.015887
13.765 0.021655
13.77 0.027793
13.775 0.034663
13.78 0.041216
13.785 0.046477
13.79 0.050472
13.795 0.052682
13.8 0.053312
13.805 0.053001
13.81 0.051375
13.815 0.047768
13.82 0.041779
13.825 0.03307
13.83 0.021576
13.835 0.0086918
13.84 -0.0049328
13.845 -0.018862
13.85 -0.031424
13.855 -0.042222
13.86 -0.051195
13.865 -0.058195
13.87 -0.06377
13.875 -0.068672
13.88 -0.072451
13.885 -0.074409
13.89 -0.075348
13.895 -0.075612
13.9 -0.075115
13.905 -0.07377
13.91 -0.071257
13.915 -0.068088
13.92 -0.064661
13.925 -0.061176
13.93 -0.057519
13.935 -0.053671
13.94 -0.050258
13.945 -0.047096
13.95 -0.043821
13.955 -0.040411
13.96 -0.036939
13.965 -0.033701
13.97 -0.030976
13.975 -0.029034
13.98 -0.027402
13.985 -0.025736
13.99 -0.024191
13.995 -0.022346
14 -0.020523
14.005 -0.019258
14.01 -0.018552
14.015 -0.018036
14.02 -0.01692
14.025 -0.015364
14.03 -0.013745
14.035 -0.011903
14.04 -0.0092194
14.045 -0.0054116
14.05 -0.00073775
14.055 0.0052504
14.06 0.012763
14.065 0.020685
14.07 0.027356
14.075 0.032501
14.08 0.036328
14.085 0.038314
14.09 0.038561
14.095 0.037025
14.1 0.033159
14.105 0.027365
14.11 0.019961
14.115 0.011459
14.12 0.0032535
14.125 -0.0039891
14.13 -0.0097931
14.135 -0.014044
14.14 -0.017021
14.145 -0.018466
14.15 -0.018035
14.155 -0.015507
14.16 -0.01125
14.165 -0.0058525
14.17 0.00049245
14.175 0.0071275
14.18 0.013033
14.185 0.018148
14.19 0.022411
14.195 0.025797
14.2 0.028593
14.205 0.029994
14.21 0.029378
14.215 0.027316
14.22 0.024666
14.225 0.021774
14.23 0.018978
14.235 0.017091
14.24 0.015973
14.245 0.015027
14.25 0.014424
14.255 0.014391
14.26 0.015668
14.265 0.018037
14.27 0.020295
14.275 0.022622
14.28 0.02495
14.285 0.026648
14.29 0.027843
14.295 0.028172
14.3 0.027654
14.305 0.026325
14.31 0.023355
14.315 0.0198
14.32 0.016169
14.325 0.011667
14.33 0.00714
14.335 0.0031217
14.34 -0.00067187
14.345 -0.0040316
14.35 -0.0064058
14.355 -0.007593
14.36 -0.0083932
14.365 -0.009082
14.37 -0.0097221
14.375 -0.010496
14.38 -0.011394
14.385 -0.012541
14.39 -0.013442
14.395 -0.014681
14.4 -0.016613
14.405 -0.017956
14.41 -0.018855
14.415 -0.019522
14.42 -0.019286
14.425 -0.017993
14.43 -0.015902
14.435 -0.01369
14.44 -0.010956
14.445 -0.0076906
14.45 -0.0046645
14.455 -0.0020996
14.46 -0.00014456
14.465 0.001009
14.47 0.0013287
14.475 0.0011243
14.48 0.00069811
14.485 0.00043467
14.49 0.00029016
14.495 -0.00017435
14.5 -0.00081499
14.505 -0.0014255
14.51 -0.002165
14.515 -0.0026995
14.52 -0.0022679
14.525 -0.00094181
14.53 0.00058241
14.535 0.002132
14.54 0.0034663
14.545 0.0045342
14.55 0.005223
14.555 0.0055877
14.56 0.0064892
14.565 0.0081902
14.57 0.010122
14.575 0.012086
14.58 0.014631
14.585 0.01844
14.59 0.022935
14.595 0.027102
14.6 0.031657
14.605 0.036266
14.61 0.040173
14.615 0.043036
14.62 0.044211
14.625 0.044451
14.63 0.043578
14.635 0.040814
14.64 0.036463
14.645 0.030595
14.65 0.023205
14.655 0.015026
14.66 0.0065964
14.665 -0.0014576
14.67 -0.0081993
14.675 -0.013647
14.68 -0.017958
14.685 -0.020905
14.69 -0.022397
14.695 -0.022915
14.7 -0.023686
14.705 -0.024898
14.71 -0.025849
14.715 -0.026544
14.72 -0.026651
14.725 -0.025777
14.73 -0.024229
14.735 -0.021652
14.74 -0.017863
14.745 -0.013725
14.75 -0.0095969
14.755 -0.0055266
14.76 -0.0017952
14.765 0.0012274
14.77 0.0030561
14.775 0.0038571
14.78 0.0042108
14.785 0.0041578
14.79 0.0035534
14.795 0.0026001
14.8 0.0017928
14.805 0.001131
14.81 0.00051518
14.815 0.00012548
14.82 -7.967e-005
14.825 0.00038183
14.83 0.0015323
14.835 0.0027506
14.84 0.0037514
14.845 0.0043058
14.85 0.0049855
14.855 0.0057721
14.86 0.0057368
14.865 0.0049188
14.87 0.0037311
14.875 0.0028413
14.88 0.0021365
14.885 0.0015133
14.89 0.0019358
14.895 0.0035423
14.9 0.0054316
14.905 0.0074299
14.91 0.0099661
14.915 0.012384
14.92 0.014013
14.925 0.014696
14.93 0.014321
14.935 0.013001
14.94 0.01088
14.945 0.0078919
14.95 0.0041839
14.955 4.2771e-005
14.96 -0.0041646
14.965 -0.0080478
14.97 -0.011309
14.975 -0.013577
14.98 -0.015004
14.985 -0.015708
14.99 -0.016074
14.995 -0.016127
15 -0.01502
15.005 -0.012587
15.01 -0.009248
15.015 -0.0052393
15.02 -0.00078645
15.025 0.0032019
15.03 0.0068143
15.035 0.010445
15.04 0.013428
15.045 0.015907
15.05 0.018081
15.055 0.019783
15.06 0.02082
15.065 0.021468
15.07 0.02216
15.075 0.021922
15.08 0.020525
15.085 0.018352
15.09 0.015445
15.095 0.011876
15.1 0.007845
15.105 0.0045179
15.11 0.002652
15.115 0.0018188
15.12 0.0011609
15.125 0.0011709
15.13 0.0023822
15.135 0.0040463
15.14 0.0058734
15.145 0.00776
15.15 0.0093317
15.155 0.010299
15.16 0.010564
15.165 0.010282
15.17 0.0096513
15.175 0.0083734
15.18 0.0063763
15.185 0.0037886
15.19 0.00011805
15.195 -0.0049505
15.2 -0.011213
15.205 -0.017889
15.21 -0.024083
15.215 -0.029577
15.22 -0.034474
15.225 -0.03882
15.23 -0.042536
15.235 -0.045301
15.24 -0.046561
15.245 -0.046883
15.25 -0.047082
15.255 -0.046548
15.26 -0.045092
15.265 -0.042992
15.27 -0.040427
15.275 -0.037327
15.28 -0.033047
15.285 -0.028214
15.29 -0.024141
15.295 -0.020822
15.3 -0.017933
15.305 -0.015686
15.31 -0.014495
15.315 -0.014418
15.32 -0.015143
15.325 -0.016338
15.33 -0.017626
15.335 -0.01899
15.34 -0.02025
15.345 -0.020976
15.35 -0.021268
15.355 -0.021426
15.36 -0.021411
15.365 -0.021234
15.37 -0.0211
15.375 -0.020652
15.38 -0.019834
15.385 -0.019311
15.39 -0.019132
15.395 -0.0186
15.4 -0.01779
15.405 -0.017018
15.41 -0.015825
15.415 -0.013818
15.42 -0.011281
15.425 -0.0086378
15.43 -0.0057889
15.435 -0.0024019
15.44 0.0014535
15.445 0.0048708
15.45 0.0075357
15.455 0.0095758
15.46 0.010513
15.465 0.0098259
15.47 0.0073208
15.475 0.0037425
15.48 -0.0003788
15.485 -0.0051315
15.49 -0.0095741
15.495 -0.012893
15.5 -0.015536
15.505 -0.018031
15.51 -0.020034
15.515 -0.021401
15.52 -0.022609
15.525 -0.023071
15.53 -0.022579
15.535 -0.02202
15.54 -0.021242
15.545 -0.019847
15.55 -0.018363
15.555 -0.01724
15.56 -0.016534
15.565 -0.016176
15.57 -0.015956
15.575 -0.015972
15.58 -0.016733
15.585 -0.018207
15.59 -0.019716
15.595 -0.020985
15.6 -0.022134
15.605 -0.023357
15.61 -0.024388
15.615 -0.025164
15.62 -0.025756
15.625 -0.025441
15.63 -0.024182
15.635 -0.02234
15.64 -0.019766
15.645 -0.016427
15.65 -0.012289
15.655 -0.0071632
15.66 -0.0012418
15.665 0.0047482
15.67 0.010343
15.675 0.015621
15.68 0.020221
15.685 0.023906
15.69 0.026809
15.695 0.02899
15.7 0.030424
15.705 0.031031
15.71 0.031241
15.715 0.031144
15.72 0.03056
15.725 0.030087
15.73 0.029695
15.735 0.0287
15.74 0.027671
15.745 0.026942
15.75 0.026134
15.755 0.025102
15.76 0.024161
15.765 0.023572
15.77 0.022773
15.775 0.021723
15.78 0.020571
15.785 0.019428
15.79 0.019147
15.795 0.019826
15.8 0.020684
15.805 0.021669
15.81 0.023254
15.815 0.025203
15.82 0.0269
15.825 0.028566
15.83 0.030324
15.835 0.031967
15.84 0.033489
15.845 0.033993
15.85 0.033214
15.855 0.031744
15.86 0.029407
15.865 0.02611
15.87 0.021986
15.875 0.017646
15.88 0.013377
15.885 0.0086808
15.89 0.0043375
15.895 0.0013496
15.9 -0.00051898
15.905 -0.0017177
15.91 -0.0027871
15.915 -0.0033224
15.92 -0.0028214
15.925 -0.00164
15.93 0.00028251
15.935 0.0023931
15.94 0.0041014
15.945 0.0054884
15.95 0.0066034
15.955 0.0075926
15.96 0.0083545
15.965 0.009261
15.97 0.010543
15.975 0.011574
15.98 0.012147
15.985 0.012333
15.99 0.012433
15.995 0.012301
16 0.011481
16.005 0.010411
16.01 0.0091211
16.015 0.0072997
16.02 0.005173
16.025 0.0029658
16.03 0.0009513
16.035 -0.0011002
16.04 -0.0033829
16.045 -0.0054419
16.05 -0.0069258
16.055 -0.0075996
16.06 -0.007861
16.065 -0.0078855
16.07 -0.0073521
16.075 -0.0064139
16.08 -0.0052655
16.085 -0.0039715
16.09 -0.002508
16.095 -0.00093165
16.1 0.000638
16.105 0.002162
16.11 0.003281
16.115 0.0042612
16.12 0.0055071
16.125 0.0067529
16.13 0.0084231
16.135 0.010891
16.14 0.013655
16.145 0.016024
16.15 0.017556
16.155 0.018316
16.16 0.018679
16.165 0.018637
16.17 0.017786
16.175 0.016329
16.18 0.014928
16.185 0.013341
16.19 0.011151
16.195 0.0088342
16.2 0.0067386
16.205 0.0049333
16.21 0.0036675
16.215 0.0030549
16.22 0.0032014
16.225 0.0041599
16.23 0.0057209
16.235 0.0074806
16.24 0.0090442
16.245 0.010369
16.25 0.011589
16.255 0.012399
16.26 0.01253
16.265 0.012141
16.27 0.011444
16.275 0.010474
16.28 0.0092095
16.285 0.0078834
16.29 0.006634
16.295 0.0058041
16.3 0.0057007
16.305 0.0058415
16.31 0.0057034
16.315 0.005411
16.32 0.0054199
16.325 0.0056495
16.33 0.0056311
16.335 0.0053637
16.34 0.0050168
16.345 0.004458
16.35 0.0033112
16.355 0.0017127
16.36 0.00014201
16.365 -0.0014538
16.37 -0.0028907
16.375 -0.0040017
16.38 -0.0052328
16.385 -0.006388
16.39 -0.0070398
16.395 -0.0072475
16.4 -0.0073341
16.405 -0.0075405
16.41 -0.0073247
16.415 -0.0064782
16.42 -0.0056842
16.425 -0.0050103
16.43 -0.0038093
16.435 -0.0018936
16.44 0.00030543
16.445 0.0024204
16.45 0.0043805
16.455 0.0064549
16.46 0.00886
16.465 0.011083
16.47 0.01257
16.475 0.013122
16.48 0.01303
16.485 0.012502
16.49 0.011239
16.495 0.009702
16.5 0.0083046
16.505 0.0065074
16.51 0.0042074
16.515 0.0019055
16.52 -0.0007238
16.525 -0.0038119
16.53 -0.0066105
16.535 -0.008793
16.54 -0.010571
16.545 -0.012416
16.55 -0.014283
16.555 -0.015679
16.56 -0.016589
16.565 -0.017278
16.57 -0.017783
16.575 -0.018264
16.58 -0.01882
16.585 -0.019016
16.59 -0.018795
16.595 -0.018259
16.6 -0.016981
16.605 -0.014977
16.61 -0.01262
16.615 -0.010086
16.62 -0.0073742
16.625 -0.0047801
16.63 -0.0027885
16.635 -0.0013654
16.64 -0.00052541
16.645 -0.00021424
16.65 -0.00033526
16.655 -0.00088113
16.66 -0.0014267
16.665 -0.0020378
16.67 -0.0031289
16.675 -0.0044286
16.68 -0.0057252
16.685 -0.0070973
16.69 -0.0082294
16.695 -0.0088442
16.7 -0.009007
16.705 -0.0088327
16.71 -0.0086986
16.715 -0.008748
16.72 -0.0087523
16.725 -0.0088515
16.73 -0.0092943
16.735 -0.01024
16.74 -0.011639
16.745 -0.013248
16.75 -0.015067
16.755 -0.017044
16.76 -0.018855
16.765 -0.020144
16.77 -0.020875
16.775 -0.021303
16.78 -0.021436
16.785 -0.021155
16.79 -0.020435
16.795 -0.019332
16.8 -0.017925
16.805 -0.016187
16.81 -0.01437
16.815 -0.012841
16.82 -0.011493
16.825 -0.010257
16.83 -0.0094032
16.835 -0.0088458
16.84 -0.0084034
16.845 -0.0083544
16.85 -0.0089969
16.855 -0.010415
16.86 -0.012516
16.865 -0.015364
16.87 -0.018868
16.875 -0.022702
16.88 -0.026741
16.885 -0.031017
16.89 -0.035185
16.895 -0.038568
16.9 -0.041161
16.905 -0.043247
16.91 -0.044837
16.915 -0.045729
16.92 -0.045775
16.925 -0.044967
16.93 -0.043361
16.935 -0.040968
16.94 -0.037657
16.945 -0.033607
16.95 -0.029464
16.955 -0.025547
16.96 -0.021692
16.965 -0.017991
16.97 -0.014528
16.975 -0.011524
16.98 -0.009329
16.985 -0.0075338
16.99 -0.0057966
16.995 -0.0044411
17 -0.003728
17.005 -0.0030932
17.01 -0.0019695
17.015 -0.00091005
17.02 -0.00017316
17.025 0.00083154
17.03 0.0021668
17.035 0.0038084
17.04 0.0059809
17.045 0.0081311
17.05 0.0098851
17.055 0.011427
17.06 0.012972
17.065 0.014426
17.07 0.015452
17.075 0.016323
17.08 0.016967
17.085 0.017148
17.09 0.017139
17.095 0.01693
17.1 0.016523
17.105 0.015774
17.11 0.014608
17.115 0.013262
17.12 0.01178
17.125 0.010315
17.13 0.0091746
17.135 0.0079873
17.14 0.0063133
17.145 0.0047298
17.15 0.0037632
17.155 0.0029956
17.16 0.0018272
17.165 0.00060979
17.17 -0.00019061
17.175 -0.00091687
17.18 -0.0021883
17.185 -0.0042211
17.19 -0.0064079
17.195 -0.0083241
17.2 -0.010155
17.205 -0.0118
17.21 -0.013411
17.215 -0.015236
17.22 -0.017022
17.225 -0.01862
17.23 -0.019968
17.235 -0.02102
17.24 -0.02166
17.245 -0.022049
17.25 -0.022567
17.255 -0.023227
17.26 -0.023753
17.265 -0.023834
17.27 -0.023652
17.275 -0.023206
17.28 -0.022133
17.285 -0.020523
17.29 -0.018537
17.295 -0.0162
17.3 -0.013496
17.305 -0.010226
17.31 -0.006589
17.315 -0.0033069
17.32 -0.00055438
17.325 0.0022209
17.33 0.0054124
17.335 0.0088143
17.34 0.01223
17.345 0.015321
17.35 0.017597
17.355 0.019081
17.36 0.019829
17.365 0.020244
17.37 0.021071
17.375 0.022312
17.38 0.02347
17.385 0.024327
17.39 0.025079
17.395 0.026041
17.4 0.026756
17.405 0.027075
17.41 0.027263
17.415 0.02711
17.42 0.026831
17.425 0.026435
17.43 0.025648
17.435 0.024421
17.44 0.02261
17.445 0.019999
17.45 0.017077
17.455 0.014169
17.46 0.010829
17.465 0.0074317
17.47 0.0045906
17.475 0.0021791
17.48 -0.00019045
17.485 -0.002759
17.49 -0.005275
17.495 -0.0075887
17.5 -0.0096943
17.505 -0.011262
17.51 -0.012496
17.515 -0.014029
17.52 -0.015926
17.525 -0.017804
17.53 -0.019564
17.535 -0.021246
17.54 -0.022657
17.545 -0.023702
17.55 -0.024389
17.555 -0.024776
17.56 -0.024727
17.565 -0.024172
17.57 -0.023176
17.575 -0.021499
17.58 -0.019629
17.585 -0.018086
17.59 -0.01655
17.595 -0.015072
17.6 -0.014017
17.605 -0.013316
17.61 -0.012589
17.615 -0.011781
17.62 -0.010981
17.625 -0.010319
17.63 -0.010051
17.635 -0.010148
17.64 -0.01006
17.645 -0.0096326
17.65 -0.0092288
17.655 -0.0088062
17.66 -0.0083741
17.665 -0.0077363
17.67 -0.0065892
17.675 -0.0053404
17.68 -0.0040258
17.685 -0.0024327
17.69 -0.00088615
17.695 0.00071433
17.7 0.0024255
17.705 0.0041311
17.71 0.005827
17.715 0.0072548
17.72 0.0086278
17.725 0.010195
17.73 0.011445
17.735 0.012185
17.74 0.013029
17.745 0.013778
17.75 0.0139
17.755 0.013878
17.76 0.013793
17.765 0.013275
17.77 0.01266
17.775 0.012173
17.78 0.011512
17.785 0.01094
17.79 0.010729
17.795 0.01048
17.8 0.010269
17.805 0.010234
17.81 0.010196
17.815 0.010465
17.82 0.01114
17.825 0.011792
17.83 0.01247
17.835 0.013357
17.84 0.01437
17.845 0.0156
17.85 0.016808
17.855 0.017731
17.86 0.018709
17.865 0.019791
17.87 0.021009
17.875 0.022422
17.88 0.023857
17.885 0.025364
17.89 0.02668
17.895 0.027536
17.9 0.028368
17.905 0.029279
17.91 0.029801
17.915 0.030195
17.92 0.030422
17.925 0.030345
17.93 0.030374
17.935 0.030439
17.94 0.030817
17.945 0.031475
17.95 0.032121
17.955 0.033121
17.96 0.034783
17.965 0.036586
17.97 0.038095
17.975 0.039961
17.98 0.04202
17.985 0.043659
17.99 0.045205
17.995 0.046464
18 0.047296
18.005 0.048214
18.01 0.048706
18.015 0.048725
18.02 0.048581
18.025 0.048253
18.03 0.047847
18.035 0.047432
18.04 0.047163
18.045 0.047036
18.05 0.047556
18.055 0.048106
18.06 0.047791
18.065 0.047524
18.07 0.047826
18.075 0.048173
18.08 0.04832
18.085 0.048759
18.09 0.049333
18.095 0.04996
18.1 0.050855
18.105 0.0513
18.11 0.052016
18.115 0.053338
18.12 0.054207
18.125 0.054369
18.13 0.054604
18.135 0.055216
18.14 0.055324
18.145 0.054814
18.15 0.054201
18.155 0.053552
18.16 0.052323
18.165 0.051035
18.17 0.050124
18.175 0.048653
18.18 0.047161
18.185 0.045956
18.19 0.043985
18.195 0.041695
18.2 0.039838
18.205 0.037987
18.21 0.036183
18.215 0.034515
18.22 0.032863
18.225 0.031294
18.23 0.029544
18.235 0.02776
18.24 0.025892
18.245 0.024438
18.25 0.023312
18.255 0.0221
18.26 0.021309
18.265 0.020517
18.27 0.019828
18.275 0.019324
18.28 0.019017
18.285 0.018496
18.29 0.017561
18.295 0.016743
18.3 0.015249
18.305 0.013321
18.31 0.011419
18.315 0.0092187
18.32 0.0069378
18.325 0.0043914
18.33 0.0016884
18.335 -0.00092034
18.34 -0.0033043
18.345 -0.0055382
18.35 -0.0081812
18.355 -0.010673
18.36 -0.012453
18.365 -0.013941
18.37 -0.015385
18.375 -0.017146
18.38 -0.018781
18.385 -0.019744
18.39 -0.02066
18.395 -0.02158
18.4 -0.022338
18.405 -0.022551
18.41 -0.022154
18.415 -0.021821
18.42 -0.021142
18.425 -0.020045
18.43 -0.018925
18.435 -0.017545
18.44 -0.015993
18.445 -0.014011
18.45 -0.010867
18.455 -0.007496
18.46 -0.0043063
18.465 -0.00057833
18.47 0.0029001
18.475 0.0062158
18.48 0.0096877
18.485 0.012744
18.49 0.01545
18.495 0.017596
18.5 0.018766
18.505 0.019088
18.51 0.018543
18.515 0.017672
18.52 0.016734
18.525 0.015107
18.53 0.012777
18.535 0.010044
18.54 0.0072654
18.545 0.0039977
18.55 0.00052933
18.555 -0.0020769
18.56 -0.0047652
18.565 -0.0078043
18.57 -0.010402
18.575 -0.013293
18.58 -0.016246
18.585 -0.018428
18.59 -0.020346
18.595 -0.02217
18.6 -0.024204
18.605 -0.026067
18.61 -0.027708
18.615 -0.030112
18.62 -0.032178
18.625 -0.033874
18.63 -0.036006
18.635 -0.038124
18.64 -0.039913
18.645 -0.041256
18.65 -0.042509
18.655 -0.043915
18.66 -0.045293
18.665 -0.046611
18.67 -0.047964
18.675 -0.048993
18.68 -0.049904
18.685 -0.050573
18.69 -0.050994
18.695 -0.051766
18.7 -0.052311
18.705 -0.052728
18.71 -0.053226
18.715 -0.053311
18.72 -0.052777
18.725 -0.052033
18.73 -0.051395
18.735 -0.050834
18.74 -0.050002
18.745 -0.048564
18.75 -0.047122
18.755 -0.045577
18.76 -0.043923
18.765 -0.042305
18.77 -0.040911
18.775 -0.039721
18.78 -0.038111
18.785 -0.036507
18.79 -0.035093
18.795 -0.033262
18.8 -0.031349
18.805 -0.02951
18.81 -0.02719
18.815 -0.024596
18.82 -0.021986
18.825 -0.01957
18.83 -0.01748
18.835 -0.015499
18.84 -0.013922
18.845 -0.012776
18.85 -0.011899
18.855 -0.011518
18.86 -0.01142
18.865 -0.011905
18.87 -0.013393
18.875 -0.01529
18.88 -0.017393
18.885 -0.019419
18.89 -0.02111
18.895 -0.022612
18.9 -0.023347
18.905 -0.023371
18.91 -0.022884
18.915 -0.022108
18.92 -0.020978
18.925 -0.018993
18.93 -0.016396
18.935 -0.013374
18.94 -0.010583
18.945 -0.0081114
18.95 -0.0053966
18.955 -0.0026318
18.96 -0.00026711
18.965 0.0013357
18.97 0.0023981
18.975 0.0033865
18.98 0.003608
18.985 0.0031571
18.99 0.0028478
18.995 0.0018335
19 0.00039335
19.005 -0.0007297
19.01 -0.002486
19.015 -0.0046572
19.02 -0.0062898
19.025 -0.0072495
19.03 -0.0078836
19.035 -0.0083916
19.04 -0.0084807
19.045 -0.0083205
19.05 -0.008059
19.055 -0.007606
19.06 -0.0067394
19.065 -0.005081
19.07 -0.0031894
19.075 -0.0016251
19.08 -6.9137e-005
19.085 0.0014455
19.09 0.0030798
19.095 0.004583
19.1 0.0054948
19.105 0.0064379
19.11 0.0074252
19.115 0.0082616
19.12 0.0088385
19.125 0.0092802
19.13 0.0099461
19.135 0.010597
19.14 0.011177
19.145 0.011404
19.15 0.011295
19.155 0.011485
19.16 0.011796
19.165 0.011596
19.17 0.011382
19.175 0.011454
19.18 0.011166
19.185 0.010886
19.19 0.010809
19.195 0.010717
19.2 0.010707
19.205 0.010538
19.21 0.010423
19.215 0.010362
19.22 0.010398
19.225 0.010565
19.23 0.010328
19.235 0.01001
19.24 0.0098979
19.245 0.010029
19.25 0.010273
19.255 0.010258
19.26 0.010297
19.265 0.010867
19.27 0.011889
19.275 0.01302
19.28 0.014306
19.285 0.015485
19.29 0.016671
19.295 0.018367
19.3 0.020214
19.305 0.02162
19.31 0.022711
19.315 0.024218
19.32 0.025733
19.325 0.026738
19.33 0.027676
19.335 0.028598
19.34 0.029142
19.345 0.02916
19.35 0.029147
19.355 0.029126
19.36 0.028747
19.365 0.028453
19.37 0.028103
19.375 0.027407
19.38 0.026602
19.385 0.025738
19.39 0.025064
19.395 0.023981
19.4 0.022278
19.405 0.020816
19.41 0.019397
19.415 0.017902
19.42 0.016754
19.425 0.01582
19.43 0.014669
19.435 0.01353
19.44 0.013065
19.445 0.012873
19.45 0.012625
19.455 0.012582
19.46 0.012433
19.465 0.011921
19.47 0.011074
19.475 0.010069
19.48 0.0090256
19.485 0.0078316
19.49 0.0065797
19.495 0.0050906
19.5 0.0032619
19.505 0.0017876
19.51 0.00078189
19.515 -0.00018397
19.52 -0.00092486
19.525 -0.0011683
19.53 -0.0010121
19.535 -0.00043721
19.54 0.00066689
19.545 0.0023792
19.55 0.0044359
19.555 0.0062877
19.56 0.0077747
19.565 0.0088067
19.57 0.0097472
19.575 0.01065
19.58 0.01088
19.585 0.01076
19.59 0.010414
19.595 0.0093352
19.6 0.0078514
19.605 0.0061857
19.61 0.0045544
19.615 0.0033922
19.62 0.0020602
19.625 0.00026219
19.63 -0.0013038
19.635 -0.0027188
19.64 -0.0041315
19.645 -0.0053994
19.65 -0.0066556
19.655 -0.0074731
19.66 -0.0079372
19.665 -0.0084834
19.67 -0.0086889
19.675 -0.0084172
19.68 -0.0077346
19.685 -0.0068111
19.69 -0.0059993
19.695 -0.0051748
19.7 -0.0042964
19.705 -0.003279
19.71 -0.0021344
19.715 -0.0012711
19.72 -0.00068997
19.725 -5.2785e-005
19.73 0.0003757
19.735 0.00063182
19.74 0.0010903
19.745 0.0014004
19.75 0.0015216
19.755 0.0014643
19.76 0.0012853
19.765 0.0011309
19.77 0.00088359
19.775 0.00074977
19.78 0.00075014
19.785 0.00090111
19.79 0.0014298
19.795 0.0020881
19.8 0.0029525
19.805 0.0040927
19.81 0.005322
19.815 0.0070839
19.82 0.0089492
19.825 0.010065
19.83 0.010595
19.835 0.0108
19.84 0.010929
19.845 0.010828
19.85 0.010306
19.855 0.0097484
19.86 0.0092186
19.865 0.0084426
19.87 0.0077331
19.875 0.0074054
19.88 0.0072599
19.885 0.0073019
19.89 0.0073639
19.895 0.0075583
19.9 0.0081749
19.905 0.0088352
19.91 0.0093261
19.915 0.0097487
19.92 0.0099986
19.925 0.010096
19.93 0.009893
19.935 0.0093323
19.94 0.0087004
19.945 0.0080214
19.95 0.0071953
19.955 0.0062992
19.96 0.0054213
19.965 0.0043218
19.97 0.0031965
19.975 0.0024621
19.98 0.0018989
19.985 0.0013533
19.99 0.0011173
19.995 0.0014602
20 0.0022804
20.005 0.0032462
20.01 0.0041558
20.015 0.0053026
20.02 0.0066887
20.025 0.00783
20.03 0.0087491
20.035 0.0096644
20.04 0.010532
20.045 0.011299
20.05 0.011948
20.055 0.011984
20.06 0.011344
20.065 0.010487
20.07 0.0089339
20.075 0.0068666
20.08 0.0048799
20.085 0.002641
20.09 7.3681e-005
20.095 -0.0028768
20.1 -0.0058868
20.105 -0.0086576
20.11 -0.011168
20.115 -0.013324
20.12 -0.015355
20.125 -0.01685
20.13 -0.017774
20.135 -0.018654
20.14 -0.019204
20.145 -0.019091
20.15 -0.018351
20.155 -0.0174
20.16 -0.016608
20.165 -0.015713
20.17 -0.014668
20.175 -0.013816
20.18 -0.013532
20.185 -0.013933
20.19 -0.01466
20.195 -0.015754
20.2 -0.017404
20.205 -0.019337
20.21 -0.021353
20.215 -0.023403
20.22 -0.025614
20.225 -0.028046
20.23 -0.030551
20.235 -0.032838
20.24 -0.034714
20.245 -0.036112
20.25 -0.03711
20.255 -0.037767
20.26 -0.037742
20.265 -0.037199
20.27 -0.036542
20.275 -0.035719
20.28 -0.03427
20.285 -0.031912
20.29 -0.029033
20.295 -0.026112
20.3 -0.023376
20.305 -0.02058
20.31 -0.017965
20.315 -0.015951
20.32 -0.014089
20.325 -0.012401
20.33 -0.01143
20.335 -0.011092
20.34 -0.01115
20.345 -0.011738
20.35 -0.012564
20.355 -0.013323
20.36 -0.014014
20.365 -0.014774
20.37 -0.015711
20.375 -0.016398
20.38 -0.016671
20.385 -0.016647
20.39 -0.016427
20.395 -0.016179
20.4 -0.015962
20.405 -0.015443
20.41 -0.014403
20.415 -0.013323
20.42 -0.012561
20.425 -0.011897
20.43 -0.011166
20.435 -0.010479
20.44 -0.0098627
20.445 -0.0094179
20.45 -0.0091092
20.455 -0.0087561
20.46 -0.0083486
20.465 -0.0077233
20.47 -0.0066033
20.475 -0.0050604
20.48 -0.0035258
20.485 -0.0020733
20.49 -0.00049295
20.495 0.0012556
20.5 0.003209
20.505 0.0050967
20.51 0.0067202
20.515 0.0082579
20.52 0.010129
20.525 0.012248
20.53 0.013729
20.535 0.014748
20.54 0.015783
20.545 0.016587
20.55 0.017274
20.555 0.017912
20.56 0.018111
20.565 0.017773
20.57 0.017193
20.575 0.01656
20.58 0.015698
20.585 0.014679
20.59 0.013554
20.595 0.012302
20.6 0.01119
20.605 0.0099938
20.61 0.0089411
20.615 0.0084974
20.62 0.0084352
20.625 0.0086446
20.63 0.0091481
20.635 0.0099182
20.64 0.01096
20.645 0.012287
20.65 0.013738
20.655 0.01531
20.66 0.017282
20.665 0.019261
20.67 0.021047
20.675 0.022898
20.68 0.024581
20.685 0.026232
20.69 0.027893
20.695 0.029191
20.7 0.030278
20.705 0.03145
20.71 0.032674
20.715 0.033603
20.72 0.034135
20.725 0.034641
20.73 0.035074
20.735 0.035057
20.74 0.034488
20.745 0.033575
20.75 0.032578
20.755 0.031406
20.76 0.029819
20.765 0.027982
20.77 0.026058
20.775 0.023758
20.78 0.021182
20.785 0.018283
20.79 0.014975
20.795 0.011596
20.8 0.0080072
20.805 0.0042158
20.81 0.00057129
20.815 -0.002691
20.82 -0.0057614
20.825 -0.0089021
20.83 -0.011831
20.835 -0.014321
20.84 -0.016428
20.845 -0.018181
20.85 -0.019797
20.855 -0.021397
20.86 -0.022765
20.865 -0.023971
20.87 -0.025156
20.875 -0.025975
20.88 -0.026511
20.885 -0.027042
20.89 -0.02738
20.895 -0.027809
20.9 -0.028426
20.905 -0.028934
20.91 -0.029282
20.915 -0.029691
20.92 -0.030255
20.925 -0.030636
20.93 -0.030856
20.935 -0.031111
20.94 -0.031426
20.945 -0.031747
20.95 -0.031861
20.955 -0.031647
20.96 -0.031253
20.965 -0.030733
20.97 -0.029789
20.975 -0.028421
20.98 -0.026856
20.985 -0.025184
20.99 -0.023287
20.995 -0.021229
21 -0.019458
21.005 -0.017814
21.01 -0.016016
21.015 -0.014177
21.02 -0.012523
21.025 -0.011125
21.03 -0.0099768
21.035 -0.0090529
21.04 -0.0081592
21.045 -0.0072927
21.05 -0.0062557
21.055 -0.004989
21.06 -0.0035506
21.065 -0.0022172
21.07 -0.0013021
21.075 -0.00026791
21.08 0.00088849
21.085 0.0019324
21.09 0.0028468
21.095 0.0032445
21.1 0.0031673
21.105 0.0026519
21.11 0.0015108
21.115 -6.0056e-005
21.12 -0.0017857
21.125 -0.0037136
21.13 -0.0058441
21.135 -0.0080002
21.14 -0.0099757
21.145 -0.011565
21.15 -0.012765
21.155 -0.013717
21.16 -0.014515
21.165 -0.015071
21.17 -0.015212
21.175 -0.014729
21.18 -0.013599
21.185 -0.012308
21.19 -0.010992
21.195 -0.0094832
21.2 -0.0081966
21.205 -0.0071555
21.21 -0.0060723
21.215 -0.0051683
21.22 -0.0042283
21.225 -0.0033086
21.23 -0.0026506
21.235 -0.0018901
21.24 -0.00093754
21.245 9.5904e-005
21.25 0.0010864
21.255 0.0021804
21.26 0.0034428
21.265 0.0047203
21.27 0.0060015
21.275 0.0072178
21.28 0.0084377
21.285 0.0098494
21.29 0.011652
21.295 0.013654
21.3 0.015293
21.305 0.016691
21.31 0.018278
21.315 0.019946
21.32 0.021519
21.325 0.022647
21.33 0.023287
21.335 0.023884
21.34 0.024206
21.345 0.024018
21.35 0.023639
21.355 0.023023
21.36 0.022026
21.365 0.021072
21.37 0.020176
21.375 0.01885
21.38 0.017213
21.385 0.015613
21.39 0.014018
21.395 0.012152
21.4 0.010087
21.405 0.0079762
21.41 0.0058267
21.415 0.0038415
21.42 0.0022499
21.425 0.0012023
21.43 0.00022697
21.435 -0.00084421
21.44 -0.0016286
21.445 -0.0022462
21.45 -0.0024641
21.455 -0.0022234
21.46 -0.0020863
21.465 -0.0019933
21.47 -0.0015644
21.475 -0.0010252
21.48 -0.00079254
21.485 -0.00078817
21.49 -0.00084714
21.495 -0.00090707
21.5 -0.0010637
21.505 -0.0017491
21.51 -0.0029492
21.515 -0.0041961
21.52 -0.0053897
21.525 -0.0066293
21.53 -0.0080981
21.535 -0.0095736
21.54 -0.010728
21.545 -0.012007
21.55 -0.013282
21.555 -0.014044
21.56 -0.014452
21.565 -0.014442
21.57 -0.014157
21.575 -0.013897
21.58 -0.01352
21.585 -0.013103
21.59 -0.012628
21.595 -0.01201
21.6 -0.011148
21.605 -0.010124
21.61 -0.0093051
21.615 -0.0085242
21.62 -0.0074144
21.625 -0.0059207
21.63 -0.0044189
21.635 -0.0032462
21.64 -0.002416
21.645 -0.0018474
21.65 -0.0013365
21.655 -0.00069497
21.66 -7.8729e-007
21.665 0.00069932
21.67 0.0016156
21.675 0.0024109
21.68 0.0027643
21.685 0.0032091
21.69 0.0040379
21.695 0.0050869
21.7 0.0063987
21.705 0.007819
21.71 0.0090685
21.715 0.01012
21.72 0.011248
21.725 0.012564
21.73 0.013763
21.735 0.015014
21.74 0.016518
21.745 0.017939
21.75 0.019009
21.755 0.019911
21.76 0.020948
21.765 0.022007
21.77 0.022901
21.775 0.023337
21.78 0.023221
21.785 0.022786
21.79 0.021969
21.795 0.020814
21.8 0.019404
21.805 0.017887
21.81 0.016085
21.815 0.013766
21.82 0.011397
21.825 0.0091844
21.83 0.0071471
21.835 0.0052462
21.84 0.003254
21.845 0.001299
21.85 -0.00035122
21.855 -0.0013477
21.86 -0.0020753
21.865 -0.0028216
21.87 -0.0029922
21.875 -0.0028806
21.88 -0.0029151
21.885 -0.0028303
21.89 -0.002442
21.895 -0.0019172
21.9 -0.001196
21.905 -0.0002211
21.91 0.00067285
21.915 0.0012775
21.92 0.0017571
21.925 0.0027168
21.93 0.0038725
21.935 0.0047317
21.94 0.0058021
21.945 0.0071075
21.95 0.0081902
21.955 0.0090341
21.96 0.010035
21.965 0.01133
21.97 0.012649
21.975 0.01384
21.98 0.014821
21.985 0.015657
21.99 0.016603
21.995 0.017427
22 0.017781
22.005 0.018207
22.01 0.018766
22.015 0.018851
22.02 0.018968
22.025 0.019442
22.03 0.019906
22.035 0.020512
22.04 0.021068
22.045 0.021107
22.05 0.021133
22.055 0.021625
22.06 0.022158
22.065 0.022343
22.07 0.02236
22.075 0.022554
22.08 0.022723
22.085 0.022628
22.09 0.02224
22.095 0.021464
22.1 0.020644
22.105 0.019864
22.11 0.01872
22.115 0.017373
22.12 0.016078
22.125 0.014813
22.13 0.013617
22.135 0.012511
22.14 0.011735
22.145 0.011174
22.15 0.010266
22.155 0.0092542
22.16 0.0085246
22.165 0.0079651
22.17 0.007688
22.175 0.0077501
22.18 0.0077502
22.185 0.0074159
22.19 0.0070251
22.195 0.0069047
22.2 0.0067684
22.205 0.0065133
22.21 0.0063049
22.215 0.0060494
22.22 0.0057864
22.225 0.0053281
22.23 0.0049272
22.235 0.0049997
22.24 0.005178
22.245 0.0051791
22.25 0.0049772
22.255 0.0047143
22.26 0.00463
22.265 0.004569
22.27 0.0044102
22.275 0.004156
22.28 0.0036307
22.285 0.0031861
22.29 0.0029399
22.295 0.002319
22.3 0.0013958
22.305 0.00049878
22.31 -0.00033612
22.315 -0.0014235
22.32 -0.0028588
22.325 -0.0042921
22.33 -0.0055697
22.335 -0.006517
22.34 -0.0074171
22.345 -0.008446
22.35 -0.0092129
22.355 -0.0096182
22.36 -0.0095891
22.365 -0.0094254
22.37 -0.0093704
22.375 -0.0089161
22.38 -0.0078482
22.385 -0.0066011
22.39 -0.0057923
22.395 -0.0048891
22.4 -0.0034463
22.405 -0.002231
22.41 -0.0013669
22.415 -0.00041329
22.42 0.00052321
22.425 0.00091296
22.43 0.00099654
22.435 0.0013031
22.44 0.0017299
22.445 0.0019855
22.45 0.0018361
22.455 0.0013457
22.46 0.0010153
22.465 0.00077476
22.47 0.00028389
22.475 -0.00022452
22.48 -0.00080648
22.485 -0.001391
22.49 -0.0018241
22.495 -0.0023455
22.5 -0.0029709
22.505 -0.0035663
22.51 -0.0040328
22.515 -0.00406
22.52 -0.0038828
22.525 -0.0038523
22.53 -0.0035844
22.535 -0.0031987
22.54 -0.0028815
22.545 -0.002538
22.55 -0.0021573
22.555 -0.0015703
22.56 -0.0007628
22.565 -0.00010521
22.57 -0.00011971
22.575 -0.00027832
22.58 -0.00031472
22.585 -0.00069922
22.59 -0.0013124
22.595 -0.0020983
22.6 -0.0032149
22.605 -0.0043004
22.61 -0.0049725
22.615 -0.0056941
22.62 -0.0067101
22.625 -0.0075691
22.63 -0.0078735
22.635 -0.0081505
22.64 -0.0087359
22.645 -0.0092333
22.65 -0.0093488
22.655 -0.0090849
22.66 -0.0088323
22.665 -0.0089683
22.67 -0.0094037
22.675 -0.009788
22.68 -0.010297
22.685 -0.010988
22.69 -0.011922
22.695 -0.012767
22.7 -0.013288
22.705 -0.014128
22.71 -0.015067
22.715 -0.01599
22.72 -0.016772
22.725 -0.017035
22.73 -0.017453
22.735 -0.018054
22.74 -0.018452
22.745 -0.018928
22.75 -0.019317
22.755 -0.019602
22.76 -0.019905
22.765 -0.020141
22.77 -0.020576
22.775 -0.021067
22.78 -0.02115
22.785 -0.02118
22.79 -0.021441
22.795 -0.021514
22.8 -0.021679
22.805 -0.021965
22.81 -0.021809
22.815 -0.021644
22.82 -0.021807
22.825 -0.021697
22.83 -0.021252
22.835 -0.020838
22.84 -0.020452
22.845 -0.02006
22.85 -0.019771
22.855 -0.019107
22.86 -0.01857
22.865 -0.018542
22.87 -0.018155
22.875 -0.017807
22.88 -0.017381
22.885 -0.01689
22.89 -0.016742
22.895 -0.016332
22.9 -0.016057
22.905 -0.016304
22.91 -0.016704
22.915 -0.017152
22.92 -0.017117
22.925 -0.016968
22.93 -0.017379
22.935 -0.017774
22.94 -0.018059
22.945 -0.018272
22.95 -0.018395
22.955 -0.018578
22.96 -0.018318
22.965 -0.017736
22.97 -0.017238
22.975 -0.016821
22.98 -0.016387
22.985 -0.015652
22.99 -0.014939
22.995 -0.013843
23 -0.012513
23.005 -0.011606
23.01 -0.010198
23.015 -0.0087691
23.02 -0.0075515
23.025 -0.0059701
23.03 -0.0045309
23.035 -0.003113
23.04 -0.0018926
23.045 -0.00057391
23.05 0.0011134
23.055 0.0025497
23.06 0.0042719
23.065 0.0059346
23.07 0.0069544
23.075 0.007806
23.08 0.0085244
23.085 0.0093162
23.09 0.0099743
23.095 0.01057
23.1 0.011259
23.105 0.011511
23.11 0.011578
23.115 0.011685
23.12 0.011702
23.125 0.011598
23.13 0.011369
23.135 0.010926
23.14 0.010526
23.145 0.01003
23.15 0.0090685
23.155 0.0078755
23.16 0.0068664
23.165 0.0061499
23.17 0.0050743
23.175 0.0037238
23.18 0.0024138
23.185 0.0015549
23.19 0.0011774
23.195 0.00077874
23.2 0.000253
23.205 -0.00027402
23.21 -0.00033993
23.215 -0.0002229
23.22 -0.000331
23.225 -0.00053989
23.23 -0.00021428
23.235 0.00021563
23.24 0.00019095
23.245 0.00063949
23.25 0.00091575
23.255 0.00086449
23.26 0.0013821
23.265 0.0018816
23.27 0.0020795
23.275 0.0021582
23.28 0.0023704
23.285 0.0026454
23.29 0.0026438
23.295 0.0026422
23.3 0.0026133
23.305 0.0024504
23.31 0.001793
23.315 0.00048737
23.32 -0.00068402
23.325 -0.0017188
23.33 -0.002897
23.335 -0.0044197
23.34 -0.0059405
23.345 -0.0073586
23.35 -0.0090495
23.355 -0.010352
23.36 -0.011575
23.365 -0.012727
23.37 -0.013443
23.375 -0.014104
23.38 -0.014484
23.385 -0.014511
23.39 -0.014127
23.395 -0.013571
23.4 -0.013482
23.405 -0.013101
23.41 -0.012366
23.415 -0.012009
23.42 -0.011395
23.425 -0.010888
23.43 -0.010723
23.435 -0.010396
23.44 -0.010314
23.445 -0.010704
23.45 -0.010963
23.455 -0.011092
23.46 -0.011445
23.465 -0.011406
23.47 -0.011159
23.475 -0.011271
23.48 -0.011152
23.485 -0.010585
23.49 -0.010138
23.495 -0.0098883
23.5 -0.009448
23.505 -0.008592
23.51 -0.007911
23.515 -0.0077002
23.52 -0.0074284
23.525 -0.0068253
23.53 -0.0062123
23.535 -0.0059991
23.54 -0.0060357
23.545 -0.0059008
23.55 -0.0055297
23.555 -0.005557
23.56 -0.0058126
23.565 -0.0056957
23.57 -0.0051432
23.575 -0.0047477
23.58 -0.0046689
23.585 -0.0044222
23.59 -0.0039709
23.595 -0.0031036
23.6 -0.0020347
23.605 -0.0011989
23.61 -0.0008321
23.615 7.4834e-005
23.62 0.0014184
23.625 0.0024597
23.63 0.0035331
23.635 0.0043148
23.64 0.005326
23.645 0.0061925
23.65 0.0062756
23.655 0.0063444
23.66 0.0067061
23.665 0.0066692
23.67 0.0060054
23.675 0.0051267
23.68 0.004203
23.685 0.0035592
23.69 0.0026699
23.695 0.001581
23.7 0.00085526
23.705 0.0001757
23.71 -0.00074715
23.715 -0.0015729
23.72 -0.0018384
23.725 -0.0022336
23.73 -0.0025452
23.735 -0.0027568
23.74 -0.0032614
23.745 -0.0033569
23.75 -0.0034357
23.755 -0.004196
23.76 -0.0048642
23.765 -0.0049421
23.77 -0.0051364
23.775 -0.0056482
23.78 -0.0063074
23.785 -0.0069349
23.79 -0.0072336
23.795 -0.0074605
23.8 -0.0077445
23.805 -0.0080612
23.81 -0.0083302
23.815 -0.0083583
23.82 -0.0085244
23.825 -0.0085674
23.83 -0.0086016
23.835 -0.0088362
23.84 -0.0090836
23.845 -0.0096937
23.85 -0.010238
23.855 -0.010567
23.86 -0.011293
23.865 -0.011892
23.87 -0.012439
23.875 -0.013767
23.88 -0.014549
23.885 -0.015005
23.89 -0.016464
23.895 -0.017761
23.9 -0.018815
23.905 -0.02006
23.91 -0.021245
23.915 -0.02251
23.92 -0.023888
23.925 -0.025124
23.93 -0.026239
23.935 -0.027662
23.94 -0.02877
23.945 -0.029328
23.95 -0.02979
23.955 -0.03012
23.96 -0.030299
23.965 -0.030335
23.97 -0.030143
23.975 -0.029847
23.98 -0.02967
23.985 -0.029212
23.99 -0.028162
23.995 -0.027056
24 -0.026039
24.005 -0.025261
24.01 -0.024313
24.015 -0.022806
24.02 -0.021474
24.025 -0.019879
24.03 -0.018514
24.035 -0.018059
24.04 -0.017483
24.045 -0.016648
24.05 -0.016112
24.055 -0.015614
24.06 -0.015111
24.065 -0.015208
24.07 -0.015541
24.075 -0.015577
24.08 -0.015639
24.085 -0.015884
24.09 -0.01604
24.095 -0.016235
24.1 -0.016371
24.105 -0.016441
24.11 -0.016814
24.115 -0.017139
24.12 -0.017005
24.125 -0.016683
24.13 -0.016778
24.135 -0.016731
24.14 -0.016373
24.145 -0.016231
24.15 -0.015852
24.155 -0.015395
24.16 -0.015251
24.165 -0.015047
24.17 -0.014682
24.175 -0.014643
24.18 -0.01447
24.185 -0.013537
24.19 -0.012741
24.195 -0.012443
24.2 -0.012143
24.205 -0.011474
24.21 -0.010624
24.215 -0.010044
24.22 -0.0093475
24.225 -0.0084562
24.23 -0.0077763
24.235 -0.0073277
24.24 -0.0065077
24.245 -0.0056015
24.25 -0.0050966
24.255 -0.0043244
24.26 -0.0035677
24.265 -0.0031167
24.27 -0.0024475
24.275 -0.0017525
24.28 -0.0011885
24.285 -0.00051723
24.29 2.0042e-005
24.295 0.00040663
24.3 0.00088054
24.305 0.001191
24.31 0.0014354
24.315 0.0017145
24.32 0.0017402
24.325 0.0019117
24.33 0.0020791
24.335 0.0016478
24.34 0.0013315
24.345 0.0014731
24.35 0.0015395
24.355 0.0012377
24.36 0.00078405
24.365 0.00027136
24.37 -0.00040131
24.375 -0.0010788
24.38 -0.0015037
24.385 -0.0018125
24.39 -0.0025287
24.395 -0.0031294
24.4 -0.0032212
24.405 -0.0031187
24.41 -0.0030591
24.415 -0.0029896
24.42 -0.0028502
24.425 -0.0025992
24.43 -0.0021179
24.435 -0.0016804
24.44 -0.0013178
24.445 -0.00065644
24.45 0.00016808
24.455 0.0010635
24.46 0.0020143
24.465 0.0023636
24.47 0.0027363
24.475 0.0033477
24.48 0.0035672
24.485 0.0034624
24.49 0.0031032
24.495 0.0030582
24.5 0.0029651
24.505 0.002359
24.51 0.001684
24.515 0.0010778
24.52 0.00056885
24.525 -0.0001139
24.53 -0.00087574
24.535 -0.0016371
24.54 -0.0022272
24.545 -0.00244
24.55 -0.0027126
24.555 -0.0029667
24.56 -0.002935
24.565 -0.0028967
24.57 -0.002846
24.575 -0.0026825
24.58 -0.0027425
24.585 -0.002355
24.59 -0.0018735
24.595 -0.002092
24.6 -0.0023211
24.605 -0.0026273
24.61 -0.0031318
24.615 -0.0036627
24.62 -0.0042316
24.625 -0.0048986
24.63 -0.0056487
24.635 -0.0066487
24.64 -0.0079047
24.645 -0.0091223
24.65 -0.010203
24.655 -0.011237
24.66 -0.012156
24.665 -0.012922
24.67 -0.013606
24.675 -0.013812
24.68 -0.013888
24.685 -0.014339
24.69 -0.014843
24.695 -0.015015
24.7 -0.01508
24.705 -0.015156
24.71 -0.015089
24.715 -0.015174
24.72 -0.015134
24.725 -0.014676
24.73 -0.01446
24.735 -0.014428
24.74 -0.013921
24.745 -0.012993
24.75 -0.012221
24.755 -0.011785
24.76 -0.011109
24.765 -0.010313
24.77 -0.0098491
24.775 -0.0094058
24.78 -0.0089067
24.785 -0.0083896
24.79 -0.0075038
24.795 -0.0065644
24.8 -0.0060373
24.805 -0.0054189
24.81 -0.0047668
24.815 -0.0040198
24.82 -0.0031864
24.825 -0.0027992
24.83 -0.0022022
24.835 -0.0016571
24.84 -0.0017037
24.845 -0.0017391
24.85 -0.0016739
24.855 -0.0017715
24.86 -0.0018114
24.865 -0.0018768
24.87 -0.0020462
24.875 -0.0022267
24.88 -0.0026546
24.885 -0.0027545
24.89 -0.002682
24.895 -0.0028102
24.9 -0.0026945
24.905 -0.0025858
24.91 -0.0024534
24.915 -0.0023801
24.92 -0.002161
24.925 -0.0014855
24.93 -0.0010396
24.935 -0.00058394
24.94 0.00010334
24.945 0.00057001
24.95 0.0011139
24.955 0.0016807
24.96 0.0021636
24.965 0.0029186
24.97 0.0039442
24.975 0.0049424
24.98 0.0059174
24.985 0.0070543
24.99 0.008339
24.995 0.0096803
25 0.010696
25.005 0.011565
25.01 0.012596
25.015 0.01352
25.02 0.014309
25.025 0.01528
25.03 0.016252
25.035 0.017003
25.04 0.017835
25.045 0.018435
25.05 0.018616
25.055 0.019176
25.06 0.020203
25.065 0.021013
25.07 0.021691
25.075 0.022554
25.08 0.023365
25.085 0.023936
25.09 0.024333
25.095 0.024569
25.1 0.024796
25.105 0.02501
25.11 0.024838
25.115 0.0243
25.12 0.023758
25.125 0.023448
25.13 0.023198
25.135 0.022739
25.14 0.021947
25.145 0.021089
25.15 0.020402
25.155 0.019773
25.16 0.019289
25.165 0.018777
25.17 0.018232
25.175 0.017626
25.18 0.016812
25.185 0.016158
25.19 0.015914
25.195 0.015626
25.2 0.015053
25.205 0.014606
25.21 0.014256
25.215 0.013776
25.22 0.013269
25.225 0.013083
25.23 0.012991
25.235 0.012538
25.24 0.011922
25.245 0.011353
25.25 0.010852
25.255 0.010335
25.26 0.010116
25.265 0.010245
25.27 0.010467
25.275 0.010629
25.28 0.010894
25.285 0.011378
25.29 0.011797
25.295 0.012262
25.3 0.012933
25.305 0.014023
25.31 0.015021
25.315 0.015706
25.32 0.016377
25.325 0.017109
25.33 0.017965
25.335 0.018694
25.34 0.019058
25.345 0.019003
25.35 0.019028
25.355 0.019197
25.36 0.019154
25.365 0.018996
25.37 0.018858
25.375 0.018748
25.38 0.018502
25.385 0.018014
25.39 0.017586
25.395 0.017321
25.4 0.017329
25.405 0.017393
25.41 0.016783
25.415 0.01606
25.42 0.015991
25.425 0.015468
25.43 0.014322
25.435 0.013398
25.44 0.012733
25.445 0.012212
25.45 0.011579
25.455 0.011109
25.46 0.010677
25.465 0.010414
25.47 0.010806
25.475 0.01111
25.48 0.01105
25.485 0.011457
25.49 0.0124
25.495 0.01307
25.5 0.013794
25.505 0.015016
25.51 0.016215
25.515 0.017441
25.52 0.018718
25.525 0.019905
25.53 0.021285
25.535 0.022634
25.54 0.024014
25.545 0.025426
25.55 0.026356
25.555 0.027371
25.56 0.028774
25.565 0.030057
25.57 0.03105
25.575 0.031973
25.58 0.032572
25.585 0.033214
25.59 0.034227
25.595 0.034614
25.6 0.034817
25.605 0.035429
25.61 0.035684
25.615 0.035578
25.62 0.035587
25.625 0.035817
25.63 0.035711
25.635 0.034992
25.64 0.034672
25.645 0.034098
25.65 0.03305
25.655 0.032403
25.66 0.031503
25.665 0.030668
25.67 0.029969
25.675 0.028798
25.68 0.027619
25.685 0.026747
25.69 0.025819
25.695 0.02465
25.7 0.023558
25.705 0.022862
25.71 0.022156
25.715 0.020975
25.72 0.019805
25.725 0.018664
25.73 0.017576
25.735 0.016829
25.74 0.015846
25.745 0.014654
25.75 0.013563
25.755 0.012474
25.76 0.011884
25.765 0.011488
25.77 0.010778
25.775 0.010093
25.78 0.0092227
25.785 0.0087795
25.79 0.0085718
25.795 0.008239
25.8 0.0081888
25.805 0.0080471
25.81 0.0078689
25.815 0.0076159
25.82 0.0073735
25.825 0.0071452
25.83 0.0068326
25.835 0.0066922
25.84 0.0065349
25.845 0.0065659
25.85 0.0068071
25.855 0.0063697
25.86 0.0059629
25.865 0.005967
25.87 0.0057323
25.875 0.0054227
25.88 0.0049282
25.885 0.0044567
25.89 0.004417
25.895 0.004514
25.9 0.0042384
25.905 0.0038853
25.91 0.0036661
25.915 0.0032124
25.92 0.0026965
25.925 0.002202
25.93 0.0017154
25.935 0.0010936
25.94 0.00046388
25.945 -0.00041297
25.95 -0.0014866
25.955 -0.0024302
25.96 -0.0031056
25.965 -0.0034801
25.97 -0.0041932
25.975 -0.0045172
25.98 -0.0049227
25.985 -0.0055135
25.99 -0.0055735
25.995 -0.0056183
26 -0.0056436
26.005 -0.0054675
26.01 -0.0048227
26.015 -0.0040596
26.02 -0.0034216
26.025 -0.0026792
26.03 -0.001528
26.035 -0.00048145
26.04 3.1741e-006
26.045 0.00063289
26.05 0.0015887
26.055 0.0024034
26.06 0.0027083
26.065 0.0031622
26.07 0.0038975
26.075 0.0042775
26.08 0.0050854
26.085 0.00556
26.09 0.0055122
26.095 0.0060967
26.1 0.0065962
26.105 0.0069999
26.11 0.0073253
26.115 0.0076656
26.12 0.0079317
26.125 0.0081701
26.13 0.008727
26.135 0.0083775
26.14 0.0078935
26.145 0.0084664
26.15 0.0089252
26.155 0.0087865
26.16 0.0085243
26.165 0.0082188
26.17 0.0079803
26.175 0.0078026
26.18 0.0075152
26.185 0.00723
26.19 0.0069188
26.195 0.0066528
26.2 0.0061894
26.205 0.0057701
26.21 0.0053571
26.215 0.0049419
26.22 0.0048082
26.225 0.0043614
26.23 0.0038905
26.235 0.0036307
26.24 0.0032199
26.245 0.0024225
26.25 0.0018057
26.255 0.001813
26.26 0.0016203
26.265 0.0010547
26.27 0.00051762
26.275 9.8065e-005
26.28 -0.00026238
26.285 -0.00064376
26.29 -0.0010126
26.295 -0.0011984
26.3 -0.0015839
26.305 -0.00216
26.31 -0.002363
26.315 -0.0027951
26.32 -0.0031184
26.325 -0.0030293
26.33 -0.0032218
26.335 -0.003438
26.34 -0.0035903
26.345 -0.0035284
26.35 -0.0032931
26.355 -0.0030028
26.36 -0.0021797
26.365 -0.0012998
26.37 -0.0010348
26.375 -0.00035078
26.38 0.00094687
26.385 0.0018407
26.39 0.0027949
26.395 0.0037106
26.4 0.0046227
26.405 0.0056446
26.41 0.0061329
26.415 0.00669
26.42 0.0077857
26.425 0.0090644
26.43 0.010304
26.435 0.011374
26.44 0.012045
26.445 0.012849
26.45 0.013907
26.455 0.014741
26.46 0.015048
26.465 0.015133
26.47 0.015801
26.475 0.016236
26.48 0.016132
26.485 0.015954
26.49 0.0157
26.495 0.015748
26.5 0.015639
26.505 0.015253
26.51 0.014802
26.515 0.014428
26.52 0.014277
26.525 0.013928
26.53 0.013522
26.535 0.01308
26.54 0.012539
26.545 0.011769
26.55 0.011106
26.555 0.0103
26.56 0.0088809
26.565 0.0077238
26.57 0.006491
26.575 0.0053698
26.58 0.0047742
26.585 0.00377
26.59 0.0028097
26.595 0.0021294
26.6 0.0011889
26.605 0.00053525
26.61 0.0002019
26.615 -0.00045244
26.62 -0.0010846
26.625 -0.0014315
26.63 -0.0015686
26.635 -0.0015007
26.64 -0.0017509
26.645 -0.0022999
26.65 -0.0024593
26.655 -0.0024026
26.66 -0.0029338
26.665 -0.0034405
26.67 -0.0037482
26.675 -0.0042713
26.68 -0.0046925
26.685 -0.005217
26.69 -0.0057672
26.695 -0.0060279
26.7 -0.0061735
26.705 -0.0065524
26.71 -0.0069742
26.715 -0.0074547
26.72 -0.0078937
26.725 -0.0077644
26.73 -0.0076224
26.735 -0.0074511
26.74 -0.0069001
26.745 -0.0064196
26.75 -0.0063821
26.755 -0.006155
26.76 -0.0052085
26.765 -0.004291
26.77 -0.0031274
26.775 -0.001994
26.78 -0.0013688
26.785 -0.00043402
26.79 0.00080641
26.795 0.002044
26.8 0.0031881
26.805 0.0046247
26.81 0.0060604
26.815 0.0068984
26.82 0.0079789
26.825 0.0091461
26.83 0.011712
26.835 0.012866
26.84 0.013972
26.845 0.014479
26.85 0.014809
26.855 0.015055
26.86 0.015604
26.865 0.015924
26.87 0.015895
26.875 0.016035
26.88 0.015827
26.885 0.015109
26.89 0.014188
26.895 0.01339
26.9 0.012431
26.905 0.011276
26.91 0.010041
26.915 0.0084772
26.92 0.0069709
26.925 0.0053038
26.93 0.0038676
26.935 0.0026063
26.94 0.00091605
26.945 -0.00018369
26.95 -0.0013512
26.955 -0.0028047
26.96 -0.0036711
26.965 -0.0040868
26.97 -0.0044511
26.975 -0.0051855
26.98 -0.0059107
26.985 -0.0065179
26.99 -0.007265
26.995 -0.0077128
27 -0.0075968
27.005 -0.007434
27.01 -0.0075074
27.015 -0.0077048
27.02 -0.0078874
27.025 -0.0081003
27.03 -0.0082728
27.035 -0.0080212
27.04 -0.0076434
27.045 -0.0074003
27.05 -0.0071643
27.055 -0.0068246
27.06 -0.0062338
27.065 -0.0059475
27.07 -0.0054226
27.075 -0.0045768
27.08 -0.0041621
27.085 -0.0034397
27.09 -0.0026342
27.095 -0.002233
27.1 -0.0016406
27.105 -0.0008631
27.11 -0.00041453
27.115 -4.81e-005
27.12 0.00056904
27.125 0.0011213
27.13 0.0015826
27.135 0.0021657
27.14 0.0030227
27.145 0.0036326
27.15 0.0038305
27.155 0.0043522
27.16 0.0046764
27.165 0.0048394
27.17 0.0053581
27.175 0.0058785
27.18 0.0062124
27.185 0.0062013
27.19 0.005984
27.195 0.0058575
27.2 0.0057137
27.205 0.0053578
27.21 0.0047955
27.215 0.0039856
27.22 0.0029252
27.225 0.0018314
27.23 0.00076254
27.235 -0.00055795
27.24 -0.0017378
27.245 -0.0027823
27.25 -0.0040817
27.255 -0.005334
27.26 -0.0066042
27.265 -0.0076372
27.27 -0.0081319
27.275 -0.008662
27.28 -0.0094867
27.285 -0.010125
27.29 -0.010689
27.295 -0.011366
27.3 -0.011921
27.305 -0.012637
27.31 -0.013056
27.315 -0.013345
27.32 -0.014032
27.325 -0.014649
27.33 -0.015274
27.335 -0.015798
27.34 -0.016043
27.345 -0.016502
27.35 -0.016895
27.355 -0.016626
27.36 -0.0164
27.365 -0.016373
27.37 -0.016277
27.375 -0.015896
27.38 -0.015073
27.385 -0.014497
27.39 -0.014313
27.395 -0.014116
27.4 -0.013645
27.405 -0.013352
27.41 -0.01335
27.415 -0.012896
27.42 -0.012604
27.425 -0.012723
27.43 -0.012506
27.435 -0.012474
27.44 -0.012689
27.445 -0.012485
27.45 -0.012126
27.455 -0.012134
27.46 -0.012135
27.465 -0.011804
27.47 -0.011282
27.475 -0.010893
27.48 -0.010606
27.485 -0.0099326
27.49 -0.0093957
27.495 -0.0091667
27.5 -0.0089086
27.505 -0.0086028
27.51 -0.0081756
27.515 -0.0076746
27.52 -0.0073118
27.525 -0.0072105
27.53 -0.0070431
27.535 -0.0066297
27.54 -0.0061718
27.545 -0.0057787
27.55 -0.0053346
27.555 -0.0048641
27.56 -0.0043397
27.565 -0.003764
27.57 -0.0033253
27.575 -0.0028864
27.58 -0.0024034
27.585 -0.0019914
27.59 -0.001663
27.595 -0.0014824
27.6 -0.0015549
27.605 -0.001639
27.61 -0.0018216
27.615 -0.0022777
27.62 -0.0027448
27.625 -0.0033594
27.63 -0.0038937
27.635 -0.0044623
27.64 -0.0050027
27.645 -0.0053199
27.65 -0.005611
27.655 -0.005458
27.66 -0.0054591
27.665 -0.0058698
27.67 -0.0060974
27.675 -0.0061457
27.68 -0.0058939
27.685 -0.0056577
27.69 -0.005511
27.695 -0.0052243
27.7 -0.0051151
27.705 -0.0050739
27.71 -0.0050807
27.715 -0.0052188
27.72 -0.0050483
27.725 -0.0046412
27.73 -0.0045764
27.735 -0.004778
27.74 -0.0049238
27.745 -0.0048853
27.75 -0.0047547
27.755 -0.0048881
27.76 -0.0051089
27.765 -0.0052628
27.77 -0.0055645
27.775 -0.0058702
27.78 -0.0062059
27.785 -0.0064803
27.79 -0.0064549
27.795 -0.0064421
27.8 -0.0065621
27.805 -0.0067458
27.81 -0.0068275
27.815 -0.0068345
27.82 -0.0070273
27.825 -0.007181
27.83 -0.007406
27.835 -0.0077246
27.84 -0.0078604
27.845 -0.0080953
27.85 -0.008409
27.855 -0.008581
27.86 -0.0086049
27.865 -0.0084924
27.87 -0.0084234
27.875 -0.0085382
27.88 -0.0086749
27.885 -0.0086107
27.89 -0.0085475
27.895 -0.0087847
27.9 -0.0090467
27.905 -0.0091726
27.91 -0.0093676
27.915 -0.0094989
27.92 -0.0096892
27.925 -0.010168
27.93 -0.010527
27.935 -0.010775
27.94 -0.011319
27.945 -0.011904
27.95 -0.012347
27.955 -0.012765
27.96 -0.013268
27.965 -0.013956
27.97 -0.014402
27.975 -0.014666
27.98 -0.015071
27.985 -0.015316
27.99 -0.015332
27.995 -0.015161
28 -0.01508
28.005 -0.015172
28.01 -0.015351
28.015 -0.015468
28.02 -0.015297
28.025 -0.015131
28.03 -0.014997
28.035 -0.014824
28.04 -0.014743
28.045 -0.014778
28.05 -0.014638
28.055 -0.014318
28.06 -0.014176
28.065 -0.013949
28.07 -0.01342
28.075 -0.013073
28.08 -0.012952
28.085 -0.012583
28.09 -0.012021
28.095 -0.011446
28.1 -0.010872
28.105 -0.010245
28.11 -0.0095779
28.115 -0.008953
28.12 -0.0083162
28.125 -0.0075503
28.13 -0.0066679
28.135 -0.0058417
28.14 -0.00515
28.145 -0.0045913
28.15 -0.0041308
28.155 -0.0037874
28.16 -0.0035644
28.165 -0.003427
28.17 -0.0033323
28.175 -0.0033274
28.18 -0.0035286
28.185 -0.0038109
28.19 -0.0042263
28.195 -0.0047127
28.2 -0.0051933
28.205 -0.0059023
28.21 -0.0065828
28.215 -0.0071836
28.22 -0.0079061
28.225 -0.0085386
28.23 -0.0090793
28.235 -0.0094874
28.24 -0.0096701
28.245 -0.0098564
28.25 -0.010105
28.255 -0.010336
28.26 -0.010404
28.265 -0.010387
28.27 -0.010346
28.275 -0.010133
28.28 -0.0098914
28.285 -0.0097008
28.29 -0.0095474
28.295 -0.0093946
28.3 -0.0092187
28.305 -0.0090042
28.31 -0.0088908
28.315 -0.0087908
28.32 -0.0086595
28.325 -0.0086956
28.33 -0.0086612
28.335 -0.0085444
28.34 -0.0084017
28.345 -0.0082069
28.35 -0.0080893
28.355 -0.0079958
28.36 -0.0078219
28.365 -0.0076631
28.37 -0.0075213
28.375 -0.00732
28.38 -0.0070853
28.385 -0.0067653
28.39 -0.006553
28.395 -0.0065059
28.4 -0.006287
28.405 -0.005933
28.41 -0.0057043
28.415 -0.0055423
28.42 -0.0053535
28.425 -0.0052214
28.43 -0.0050399
28.435 -0.0047853
28.44 -0.0045478
28.445 -0.0042811
28.45 -0.0039669
28.455 -0.0036995
28.46 -0.0035927
28.465 -0.0034252
28.47 -0.0030258
28.475 -0.002589
28.48 -0.0022892
28.485 -0.002132
28.49 -0.0019708
28.495 -0.0017387
28.5 -0.0016911
28.505 -0.0016364
28.51 -0.0014173
28.515 -0.0013134
28.52 -0.0011648
28.525 -0.0011373
28.53 -0.0011837
28.535 -0.00097623
28.54 -0.00084183
28.545 -0.00075121
28.55 -0.0005698
28.555 -0.00046053
28.56 -0.00038353
28.565 -0.00018221
28.57 4.0607e-006
28.575 6.5945e-005
28.58 0.00019919
28.585 0.00034569
28.59 0.00049117
28.595 0.00066692
28.6 0.00079506
28.605 0.00095335
28.61 0.0012076
28.615 0.0014362
28.62 0.0015414
28.625 0.0016834
28.63 0.0019031
28.635 0.0021671
28.64 0.002449
28.645 0.002736
28.65 0.0030737
28.655 0.0034008
28.66 0.003653
28.665 0.0038484
28.67 0.0041718
28.675 0.0045327
28.68 0.004819
28.685 0.0051152
28.69 0.0054227
28.695 0.0058182
28.7 0.0061973
28.705 0.0065061
28.71 0.0067853
28.715 0.0069485
28.72 0.0071501
28.725 0.0073271
28.73 0.0072955
28.735 0.0073219
28.74 0.0073496
28.745 0.0072366
28.75 0.0071315
28.755 0.0069885
28.76 0.0068027
28.765 0.0066917
28.77 0.0065494
28.775 0.0062856
28.78 0.0060266
28.785 0.005872
28.79 0.0057721
28.795 0.0056298
28.8 0.0055585
28.805 0.0055556
28.81 0.0055162
28.815 0.0054388
28.82 0.0053443
28.825 0.0053058
28.83 0.0053184
28.835 0.0053521
28.84 0.0053647
28.845 0.005341
28.85 0.0053183
28.855 0.0053355
28.86 0.0053422
28.865 0.0052917
28.87 0.005311
28.875 0.0054105
28.88 0.0054671
28.885 0.0054632
28.89 0.0054136
28.895 0.0053757
28.9 0.0053558
28.905 0.0053753
28.91 0.0054274
28.915 0.0054208
28.92 0.0054249
28.925 0.0054305
28.93 0.0053761
28.935 0.0053521
28.94 0.0053909
28.945 0.0054177
28.95 0.0054006
28.955 0.0053637
28.96 0.0053336
28.965 0.0053043
28.97 0.0052764
28.975 0.0052737
28.98 0.0052614
28.985 0.005238
28.99 0.0052169
28.995 0.005151
29 0.0050906
29.005 0.0050732
29.01 0.0050935
29.015 0.0051001
29.02 0.0050451
29.025 0.0050108
29.03 0.0050056
29.035 0.0049839
29.04 0.0049456
29.045 0.0049168
29.05 0.004884
29.055 0.0048216
29.06 0.0047643
29.065 0.004701
29.07 0.0046368
29.075 0.0045927
29.08 0.0045314
29.085 0.0044486
29.09 0.0043762
29.095 0.0043157
29.1 0.004248
29.105 0.0041843
29.11 0.0041308
29.115 0.0040788
29.12 0.0040202
29.125 0.0039682
29.13 0.0039142
29.135 0.0038568
29.14 0.0038118
29.145 0.003769
29.15 0.0037227
29.155 0.0036566
29.16 0.0035919
29.165 0.0035559
29.17 0.0035174
29.175 0.0034762
29.18 0.0034472
29.185 0.0034037
29.19 0.0033482
29.195 0.0032894
29.2 0.0032357
29.205 0.0031877
29.21 0.003138
29.215 0.0030887
29.22 0.0030316
29.225 0.0029795
29.23 0.0029153
29.235 0.0028383
29.24 0.0027785
29.245 0.0027116
29.25 0.0026446
29.255 0.0025916
29.26 0.0025257
29.265 0.0024576
29.27 0.0024044
29.275 0.0023507
29.28 0.0023005
29.285 0.0022501
29.29 0.002203
29.295 0.0021605
29.3 0.0021025
29.305 0.0020553
29.31 0.0020218
29.315 0.0019771
29.32 0.0019336
29.325 0.0018949
29.33 0.001853
29.335 0.0018096
29.34 0.0017599
29.345 0.0017196
29.35 0.001684
29.355 0.0016433
29.36 0.0016033
29.365 0.001552
29.37 0.0015069
29.375 0.0014744
29.38 0.0014401
29.385 0.0014027
29.39 0.001364
29.395 0.0013348
29.4 0.0013052
29.405 0.0012719
29.41 0.0012456
29.415 0.0012157
29.42 0.0011853
29.425 0.0011617
29.43 0.0011364
29.435 0.00111
29.44 0.0010821
29.445 0.0010548
29.45 0.0010344
29.455 0.0010105
29.46 0.00098151
29.465 0.00095839
29.47 0.0009347
29.475 0.00090631
29.48 0.00087901
29.485 0.00085132
29.49 0.00082241
29.495 0.00079527
29.5 0.00076928
29.505 0.00074207
29.51 0.00071582
29.515 0.00068918
29.52 0.00066164
29.525 0.00063614
29.53 0.00060954
29.535 0.00058353
29.54 0.00055947
29.545 0.00053203
29.55 0.00050638
29.555 0.00048336
29.56 0.00045772
29.565 0.00043315
29.57 0.00040983
29.575 0.00038673
29.58 0.00036406
29.585 0.00034232
29.59 0.00032071
29.595 0.00029958
29.6 0.00027996
29.605 0.00025961
29.61 0.00024011
29.615 0.00022173
29.62 0.00020435
29.625 0.00018762
29.63 0.00017035
29.635 0.0001542
29.64 0.00013876
29.645 0.00012401
29.65 0.00010997
29.655 9.6409e-005
29.66 8.3267e-005
29.665 7.0391e-005
29.67 5.8752e-005
29.675 4.7811e-005
29.68 3.6467e-005
29.685 2.5918e-005
29.69 1.647e-005
29.695 7.0486e-006
29.7 -1.8487e-006
29.705 -1.0207e-005
29.71 -1.831e-005
29.715 -2.5743e-005
29.72 -3.2712e-005
29.725 -3.9381e-005
29.73 -4.5502e-005
29.735 -5.1224e-005
29.74 -5.659e-005
29.745 -6.1449e-005
29.75 -6.5934e-005
29.755 -7.0026e-005
29.76 -7.3672e-005
29.765 -7.6984e-005
29.77 -7.9918e-005
29.775 -8.2437e-005
29.78 -8.4587e-005
29.785 -8.6374e-005
29.79 -8.7789e-005
29.795 -8.8837e-005
29.8 -8.9526e-005
