0.005 -1.71e-006
0.01 2.3819e-006
0.015 -1.1228e-006
0.02 2.8042e-006
0.025 -2.9023e-006
0.03 -5.7438e-006
0.035 -2.5757e-005
0.04 -4.9275e-005
0.045 -9.0262e-005
0.05 -0.00012718
0.055 -0.0001698
0.06 -0.00019184
0.065 -0.00019924
0.07 -0.00016444
0.075 -0.00011325
0.08 -5.7345e-005
0.085 -4.0536e-005
0.09 -5.2223e-005
0.095 -0.00010046
0.1 -0.0001475
0.105 -0.0001832
0.11 -0.00018487
0.115 -0.00019263
0.12 -0.00020547
0.125 -0.00023013
0.13 -0.0002079
0.135 -8.0842e-005
0.14 0.00030859
0.145 0.00096623
0.15 0.0017607
0.155 0.0024085
0.16 0.0026596
0.165 0.0024627
0.17 0.0020241
0.175 0.0015588
0.18 0.0011611
0.185 0.00072951
0.19 -4.1615e-005
0.195 -0.0013982
0.2 -0.0029644
0.205 -0.0041468
0.21 -0.0044025
0.215 -0.0036127
0.22 -0.0020379
0.225 -0.00017637
0.23 0.0013861
0.235 0.0021793
0.24 0.0020986
0.245 0.0011438
0.25 -0.00041498
0.255 -0.0020214
0.26 -0.0032039
0.265 -0.0040738
0.27 -0.0048728
0.275 -0.0057703
0.28 -0.0063821
0.285 -0.0060142
0.29 -0.0034696
0.295 0.0016067
0.3 0.0075805
0.305 0.012215
0.31 0.014407
0.315 0.013948
0.32 0.011296
0.325 0.0067115
0.33 0.0007538
0.335 -0.0068311
0.34 -0.014295
0.345 -0.018682
0.35 -0.019263
0.355 -0.016915
0.36 -0.012727
0.365 -0.0065495
0.37 0.0012026
0.375 0.0084202
0.38 0.013079
0.385 0.014159
0.39 0.012146
0.395 0.0076658
0.4 0.0024226
0.405 -0.0015894
0.41 -0.0028393
0.415 -0.00098173
0.42 0.0029973
0.425 0.0073097
0.43 0.010206
0.435 0.011256
0.44 0.010826
0.445 0.0096033
0.45 0.0082293
0.455 0.006837
0.46 0.0049154
0.465 0.0023352
0.47 -0.00065706
0.475 -0.0036296
0.48 -0.0057981
0.485 -0.006966
0.49 -0.0073794
0.495 -0.0071915
0.5 -0.0068499
0.505 -0.0068792
0.51 -0.0077185
0.515 -0.0096976
0.52 -0.01268
0.525 -0.016263
0.53 -0.019912
0.535 -0.023292
0.54 -0.025948
0.545 -0.026755
0.55 -0.023937
0.555 -0.015941
0.56 -0.0028663
0.565 0.013624
0.57 0.028763
0.575 0.03844
0.58 0.040624
0.585 0.034472
0.59 0.021304
0.595 0.00693
0.6 -0.0031502
0.605 -0.0071122
0.61 -0.0055304
0.615 -0.001727
0.62 0.00096591
0.625 0.00053266
0.63 -0.0028622
0.635 -0.0076866
0.64 -0.011302
0.645 -0.011692
0.65 -0.0091195
0.655 -0.0046669
0.66 0.00022349
0.665 0.0036353
0.67 0.005086
0.675 0.0062225
0.68 0.0083657
0.685 0.011243
0.69 0.012896
0.695 0.011314
0.7 0.0047091
0.705 -0.0060325
0.71 -0.016021
0.715 -0.020296
0.72 -0.016586
0.725 -0.006666
0.73 0.0044226
0.735 0.011797
0.74 0.014438
0.745 0.013743
0.75 0.013034
0.755 0.013907
0.76 0.015204
0.765 0.012708
0.77 0.0039615
0.775 -0.013102
0.78 -0.033928
0.785 -0.049763
0.79 -0.053679
0.795 -0.043948
0.8 -0.025331
0.805 -0.0053378
0.81 0.0089365
0.815 0.013851
0.82 0.010829
0.825 0.0042455
0.83 -0.0013507
0.835 -0.0035374
0.84 -0.0026233
0.845 -0.0011653
0.85 -0.0014406
0.855 -0.0047875
0.86 -0.011454
0.865 -0.023325
0.87 -0.040426
0.875 -0.057822
0.88 -0.068427
0.885 -0.06626
0.89 -0.048147
0.895 -0.013931
0.9 0.028297
0.905 0.065804
0.91 0.090393
0.915 0.1013
0.92 0.10199
0.925 0.096252
0.93 0.084149
0.935 0.062538
0.94 0.028211
0.945 -0.014166
0.95 -0.056547
0.955 -0.090203
0.96 -0.10739
0.965 -0.10577
0.97 -0.086026
0.975 -0.051193
0.98 -0.0070411
0.985 0.03847
0.99 0.076029
0.995 0.097932
1 0.10345
1.005 0.095525
1.01 0.075981
1.015 0.047025
1.02 0.014049
1.025 -0.018251
1.03 -0.044942
1.035 -0.061591
1.04 -0.065831
1.045 -0.059022
1.05 -0.045423
1.055 -0.027805
1.06 -0.0064489
1.065 0.017739
1.07 0.042307
1.075 0.063693
1.08 0.077205
1.085 0.07887
1.09 0.067503
1.095 0.045034
1.1 0.018762
1.105 -0.0016507
1.11 -0.01112
1.115 -0.011773
1.12 -0.0088711
1.125 -0.0060895
1.13 -0.004409
1.135 -0.0031486
1.14 -0.00027671
1.145 0.006133
1.15 0.015473
1.155 0.024626
1.16 0.029065
1.165 0.024136
1.17 0.0068481
1.175 -0.019357
1.18 -0.044761
1.185 -0.06068
1.19 -0.063126
1.195 -0.053354
1.2 -0.036114
1.205 -0.017636
1.21 -0.0031693
1.215 0.0062452
1.22 0.012634
1.225 0.018363
1.23 0.024489
1.235 0.030044
1.24 0.032953
1.245 0.031531
1.25 0.025113
1.255 0.013933
1.26 0.00053551
1.265 -0.013641
1.27 -0.026675
1.275 -0.036538
1.28 -0.042559
1.285 -0.044207
1.29 -0.040381
1.295 -0.032073
1.3 -0.020384
1.305 -0.0065969
1.31 0.0073421
1.315 0.019043
1.32 0.026218
1.325 0.02953
1.33 0.03132
1.335 0.033132
1.34 0.034249
1.345 0.03282
1.35 0.025808
1.355 0.013074
1.36 -0.0054614
1.365 -0.026071
1.37 -0.042545
1.375 -0.051907
1.38 -0.053368
1.385 -0.046849
1.39 -0.032538
1.395 -0.011576
1.4 0.011469
1.405 0.031907
1.41 0.048122
1.415 0.060016
1.42 0.067916
1.425 0.071856
1.43 0.069844
1.435 0.059977
1.44 0.03972
1.445 0.010769
1.45 -0.018283
1.455 -0.039957
1.46 -0.049528
1.465 -0.046164
1.47 -0.032394
1.475 -0.011889
1.48 0.0097479
1.485 0.02682
1.49 0.037026
1.495 0.042175
1.5 0.048078
1.505 0.05968
1.51 0.078112
1.515 0.10154
1.52 0.12679
1.525 0.14793
1.53 0.15983
1.535 0.1596
1.54 0.14911
1.545 0.12787
1.55 0.098784
1.555 0.066937
1.56 0.036457
1.565 0.0073577
1.57 -0.020601
1.575 -0.048971
1.58 -0.082539
1.585 -0.12343
1.59 -0.16914
1.595 -0.21068
1.6 -0.23608
1.605 -0.23781
1.61 -0.21456
1.615 -0.16837
1.62 -0.10413
1.625 -0.033457
1.63 0.034651
1.635 0.093902
1.64 0.14115
1.645 0.17647
1.65 0.201
1.655 0.21723
1.66 0.22788
1.665 0.23597
1.67 0.24175
1.675 0.24368
1.68 0.24091
1.685 0.2305
1.69 0.20781
1.695 0.1717
1.7 0.12591
1.705 0.067639
1.71 0.0029271
1.715 -0.058315
1.72 -0.11039
1.725 -0.15059
1.73 -0.17928
1.735 -0.19578
1.74 -0.19932
1.745 -0.18857
1.75 -0.16553
1.755 -0.13584
1.76 -0.10909
1.765 -0.093953
1.77 -0.092897
1.775 -0.10431
1.78 -0.12104
1.785 -0.1314
1.79 -0.12484
1.795 -0.093138
1.8 -0.039056
1.805 0.026415
1.81 0.096576
1.815 0.16183
1.82 0.2127
1.825 0.24381
1.83 0.25456
1.835 0.24896
1.84 0.22351
1.845 0.17789
1.85 0.12083
1.855 0.059544
1.86 -0.0026214
1.865 -0.066965
1.87 -0.13283
1.875 -0.20063
1.88 -0.26779
1.885 -0.33249
1.89 -0.39205
1.895 -0.44205
1.9 -0.47881
1.905 -0.49942
1.91 -0.50363
1.915 -0.4939
1.92 -0.47409
1.925 -0.44926
1.93 -0.42517
1.935 -0.40675
1.94 -0.39447
1.945 -0.38514
1.95 -0.37302
1.955 -0.35149
1.96 -0.31305
1.965 -0.25144
1.97 -0.16813
1.975 -0.073454
1.98 0.021994
1.985 0.11175
1.99 0.19227
1.995 0.2496
2 0.295
2.005 0.3325
2.01 0.34889
2.015 0.33847
2.02 0.30056
2.025 0.24462
2.03 0.1873
2.035 0.1395
2.04 0.10246
2.045 0.072554
2.05 0.044196
2.055 0.014818
2.06 -0.01947
2.065 -0.056797
2.07 -0.087188
2.075 -0.10069
2.08 -0.092399
2.085 -0.059658
2.09 -0.0039687
2.095 0.065462
2.1 0.14545
2.105 0.226
2.11 0.30066
2.115 0.36317
2.12 0.40759
2.125 0.43641
2.13 0.45109
2.135 0.4546
2.14 0.44883
2.145 0.43543
2.15 0.40924
2.155 0.36717
2.16 0.30799
2.165 0.23859
2.17 0.17115
2.175 0.10689
2.18 0.04427
2.185 -0.021928
2.19 -0.0975
2.195 -0.17983
2.2 -0.26679
2.205 -0.35037
2.21 -0.42377
2.215 -0.48268
2.22 -0.52633
2.225 -0.55455
2.23 -0.56679
2.235 -0.56298
2.24 -0.54183
2.245 -0.49801
2.25 -0.43232
2.255 -0.35742
2.26 -0.2829
2.265 -0.214
2.27 -0.15256
2.275 -0.098237
2.28 -0.05031
2.285 -0.0027351
2.29 0.046971
2.295 0.10023
2.3 0.15684
2.305 0.21756
2.31 0.28649
2.315 0.35796
2.32 0.42569
2.325 0.48097
2.33 0.51063
2.335 0.50797
2.34 0.46338
2.345 0.36832
2.35 0.24281
2.355 0.10651
2.36 -0.026816
2.365 -0.15117
2.37 -0.2645
2.375 -0.35564
2.38 -0.4156
2.385 -0.43947
2.39 -0.42867
2.395 -0.3839
2.4 -0.31391
2.405 -0.23176
2.41 -0.15624
2.415 -0.10476
2.42 -0.082057
2.425 -0.07877
2.43 -0.079052
2.435 -0.070331
2.44 -0.043354
2.445 0.0066915
2.45 0.071986
2.455 0.14582
2.46 0.22264
2.465 0.30508
2.47 0.38974
2.475 0.45887
2.48 0.49801
2.485 0.5055
2.49 0.49164
2.495 0.46728
2.5 0.43401
2.505 0.38887
2.51 0.33488
2.515 0.2754
2.52 0.21738
2.525 0.17005
2.53 0.13754
2.535 0.11668
2.54 0.099512
2.545 0.07351
2.55 0.031818
2.555 -0.028249
2.56 -0.10389
2.565 -0.18728
2.57 -0.27528
2.575 -0.35517
2.58 -0.41218
2.585 -0.43647
2.59 -0.42122
2.595 -0.36067
2.6 -0.25758
2.605 -0.11903
2.61 0.038093
2.615 0.18711
2.62 0.3173
2.625 0.42456
2.63 0.49953
2.635 0.53852
2.64 0.54823
2.645 0.54031
2.65 0.52588
2.655 0.50983
2.66 0.48557
2.665 0.42893
2.67 0.32885
2.675 0.19515
2.68 0.045093
2.685 -0.11176
2.69 -0.26353
2.695 -0.4007
2.7 -0.52122
2.705 -0.62019
2.71 -0.69201
2.715 -0.73335
2.72 -0.74473
2.725 -0.72536
2.73 -0.67293
2.735 -0.59046
2.74 -0.48991
2.745 -0.38513
2.75 -0.28767
2.755 -0.20206
2.76 -0.13581
2.765 -0.097498
2.77 -0.083694
2.775 -0.08057
2.78 -0.088915
2.785 -0.10262
2.79 -0.10268
2.795 -0.077934
2.8 -0.023072
2.805 0.057399
2.81 0.14828
2.815 0.23713
2.82 0.31397
2.825 0.36179
2.83 0.37062
2.835 0.34174
2.84 0.28862
2.845 0.2355
2.85 0.20071
2.855 0.18882
2.86 0.19267
2.865 0.2009
2.87 0.20838
2.875 0.21712
2.88 0.23036
2.885 0.24927
2.89 0.27202
2.895 0.29076
2.9 0.29423
2.905 0.26823
2.91 0.2123
2.915 0.13774
2.92 0.057497
2.925 -0.01716
2.93 -0.084205
2.935 -0.14273
2.94 -0.19671
2.945 -0.24715
2.95 -0.29005
2.955 -0.3194
2.96 -0.32953
2.965 -0.3152
2.97 -0.26903
2.975 -0.18476
2.98 -0.073736
2.985 0.041276
2.99 0.15077
2.995 0.23884
3 0.29286
3.005 0.30994
3.01 0.2805
3.015 0.19797
3.02 0.076617
3.025 -0.045795
3.03 -0.13115
3.035 -0.16528
3.04 -0.16081
3.045 -0.14061
3.05 -0.12301
3.055 -0.11697
3.06 -0.12322
3.065 -0.14174
3.07 -0.17046
3.075 -0.19891
3.08 -0.21612
3.085 -0.21749
3.09 -0.20724
3.095 -0.18742
3.1 -0.15956
3.105 -0.12357
3.11 -0.081521
3.115 -0.038718
3.12 -0.00026429
3.125 0.031161
3.13 0.052997
3.135 0.062845
3.14 0.057496
3.145 0.036843
3.15 0.007864
3.155 -0.016438
3.16 -0.027747
3.165 -0.025573
3.17 -0.014171
3.175 0.0029423
3.18 0.024781
3.185 0.055685
3.19 0.094185
3.195 0.13213
3.2 0.15823
3.205 0.16507
3.21 0.15184
3.215 0.12487
3.22 0.092481
3.225 0.062504
3.23 0.037201
3.235 0.016056
3.24 0.00034504
3.245 -0.0095454
3.25 -0.013711
3.255 -0.013321
3.26 -0.0094912
3.265 -0.0024859
3.27 0.0049955
3.275 0.0096606
3.28 0.010789
3.285 0.0099937
3.29 0.010636
3.295 0.017694
3.3 0.035994
3.305 0.066831
3.31 0.10397
3.315 0.14113
3.32 0.17301
3.325 0.19587
3.33 0.21013
3.335 0.21901
3.34 0.22667
3.345 0.23588
3.35 0.24702
3.355 0.25669
3.36 0.25903
3.365 0.24901
3.37 0.21925
3.375 0.17142
3.38 0.11576
3.385 0.061789
3.39 0.016042
3.395 -0.02331
3.4 -0.060804
3.405 -0.098945
3.41 -0.13853
3.415 -0.17594
3.42 -0.20672
3.425 -0.22945
3.43 -0.24389
3.435 -0.25174
3.44 -0.25839
3.445 -0.26566
3.45 -0.26983
3.455 -0.26678
3.46 -0.25481
3.465 -0.23676
3.47 -0.21758
3.475 -0.20197
3.48 -0.19148
3.485 -0.18451
3.49 -0.17974
3.495 -0.17684
3.5 -0.17498
3.505 -0.17225
3.51 -0.16675
3.515 -0.15808
3.52 -0.14703
3.525 -0.13212
3.53 -0.11216
3.535 -0.087138
3.54 -0.056538
3.545 -0.021421
3.55 0.014309
3.555 0.047204
3.56 0.077418
3.565 0.10507
3.57 0.12954
3.575 0.15006
3.58 0.16298
3.585 0.16453
3.59 0.15578
3.595 0.14022
3.6 0.12233
3.605 0.10609
3.61 0.092661
3.615 0.081032
3.62 0.070542
3.625 0.061227
3.63 0.053345
3.635 0.046547
3.64 0.040159
3.645 0.033617
3.65 0.029532
3.655 0.033689
3.66 0.051578
3.665 0.084233
3.67 0.12792
3.675 0.17558
3.68 0.21972
3.685 0.25325
3.69 0.27502
3.695 0.28908
3.7 0.30009
3.705 0.31011
3.71 0.31913
3.715 0.3231
3.72 0.3141
3.725 0.28211
3.73 0.22767
3.735 0.15608
3.74 0.076232
3.745 -0.0062125
3.75 -0.088382
3.755 -0.17093
3.76 -0.25513
3.765 -0.32852
3.77 -0.38788
3.775 -0.43208
3.78 -0.46058
3.785 -0.4745
3.79 -0.47409
3.795 -0.45752
3.8 -0.41863
3.805 -0.35096
3.81 -0.26737
3.815 -0.18735
3.82 -0.12362
3.825 -0.085838
3.83 -0.074422
3.835 -0.083237
3.84 -0.10582
3.845 -0.13154
3.85 -0.15083
3.855 -0.16214
3.86 -0.16889
3.865 -0.17699
3.87 -0.19319
3.875 -0.21703
3.88 -0.24044
3.885 -0.24825
3.89 -0.22632
3.895 -0.16486
3.9 -0.075586
3.905 0.021496
3.91 0.10912
3.915 0.17714
3.92 0.22507
3.925 0.26118
3.93 0.29554
3.935 0.32789
3.94 0.35745
3.945 0.3863
3.95 0.41673
3.955 0.4491
3.96 0.47715
3.965 0.49069
3.97 0.47739
3.975 0.43356
3.98 0.36543
3.985 0.29065
3.99 0.22435
3.995 0.16722
4 0.11248
4.005 0.050734
4.01 -0.015389
4.015 -0.079734
4.02 -0.13657
4.025 -0.1773
4.03 -0.19665
4.035 -0.19482
4.04 -0.17363
4.045 -0.1306
4.05 -0.071158
4.055 -0.0073861
4.06 0.049872
4.065 0.091499
4.07 0.11752
4.075 0.13202
4.08 0.13867
4.085 0.13876
4.09 0.13101
4.095 0.11338
4.1 0.085065
4.105 0.046061
4.11 -9.515e-005
4.115 -0.048723
4.12 -0.095172
4.125 -0.1343
4.13 -0.16517
4.135 -0.18864
4.14 -0.20576
4.145 -0.21641
4.15 -0.21699
4.155 -0.20303
4.16 -0.17317
4.165 -0.13182
4.17 -0.085875
4.175 -0.043085
4.18 -0.0086504
4.185 0.017119
4.19 0.036119
4.195 0.052761
4.2 0.068741
4.205 0.083847
4.21 0.095626
4.215 0.10034
4.22 0.096881
4.225 0.085332
4.23 0.065685
4.235 0.03997
4.24 0.011466
4.245 -0.015197
4.25 -0.040857
4.255 -0.065978
4.26 -0.089026
4.265 -0.10594
4.27 -0.11061
4.275 -0.098841
4.28 -0.068262
4.285 -0.021727
4.29 0.032567
4.295 0.085848
4.3 0.13036
4.305 0.16076
4.31 0.17441
4.315 0.17335
4.32 0.16281
4.325 0.14366
4.33 0.11571
4.335 0.080101
4.34 0.035391
4.345 -0.013035
4.35 -0.059141
4.355 -0.099075
4.36 -0.12968
4.365 -0.14813
4.37 -0.1516
4.375 -0.14188
4.38 -0.12255
4.385 -0.099563
4.39 -0.078767
4.395 -0.063512
4.4 -0.053976
4.405 -0.047419
4.41 -0.040003
4.415 -0.029364
4.42 -0.014996
4.425 0.00088666
4.43 0.01558
4.435 0.02742
4.44 0.037046
4.445 0.045765
4.45 0.054118
4.455 0.060759
4.46 0.064136
4.465 0.062478
4.47 0.055856
4.475 0.043304
4.48 0.02586
4.485 0.0071962
4.49 -0.0096919
4.495 -0.022649
4.5 -0.030419
4.505 -0.032951
4.51 -0.031506
4.515 -0.026863
4.52 -0.020603
4.525 -0.014637
4.53 -0.010103
4.535 -0.0081582
4.54 -0.010269
4.545 -0.016228
4.55 -0.024699
4.555 -0.034219
4.56 -0.045138
4.565 -0.058495
4.57 -0.076009
4.575 -0.095946
4.58 -0.11571
4.585 -0.13261
4.59 -0.14368
4.595 -0.14743
4.6 -0.14531
4.605 -0.13971
4.61 -0.12985
4.615 -0.11537
4.62 -0.097769
4.625 -0.079543
4.63 -0.063326
4.635 -0.048836
4.64 -0.033529
4.645 -0.015685
4.65 0.0042286
4.655 0.023731
4.66 0.040446
4.665 0.052593
4.67 0.059563
4.675 0.062597
4.68 0.063197
4.685 0.062378
4.69 0.061519
4.695 0.062718
4.7 0.066432
4.705 0.072048
4.71 0.079674
4.715 0.087521
4.72 0.094341
4.725 0.098108
4.73 0.097957
4.735 0.094282
4.74 0.088312
4.745 0.082438
4.75 0.079517
4.755 0.080543
4.76 0.08448
4.765 0.088218
4.77 0.08975
4.775 0.089375
4.78 0.08778
4.785 0.085203
4.79 0.081772
4.795 0.077641
4.8 0.071473
4.805 0.062336
4.81 0.050696
4.815 0.037569
4.82 0.023083
4.825 0.0085011
4.83 -0.003686
4.835 -0.012586
4.84 -0.019016
4.845 -0.023995
4.85 -0.027833
4.855 -0.031466
4.86 -0.035346
4.865 -0.039322
4.87 -0.043087
4.875 -0.046475
4.88 -0.049294
4.885 -0.051868
4.89 -0.05541
4.895 -0.061164
4.9 -0.068647
4.905 -0.077914
4.91 -0.088516
4.915 -0.098574
4.92 -0.10611
4.925 -0.11064
4.93 -0.11243
4.935 -0.11132
4.94 -0.108
4.945 -0.10455
4.95 -0.10213
4.955 -0.10118
4.96 -0.1006
4.965 -0.099
4.97 -0.09568
4.975 -0.090476
4.98 -0.084333
4.985 -0.078801
4.99 -0.074601
4.995 -0.071628
5 -0.069413
5.005 -0.066012
5.01 -0.060676
5.015 -0.053763
5.02 -0.045375
5.025 -0.035987
5.03 -0.025933
5.035 -0.014695
5.04 -0.0020106
5.045 0.012831
5.05 0.029401
5.055 0.045961
5.06 0.059556
5.065 0.068211
5.07 0.072347
5.075 0.072331
5.08 0.068174
5.085 0.060019
5.09 0.047635
5.095 0.033022
5.1 0.019878
5.105 0.0092652
5.11 0.0017362
5.115 -0.0027839
5.12 -0.005548
5.125 -0.0077445
5.13 -0.0096034
5.135 -0.010696
5.14 -0.010169
5.145 -0.0082615
5.15 -0.0050373
5.155 2.4375e-005
5.16 0.0065686
5.165 0.013387
5.17 0.019336
5.175 0.024255
5.18 0.029583
5.185 0.035685
5.19 0.04306
5.195 0.051072
5.2 0.058612
5.205 0.065929
5.21 0.073333
5.215 0.080012
5.22 0.085487
5.225 0.090477
5.23 0.095221
5.235 0.098827
5.24 0.10078
5.245 0.1007
5.25 0.097058
5.255 0.090916
5.26 0.084335
5.265 0.077081
5.27 0.069105
5.275 0.061374
5.28 0.054895
5.285 0.050828
5.29 0.049122
5.295 0.049401
5.3 0.050024
5.305 0.047346
5.31 0.039461
5.315 0.025789
5.32 0.0061662
5.325 -0.016764
5.33 -0.040608
5.335 -0.06461
5.34 -0.087165
5.345 -0.10737
5.35 -0.12439
5.355 -0.13691
5.36 -0.14435
5.365 -0.14701
5.37 -0.14549
5.375 -0.14126
5.38 -0.13555
5.385 -0.12914
5.39 -0.12214
5.395 -0.11441
5.4 -0.10537
5.405 -0.093681
5.41 -0.079026
5.415 -0.061108
5.42 -0.040652
5.425 -0.019368
5.43 0.0015735
5.435 0.019514
5.44 0.033607
5.445 0.043781
5.45 0.05007
5.455 0.053669
5.46 0.055641
5.465 0.056407
5.47 0.055841
5.475 0.053562
5.48 0.049427
5.485 0.043056
5.49 0.035764
5.495 0.028115
5.5 0.020504
5.505 0.014949
5.51 0.012933
5.515 0.014603
5.52 0.018857
5.525 0.024082
5.53 0.028379
5.535 0.030622
5.54 0.030029
5.545 0.025981
5.55 0.019711
5.555 0.012892
5.56 0.0052475
5.565 -0.0038761
5.57 -0.013929
5.575 -0.023874
5.58 -0.032713
5.585 -0.039446
5.59 -0.042785
5.595 -0.041549
5.6 -0.036323
5.605 -0.02831
5.61 -0.017912
5.615 -0.0062447
5.62 0.0058295
5.625 0.017834
5.63 0.028653
5.635 0.037431
5.64 0.043368
5.645 0.044986
5.65 0.040761
5.655 0.029652
5.66 0.011491
5.665 -0.012874
5.67 -0.040033
5.675 -0.065198
5.68 -0.085384
5.685 -0.099413
5.69 -0.10757
5.695 -0.11021
5.7 -0.10753
5.705 -0.099717
5.71 -0.087625
5.715 -0.072812
5.72 -0.05701
5.725 -0.041417
5.73 -0.028071
5.735 -0.018196
5.74 -0.011874
5.745 -0.0086818
5.75 -0.0072649
5.755 -0.0063688
5.76 -0.0058098
5.765 -0.0042692
5.77 -0.0012623
5.775 0.0037071
5.78 0.010338
5.785 0.017815
5.79 0.026052
5.795 0.034505
5.8 0.040973
5.805 0.0442
5.81 0.045158
5.815 0.044664
5.82 0.042984
5.825 0.040934
5.83 0.038939
5.835 0.036644
5.84 0.034052
5.845 0.02999
5.85 0.02456
5.855 0.019388
5.86 0.01497
5.865 0.01138
5.87 0.008465
5.875 0.0066801
5.88 0.0064302
5.885 0.0077248
5.89 0.010613
5.895 0.014334
5.9 0.018138
5.905 0.02274
5.91 0.027078
5.915 0.030342
5.92 0.033228
5.925 0.03536
5.93 0.036226
5.935 0.035679
5.94 0.034091
5.945 0.03256
5.95 0.03132
5.955 0.03038
5.96 0.029134
5.965 0.028022
5.97 0.026725
5.975 0.024759
5.98 0.020267
5.985 0.012604
5.99 0.0027762
5.995 -0.0087383
6 -0.021756
6.005 -0.035506
6.01 -0.047796
6.015 -0.057419
6.02 -0.063421
6.025 -0.065014
6.03 -0.061761
6.035 -0.05475
6.04 -0.046359
6.045 -0.037446
6.05 -0.028074
6.055 -0.018533
6.06 -0.0091435
6.065 -0.00015877
6.07 0.0085865
6.075 0.016679
6.08 0.023516
6.085 0.028141
6.09 0.029955
6.095 0.029584
6.1 0.028263
6.105 0.027267
6.11 0.027823
6.115 0.029972
6.12 0.032858
6.125 0.035667
6.13 0.038774
6.135 0.043983
6.14 0.051136
6.145 0.058722
6.15 0.06483
6.155 0.068164
6.16 0.068737
6.165 0.066927
6.17 0.062517
6.175 0.056878
6.18 0.051966
6.185 0.048098
6.19 0.043946
6.195 0.038345
6.2 0.031932
6.205 0.02543
6.21 0.018605
6.215 0.012011
6.22 0.0070287
6.225 0.0033734
6.23 0.00052354
6.235 -0.0011345
6.24 -0.0015085
6.245 -0.00087638
6.25 0.00021314
6.255 0.0020326
6.26 0.0045651
6.265 0.0082347
6.27 0.012658
6.275 0.018274
6.28 0.025192
6.285 0.032354
6.29 0.038863
6.295 0.044085
6.3 0.047414
6.305 0.04797
6.31 0.045205
6.315 0.039693
6.32 0.032271
6.325 0.023589
6.33 0.014616
6.335 0.0064283
6.34 -0.00028121
6.345 -0.0057056
6.35 -0.0095481
6.355 -0.01159
6.36 -0.011999
6.365 -0.010641
6.37 -0.0072004
6.375 -0.0023532
6.38 0.0024763
6.385 0.0066469
6.39 0.010421
6.395 0.01341
6.4 0.015345
6.405 0.016284
6.41 0.016111
6.415 0.013394
6.42 0.0072539
6.425 -0.0025722
6.43 -0.014949
6.435 -0.029373
6.44 -0.045062
6.445 -0.061114
6.45 -0.076292
6.455 -0.088575
6.46 -0.097484
6.465 -0.10263
6.47 -0.10453
6.475 -0.10412
6.48 -0.10222
6.485 -0.099377
6.49 -0.095597
6.495 -0.092061
6.5 -0.089274
6.505 -0.086866
6.51 -0.084245
6.515 -0.081045
6.52 -0.076782
6.525 -0.071456
6.53 -0.065215
6.535 -0.058282
6.54 -0.05126
6.545 -0.044516
6.55 -0.03799
6.555 -0.031318
6.56 -0.024783
6.565 -0.018075
6.57 -0.011059
6.575 -0.0039419
6.58 0.0025993
6.585 0.0073442
6.59 0.009834
6.595 0.010506
6.6 0.010769
6.605 0.011307
6.61 0.011777
6.615 0.011802
6.62 0.011407
6.625 0.010421
6.63 0.0085919
6.635 0.0049738
6.64 -0.00016844
6.645 -0.0059752
6.65 -0.011646
6.655 -0.015712
6.66 -0.017193
6.665 -0.015305
6.67 -0.010043
6.675 -0.0026883
6.68 0.0050443
6.685 0.012261
6.69 0.018331
6.695 0.022673
6.7 0.025164
6.705 0.026136
6.71 0.026038
6.715 0.02531
6.72 0.023976
6.725 0.02128
6.73 0.017062
6.735 0.012087
6.74 0.0079945
6.745 0.0056991
6.75 0.0045834
6.755 0.0043135
6.76 0.0040186
6.765 0.0030275
6.77 0.00097841
6.775 -0.0023153
6.78 -0.0060089
6.785 -0.0084812
6.79 -0.0084755
6.795 -0.004853
6.8 0.00075363
6.805 0.0059271
6.81 0.010927
6.815 0.016575
6.82 0.023119
6.825 0.030391
6.83 0.037649
6.835 0.044029
6.84 0.049043
6.845 0.052164
6.85 0.053484
6.855 0.053896
6.86 0.053474
6.865 0.05215
6.87 0.049931
6.875 0.04695
6.88 0.043636
6.885 0.04012
6.89 0.036802
6.895 0.034587
6.9 0.033764
6.905 0.034874
6.91 0.038141
6.915 0.042386
6.92 0.047012
6.925 0.051748
6.93 0.05663
6.935 0.061899
6.94 0.067301
6.945 0.072159
6.95 0.075793
6.955 0.077752
6.96 0.077443
6.965 0.075005
6.97 0.070741
6.975 0.065146
6.98 0.058691
6.985 0.051211
6.99 0.042616
6.995 0.033727
7 0.025239
7.005 0.017865
7.01 0.011182
7.015 0.0044802
7.02 -0.0024946
7.025 -0.0099375
7.03 -0.01761
7.035 -0.025265
7.04 -0.032588
7.045 -0.038539
7.05 -0.042417
7.055 -0.044299
7.06 -0.044606
7.065 -0.043754
7.07 -0.042226
7.075 -0.039951
7.08 -0.037582
7.085 -0.036327
7.09 -0.036868
7.095 -0.039158
7.1 -0.042257
7.105 -0.045522
7.11 -0.049267
7.115 -0.053807
7.12 -0.059214
7.125 -0.065294
7.13 -0.071536
7.135 -0.077826
7.14 -0.083968
7.145 -0.090081
7.15 -0.095968
7.155 -0.1005
7.16 -0.10376
7.165 -0.10632
7.17 -0.10833
7.175 -0.1087
7.18 -0.10619
7.185 -0.10095
7.19 -0.093432
7.195 -0.084114
7.2 -0.07322
7.205 -0.06094
7.21 -0.047391
7.215 -0.033393
7.22 -0.019282
7.225 -0.0046531
7.23 0.009987
7.235 0.024372
7.24 0.038623
7.245 0.052613
7.25 0.065147
7.255 0.074665
7.26 0.080919
7.265 0.084006
7.27 0.084403
7.275 0.082077
7.28 0.077279
7.285 0.070781
7.29 0.063315
7.295 0.055153
7.3 0.04613
7.305 0.037119
7.31 0.029522
7.315 0.023665
7.32 0.019603
7.325 0.017329
7.33 0.016764
7.335 0.01765
7.34 0.020053
7.345 0.023643
7.35 0.027779
7.355 0.032163
7.36 0.036475
7.365 0.040615
7.37 0.044852
7.375 0.049151
7.38 0.05326
7.385 0.056551
7.39 0.058792
7.395 0.060116
7.4 0.060468
7.405 0.059896
7.41 0.058219
7.415 0.055044
7.42 0.050504
7.425 0.044956
7.43 0.038161
7.435 0.03015
7.44 0.021702
7.445 0.013033
7.45 0.0037884
7.455 -0.0053029
7.46 -0.013839
7.465 -0.021896
7.47 -0.028589
7.475 -0.034091
7.48 -0.038843
7.485 -0.042412
7.49 -0.044635
7.495 -0.045513
7.5 -0.045031
7.505 -0.0434
7.51 -0.041092
7.515 -0.038809
7.52 -0.037111
7.525 -0.035972
7.53 -0.035891
7.535 -0.037193
7.54 -0.039712
7.545 -0.043056
7.55 -0.048023
7.555 -0.054818
7.56 -0.061818
7.565 -0.067565
7.57 -0.071163
7.575 -0.072934
7.58 -0.07344
7.585 -0.073235
7.59 -0.072131
7.595 -0.070348
7.6 -0.067824
7.605 -0.064006
7.61 -0.05883
7.615 -0.053109
7.62 -0.047536
7.625 -0.042636
7.63 -0.038777
7.635 -0.035386
7.64 -0.031371
7.645 -0.027053
7.65 -0.023572
7.655 -0.021306
7.66 -0.020508
7.665 -0.021331
7.67 -0.023212
7.675 -0.027054
7.68 -0.031805
7.685 -0.034685
7.69 -0.034622
7.695 -0.033239
7.7 -0.0322
7.705 -0.031547
7.71 -0.030109
7.715 -0.026696
7.72 -0.020834
7.725 -0.013762
7.73 -0.0064937
7.735 0.0011919
7.74 0.0085341
7.745 0.015557
7.75 0.022695
7.755 0.029239
7.76 0.035183
7.765 0.040889
7.77 0.04628
7.775 0.050615
7.78 0.053662
7.785 0.05577
7.79 0.058304
7.795 0.061871
7.8 0.06599
7.805 0.069394
7.81 0.071785
7.815 0.074329
7.82 0.07772
7.825 0.082058
7.83 0.087677
7.835 0.093844
7.84 0.098392
7.845 0.10117
7.85 0.10304
7.855 0.10491
7.86 0.10675
7.865 0.10784
7.87 0.10748
7.875 0.10422
7.88 0.098267
7.885 0.090178
7.89 0.080932
7.895 0.07112
7.9 0.061036
7.905 0.049838
7.91 0.038678
7.915 0.029035
7.92 0.020896
7.925 0.014153
7.93 0.0085498
7.935 0.0026827
7.94 -0.0039272
7.945 -0.010281
7.95 -0.015778
7.955 -0.020413
7.96 -0.02444
7.965 -0.028104
7.97 -0.031222
7.975 -0.033243
7.98 -0.033698
7.985 -0.032779
7.99 -0.030844
7.995 -0.027893
8 -0.024498
8.005 -0.020846
8.01 -0.016866
8.015 -0.01309
8.02 -0.010481
8.025 -0.0094063
8.03 -0.0097219
8.035 -0.011254
8.04 -0.013772
8.045 -0.017067
8.05 -0.020848
8.055 -0.025001
8.06 -0.028909
8.065 -0.032357
8.07 -0.035086
8.075 -0.036275
8.08 -0.036259
8.085 -0.035979
8.09 -0.03566
8.095 -0.035199
8.1 -0.034482
8.105 -0.033005
8.11 -0.029699
8.115 -0.024667
8.12 -0.019395
8.125 -0.014908
8.13 -0.011423
8.135 -0.0087371
8.14 -0.0065889
8.145 -0.0046709
8.15 -0.0030569
8.155 -0.0020307
8.16 -0.0016694
8.165 -0.0022557
8.17 -0.0038686
8.175 -0.0058069
8.18 -0.0071131
8.185 -0.0073303
8.19 -0.0063422
8.195 -0.0050333
8.2 -0.0039198
8.205 -0.0032528
8.21 -0.0030916
8.215 -0.0031707
8.22 -0.003195
8.225 -0.0029911
8.23 -0.0023987
8.235 -0.0013662
8.24 7.7723e-006
8.245 0.0015629
8.25 0.0036636
8.255 0.0060725
8.26 0.0081846
8.265 0.0099371
8.27 0.011047
8.275 0.011171
8.28 0.0099525
8.285 0.007434
8.29 0.0040819
8.295 0.00060731
8.3 -0.0027995
8.305 -0.0064321
8.31 -0.010489
8.315 -0.014883
8.32 -0.018998
8.325 -0.022137
8.33 -0.024863
8.335 -0.027657
8.34 -0.031061
8.345 -0.034232
8.35 -0.035834
8.355 -0.035288
8.36 -0.032081
8.365 -0.026948
8.37 -0.021222
8.375 -0.015807
8.38 -0.010699
8.385 -0.0057891
8.39 -0.0011963
8.395 0.0027232
8.4 0.0058567
8.405 0.0077595
8.41 0.0080933
8.415 0.0074836
8.42 0.0065401
8.425 0.0065782
8.43 0.0078522
8.435 0.0102
8.44 0.013493
8.445 0.017827
8.45 0.023354
8.455 0.02866
8.46 0.032407
8.465 0.034753
8.47 0.036402
8.475 0.037609
8.48 0.038923
8.485 0.039696
8.49 0.038321
8.495 0.03455
8.5 0.029618
8.505 0.02455
8.51 0.019293
8.515 0.013441
8.52 0.0071785
8.525 0.0010319
8.53 -0.0041295
8.535 -0.0079362
8.54 -0.011353
8.545 -0.01488
8.55 -0.018798
8.555 -0.022456
8.56 -0.025073
8.565 -0.026737
8.57 -0.027423
8.575 -0.027262
8.58 -0.02605
8.585 -0.024186
8.59 -0.022624
8.595 -0.021388
8.6 -0.02023
8.605 -0.019239
8.61 -0.018039
8.615 -0.016816
8.62 -0.015922
8.625 -0.015422
8.63 -0.015345
8.635 -0.015844
8.64 -0.016756
8.645 -0.017538
8.65 -0.017841
8.655 -0.017882
8.66 -0.017983
8.665 -0.018632
8.67 -0.019463
8.675 -0.018997
8.68 -0.016178
8.685 -0.010899
8.69 -0.0045441
8.695 0.0018119
8.7 0.0077282
8.705 0.0134
8.71 0.01911
8.715 0.024605
8.72 0.029158
8.725 0.032339
8.73 0.034112
8.735 0.034547
8.74 0.034345
8.745 0.033966
8.75 0.033541
8.755 0.033082
8.76 0.032545
8.765 0.03131
8.77 0.029558
8.775 0.027597
8.78 0.025814
8.785 0.024674
8.79 0.025076
8.795 0.026486
8.8 0.027368
8.805 0.026713
8.81 0.024508
8.815 0.02175
8.82 0.019888
8.825 0.01931
8.83 0.01922
8.835 0.018999
8.84 0.018228
8.845 0.017036
8.85 0.016852
8.855 0.017162
8.86 0.016507
8.865 0.015116
8.87 0.013541
8.875 0.012151
8.88 0.011083
8.885 0.010293
8.89 0.0094199
8.895 0.0077647
8.9 0.0045301
8.905 -6.8993e-005
8.91 -0.0052612
8.915 -0.010959
8.92 -0.017214
8.925 -0.023539
8.93 -0.029554
8.935 -0.034584
8.94 -0.037796
8.945 -0.039217
8.95 -0.039053
8.955 -0.037761
8.96 -0.036091
8.965 -0.03396
8.97 -0.03111
8.975 -0.026819
8.98 -0.022192
8.985 -0.018355
8.99 -0.015129
8.995 -0.011864
9 -0.0085303
9.005 -0.0058352
9.01 -0.0041223
9.015 -0.0037408
9.02 -0.0053563
9.025 -0.0080777
9.03 -0.011016
9.035 -0.013913
9.04 -0.016348
9.045 -0.01821
9.05 -0.020415
9.055 -0.023006
9.06 -0.025116
9.065 -0.026842
9.07 -0.027588
9.075 -0.027109
9.08 -0.025353
9.085 -0.022172
9.09 -0.017943
9.095 -0.012659
9.1 -0.0071384
9.105 -0.0015393
9.11 0.0040769
9.115 0.0092715
9.12 0.013628
9.125 0.017291
9.13 0.020134
9.135 0.021835
9.14 0.022556
9.145 0.022876
9.15 0.022639
9.155 0.021604
9.16 0.019832
9.165 0.017184
9.17 0.013667
9.175 0.010233
9.18 0.0082381
9.185 0.0078243
9.19 0.0086666
9.195 0.0098564
9.2 0.010892
9.205 0.011565
9.21 0.012324
9.215 0.013207
9.22 0.013944
9.225 0.014577
9.23 0.015541
9.235 0.016605
9.24 0.017667
9.245 0.018841
9.25 0.020029
9.255 0.021223
9.26 0.021425
9.265 0.020792
9.27 0.019916
9.275 0.019084
9.28 0.018152
9.285 0.016565
9.29 0.013808
9.295 0.010605
9.3 0.0076633
9.305 0.0044601
9.31 0.00053842
9.315 -0.0036407
9.32 -0.0071963
9.325 -0.0092453
9.33 -0.0091818
9.335 -0.0075204
9.34 -0.0049922
9.345 -0.0018704
9.35 0.0019116
9.355 0.005815
9.36 0.0088317
9.365 0.010387
9.37 0.01076
9.375 0.010621
9.38 0.01075
9.385 0.010878
9.39 0.010894
9.395 0.010884
9.4 0.010474
9.405 0.0093129
9.41 0.0077908
9.415 0.0066852
9.42 0.0067004
9.425 0.0079371
9.43 0.0095374
9.435 0.010586
9.44 0.011022
9.445 0.010818
9.45 0.0098343
9.455 0.008309
9.46 0.006334
9.465 0.0040954
9.47 0.0016327
9.475 -0.0013997
9.48 -0.0047012
9.485 -0.0083748
9.49 -0.012181
9.495 -0.01563
9.5 -0.018663
9.505 -0.020999
9.51 -0.02228
9.515 -0.022627
9.52 -0.021681
9.525 -0.01941
9.53 -0.016042
9.535 -0.012551
9.54 -0.0095983
9.545 -0.007035
9.55 -0.0050209
9.555 -0.0037532
9.56 -0.0030586
9.565 -0.0030848
9.57 -0.0038962
9.575 -0.0049508
9.58 -0.0056665
9.585 -0.005844
9.59 -0.0052432
9.595 -0.0036674
9.6 -0.0013346
9.605 0.0009984
9.61 0.003163
9.615 0.0050932
9.62 0.0067473
9.625 0.0074007
9.63 0.0070887
9.635 0.006009
9.64 0.0044943
9.645 0.0029403
9.65 0.0015985
9.655 0.00023136
9.66 -0.0013762
9.665 -0.0033231
9.67 -0.006018
9.675 -0.008784
9.68 -0.011205
9.685 -0.012806
9.69 -0.014074
9.695 -0.015262
9.7 -0.016849
9.705 -0.018695
9.71 -0.020294
9.715 -0.021506
9.72 -0.022748
9.725 -0.024106
9.73 -0.025028
9.735 -0.025223
9.74 -0.024644
9.745 -0.023537
9.75 -0.021863
9.755 -0.019473
9.76 -0.016859
9.765 -0.014542
9.77 -0.012892
9.775 -0.011956
9.78 -0.010934
9.785 -0.009759
9.79 -0.0080812
9.795 -0.0056588
9.8 -0.0031944
9.805 -0.0016299
9.81 -0.0010882
9.815 -0.0014805
9.82 -0.0020749
9.825 -0.0023641
9.83 -0.0018695
9.835 -0.00068384
9.84 0.00089536
9.845 0.0028497
9.85 0.0044799
9.855 0.0052954
9.86 0.0052012
9.865 0.0046584
9.87 0.0041572
9.875 0.0034396
9.88 0.0023156
9.885 0.00075935
9.89 -0.0011181
9.895 -0.0028428
9.9 -0.0040593
9.905 -0.0052863
9.91 -0.0063082
9.915 -0.0066933
9.92 -0.0059438
9.925 -0.0040664
9.93 -0.0016582
9.935 0.00098098
9.94 0.003862
9.945 0.006634
9.95 0.008494
9.955 0.0089475
9.96 0.0078104
9.965 0.0053785
9.97 0.0018811
9.975 -0.0016801
9.98 -0.0049363
9.985 -0.0077943
9.99 -0.010818
9.995 -0.0128
10 -0.014019
10.005 -0.015461
10.01 -0.01645
10.015 -0.016591
10.02 -0.015699
10.025 -0.014259
10.03 -0.012462
10.035 -0.01067
10.04 -0.0089971
10.045 -0.0075683
10.05 -0.0066137
10.055 -0.00629
10.06 -0.0065178
10.065 -0.0069319
10.07 -0.0071419
10.075 -0.0070799
10.08 -0.0066034
10.085 -0.0053482
10.09 -0.0029835
10.095 0.00074005
10.1 0.0053013
10.105 0.010116
10.11 0.014704
10.115 0.018263
10.12 0.020628
10.125 0.022134
10.13 0.02334
10.135 0.023951
10.14 0.023887
10.145 0.023175
10.15 0.022043
10.155 0.019926
10.16 0.016467
10.165 0.012015
10.17 0.0068573
10.175 0.0023834
10.18 -0.00055205
10.185 -0.002194
10.19 -0.0030949
10.195 -0.0043644
10.2 -0.006468
10.205 -0.0086609
10.21 -0.0098193
10.215 -0.0094011
10.22 -0.0079173
10.225 -0.0058119
10.23 -0.003756
10.235 -0.0022382
10.24 -0.00096208
10.245 0.00072312
10.25 0.0025546
10.255 0.0038642
10.26 0.0044107
10.265 0.0040925
10.27 0.0033861
10.275 0.0025458
10.28 0.0014261
10.285 -7.8946e-006
10.29 -0.00070297
10.295 -0.00063974
10.3 -7.3082e-005
10.305 0.00029429
10.31 1.0155e-005
10.315 -0.00012839
10.32 0.0011039
10.325 0.0036933
10.33 0.0069087
10.335 0.010775
10.34 0.014586
10.345 0.017874
10.35 0.02051
10.355 0.022394
10.36 0.02365
10.365 0.024205
10.37 0.02383
10.375 0.022901
10.38 0.021733
10.385 0.020419
10.39 0.018612
10.395 0.016407
10.4 0.013683
10.405 0.010701
10.41 0.008039
10.415 0.0054899
10.42 0.0026298
10.425 -0.00060495
10.43 -0.0035678
10.435 -0.0061446
10.44 -0.008297
10.445 -0.010336
10.45 -0.012085
10.455 -0.013175
10.46 -0.013612
10.465 -0.013398
10.47 -0.012333
10.475 -0.011101
10.48 -0.0096332
10.485 -0.0078879
10.49 -0.0061905
10.495 -0.0044538
10.5 -0.0028454
10.505 -0.0018219
10.51 -0.0015103
10.515 -0.0019302
10.52 -0.0029868
10.525 -0.0045825
10.53 -0.0062705
10.535 -0.0076246
10.54 -0.0087534
10.545 -0.0092891
10.55 -0.009095
10.555 -0.0078652
10.56 -0.0057576
10.565 -0.0033149
10.57 -0.00095588
10.575 0.0011304
10.58 0.0027194
10.585 0.0036141
10.59 0.0039645
10.595 0.0039414
10.6 0.0036948
10.605 0.0033839
10.61 0.0030315
10.615 0.0023183
10.62 0.0012248
10.625 -4.3828e-005
10.63 -0.00063347
10.635 -0.0012766
10.64 -0.0023308
10.645 -0.0033173
10.65 -0.0034637
10.655 -0.0028525
10.66 -0.0023234
10.665 -0.0023082
10.67 -0.0033648
10.675 -0.0049663
10.68 -0.0059678
10.685 -0.0061104
10.69 -0.006594
10.695 -0.0080211
10.7 -0.010195
10.705 -0.012947
10.71 -0.015955
10.715 -0.01887
10.72 -0.021475
10.725 -0.023751
10.73 -0.025663
10.735 -0.026243
10.74 -0.026042
10.745 -0.025252
10.75 -0.024072
10.755 -0.022821
10.76 -0.021169
10.765 -0.019201
10.77 -0.016893
10.775 -0.014864
10.78 -0.013665
10.785 -0.013212
10.79 -0.012485
10.795 -0.011371
10.8 -0.010631
10.805 -0.010865
10.81 -0.012035
10.815 -0.013734
10.82 -0.015213
10.825 -0.016111
10.83 -0.016816
10.835 -0.017276
10.84 -0.017791
10.845 -0.018051
10.85 -0.017745
10.855 -0.016728
10.86 -0.014979
10.865 -0.012041
10.87 -0.0091565
10.875 -0.0068917
10.88 -0.0046237
10.885 -0.002007
10.89 0.0010503
10.895 0.004334
10.9 0.0069903
10.905 0.0086177
10.91 0.0089901
10.915 0.0080045
10.92 0.0059783
10.925 0.0030942
10.93 -0.00059886
10.935 -0.0039947
10.94 -0.0059239
10.945 -0.0065023
10.95 -0.0070765
10.955 -0.0089858
10.96 -0.011489
10.965 -0.013532
10.97 -0.014109
10.975 -0.013148
10.98 -0.011208
10.985 -0.0085837
10.99 -0.0057594
10.995 -0.0030341
11 -0.0005086
11.005 0.0016277
11.01 0.0030893
11.015 0.0040412
11.02 0.0048111
11.025 0.0051298
11.03 0.0050662
11.035 0.0052342
11.04 0.0058146
11.045 0.006299
11.05 0.0070943
11.055 0.0079696
11.06 0.0088053
11.065 0.0096536
11.07 0.010809
11.075 0.012364
11.08 0.014854
11.085 0.016368
11.09 0.016253
11.095 0.014471
11.1 0.011392
11.105 0.0082634
11.11 0.0053833
11.115 0.0026255
11.12 0.00012696
11.125 -0.0013006
11.13 -0.0015162
11.135 -0.00063228
11.14 0.00089283
11.145 0.0021074
11.15 0.0026955
11.155 0.0025213
11.16 0.0017852
11.165 0.00030634
11.17 -0.0012993
11.175 -0.0018003
11.18 -0.00041482
11.185 0.0014729
11.19 0.0028131
11.195 0.0029594
11.2 0.0017765
11.205 8.116e-005
11.21 -0.0012526
11.215 -0.0016174
11.22 -0.0011472
11.225 -0.00049751
11.23 -0.00016429
11.235 -7.4939e-005
11.24 -0.00032881
11.245 -0.0011282
11.25 -0.0019399
11.255 -0.002644
11.26 -0.0026653
11.265 -0.0030711
11.27 -0.0042803
11.275 -0.0054649
11.28 -0.0062536
11.285 -0.0056436
11.29 -0.0032596
11.295 3.9908e-005
11.3 0.0028664
11.305 0.0045705
11.31 0.0052747
11.315 0.0052549
11.32 0.004844
11.325 0.0048345
11.33 0.0050963
11.335 0.0052161
11.34 0.0053078
11.345 0.0057108
11.35 0.0060828
11.355 0.0064728
11.36 0.0073641
11.365 0.0086533
11.37 0.010314
11.375 0.012404
11.38 0.014319
11.385 0.015843
11.39 0.017488
11.395 0.019008
11.4 0.020515
11.405 0.02158
11.41 0.021994
11.415 0.022024
11.42 0.021744
11.425 0.020925
11.43 0.019934
11.435 0.018853
11.44 0.017383
11.445 0.015636
11.45 0.013697
11.455 0.011889
11.46 0.010224
11.465 0.008768
11.47 0.0079128
11.475 0.007437
11.48 0.007025
11.485 0.0063458
11.49 0.005446
11.495 0.004536
11.5 0.0039002
11.505 0.0031003
11.51 0.0020353
11.515 0.0007755
11.52 -0.00041947
11.525 -0.001705
11.53 -0.0034879
11.535 -0.005503
11.54 -0.0076786
11.545 -0.01026
11.55 -0.013263
11.555 -0.016142
11.56 -0.018543
11.565 -0.020384
11.57 -0.021176
11.575 -0.020892
11.58 -0.019814
11.585 -0.017884
11.59 -0.014968
11.595 -0.011366
11.6 -0.0075793
11.605 -0.0033977
11.61 0.00081308
11.615 0.0047419
11.62 0.0084676
11.625 0.01137
11.63 0.013209
11.635 0.014335
11.64 0.015408
11.645 0.01643
11.65 0.017527
11.655 0.018201
11.66 0.017976
11.665 0.016522
11.67 0.014534
11.675 0.01334
11.68 0.01357
11.685 0.015058
11.69 0.016777
11.695 0.017957
11.7 0.018027
11.705 0.017495
11.71 0.016816
11.715 0.016376
11.72 0.016337
11.725 0.016448
11.73 0.016315
11.735 0.016084
11.74 0.016053
11.745 0.0158
11.75 0.014878
11.755 0.01321
11.76 0.010533
11.765 0.0068759
11.77 0.0028465
11.775 -0.00056001
11.78 -0.0028771
11.785 -0.0049962
11.79 -0.0067228
11.795 -0.0080683
11.8 -0.0098046
11.805 -0.011952
11.81 -0.013723
11.815 -0.014274
11.82 -0.013496
11.825 -0.011794
11.83 -0.009668
11.835 -0.0070563
11.84 -0.0042968
11.845 -0.0021097
11.85 -0.00068937
11.855 2.9336e-005
11.86 0.00011023
11.865 -0.00057834
11.87 -0.0015788
11.875 -0.0027167
11.88 -0.0032671
11.885 -0.0036939
11.89 -0.0047261
11.895 -0.0063643
11.9 -0.0083074
11.905 -0.010214
11.91 -0.01199
11.915 -0.013913
11.92 -0.016231
11.925 -0.018025
11.93 -0.018814
11.935 -0.018589
11.94 -0.017679
11.945 -0.016032
11.95 -0.013633
11.955 -0.010275
11.96 -0.0064393
11.965 -0.0025937
11.97 0.0014073
11.975 0.0055677
11.98 0.0096384
11.985 0.013111
11.99 0.016318
11.995 0.018927
12 0.020424
12.005 0.02069
12.01 0.020011
12.015 0.018703
12.02 0.016565
12.025 0.013999
12.03 0.011537
12.035 0.0092404
12.04 0.0068415
12.045 0.0044602
12.05 0.0024972
12.055 0.0012217
12.06 0.00054869
12.065 0.00017436
12.07 0.00011528
12.075 0.00045747
12.08 0.0012883
12.085 0.0020867
12.09 0.0029342
12.095 0.0034293
12.1 0.0034064
12.105 0.0030676
12.11 0.0030106
12.115 0.0027589
12.12 0.002843
12.125 0.0030547
12.13 0.002858
12.135 0.0027383
12.14 0.0025757
12.145 0.0024721
12.15 0.0023223
12.155 0.0020014
12.16 0.0018013
12.165 0.0011678
12.17 -0.00041775
12.175 -0.0017459
12.18 -0.0016318
12.185 -8.3513e-005
12.19 0.0016517
12.195 0.0026475
12.2 0.0027807
12.205 0.0020041
12.21 0.00068216
12.215 -0.00063207
12.22 -0.0017347
12.225 -0.002785
12.23 -0.0040486
12.235 -0.0049387
12.24 -0.0054209
12.245 -0.0053161
12.25 -0.0043299
12.255 -0.002831
12.26 -0.0015698
12.265 0.00022216
12.27 0.0026145
12.275 0.0052672
12.28 0.0078769
12.285 0.0099715
12.29 0.011473
12.295 0.012635
12.3 0.013101
12.305 0.011789
12.31 0.0081824
12.315 0.0038938
12.32 -5.8459e-005
12.325 -0.0034455
12.33 -0.0061958
12.335 -0.0086345
12.34 -0.010766
12.345 -0.011776
12.35 -0.011762
12.355 -0.011228
12.36 -0.010107
12.365 -0.0080706
12.37 -0.0056879
12.375 -0.003331
12.38 -0.00070846
12.385 0.0022685
12.39 0.0056487
12.395 0.0088636
12.4 0.011025
12.405 0.012213
12.41 0.012663
12.415 0.012204
12.42 0.011621
12.425 0.011251
12.43 0.010682
12.435 0.0097154
12.44 0.0085261
12.445 0.0074877
12.45 0.0065673
12.455 0.005801
12.46 0.0053815
12.465 0.0056821
12.47 0.0062057
12.475 0.0065542
12.48 0.0069257
12.485 0.0074493
12.49 0.0079595
12.495 0.0083964
12.5 0.0089298
12.505 0.0093511
12.51 0.0095398
12.515 0.0097718
12.52 0.0099188
12.525 0.0098966
12.53 0.0094952
12.535 0.0086406
12.54 0.0072545
12.545 0.0057326
12.55 0.0039533
12.555 0.0015992
12.56 -0.0008532
12.565 -0.0028858
12.57 -0.0048402
12.575 -0.0065643
12.58 -0.0073407
12.585 -0.007825
12.59 -0.0082187
12.595 -0.0086612
12.6 -0.0092159
12.605 -0.0098356
12.61 -0.010557
12.615 -0.011631
12.62 -0.012871
12.625 -0.014056
12.63 -0.014845
12.635 -0.014914
12.64 -0.014786
12.645 -0.014935
12.65 -0.014866
12.655 -0.014797
12.66 -0.015005
12.665 -0.015737
12.67 -0.016879
12.675 -0.017311
12.68 -0.016868
12.685 -0.015722
12.69 -0.014428
12.695 -0.013953
12.7 -0.014284
12.705 -0.014817
12.71 -0.015105
12.715 -0.014805
12.72 -0.014048
12.725 -0.013262
12.73 -0.012494
12.735 -0.010747
12.74 -0.0085885
12.745 -0.00688
12.75 -0.0060043
12.755 -0.0053953
12.76 -0.0045807
12.765 -0.0036363
12.77 -0.0026796
12.775 -0.0023775
12.78 -0.003342
12.785 -0.0053877
12.79 -0.007021
12.795 -0.0081035
12.8 -0.0092176
12.805 -0.011143
12.81 -0.013576
12.815 -0.015824
12.82 -0.016581
12.825 -0.016157
12.83 -0.015261
12.835 -0.013966
12.84 -0.012464
12.845 -0.011242
12.85 -0.010413
12.855 -0.0095516
12.86 -0.0083843
12.865 -0.0072152
12.87 -0.0061293
12.875 -0.0049548
12.88 -0.0036893
12.885 -0.0023668
12.89 -0.0012451
12.895 -0.00040972
12.9 0.00070119
12.905 0.0022504
12.91 0.0037272
12.915 0.005081
12.92 0.0061574
12.925 0.0068366
12.93 0.0071229
12.935 0.0071081
12.94 0.0068683
12.945 0.0068522
12.95 0.0070576
12.955 0.0070444
12.96 0.0066792
12.965 0.0058039
12.97 0.0048943
12.975 0.0038977
12.98 0.0028474
12.985 0.0020637
12.99 0.0013893
12.995 0.00077215
13 0.00021686
13.005 -9.5412e-005
13.01 -0.00036866
13.015 -0.00022109
13.02 0.00035919
13.025 0.00094461
13.03 0.001291
13.035 0.002082
13.04 0.0030431
13.045 0.004042
13.05 0.0052663
13.055 0.0064017
13.06 0.007307
13.065 0.0077856
13.07 0.0080301
13.075 0.0080993
13.08 0.0077718
13.085 0.0072261
13.09 0.0065853
13.095 0.0056205
13.1 0.0042681
13.105 0.0028171
13.11 0.0013256
13.115 0.00050525
13.12 0.0002587
13.125 0.00040089
13.13 0.00023012
13.135 -0.00054152
13.14 -0.00051552
13.145 0.00059966
13.15 0.001703
13.155 0.0029501
13.16 0.0038308
13.165 0.0038028
13.17 0.0030745
13.175 0.0025856
13.18 0.0027051
13.185 0.0030615
13.19 0.0027718
13.195 0.00097904
13.2 -0.0013653
13.205 -0.0033014
13.21 -0.0043484
13.215 -0.0051394
13.22 -0.0063315
13.225 -0.0071932
13.23 -0.0073421
13.235 -0.006697
13.24 -0.0054481
13.245 -0.0042358
13.25 -0.0025967
13.255 -0.00022794
13.26 0.0027494
13.265 0.0058302
13.27 0.0081956
13.275 0.0097409
13.28 0.010565
13.285 0.011046
13.29 0.011858
13.295 0.012986
13.3 0.01381
13.305 0.012892
13.31 0.01064
13.315 0.0081132
13.32 0.0059018
13.325 0.0045577
13.33 0.0036983
13.335 0.0029138
13.34 0.0019245
13.345 0.00095048
13.35 0.00025187
13.355 -0.00017113
13.36 -0.00030761
13.365 0.00032212
13.37 0.0011861
13.375 0.0022873
13.38 0.0036479
13.385 0.0049874
13.39 0.0059718
13.395 0.0065089
13.4 0.0068666
13.405 0.0074975
13.41 0.0084046
13.415 0.0089617
13.42 0.0091048
13.425 0.0087227
13.43 0.00864
13.435 0.0090128
13.44 0.0092332
13.445 0.0096219
13.45 0.0097904
13.455 0.0095618
13.46 0.0088672
13.465 0.0077626
13.47 0.0063458
13.475 0.0046605
13.48 0.0026861
13.485 0.00068443
13.49 -0.0010878
13.495 -0.0027011
13.5 -0.0040769
13.505 -0.0050698
13.51 -0.0059798
13.515 -0.0065563
13.52 -0.0066436
13.525 -0.006072
13.53 -0.0049551
13.535 -0.0036096
13.54 -0.0022327
13.545 -0.0009179
13.55 0.00021407
13.555 0.0012421
13.56 0.0024247
13.565 0.0032981
13.57 0.0037556
13.575 0.0042233
13.58 0.0042738
13.585 0.0039715
13.59 0.0032026
13.595 0.0023433
13.6 0.0015108
13.605 0.00097014
13.61 0.00064122
13.615 0.0001639
13.62 -0.00047999
13.625 -0.0012019
13.63 -0.0019599
13.635 -0.0026526
13.64 -0.0029577
13.645 -0.0029974
13.65 -0.0029161
13.655 -0.0031252
13.66 -0.0033006
13.665 -0.0036791
13.67 -0.0044201
13.675 -0.0046698
13.68 -0.0038824
13.685 -0.0021589
13.69 -0.00015631
13.695 0.0018363
13.7 0.003018
13.705 0.0031959
13.71 0.0032434
13.715 0.0035826
13.72 0.0042494
13.725 0.0052443
13.73 0.0062782
13.735 0.0073822
13.74 0.0081586
13.745 0.0081978
13.75 0.0075403
13.755 0.0065108
13.76 0.0052949
13.765 0.0042788
13.77 0.0034833
13.775 0.0027557
13.78 0.0021445
13.785 0.0014463
13.79 0.00076714
13.795 0.00029558
13.8 6.435e-005
13.805 -0.00049015
13.81 -0.0019686
13.815 -0.0039104
13.82 -0.0054995
13.825 -0.0059162
13.83 -0.0053982
13.835 -0.0046528
13.84 -0.0039867
13.845 -0.0033978
13.85 -0.0033958
13.855 -0.0040089
13.86 -0.004877
13.865 -0.0056488
13.87 -0.0062869
13.875 -0.0069819
13.88 -0.0075418
13.885 -0.0082749
13.89 -0.0089019
13.895 -0.0089985
13.9 -0.0089719
13.905 -0.009108
13.91 -0.0093091
13.915 -0.0097767
13.92 -0.010702
13.925 -0.011611
13.93 -0.012172
13.935 -0.01225
13.94 -0.012207
13.945 -0.01224
13.95 -0.012267
13.955 -0.012136
13.96 -0.011575
13.965 -0.010875
13.97 -0.01047
13.975 -0.010329
13.98 -0.010095
13.985 -0.0096129
13.99 -0.0090359
13.995 -0.0085616
14 -0.0084325
14.005 -0.0082072
14.01 -0.0077442
14.015 -0.0068732
14.02 -0.005814
14.025 -0.0054814
14.03 -0.005413
14.035 -0.0048083
14.04 -0.0037813
14.045 -0.00212
14.05 -0.00081665
14.055 1.8488e-005
14.06 0.00071813
14.065 0.0011962
14.07 0.0015022
14.075 0.0014203
14.08 0.0017406
14.085 0.0020713
14.09 0.0019373
14.095 0.0015414
14.1 0.0011
14.105 0.00033757
14.11 -0.00056309
14.115 -0.0016622
14.12 -0.0029298
14.125 -0.0038309
14.13 -0.0043361
14.135 -0.0045965
14.14 -0.0050357
14.145 -0.0056825
14.15 -0.0063279
14.155 -0.0070327
14.16 -0.0071994
14.165 -0.0075638
14.17 -0.0089159
14.175 -0.010204
14.18 -0.010214
14.185 -0.0092852
14.19 -0.0076844
14.195 -0.0061881
14.2 -0.0054176
14.205 -0.0050938
14.21 -0.0050515
14.215 -0.0053648
14.22 -0.0057703
14.225 -0.0061609
14.23 -0.0063728
14.235 -0.0067055
14.24 -0.0072703
14.245 -0.0077079
14.25 -0.0078284
14.255 -0.0077267
14.26 -0.0072171
14.265 -0.0058977
14.27 -0.0040443
14.275 -0.001915
14.28 0.00046177
14.285 0.0027889
14.29 0.0055296
14.295 0.0085422
14.3 0.01058
14.305 0.010669
14.31 0.0096293
14.315 0.0089596
14.32 0.009271
14.325 0.010164
14.33 0.010729
14.335 0.010387
14.34 0.0093295
14.345 0.0080801
14.35 0.0072996
14.355 0.0069138
14.36 0.0065099
14.365 0.0062648
14.37 0.0061639
14.375 0.0061368
14.38 0.0059402
14.385 0.0054757
14.39 0.0048733
14.395 0.0047378
14.4 0.0053609
14.405 0.0062347
14.41 0.0069418
14.415 0.007211
14.42 0.0070066
14.425 0.0064771
14.43 0.0060268
14.435 0.0057324
14.44 0.0055394
14.445 0.0051152
14.45 0.0045025
14.455 0.0036573
14.46 0.0027876
14.465 0.0021308
14.47 0.0013392
14.475 0.00069012
14.48 0.00055132
14.485 0.00075979
14.49 0.0011924
14.495 0.0019483
14.5 0.0028185
14.505 0.0036448
14.51 0.0042852
14.515 0.0053035
14.52 0.0065931
14.525 0.007437
14.53 0.007981
14.535 0.0084901
14.54 0.0091305
14.545 0.0096148
14.55 0.0096274
14.555 0.0091979
14.56 0.0083483
14.565 0.0079743
14.57 0.0075217
14.575 0.0066702
14.58 0.0060838
14.585 0.0059238
14.59 0.0060816
14.595 0.0066294
14.6 0.00736
14.605 0.0079794
14.61 0.0082553
14.615 0.0083815
14.62 0.0087665
14.625 0.0091292
14.63 0.0096881
14.635 0.010084
14.64 0.0097119
14.645 0.0087688
14.65 0.0078023
14.655 0.0069566
14.66 0.0060236
14.665 0.0044316
14.67 0.0022571
14.675 0.00030294
14.68 -0.00043999
14.685 -5.1179e-005
14.69 0.00031981
14.695 8.5487e-005
14.7 -0.00036569
14.705 -0.00047422
14.71 -0.00017719
14.715 -0.00017917
14.72 -0.00074305
14.725 -0.0010763
14.73 -0.00083022
14.735 -0.0003501
14.74 -0.00029688
14.745 -0.00050087
14.75 -0.00096919
14.755 -0.0015077
14.76 -0.0016399
14.765 -0.0012653
14.77 -0.00052208
14.775 0.0011099
14.78 0.0027694
14.785 0.0038617
14.79 0.0049347
14.795 0.006378
14.8 0.0078759
14.805 0.0085318
14.81 0.0081003
14.815 0.0073852
14.82 0.0068937
14.825 0.006563
14.83 0.0064029
14.835 0.0063404
14.84 0.0066847
14.845 0.0073705
14.85 0.0082343
14.855 0.0090028
14.86 0.0092952
14.865 0.0094193
14.87 0.0094773
14.875 0.0094193
14.88 0.0093919
14.885 0.0090547
14.89 0.0080761
14.895 0.0068359
14.9 0.0058313
14.905 0.0047619
14.91 0.0037659
14.915 0.0030251
14.92 0.0023242
14.925 0.0016691
14.93 0.00086076
14.935 0.00028719
14.94 5.2177e-005
14.945 -6.2525e-005
14.95 -0.00038875
14.955 -0.00093962
14.96 -0.0016985
14.965 -0.0025441
14.97 -0.0033911
14.975 -0.0042888
14.98 -0.0052143
14.985 -0.0061082
14.99 -0.0069329
14.995 -0.0081691
15 -0.0096208
15.005 -0.011179
15.01 -0.01278
15.015 -0.014255
15.02 -0.01577
15.025 -0.017145
15.03 -0.017756
15.035 -0.017757
15.04 -0.017432
15.045 -0.016935
15.05 -0.016183
15.055 -0.015344
15.06 -0.014892
15.065 -0.014758
15.07 -0.014889
15.075 -0.014774
15.08 -0.014115
15.085 -0.013263
15.09 -0.012102
15.095 -0.011134
15.1 -0.010367
15.105 -0.0091681
15.11 -0.0075819
15.115 -0.0057539
15.12 -0.0040907
15.125 -0.0023699
15.13 -0.00094147
15.135 -2.3461e-005
15.14 0.00028658
15.145 0.00041482
15.15 0.00034614
15.155 3.8396e-005
15.16 -0.00093749
15.165 -0.002834
15.17 -0.0050823
15.175 -0.0066984
15.18 -0.006872
15.185 -0.0058633
15.19 -0.0042876
15.195 -0.0030259
15.2 -0.0018602
15.205 -0.00051438
15.21 0.0012584
15.215 0.0033835
15.22 0.0052746
15.225 0.0065009
15.23 0.0073045
15.235 0.0079547
15.24 0.0080925
15.245 0.007511
15.25 0.0061728
15.255 0.0044194
15.26 0.0022202
15.265 5.2063e-005
15.27 -0.0015051
15.275 -0.0024373
15.28 -0.0029089
15.285 -0.0027749
15.29 -0.0019899
15.295 -0.00075043
15.3 0.00046638
15.305 0.0010781
15.31 0.0009676
15.315 0.00017694
15.32 -0.00082356
15.325 -0.0014438
15.33 -0.0019279
15.335 -0.0024281
15.34 -0.0027122
15.345 -0.0031265
15.35 -0.0032764
15.355 -0.0033518
15.36 -0.0037092
15.365 -0.0042168
15.37 -0.0044105
15.375 -0.0042954
15.38 -0.0039271
15.385 -0.0034041
15.39 -0.0032598
15.395 -0.0036834
15.4 -0.0045472
15.405 -0.005154
15.41 -0.0056001
15.415 -0.0060571
15.42 -0.0067404
15.425 -0.0076952
15.43 -0.0086981
15.435 -0.0097561
15.44 -0.010053
15.445 -0.0097828
15.45 -0.0099809
15.455 -0.010784
15.46 -0.011674
15.465 -0.012535
15.47 -0.013321
15.475 -0.013621
15.48 -0.013771
15.485 -0.014219
15.49 -0.014367
15.495 -0.014129
15.5 -0.013603
15.505 -0.012834
15.51 -0.011658
15.515 -0.010152
15.52 -0.008651
15.525 -0.0069773
15.53 -0.0051133
15.535 -0.0030261
15.54 -0.00093859
15.545 0.0010723
15.55 0.0027603
15.555 0.0039178
15.56 0.0049108
15.565 0.0058371
15.57 0.0062393
15.575 0.0062457
15.58 0.0058629
15.585 0.0047376
15.59 0.00341
15.595 0.0021697
15.6 0.0013206
15.605 0.0010428
15.61 0.00096134
15.615 0.0009802
15.62 0.0010534
15.625 0.0013749
15.63 0.0020106
15.635 0.002985
15.64 0.0042496
15.645 0.005772
15.65 0.0075351
15.655 0.009362
15.66 0.010869
15.665 0.011393
15.67 0.01117
15.675 0.010786
15.68 0.010929
15.685 0.01183
15.69 0.013087
15.695 0.013717
15.7 0.013005
15.705 0.011555
15.71 0.010198
15.715 0.0088432
15.72 0.0074842
15.725 0.0064402
15.73 0.0054491
15.735 0.0044215
15.74 0.003734
15.745 0.0035122
15.75 0.003784
15.755 0.0044339
15.76 0.0050802
15.765 0.0058391
15.77 0.0070157
15.775 0.0085264
15.78 0.0096996
15.785 0.010142
15.79 0.010508
15.795 0.011206
15.8 0.011407
15.805 0.010473
15.81 0.0086041
15.815 0.0066503
15.82 0.0058394
15.825 0.0061371
15.83 0.007339
15.835 0.0081379
15.84 0.0080905
15.845 0.0073771
15.85 0.0072429
15.855 0.0070988
15.86 0.0065998
15.865 0.0063005
15.87 0.0061177
15.875 0.0063267
15.88 0.006376
15.885 0.0060933
15.89 0.005596
15.895 0.0054419
15.9 0.0054228
15.905 0.0055079
15.91 0.0051116
15.915 0.0038268
15.92 0.0024252
15.925 0.0012309
15.93 0.00030919
15.935 -0.00055
15.94 -0.0016888
15.945 -0.0035442
15.95 -0.0057524
15.955 -0.0079812
15.96 -0.010154
15.965 -0.011841
15.97 -0.013611
15.975 -0.01535
15.98 -0.016866
15.985 -0.01804
15.99 -0.018941
15.995 -0.019285
16 -0.019093
16.005 -0.018685
16.01 -0.017914
16.015 -0.016508
16.02 -0.014543
16.025 -0.012245
16.03 -0.0097162
16.035 -0.0071897
16.04 -0.0047519
16.045 -0.0027426
16.05 -0.0011038
16.055 -1.7623e-005
16.06 0.00070283
16.065 0.00097517
16.07 0.00062691
16.075 0.00021214
16.08 -0.00040862
16.085 -0.0017286
16.09 -0.0030513
16.095 -0.0037313
16.1 -0.0039521
16.105 -0.0040086
16.11 -0.004122
16.115 -0.003952
16.12 -0.0036428
16.125 -0.0027281
16.13 -0.00077403
16.135 0.001581
16.14 0.0041059
16.145 0.0065517
16.15 0.0086241
16.155 0.0101
16.16 0.010862
16.165 0.011089
16.17 0.011163
16.175 0.011856
16.18 0.013221
16.185 0.014498
16.19 0.015272
16.195 0.015528
16.2 0.014899
16.205 0.013869
16.21 0.012944
16.215 0.012176
16.22 0.011692
16.225 0.011385
16.23 0.010568
16.235 0.0094133
16.24 0.0085304
16.245 0.0083617
16.25 0.0088654
16.255 0.0094971
16.26 0.0096685
16.265 0.0091153
16.27 0.0081419
16.275 0.0068487
16.28 0.0056793
16.285 0.0049935
16.29 0.005265
16.295 0.0063773
16.3 0.0070956
16.305 0.0063949
16.31 0.0046631
16.315 0.0030303
16.32 0.0017856
16.325 0.001254
16.33 0.00081262
16.335 0.00046425
16.34 0.00026261
16.345 7.7918e-005
16.35 -9.6747e-005
16.355 -0.00050781
16.36 -0.00068695
16.365 -0.00088577
16.37 -0.0016341
16.375 -0.0026031
16.38 -0.0036639
16.385 -0.0051012
16.39 -0.0068493
16.395 -0.0084752
16.4 -0.0094375
16.405 -0.0097948
16.41 -0.009553
16.415 -0.0087763
16.42 -0.007894
16.425 -0.0071045
16.43 -0.0070121
16.435 -0.0073371
16.44 -0.0080421
16.445 -0.0086557
16.45 -0.0087351
16.455 -0.0086012
16.46 -0.0081806
16.465 -0.0073764
16.47 -0.0064962
16.475 -0.0058528
16.48 -0.005232
16.485 -0.0045458
16.49 -0.0037786
16.495 -0.0029458
16.5 -0.002155
16.505 -0.0017935
16.51 -0.0018954
16.515 -0.0025322
16.52 -0.0038099
16.525 -0.0054599
16.53 -0.0076079
16.535 -0.0096663
16.54 -0.011145
16.545 -0.012486
16.55 -0.01366
16.555 -0.014418
16.56 -0.01509
16.565 -0.015308
16.57 -0.014909
16.575 -0.014214
16.58 -0.012945
16.585 -0.011796
16.59 -0.010482
16.595 -0.0087709
16.6 -0.0073292
16.605 -0.0064292
16.61 -0.0060454
16.615 -0.0061222
16.62 -0.0065464
16.625 -0.006789
16.63 -0.0069851
16.635 -0.0069715
16.64 -0.0068647
16.645 -0.0066565
16.65 -0.0063071
16.655 -0.0059497
16.66 -0.0059068
16.665 -0.0061942
16.67 -0.0067868
16.675 -0.0073984
16.68 -0.0071042
16.685 -0.0056049
16.69 -0.0036509
16.695 -0.0019547
16.7 -0.0010133
16.705 -0.00080329
16.71 -0.00049422
16.715 -0.00010153
16.72 0.00055086
16.725 0.0016202
16.73 0.0031595
16.735 0.0048583
16.74 0.0063296
16.745 0.0072342
16.75 0.00797
16.755 0.0087208
16.76 0.009158
16.765 0.0094954
16.77 0.010059
16.775 0.010661
16.78 0.011557
16.785 0.011813
16.79 0.011227
16.795 0.010693
16.8 0.010229
16.805 0.0094392
16.81 0.0078184
16.815 0.0061065
16.82 0.0049765
16.825 0.0046187
16.83 0.0052679
16.835 0.0064969
16.84 0.0079456
16.845 0.0088983
16.85 0.0098125
16.855 0.010729
16.86 0.011225
16.865 0.011638
16.87 0.011865
16.875 0.012145
16.88 0.01225
16.885 0.012044
16.89 0.011518
16.895 0.010868
16.9 0.010207
16.905 0.0098616
16.91 0.0097757
16.915 0.0095714
16.92 0.0091271
16.925 0.0086742
16.93 0.0081903
16.935 0.0078864
16.94 0.0077739
16.945 0.007712
16.95 0.0075173
16.955 0.0070674
16.96 0.0064646
16.965 0.0056268
16.97 0.004767
16.975 0.0038831
16.98 0.0031
16.985 0.002604
16.99 0.0023783
16.995 0.002435
17 0.0023386
17.005 0.0017885
17.01 0.0010182
17.015 0.00029516
17.02 -0.00056672
17.025 -0.0010734
17.03 -0.001152
17.035 -0.00093269
17.04 -0.00084562
17.045 -0.0010807
17.05 -0.001881
17.055 -0.0028041
17.06 -0.0032059
17.065 -0.0035386
17.07 -0.0038268
17.075 -0.0040475
17.08 -0.0039416
17.085 -0.0036199
17.09 -0.0030436
17.095 -0.0025354
17.1 -0.0021638
17.105 -0.0019935
17.11 -0.0021889
17.115 -0.0027458
17.12 -0.0030888
17.125 -0.0031368
17.13 -0.0038439
17.135 -0.0045177
17.14 -0.0046
17.145 -0.0041552
17.15 -0.003479
17.155 -0.0028763
17.16 -0.002478
17.165 -0.0032345
17.17 -0.0046205
17.175 -0.0054524
17.18 -0.0047959
17.185 -0.0030523
17.19 -0.0012261
17.195 0.00018153
17.2 0.00050383
17.205 0.00013013
17.21 -0.00045515
17.215 -0.00079134
17.22 -0.001108
17.225 -0.0013147
17.23 -0.0014184
17.235 -0.0018561
17.24 -0.0026775
17.245 -0.0037202
17.25 -0.0044044
17.255 -0.004958
17.26 -0.0053866
17.265 -0.0057492
17.27 -0.0060633
17.275 -0.0064286
17.28 -0.0064111
17.285 -0.0061642
17.29 -0.0051021
17.295 -0.00337
17.3 -0.0024585
17.305 -0.0030402
17.31 -0.0048433
17.315 -0.0066997
17.32 -0.0075059
17.325 -0.0071406
17.33 -0.0061853
17.335 -0.0044967
17.34 -0.0022721
17.345 -0.00038205
17.35 0.00081478
17.355 0.0010901
17.36 0.00051847
17.365 -0.00059843
17.37 -0.0012572
17.375 -0.001405
17.38 -0.001193
17.385 -0.00046746
17.39 0.00074786
17.395 0.0019156
17.4 0.0024738
17.405 0.0027346
17.41 0.0025136
17.415 0.0020451
17.42 0.0016639
17.425 0.0017783
17.43 0.0023215
17.435 0.0027934
17.44 0.0029403
17.445 0.002391
17.45 0.0013854
17.455 0.00012257
17.46 -0.001091
17.465 -0.0019796
17.47 -0.0023027
17.475 -0.0021881
17.48 -0.0018226
17.485 -0.0010623
17.49 0.00032573
17.495 0.0017047
17.5 0.0023988
17.505 0.0028838
17.51 0.0028864
17.515 0.0022851
17.52 0.0016533
17.525 0.0012999
17.53 0.00057324
17.535 -0.00067656
17.54 -0.0023464
17.545 -0.0037962
17.55 -0.0049356
17.555 -0.0056276
17.56 -0.005551
17.565 -0.0051414
17.57 -0.004714
17.575 -0.0045156
17.58 -0.0047499
17.585 -0.0056968
17.59 -0.0074596
17.595 -0.0095141
17.6 -0.011356
17.605 -0.012761
17.61 -0.014
17.615 -0.014642
17.62 -0.014694
17.625 -0.013869
17.63 -0.012301
17.635 -0.01029
17.64 -0.007941
17.645 -0.0049491
17.65 -0.0013032
17.655 0.0023482
17.66 0.0053949
17.665 0.0064792
17.67 0.0055542
17.675 0.0042366
17.68 0.0034866
17.685 0.0028787
17.69 0.0019673
17.695 0.00044121
17.7 -0.0019433
17.705 -0.0045791
17.71 -0.0071039
17.715 -0.0089267
17.72 -0.010317
17.725 -0.010983
17.73 -0.010386
17.735 -0.0082008
17.74 -0.0052785
17.745 -0.002115
17.75 0.0010326
17.755 0.0037049
17.76 0.0058262
17.765 0.0071913
17.77 0.0079418
17.775 0.0081694
17.78 0.0078678
17.785 0.0066359
17.79 0.005169
17.795 0.0039545
17.8 0.0025379
17.805 0.00096086
17.81 -0.00075257
17.815 -0.0021692
17.82 -0.002971
17.825 -0.0030064
17.83 -0.0023106
17.835 -0.0011969
17.84 -0.00040157
17.845 1.1436e-005
17.85 0.00032234
17.855 0.00044067
17.86 0.00077246
17.865 0.0013921
17.87 0.0027435
17.875 0.004581
17.88 0.0068119
17.885 0.0087369
17.89 0.0099795
17.895 0.010643
17.9 0.010963
17.905 0.010835
17.91 0.0099938
17.915 0.0086752
17.92 0.0074129
17.925 0.0064671
17.93 0.0057125
17.935 0.0047562
17.94 0.0032274
17.945 0.0010581
17.95 -0.00080343
17.955 -0.0019873
17.96 -0.002471
17.965 -0.0022726
17.97 -0.0011494
17.975 0.00089332
17.98 0.0034377
17.985 0.0056593
17.99 0.007688
17.995 0.0092978
18 0.010396
18.005 0.011161
18.01 0.01113
18.015 0.010025
18.02 0.0083433
18.025 0.0064956
18.03 0.0046967
18.035 0.0030594
18.04 0.0018842
18.045 0.0011687
18.05 0.0010602
18.055 0.0015369
18.06 0.0025164
18.065 0.0039884
18.07 0.0057556
18.075 0.0072454
18.08 0.0081979
18.085 0.008769
18.09 0.0090291
18.095 0.0090295
18.1 0.0086584
18.105 0.008051
18.11 0.00738
18.115 0.0065305
18.12 0.0056763
18.125 0.0052117
18.13 0.0055576
18.135 0.0060982
18.14 0.0059803
18.145 0.0054386
18.15 0.004887
18.155 0.0047795
18.16 0.0050177
18.165 0.0045755
18.17 0.0030234
18.175 0.0015639
18.18 0.0016086
18.185 0.0032759
18.19 0.0055575
18.195 0.0073999
18.2 0.0080695
18.205 0.007993
18.21 0.0078194
18.215 0.0077171
18.22 0.0072014
18.225 0.0057601
18.23 0.0038673
18.235 0.0020339
18.24 0.00030472
18.245 -0.0010366
18.25 -0.0020734
18.255 -0.0032354
18.26 -0.0042022
18.265 -0.0049973
18.27 -0.0058012
18.275 -0.0060234
18.28 -0.0052905
18.285 -0.0040102
18.29 -0.0023233
18.295 -9.4084e-005
18.3 0.0022662
18.305 0.0035756
18.31 0.0034353
18.315 0.0028685
18.32 0.0025765
18.325 0.0024422
18.33 0.0022211
18.335 0.0017017
18.34 0.00034868
18.345 -0.0013056
18.35 -0.0026948
18.355 -0.0038854
18.36 -0.0050229
18.365 -0.0062873
18.37 -0.007301
18.375 -0.0078744
18.38 -0.0079805
18.385 -0.0079969
18.39 -0.0083488
18.395 -0.0087045
18.4 -0.0086518
18.405 -0.0079227
18.41 -0.0065181
18.415 -0.0049967
18.42 -0.0038661
18.425 -0.0033138
18.43 -0.0034262
18.435 -0.0046214
18.44 -0.0065763
18.445 -0.0084215
18.45 -0.0093473
18.455 -0.0092348
18.46 -0.008495
18.465 -0.0083068
18.47 -0.0091075
18.475 -0.010916
18.48 -0.013018
18.485 -0.014573
18.49 -0.01527
18.495 -0.014098
18.5 -0.01109
18.505 -0.0077091
18.51 -0.0055421
18.515 -0.0046451
18.52 -0.0044743
18.525 -0.0046707
18.53 -0.0048949
18.535 -0.0049528
18.54 -0.0052235
18.545 -0.0055698
18.55 -0.0054416
18.555 -0.0052671
18.56 -0.0055728
18.565 -0.006009
18.57 -0.005902
18.575 -0.005371
18.58 -0.0045229
18.585 -0.0035653
18.59 -0.002509
18.595 -0.0014547
18.6 -0.00059696
18.605 0.00029351
18.61 0.0012262
18.615 0.002387
18.62 0.0036723
18.625 0.0048926
18.63 0.0057996
18.635 0.0065132
18.64 0.0071812
18.645 0.0074248
18.65 0.0072209
18.655 0.0071444
18.66 0.0070691
18.665 0.0065082
18.67 0.0057045
18.675 0.0055733
18.68 0.0067833
18.685 0.0089386
18.69 0.010614
18.695 0.010704
18.7 0.0092024
18.705 0.0071166
18.71 0.0052575
18.715 0.0040168
18.72 0.0032775
18.725 0.0028558
18.73 0.0021876
18.735 0.0010161
18.74 -0.00074376
18.745 -0.0025391
18.75 -0.0039858
18.755 -0.0051386
18.76 -0.0059003
18.765 -0.006126
18.77 -0.0053522
18.775 -0.0039328
18.78 -0.0024457
18.785 -0.0012961
18.79 -0.00022753
18.795 0.0013187
18.8 0.0027139
18.805 0.0030855
18.81 0.0021313
18.815 0.00055103
18.82 -0.00048321
18.825 -0.0010371
18.83 -0.001253
18.835 -0.0014685
18.84 -0.0025595
18.845 -0.0039207
18.85 -0.0046212
18.855 -0.004649
18.86 -0.0044064
18.865 -0.0044113
18.87 -0.0044666
18.875 -0.0042855
18.88 -0.0038293
18.885 -0.0031484
18.89 -0.0024621
18.895 -0.0020672
18.9 -0.0018559
18.905 -0.0018934
18.91 -0.0020844
18.915 -0.0023343
18.92 -0.0025929
18.925 -0.0027537
18.93 -0.0026817
18.935 -0.0020625
18.94 -0.0013405
18.945 -0.00066666
18.95 -0.00012074
18.955 0.0002494
18.96 0.00059424
18.965 0.0011172
18.97 0.0017873
18.975 0.0025039
18.98 0.0029737
18.985 0.0031658
18.99 0.003544
18.995 0.0041361
19 0.0049293
19.005 0.0054569
19.01 0.0053794
19.015 0.0051947
19.02 0.0051455
19.025 0.0051825
19.03 0.0050737
19.035 0.0050596
19.04 0.0051942
19.045 0.0050218
19.05 0.0046027
19.055 0.0037133
19.06 0.0022847
19.065 0.0010281
19.07 0.00047028
19.075 0.00013154
19.08 -0.00050922
19.085 -0.0014308
19.09 -0.0022647
19.095 -0.0027124
19.1 -0.0025116
19.105 -0.0015712
19.11 -0.00020848
19.115 0.0012635
19.12 0.0028866
19.125 0.0038972
19.13 0.0036253
19.135 0.0019293
19.14 -0.0012315
19.145 -0.0059169
19.15 -0.011631
19.155 -0.017901
19.16 -0.024005
19.165 -0.029268
19.17 -0.032509
19.175 -0.032714
19.18 -0.029332
19.185 -0.022906
19.19 -0.014597
19.195 -0.0059167
19.2 0.0016001
19.205 0.0070707
19.21 0.010358
19.215 0.011974
19.22 0.012547
19.225 0.012242
19.23 0.01121
19.235 0.0098975
19.24 0.008781
19.245 0.0079653
19.25 0.0072391
19.255 0.0061017
19.26 0.0037423
19.265 -4.3269e-005
19.27 -0.0049511
19.275 -0.010096
19.28 -0.014292
19.285 -0.016243
19.29 -0.015318
19.295 -0.011853
19.3 -0.0074168
19.305 -0.0034595
19.31 -5.1094e-005
19.315 0.0026498
19.32 0.004538
19.325 0.0061445
19.33 0.0073185
19.335 0.0084726
19.34 0.0096603
19.345 0.010663
19.35 0.011496
19.355 0.012211
19.36 0.01247
19.365 0.011944
19.37 0.010123
19.375 0.0072287
19.38 0.0039888
19.385 0.001017
19.39 -0.0012526
19.395 -0.0025606
19.4 -0.002754
19.405 -0.0018273
19.41 0.00013755
19.415 0.0025667
19.42 0.0055243
19.425 0.0086175
19.43 0.011424
19.435 0.01393
19.44 0.015761
19.445 0.016642
19.45 0.016524
19.455 0.015525
19.46 0.013916
19.465 0.011855
19.47 0.0095097
19.475 0.007161
19.48 0.0050674
19.485 0.003168
19.49 0.0012709
19.495 -0.00071565
19.5 -0.0028581
19.505 -0.0047045
19.51 -0.0057864
19.515 -0.0058928
19.52 -0.0048343
19.525 -0.0030543
19.53 -0.001087
19.535 0.00086532
19.54 0.0025346
19.545 0.0038767
19.55 0.0048508
19.555 0.0054802
19.56 0.0058886
19.565 0.0061039
19.57 0.0059322
19.575 0.0050292
19.58 0.0034534
19.585 0.0014215
19.59 -0.00099495
19.595 -0.0035989
19.6 -0.0060149
19.605 -0.0077384
19.61 -0.0085302
19.615 -0.0083301
19.62 -0.0072194
19.625 -0.0054386
19.63 -0.0030884
19.635 -0.00066193
19.64 0.001186
19.645 0.0021884
19.65 0.00251
19.655 0.0023487
19.66 0.0019033
19.665 0.0012353
19.67 0.00059508
19.675 0.00030116
19.68 0.00042847
19.685 0.00081687
19.69 0.0011341
19.695 0.0010605
19.7 0.00049712
19.705 -9.6437e-005
19.71 -0.00034675
19.715 -0.00018162
19.72 0.00028044
19.725 0.00089082
19.73 0.0015252
19.735 0.0021098
19.74 0.0026752
19.745 0.0032206
19.75 0.003239
19.755 0.0026702
19.76 0.0018016
19.765 0.0006256
19.77 -0.00072181
19.775 -0.0019281
19.78 -0.0028392
19.785 -0.0034568
19.79 -0.003602
19.795 -0.0031587
19.8 -0.0025018
19.805 -0.0019709
19.81 -0.001592
19.815 -0.0012431
19.82 -0.00092163
19.825 -0.00058068
19.83 -0.00013523
19.835 0.00020083
19.84 0.00019345
19.845 -0.0001186
19.85 -0.00075746
19.855 -0.0015626
19.86 -0.0022961
19.865 -0.0028665
19.87 -0.0032259
19.875 -0.0033646
19.88 -0.0032954
19.885 -0.0030987
19.89 -0.0028411
19.895 -0.0025689
19.9 -0.0023812
19.905 -0.0022047
19.91 -0.001985
19.915 -0.0017425
19.92 -0.0016792
19.925 -0.0017993
19.93 -0.0019734
19.935 -0.0021189
19.94 -0.0022427
19.945 -0.0024365
19.95 -0.0026834
19.955 -0.0028604
19.96 -0.0028775
19.965 -0.0027816
19.97 -0.0026193
19.975 -0.0023813
19.98 -0.0021849
19.985 -0.0021002
19.99 -0.0020947
19.995 -0.0020875
20 -0.002091
20.005 -0.0020659
20.01 -0.0020779
20.015 -0.0021359
20.02 -0.0021315
20.025 -0.0020242
20.03 -0.0018402
20.035 -0.001623
20.04 -0.0013774
20.045 -0.0011225
20.05 -0.0008844
20.055 -0.00067738
20.06 -0.00044823
20.065 -0.00023272
20.07 -8.154e-005
20.075 2.4688e-005
20.08 0.0001284
20.085 0.00016082
20.09 9.4094e-005
20.095 -1.2814e-005
20.1 -0.00011409
20.105 -0.00018155
20.11 -0.00017051
20.115 -0.00011941
20.12 -5.7041e-005
20.125 5.7787e-006
20.13 6.4789e-005
20.135 0.00012384
20.14 0.00018223
20.145 0.0002342
20.15 0.00029447
20.155 0.00034435
20.16 0.00035547
20.165 0.00033411
20.17 0.00031128
20.175 0.00031914
20.18 0.00035022
20.185 0.00038086
20.19 0.00039376
20.195 0.0003749
20.2 0.00033069
20.205 0.0002785
20.21 0.00023736
20.215 0.00021294
20.22 0.00020492
20.225 0.00021635
20.23 0.00023814
20.235 0.00026902
20.24 0.0003022
20.245 0.00033251
20.25 0.00036269
20.255 0.00039031
20.26 0.00041014
20.265 0.00042642
20.27 0.00044135
20.275 0.00045732
20.28 0.00047165
20.285 0.00048358
20.29 0.00049571
20.295 0.00050673
20.3 0.00050289
20.305 0.00048114
20.31 0.0004546
20.315 0.00043657
20.32 0.00042876
20.325 0.00042743
20.33 0.00042655
20.335 0.00042557
20.34 0.00042387
20.345 0.00042048
20.35 0.00041881
20.355 0.00041808
20.36 0.00041604
20.365 0.00041041
20.37 0.00040099
20.375 0.00039082
20.38 0.00037947
20.385 0.00036711
20.39 0.0003554
20.395 0.00034433
20.4 0.00033365
20.405 0.00032268
20.41 0.00031101
20.415 0.00029901
20.42 0.00028778
20.425 0.00027716
20.43 0.00026706
20.435 0.00025747
20.44 0.00024801
20.445 0.00023871
20.45 0.00022963
20.455 0.00022044
20.46 0.00021126
20.465 0.00020205
20.47 0.00019272
20.475 0.00018333
20.48 0.00017396
20.485 0.00016467
20.49 0.00015534
20.495 0.00014602
20.5 0.00013684
20.505 0.00012791
20.51 0.00011923
20.515 0.00011069
20.52 0.00010225
20.525 9.3953e-005
20.53 8.5807e-005
20.535 7.7841e-005
20.54 7.0065e-005
20.545 6.2452e-005
20.55 5.4979e-005
20.555 4.7632e-005
20.56 4.0404e-005
20.565 3.3296e-005
20.57 2.6303e-005
20.575 1.9422e-005
