0.02 0.00016208
0.04 -0.00086084
0.06 -0.00098902
0.08 -0.0016692
0.1 -0.001539
0.12 -0.0012888
0.14 -0.00070991
0.16 -4.657e-005
0.18 -0.0018355
0.2 -0.0020651
0.22 -0.00045143
0.24 0.00017882
0.26 -0.00092667
0.28 -0.001244
0.3 -0.00027035
0.32 0.0002667
0.34 -0.0012848
0.36 -0.0013234
0.38 0.0008647
0.4 0.0010984
0.42 -0.0016471
0.44 -0.0037002
0.46 -0.0040737
0.48 0.00028129
0.5 -0.0048303
0.52 0.0056867
0.54 0.00043118
0.56 -0.0058372
0.58 -0.0067198
0.6 -0.00027297
0.62 0.017038
0.64 0.0038852
0.66 -0.002586
0.68 -0.010382
0.7 -0.0050899
0.72 0.0016226
0.74 0.0053437
0.76 0.0010937
0.78 -0.00026041
0.8 -0.0043291
0.82 -0.013254
0.84 -0.0050344
0.86 0.00099102
0.88 0.023205
0.9 0.022975
0.92 -0.010331
0.94 -0.028699
0.96 -0.019729
0.98 0.013052
1 0.039205
1.02 0.010682
1.04 -0.0030219
1.06 -0.025161
1.08 -0.03561
1.1 0.016602
1.12 0.00070102
1.14 0.025614
1.16 0.0014707
1.18 -0.017671
1.2 -0.0024999
1.22 -0.022987
1.24 0.016134
1.26 0.018624
1.28 0.00055018
1.3 0.0019653
1.32 -0.019158
1.34 -0.016331
1.36 -0.00086035
1.38 -0.0044117
1.4 0.015502
1.42 0.013406
1.44 -0.02777
1.46 -0.014747
1.48 0.013515
1.5 -0.011545
1.52 0.023061
1.54 0.0014233
1.56 -0.0051095
1.58 0.0058403
1.6 -0.021348
1.62 -0.013575
1.64 0.0064958
1.66 0.0054187
1.68 -0.002246
1.7 -0.0098599
1.72 -0.015838
1.74 0.0034702
1.76 0.019271
1.78 0.012887
1.8 -0.016543
1.82 0.016203
1.84 0.0063875
1.86 -0.0040124
1.88 -0.016294
1.9 0.00043197
1.92 -0.01169
1.94 -0.0068209
1.96 0.029248
1.98 -0.010307
2 0.014855
2.02 -0.0033796
2.04 -0.014872
2.06 -0.00028996
2.08 0.0082303
2.1 -0.0070279
2.12 0.0013676
2.14 0.01925
2.16 -0.035642
2.18 -0.013221
2.2 0.0059369
2.22 0.031759
2.24 0.0082147
2.26 -0.017813
2.28 -0.014357
2.3 -0.022486
2.32 0.021572
2.34 0.0052754
2.36 0.020774
2.38 0.0010954
2.4 -0.0016817
2.42 -0.013853
2.44 -0.022811
2.46 0.014164
2.48 0.0074491
2.5 0.006116
2.52 0.0044004
2.54 -0.0095386
2.56 -0.016122
2.58 0.026392
2.6 0.0043427
2.62 -0.018168
2.64 -0.021317
2.66 -0.022763
2.68 0.0040047
2.7 0.0094795
2.72 -0.0081498
2.74 0.0056226
2.76 0.0049059
2.78 0.013027
2.8 0.03268
2.82 -0.0010386
2.84 0.024471
2.86 0.033598
2.88 0.017511
2.9 0.01458
2.92 0.021545
2.94 -0.0061351
2.96 -0.0070743
2.98 -0.0060493
3 -0.0027532
3.02 0.0088701
3.04 -0.001105
3.06 0.033124
3.08 0.023121
3.1 0.048396
3.12 0.06149
3.14 0.062722
3.16 0.031467
3.18 0.0062664
3.2 -0.0029757
3.22 -0.019628
3.24 0.01389
3.26 0.022312
3.28 -0.0015799
3.3 -0.024447
3.32 -0.039403
3.34 -0.067961
3.36 -0.05114
3.38 0.0060534
3.4 0.0015637
3.42 -0.044963
3.44 -0.062685
3.46 -0.075298
3.48 -0.1228
3.5 -0.11423
3.52 -0.043726
3.54 0.0065559
3.56 -0.07255
3.58 -0.12517
3.6 -0.030984
3.62 0.028604
3.64 0.091273
3.66 0.14582
3.68 0.16232
3.7 0.1166
3.72 0.11579
3.74 0.081393
3.76 -0.0057215
3.78 -0.043446
3.8 -0.050208
3.82 -0.038454
3.84 -0.07666
3.86 -0.096946
3.88 -0.097192
3.9 -0.10937
3.92 -0.068815
3.94 -0.019629
3.96 0.016049
3.98 0.042251
4 0.062955
4.02 0.12551
4.04 0.11793
4.06 0.028836
4.08 0.021365
4.1 0.06577
4.12 0.089826
4.14 0.041082
4.16 0.0051325
4.18 -0.098792
4.2 -0.082985
4.22 -0.028598
4.24 -0.1127
4.26 -0.10574
4.28 -0.083308
4.3 0.010673
4.32 0.037778
4.34 0.072008
4.36 0.10881
4.38 0.17421
4.4 0.12217
4.42 0.048831
4.44 0.077225
4.46 -0.0022649
4.48 -0.10123
4.5 -0.22732
4.52 -0.23222
4.54 -0.13614
4.56 -0.12799
4.58 -0.053827
4.6 0.022108
4.62 0.057318
4.64 0.096839
4.66 0.19734
4.68 0.22642
4.7 0.085555
4.72 0.0081683
4.74 0.020276
4.76 -0.025198
4.78 -0.085196
4.8 -0.013043
4.82 -0.023953
4.84 -0.013212
4.86 -0.0078774
4.88 0.0067915
4.9 -0.07285
4.92 0.053562
4.94 0.13933
4.96 0.090502
4.98 0.15095
5 0.060431
5.02 0.0084938
5.04 -0.007142
5.06 -0.037955
5.08 -0.039975
5.1 -0.13604
5.12 -0.12353
5.14 -0.01563
5.16 -0.041265
5.18 -0.013036
5.2 0.0087847
5.22 0.047935
5.24 0.061713
5.26 0.040534
5.28 0.012427
5.3 -0.029933
5.32 -0.03754
5.34 -0.0039102
5.36 0.016328
5.38 0.004271
5.4 -0.028831
5.42 -0.026799
5.44 -0.048143
5.46 -0.0082671
5.48 0.058133
5.5 0.077351
5.52 0.16747
5.54 0.16719
5.56 0.045393
5.58 -0.0095879
5.6 -0.0087267
5.62 -0.056758
5.64 -0.10944
5.66 -0.12787
5.68 -0.094264
5.7 -0.085075
5.72 -0.062542
5.74 -0.0342
5.76 0.0011413
5.78 0.004208
5.8 -0.050785
5.82 -0.045472
5.84 -0.042508
5.86 0.010853
5.88 0.052749
5.9 0.056403
5.92 0.051374
5.94 0.0793
5.96 0.090807
5.98 0.031233
6 -0.01597
6.02 -0.027024
6.04 -0.038846
6.06 -0.043636
6.08 -0.036763
6.1 -0.022994
6.12 -0.029939
6.14 -0.011899
6.16 0.071593
6.18 0.070462
6.2 0.044446
6.22 0.01256
6.24 0.0017938
6.26 0.0031454
6.28 0.0012777
6.3 0.013324
6.32 0.020011
6.34 0.046764
6.36 -0.0059367
6.38 -0.036212
6.4 -0.033631
6.42 -0.054133
6.44 -0.024769
6.46 -0.021685
6.48 -0.050298
6.5 -0.021051
6.52 -0.020696
6.54 -0.046537
6.56 -0.06154
6.58 -0.047868
6.6 -0.015776
6.62 0.0055052
6.64 -0.052852
6.66 -0.082123
6.68 0.11174
6.7 0.2269
6.72 0.23721
6.74 0.15943
6.76 0.11438
6.78 0.091068
6.8 0.06714
6.82 0.055622
6.84 0.031345
6.86 0.012241
6.88 -0.077268
6.9 -0.19772
6.92 -0.39633
6.94 -0.11214
6.96 0.017781
6.98 -0.054431
7 0.014299
7.02 -0.042492
7.04 -0.063251
7.06 0.06848
7.08 0.102
7.1 0.075838
7.12 0.20539
7.14 0.25176
7.16 0.16602
7.18 0.039514
7.2 0.03261
7.22 -0.0062886
7.24 -0.07152
7.26 -0.066437
7.28 -0.054759
7.3 -0.064989
7.32 -0.2162
7.34 -0.057769
7.36 0.18918
7.38 0.13297
7.4 0.10918
7.42 -0.021851
7.44 -0.02523
7.46 -0.053372
7.48 -0.10845
7.5 -0.17532
7.52 -0.32583
7.54 -0.16806
7.56 -0.023932
7.58 -0.14954
7.6 -0.099148
7.62 0.016944
7.64 0.090753
7.66 0.1635
7.68 0.20026
7.7 0.18268
7.72 0.18048
7.74 0.20012
7.76 0.16432
7.78 0.10323
7.8 0.12684
7.82 0.11529
7.84 0.10112
7.86 0.043207
7.88 -0.093373
7.9 -0.29527
7.92 -0.42238
7.94 -0.46385
7.96 -0.42853
7.98 -0.10245
8 -0.086121
8.02 -0.086142
8.04 0.077429
8.06 0.12633
8.08 0.094566
8.1 -0.0037635
8.12 -0.040326
8.14 -0.030683
8.16 -0.073936
8.18 -0.12663
8.2 -0.17125
8.22 -0.21258
8.24 -0.20378
8.26 -0.078083
8.28 -0.0036707
8.3 -0.088264
8.32 -0.070427
8.34 -0.24172
8.36 0.21183
8.38 0.52964
8.4 0.35287
8.42 0.32109
8.44 0.18025
8.46 0.17487
8.48 0.12664
8.5 0.11863
8.52 0.085404
8.54 0.12696
8.56 0.16741
8.58 0.14527
8.6 0.085153
8.62 0.031256
8.64 -0.18692
8.66 -0.46661
8.68 -0.33161
8.7 -0.12196
8.72 -0.056676
8.74 -0.12029
8.76 0.0050779
8.78 0.081397
8.8 0.011438
8.82 0.036957
8.84 0.014983
8.86 0.035299
8.88 0.10411
8.9 0.1763
8.92 0.18607
8.94 0.06379
8.96 -0.0092628
8.98 0.042052
9 0.018048
9.02 -0.051659
9.04 -0.088506
9.06 -0.1061
9.08 -0.101
9.1 -0.028703
9.12 0.018507
9.14 0.012635
9.16 0.0026112
9.18 0.013478
9.2 0.017033
9.22 0.0039509
9.24 -0.017601
9.26 -0.050705
9.28 -0.074335
9.3 -0.10032
9.32 -0.11622
9.34 -0.080744
9.36 -0.056653
9.38 -0.046221
9.4 -0.018154
9.42 -0.0043017
9.44 -0.015289
9.46 -0.034039
9.48 -0.029406
9.5 -0.034076
9.52 0.026548
9.54 0.075697
9.56 0.038905
9.58 0.027661
9.6 0.019076
9.62 0.032082
9.64 0.0060045
9.66 -0.010104
9.68 0.052217
9.7 0.026029
9.72 -0.019612
9.74 -0.037827
9.76 0.0015611
9.78 0.077832
9.8 0.087714
9.82 0.062083
9.84 0.036796
9.86 0.0069617
9.88 -0.019481
9.9 -0.024643
9.92 -0.046435
9.94 -0.11862
9.96 -0.12856
9.98 -0.014625
10 0.034912
10.02 0.064919
10.04 0.11872
10.06 0.15591
10.08 0.1616
10.1 0.08729
10.12 0.034112
10.14 0.058654
10.16 0.048622
10.18 -0.015409
10.2 -0.088998
10.22 -0.11511
10.24 -0.072653
10.26 -0.026598
10.28 -0.028592
10.3 -0.04567
10.32 -0.0074244
10.34 0.067486
10.36 0.12234
10.38 0.1594
10.4 0.10121
10.42 0.033822
10.44 0.050286
10.46 0.064402
10.48 0.0094023
10.5 -0.055017
10.52 -0.10021
10.54 -0.11728
10.56 -0.16736
10.58 -0.10153
10.6 0.022799
10.62 -0.084811
10.64 -0.11882
10.66 -0.12802
10.68 -0.1456
10.7 -0.093276
10.72 -0.015898
10.74 0.084646
10.76 0.26104
10.78 0.36319
10.8 0.19485
10.82 0.069547
10.84 0.014208
10.86 0.090423
10.88 0.16521
10.9 0.11808
10.92 0.10318
10.94 0.034687
10.96 -0.060063
10.98 -0.24536
11 -0.32762
11.02 -0.19171
11.04 -0.11259
11.06 -0.16128
11.08 -0.15895
11.1 -0.1111
11.12 -0.035279
11.14 -0.015695
11.16 0.038488
11.18 0.080458
11.2 0.12698
11.22 0.27365
11.24 0.11239
11.26 -0.0036515
11.28 0.096734
11.3 0.1365
11.32 0.10494
11.34 0.053049
11.36 0.026712
11.38 0.0077009
11.4 -0.073964
11.42 -0.24045
11.44 -0.34048
11.46 -0.20385
11.48 -0.0722
11.5 -0.076792
11.52 -0.030769
11.54 0.0034596
11.56 -0.00075601
11.58 0.017389
11.6 0.024464
11.62 0.021882
11.64 0.021448
11.66 0.0093513
11.68 0.026807
11.7 0.060944
11.72 0.089481
11.74 0.11921
11.76 0.083137
11.78 0.006277
11.8 -0.039476
11.82 -0.038838
11.84 -0.024535
11.86 0.002962
11.88 0.02501
11.9 0.023168
11.92 0.024597
11.94 0.0043699
11.96 -0.01373
11.98 -0.026439
12 -0.054943
12.02 -0.06563
12.04 -0.067086
12.06 -0.033712
12.08 -0.0050415
12.1 -0.0078484
12.12 0.018621
12.14 0.027774
12.16 0.030769
12.18 0.045061
12.2 0.051792
12.22 0.054406
12.24 0.068454
12.26 0.076478
12.28 0.076356
12.3 0.07828
12.32 0.058816
12.34 0.034206
12.36 0.033313
12.38 0.030838
12.4 0.019782
12.42 -0.0034636
12.44 -0.057384
12.46 -0.10774
12.48 -0.067222
12.5 0.020137
12.52 -0.0015892
12.54 -0.051953
12.56 -0.05671
12.58 -0.049389
12.6 -0.0392
12.62 -0.040879
12.64 -0.027018
12.66 0.0058188
12.68 0.025475
12.7 0.023204
12.72 0.0083325
12.74 -0.011305
12.76 -0.03009
12.78 -0.041532
12.8 -0.052592
12.82 -0.062165
12.84 -0.047234
12.86 -0.014038
12.88 0.018166
12.9 0.041977
12.92 0.062517
12.94 0.086172
12.96 0.098944
12.98 0.1003
13 0.089734
13.02 0.045856
13.04 0.0067563
13.06 -0.018804
13.08 -0.053622
13.1 -0.087694
13.12 -0.10628
13.14 -0.11348
13.16 -0.088829
13.18 -0.051712
13.2 -0.044378
13.22 -0.043629
13.24 -0.038395
13.26 -0.015008
13.28 0.0061944
13.3 0.027936
13.32 0.052509
13.34 0.083909
13.36 0.10401
13.38 0.15174
13.4 0.15431
13.42 0.070855
13.44 0.023441
13.46 -0.010558
13.48 -0.071216
13.5 -0.086644
13.52 -0.03683
13.54 0.0089964
13.56 0.033337
13.58 0.036375
13.6 0.036902
13.62 0.034661
13.64 0.021939
13.66 -0.0051211
13.68 -0.043395
13.7 -0.087996
13.72 -0.092115
13.74 -0.069197
13.76 -0.047615
13.78 -0.024292
13.8 -0.022678
13.82 -0.024345
13.84 -0.0094423
13.86 0.0021739
13.88 -0.0021595
13.9 -0.0001793
13.92 0.024363
13.94 0.036191
13.96 0.026942
13.98 0.020822
14 0.030864
14.02 0.042977
14.04 0.043716
14.06 0.030825
14.08 0.014305
14.1 0.0095169
14.12 0.0018645
14.14 -0.012342
14.16 -0.029284
14.18 -0.041343
14.2 -0.035016
14.22 -0.0188
14.24 -0.013138
14.26 -0.0049896
14.28 0.00538
14.3 0.013255
14.32 0.019801
14.34 0.033995
14.36 0.048626
14.38 0.072409
14.4 0.049402
14.42 -0.034457
14.44 -0.080374
14.46 -0.096647
14.48 -0.068668
14.5 -0.039298
14.52 -0.033779
14.54 -0.017827
14.56 -0.0033588
14.58 0.012542
14.6 0.030222
14.62 0.042992
14.64 0.052779
14.66 0.065853
14.68 0.074945
14.7 0.048866
14.72 0.0065225
14.74 -0.02005
14.76 -0.053038
14.78 -0.065217
14.8 -0.051752
14.82 -0.034096
14.84 -0.016327
14.86 -0.0065743
14.88 -0.0070852
14.9 -0.010466
14.92 -0.011183
14.94 -0.012255
14.96 -0.0043046
14.98 0.022337
15 0.047957
15.02 0.054687
15.04 0.050341
15.06 0.048776
15.08 0.044592
15.1 0.016578
15.12 -0.0032583
15.14 -0.0078594
15.16 -0.010857
15.18 -0.01049
15.2 -0.0079367
15.22 -0.0076862
15.24 -0.024704
15.26 -0.042276
15.28 -0.043991
15.3 -0.027847
15.32 -0.014267
15.34 -0.0029244
15.36 0.010239
15.38 0.026563
15.4 0.046475
15.42 0.066304
15.44 0.078359
15.46 0.083127
15.48 0.068139
15.5 0.03031
15.52 0.0011615
15.54 -0.032482
15.56 -0.064191
15.58 -0.072709
15.6 -0.047557
15.62 -0.027683
15.64 -0.005793
15.66 0.0032628
15.68 -0.018407
15.7 -0.016993
15.72 -0.016502
15.74 -0.030685
15.76 -0.026277
15.78 0.0068296
15.8 0.028348
15.82 0.037611
15.84 0.035281
15.86 0.017321
15.88 -0.0094874
15.9 -0.039977
15.92 -0.067025
15.94 -0.079137
15.96 -0.060558
15.98 -0.052573
16 -0.056033
16.02 -0.042712
16.04 -0.021819
16.06 0.0040526
16.08 0.025573
16.1 0.049334
16.12 0.077222
16.14 0.12179
16.16 0.13971
16.18 0.069521
16.2 -0.00093265
16.22 -0.024182
16.24 -0.068886
16.26 -0.098738
16.28 -0.066402
16.3 -0.00099069
16.32 0.016801
16.34 -0.010028
16.36 -0.0015027
16.38 0.009359
16.4 0.019138
16.42 0.031754
16.44 0.039171
16.46 0.053444
16.48 0.066206
16.5 0.059304
16.52 0.040561
16.54 0.011443
16.56 -0.013173
16.58 -0.036527
16.6 -0.068799
16.62 -0.077701
16.64 -0.059579
16.66 -0.032878
16.68 -0.012438
16.7 -0.0064088
16.72 0.003039
16.74 0.010495
16.76 0.0088317
16.78 0.013606
16.8 0.029799
16.82 0.041843
16.84 0.04654
16.86 0.048433
16.88 0.048415
16.9 0.046299
16.92 0.018996
16.94 -0.0060845
16.96 -0.018142
16.98 -0.024143
17 -0.021303
17.02 -0.019392
17.04 -0.022728
17.06 -0.030035
17.08 -0.034862
17.1 -0.037412
17.12 -0.038406
17.14 -0.029845
17.16 -0.014952
17.18 -0.023289
17.2 -0.033693
17.22 -0.032159
17.24 -0.032205
17.26 -0.029288
17.28 -0.024474
17.3 -0.017872
17.32 -0.0017109
17.34 0.020665
17.36 0.032155
17.38 0.034172
17.4 0.034318
17.42 0.029274
17.44 0.0086547
17.46 -0.012789
17.48 -0.020836
17.5 -0.021063
17.52 -0.021147
17.54 -0.012218
17.56 0.010609
17.58 0.017768
17.6 0.01803
17.62 0.028204
17.64 0.036006
17.66 0.037149
17.68 0.046725
17.7 0.056642
17.72 0.031231
17.74 -0.0034829
17.76 -0.023541
17.78 -0.02953
17.8 -0.021275
17.82 -0.010319
17.84 0.0020128
17.86 0.0084764
17.88 0.0083161
17.9 0.0082779
17.92 0.012901
17.94 0.012405
17.96 0.012234
17.98 0.018638
18 0.026618
18.02 0.018263
18.04 -0.005189
18.06 -0.012107
18.08 -0.0060022
18.1 0.0051206
18.12 0.011595
18.14 0.0056001
18.16 -0.0066903
18.18 -0.014431
18.2 -0.012923
18.22 -0.0092775
18.24 -0.0083961
18.26 -0.0051119
18.28 -0.0046075
18.3 -0.0078816
18.32 -0.0087359
18.34 -0.0065605
18.36 -0.0057194
18.38 -0.010557
18.4 -0.016593
18.42 -0.018816
18.44 -0.014843
18.46 -0.0083427
18.48 -0.0094302
18.5 -0.016242
18.52 -0.0097425
18.54 0.0055222
18.56 0.01737
18.58 0.018877
18.6 0.0083885
18.62 0.0024344
18.64 0.0030897
18.66 0.0030475
18.68 -0.00097254
18.7 -0.0045372
18.72 -0.0032228
18.74 0.00086295
18.76 0.0024224
18.78 0.0018161
18.8 0.0037881
18.82 0.0092987
18.84 0.014477
18.86 0.012534
18.88 0.0055477
18.9 -0.00023388
18.92 -0.0021763
18.94 -0.0048326
18.96 -0.0094274
18.98 -0.011157
19 -0.0097284
19.02 -0.0056916
19.04 0.0055582
19.06 0.013838
19.08 0.016067
19.1 0.020929
19.12 0.014179
19.14 0.0004183
19.16 -0.010201
19.18 -0.017072
19.2 -0.020022
19.22 -0.02277
19.24 -0.025827
19.26 -0.025304
19.28 -0.022167
19.3 -0.0153
19.32 -0.002457
19.34 0.0026646
19.36 -0.00214
19.38 -0.0062894
19.4 -0.0052561
19.42 -0.0065088
19.44 -0.009564
19.46 -0.011817
19.48 -0.013023
19.5 -0.010217
19.52 0.0039737
19.54 0.015219
19.56 0.016628
19.58 0.0158
19.6 0.013562
19.62 0.012434
19.64 0.0062726
19.66 -0.00089164
19.68 -0.0027612
19.7 -0.0011016
19.72 0.0070771
19.74 0.014382
19.76 0.016502
19.78 0.017713
19.8 0.020923
19.82 0.027824
19.84 0.03115
19.86 0.032154
19.88 0.025131
19.9 0.016653
19.92 0.011251
19.94 0.0032752
19.96 -0.0037746
19.98 -0.015004
20 -0.026673
20.02 -0.033108
20.04 -0.034967
20.06 -0.034735
20.08 -0.022675
20.1 -0.0080054
20.12 -0.0065404
20.14 -0.0065828
20.16 -0.0041226
20.18 -0.0029959
20.2 -0.0034743
20.22 -0.0016459
20.24 0.0085093
20.26 0.017622
20.28 0.020966
20.3 0.022336
20.32 0.019789
20.34 0.018972
20.36 0.017961
20.38 0.0088625
20.4 -0.0074888
20.42 -0.02087
20.44 -0.028414
20.46 -0.021836
20.48 0.0016082
20.5 0.01075
20.52 0.013422
20.54 0.023241
20.56 0.026275
20.58 0.023407
20.6 0.017155
20.62 0.01424
20.64 0.0051347
20.66 -0.011037
20.68 -0.023591
20.7 -0.035505
20.72 -0.04733
20.74 -0.043377
20.76 -0.02001
20.78 -0.0056355
20.8 -0.0013992
20.82 -0.0017191
20.84 -0.0046073
20.86 -0.0075815
20.88 -0.0084965
20.9 -0.0070245
20.92 -0.009001
20.94 -0.0097724
20.96 -0.0072254
20.98 -0.0049476
21 -0.0042095
21.02 -0.0042602
21.04 -0.0066735
21.06 -0.0059035
21.08 -0.0054948
21.1 -0.0038012
21.12 -0.0013353
21.14 -0.0030834
21.16 -0.0028638
21.18 0.00017444
21.2 0.0028827
21.22 0.0054112
21.24 0.0076042
21.26 0.009752
21.28 0.010287
21.3 0.0059564
21.32 -0.00027944
21.34 -0.0033283
21.36 -0.0047904
21.38 -0.00808
21.4 -0.013531
21.42 -0.016006
21.44 -0.0040348
21.46 0.0075826
21.48 0.014583
21.5 0.021516
21.52 0.024356
21.54 0.023434
21.56 0.01906
21.58 0.016076
21.6 0.013663
21.62 0.0096688
21.64 -0.00035369
21.66 -0.010672
21.68 -0.013612
21.7 -0.0077395
21.72 0.0021926
21.74 0.0095379
21.76 0.013336
21.78 0.012951
21.8 0.012492
21.82 0.011948
21.84 0.0085477
21.86 0.004643
21.88 0.0008537
21.9 -0.0026499
21.92 -0.0054947
21.94 -0.008382
21.96 -0.01274
21.98 -0.015491
22 -0.013335
22.02 -0.0077336
22.04 -0.0049631
22.06 -0.0055114
22.08 -0.0047438
22.1 -0.0028201
22.12 0.001367
22.14 0.0050137
22.16 0.0044986
22.18 -0.0045181
22.2 -0.012823
22.22 -0.013646
22.24 -0.01568
22.26 -0.017842
22.28 -0.01947
22.3 -0.01458
22.32 -0.0056025
22.34 -0.0019325
22.36 0.001053
22.38 0.0036143
22.4 -0.0021503
22.42 -0.0094415
22.44 -0.0055777
22.46 0.0018484
22.48 0.0073872
22.5 0.012306
22.52 0.021441
22.54 0.028016
22.56 0.029169
22.58 0.029204
22.6 0.02643
22.62 0.015661
22.64 -0.0032653
22.66 -0.018355
22.68 -0.026471
22.7 -0.026279
22.72 -0.012518
22.74 0.0045477
22.76 0.0098813
22.78 0.014711
22.8 0.0222
22.82 0.023926
22.84 0.015537
22.86 -0.0017932
22.88 -0.012104
22.9 -0.013967
22.92 -0.015654
22.94 -0.016641
22.96 -0.0065348
22.98 -0.00034022
23 0.0015604
23.02 0.0084148
23.04 0.011461
23.06 0.015524
23.08 0.016968
23.1 0.018624
23.12 0.019496
23.14 0.016058
23.16 0.0084084
23.18 0.00034056
23.2 -0.006613
23.22 -0.0066619
23.24 -0.0018317
23.26 -0.0039602
23.28 -0.008886
23.3 -0.012372
23.32 -0.010123
23.34 -0.0057905
23.36 -0.0040381
23.38 -0.0046699
23.4 -0.0044178
23.42 -0.0012305
23.44 -0.0011788
23.46 -0.0025414
23.48 -0.006713
23.5 -0.011243
23.52 -0.01478
23.54 -0.018779
23.56 -0.020862
23.58 -0.015434
23.6 -0.0065834
23.62 -0.0002713
23.64 0.0088926
23.66 0.015749
23.68 0.01902
23.7 0.017906
23.72 0.012218
23.74 0.0032229
23.76 -0.0070024
23.78 -0.014687
23.8 -0.019166
23.82 -0.013731
23.84 -0.0038572
23.86 -0.00046822
23.88 -0.0011853
23.9 -0.00084553
23.92 -0.003346
23.94 -0.0030861
23.96 0.0020361
23.98 0.010478
24 0.018825
24.02 0.019654
24.04 0.018767
24.06 0.015442
24.08 0.013163
24.1 0.011579
24.12 0.0084283
24.14 0.004792
24.16 0.003009
24.18 0.0016528
24.2 -0.00078703
24.22 -0.0031439
24.24 -0.0032656
24.26 0.0050649
24.28 0.011117
24.3 0.010442
24.32 0.0091215
24.34 0.0087545
24.36 0.0087503
24.38 0.0062923
24.4 0.0047912
24.42 -0.0014531
24.44 -0.0099293
24.46 -0.014412
24.48 -0.016369
24.5 -0.014909
24.52 -0.014616
24.54 -0.015223
24.56 -0.015459
24.58 -0.015921
24.6 -0.014506
24.62 -0.010595
24.64 -0.0068534
24.66 -0.0051911
24.68 -0.0062312
24.7 -0.0064674
24.72 -0.0053191
24.74 -0.0055118
24.76 -0.0046229
24.78 -0.0041544
24.8 -0.0067587
24.82 -0.0087534
24.84 -0.0097003
24.86 -0.01053
24.88 -0.0081142
24.9 -0.0031574
24.92 0.0008682
24.94 0.0032674
24.96 0.0065834
24.98 0.0087664
25 0.0072857
25.02 0.0036166
25.04 0.00088902
25.06 0.00012061
25.08 0.00031222
25.1 0.0013594
25.12 0.0026379
25.14 0.0031748
25.16 0.0036927
25.18 0.006019
25.2 0.0052157
25.22 0.005697
25.24 0.0079859
25.26 0.00629
25.28 0.0070442
25.3 0.0083188
25.32 0.0075455
25.34 0.0099601
25.36 0.011577
25.38 0.0071017
25.4 -0.00098009
25.42 -0.0076841
25.44 -0.013036
25.46 -0.016344
25.48 -0.016595
25.5 -0.0097598
25.52 0.0030372
25.54 0.0095226
25.56 0.015652
25.58 0.021656
25.6 0.01954
25.62 0.0048328
25.64 -0.0084158
25.66 -0.0093554
25.68 -0.0027583
25.7 0.0073663
25.72 0.011275
25.74 0.0071936
25.76 0.00055332
25.78 -0.0037937
25.8 -0.0056193
25.82 0.00072251
25.84 0.0060867
25.86 0.005168
25.88 0.0034815
25.9 0.0036391
25.92 0.0047947
25.94 0.0057243
25.96 0.0023528
25.98 -0.0068566
26 -0.010252
26.02 -0.010345
26.04 -0.0094391
26.06 -0.011423
26.08 -0.01464
26.1 -0.013464
26.12 -0.0093066
26.14 -0.0018195
26.16 0.0026912
26.18 0.0036382
26.2 0.0036449
26.22 0.0033751
26.24 0.0019332
26.26 0.001098
26.28 -0.0016569
26.3 -0.0028419
26.32 -0.0022948
26.34 -0.0029873
26.36 -0.0022637
26.38 -0.0029645
26.4 -0.0034393
26.42 -7.5455e-006
26.44 0.0047935
26.46 0.0068159
26.48 0.0058592
26.5 0.0049964
26.52 0.0042258
26.54 0.0031079
26.56 0.0031781
26.58 0.0038069
26.6 0.0057127
26.62 0.0051972
26.64 0.0028488
26.66 0.00012662
26.68 -0.0031305
26.7 -0.0042238
26.72 -0.0040225
26.74 -0.0054175
26.76 -0.0096687
26.78 -0.011825
26.8 -0.0072115
26.82 0.00035419
26.84 0.0066566
26.86 0.01278
26.88 0.014719
26.9 0.009166
26.92 0.0025272
26.94 -0.00034672
26.96 -0.0037119
26.98 -0.0069769
27 -0.0073246
27.02 -0.0053623
27.04 -0.0014736
27.06 0.0011602
27.08 0.0011187
27.1 0.0013503
27.12 0.003203
27.14 0.0022891
27.16 0.00090651
27.18 0.0020797
27.2 0.0043355
27.22 0.005308
27.24 0.0029857
27.26 -0.0017117
27.28 -0.0033609
27.3 -0.0040483
27.32 -0.0041603
27.34 -0.003367
27.36 -0.0031204
27.38 -0.0019958
27.4 -0.0013057
27.42 9.8239e-005
27.44 -0.00066745
27.46 0.00032204
27.48 0.0031447
27.5 0.0045802
27.52 0.0033124
27.54 -0.00071047
27.56 -0.0019902
27.58 -0.0016996
27.6 -0.0021957
27.62 -0.0033673
27.64 -0.0035394
27.66 -0.0065452
27.68 -0.014367
27.7 -0.018683
27.72 -0.016975
27.74 -0.0081263
27.76 -0.00057699
27.78 0.0055487
27.8 0.014474
27.82 0.017249
27.84 0.018134
27.86 0.01929
27.88 0.021253
27.9 0.025155
27.92 0.025914
27.94 0.015708
27.96 0.0030131
27.98 -0.0016631
28 -0.0031165
28.02 -0.0018705
28.04 0.00082957
28.06 0.0020534
28.08 -0.00076345
28.1 -0.0030138
28.12 -0.0020586
28.14 0.00062501
28.16 0.0030266
28.18 0.0034176
28.2 0.005021
28.22 0.0052694
28.24 0.0036876
28.26 -0.0010763
28.28 -0.0076777
28.3 -0.01187
28.32 -0.013286
28.34 -0.013779
28.36 -0.012841
28.38 -0.0059911
28.4 -0.00041982
28.42 7.1742e-005
28.44 -0.0023468
28.46 -0.0047787
28.48 -0.0042674
28.5 0.0015425
28.52 0.0061905
28.54 0.0025794
28.56 -0.0055668
28.58 -0.010906
28.6 -0.013583
28.62 -0.012862
28.64 -0.0097174
28.66 -0.0080075
28.68 -0.0049313
28.7 -0.001777
28.72 -0.0033831
28.74 -0.0010599
28.76 0.0033923
28.78 0.0048262
28.8 0.0060064
28.82 0.0044656
28.84 0.0020139
28.86 0.0024794
28.88 0.0028534
28.9 0.002133
28.92 0.003924
28.94 0.0050106
28.96 0.0056941
28.98 0.0052071
29 0.0033135
29.02 0.0033745
29.04 0.0026513
29.06 -0.0015163
29.08 -0.0044061
29.1 -0.0039412
29.12 -0.0049856
29.14 -0.0075411
29.16 -0.0083256
29.18 -0.0079079
29.2 -0.0072475
29.22 -0.0056459
29.24 -0.0029811
29.26 -0.0033594
29.28 -0.0036099
29.3 -0.0015289
29.32 0.0022602
29.34 0.0047164
29.36 0.0026658
29.38 -0.0010218
29.4 -0.0051051
29.42 -0.0079247
29.44 -0.0087918
29.46 -0.0075166
29.48 -0.0044833
29.5 -7.8762e-005
29.52 0.0043452
29.54 0.0065518
29.56 0.0076858
29.58 0.007967
29.6 0.0028202
29.62 -0.0013107
29.64 -0.00076545
29.66 0.00013446
29.68 0.001443
29.7 0.00189
29.72 0.0039302
29.74 0.0060437
29.76 0.0077986
29.78 0.0096688
29.8 0.0087956
29.82 0.0058928
29.84 0.0044686
29.86 0.0048821
29.88 0.0031716
29.9 -0.00025646
29.92 -0.0051704
29.94 -0.0091856
29.96 -0.0092406
29.98 -0.0044769
30 1.4104e-005
30.02 0.0030132
30.04 0.0059276
30.06 0.0079314
30.08 0.0076451
30.1 0.0069699
30.12 0.0075419
30.14 0.0047123
30.16 0.0023496
30.18 0.00072039
30.2 -0.0025003
30.22 -0.0069081
30.24 -0.0087802
30.26 -0.0077524
30.28 -0.0056542
30.3 -0.0019109
30.32 0.0017035
30.34 0.0019437
30.36 0.00052009
30.38 0.0002001
30.4 5.9838e-005
30.42 -0.00044475
30.44 -0.00043594
30.46 0.0017859
30.48 0.0024523
30.5 0.0027274
30.52 0.00374
30.54 0.0059187
30.56 0.0091777
30.58 0.0099777
30.6 0.0071577
30.62 0.0031364
30.64 -0.0010892
30.66 -0.0053249
30.68 -0.0075746
30.7 -0.0058489
30.72 0.0014502
30.74 0.0057229
30.76 0.0062856
30.78 0.0077487
30.8 0.0083665
30.82 0.006142
30.84 0.0028451
30.86 0.0004432
30.88 -0.0033878
30.9 -0.0067405
30.92 -0.0085816
30.94 -0.0097016
30.96 -0.011037
30.98 -0.012063
31 -0.010285
31.02 -0.0073999
31.04 -0.0055764
31.06 -0.0026818
31.08 -0.00099127
31.1 0.001771
31.12 0.0053233
31.14 0.0068805
31.16 0.0055103
31.18 0.0015148
31.2 -0.00044017
31.22 -0.00052092
31.24 -0.0029024
31.26 -0.0072987
31.28 -0.0079921
31.3 -0.0053541
31.32 -0.0038229
31.34 -0.0018504
31.36 -0.0020423
31.38 -0.0024843
31.4 -0.0018786
31.42 -0.002893
31.44 -0.0024488
31.46 -0.0025237
31.48 -0.00063163
31.5 0.00064658
31.52 -0.00056482
31.54 -0.0037169
31.56 -0.0064664
31.58 -0.0073551
31.6 -0.0073031
31.62 -0.0052034
31.64 -0.0026897
31.66 -0.0011626
31.68 -0.00090511
31.7 -0.0023743
31.72 -0.0013101
31.74 0.0038155
31.76 0.0055752
31.78 0.0049771
31.8 0.0051222
31.82 0.0048666
31.84 0.0058621
31.86 0.0077157
31.88 0.0089985
31.9 0.0090556
31.92 0.0075575
31.94 0.0066261
31.96 0.0073095
31.98 0.0068656
32 0.0061995
32.02 0.0056327
32.04 0.0053819
32.06 0.0062424
32.08 0.0054645
32.1 0.0032825
32.12 0.00034746
32.14 -0.0021959
32.16 -0.004551
32.18 -0.0060223
32.2 -0.0051937
32.22 -0.005552
32.24 -0.0056549
32.26 -0.0042531
32.28 -0.002463
32.3 0.0019494
32.32 0.0063041
32.34 0.0085918
32.36 0.0075501
32.38 0.0020633
32.4 -0.0018208
32.42 -0.0039178
32.44 -0.0070128
32.46 -0.0091102
32.48 -0.0093343
32.5 -0.007471
32.52 -0.0052403
32.54 -0.0036282
32.56 -0.00091204
32.58 0.0024374
32.6 0.004812
32.62 0.0067903
32.64 0.0051362
32.66 -0.00054402
32.68 -0.004109
32.7 -0.0053316
32.72 -0.0054628
32.74 -0.004191
32.76 -0.0043838
32.78 -0.0065142
32.8 -0.0066872
32.82 -0.0042747
32.84 -0.0010792
32.86 0.00071666
32.88 0.001823
32.9 0.0026835
32.92 0.0040136
32.94 0.0057718
32.96 0.0053255
32.98 0.0012319
33 -0.0017137
33.02 -0.0022687
33.04 -0.0037169
33.06 -0.005306
33.08 -0.0054387
33.1 -0.0014562
33.12 0.0022934
33.14 0.0048571
33.16 0.0073531
33.18 0.0072347
33.2 0.0050548
33.22 0.0023005
33.24 -0.00032699
33.26 -0.0018757
33.28 -0.0031396
33.3 -0.0024963
33.32 7.0176e-005
33.34 0.00076181
33.36 0.0011073
33.38 0.0019408
33.4 0.0019204
33.42 0.0033067
33.44 0.0041022
33.46 0.0029643
33.48 0.0019205
33.5 0.00070117
33.52 0.00050171
33.54 0.00044555
33.56 0.0013127
33.58 0.0022833
33.6 0.0029379
33.62 0.0028781
33.64 0.00053516
33.66 -0.0013706
33.68 -0.0023406
33.7 -0.0035927
33.72 -0.0046244
33.74 -0.0033893
33.76 -0.00018372
33.78 0.0018572
33.8 0.0026156
33.82 0.0025358
33.84 0.0024429
33.86 0.0024319
33.88 0.0034302
33.9 0.0033139
33.92 0.0012637
33.94 0.00021259
33.96 -0.00062202
33.98 -0.00069427
34 -0.00070276
34.02 -0.0014988
34.04 -0.0029464
34.06 -0.0023501
34.08 -0.0011147
34.1 0.00028677
34.12 0.0022405
34.14 0.0026826
34.16 0.0018987
34.18 0.00074679
34.2 0.00045473
34.22 -0.00012
34.24 -0.0011438
34.26 -0.0013262
34.28 -0.00049674
34.3 0.00030663
34.32 4.0373e-005
34.34 -0.00022527
34.36 -0.0012882
34.38 -0.0018824
34.4 -0.00084946
34.42 -0.00021186
34.44 -0.00043622
34.46 -0.0011057
34.48 -0.001375
34.5 -0.0013834
34.52 -0.001398
34.54 -0.0013206
34.56 -0.00056487
34.58 -0.00012401
34.6 0.00079261
34.62 0.0025751
34.64 0.001732
34.66 -0.0012358
34.68 -0.0030875
34.7 -0.0038966
34.72 -0.0029478
34.74 -0.0014482
34.76 -0.00063152
34.78 -0.0012005
34.8 -0.0038334
34.82 -0.0058985
34.84 -0.0070729
34.86 -0.0062167
34.88 -0.0031748
34.9 -0.00049478
34.92 0.00034229
34.94 0.00048227
34.96 0.00080381
34.98 0.0017487
35 0.0033879
35.02 0.0048318
35.04 0.0068281
35.06 0.0083295
35.08 0.0084376
35.1 0.007215
35.12 0.005472
35.14 0.0027975
35.16 0.000487
35.18 -0.0010921
35.2 -0.00223
35.22 -0.0025478
35.24 -0.0024312
35.26 -0.00018996
35.28 0.001397
35.3 0.0034716
35.32 0.0019253
35.34 -0.00026519
35.36 -0.00043428
35.38 -0.00091366
35.4 -0.0024268
35.42 -0.0034233
35.44 -0.0031284
35.46 -0.0039597
35.48 -0.0024799
35.5 -0.0027058
35.52 -0.0030992
35.54 -0.0020165
35.56 0.00010695
35.58 0.0013436
35.6 0.002075
35.62 0.0038712
35.64 0.0054664
35.66 0.005372
35.68 0.0039523
35.7 0.0020675
35.72 0.001365
35.74 0.001471
35.76 0.00099825
35.78 0.0010232
35.8 0.00063456
35.82 -0.00030479
35.84 -0.00092747
35.86 -0.0015587
35.88 -0.0034516
35.9 -0.0057496
35.92 -0.0069422
35.94 -0.0052052
35.96 -0.0031085
35.98 -0.0013867
36 0.0014254
36.02 0.0021841
36.04 -0.00035092
36.06 -0.0023378
36.08 -0.0032213
36.1 -0.004027
36.12 -0.0021864
36.14 -0.0021229
36.16 -0.0022188
36.18 -0.00028056
36.2 0.00012175
36.22 0.00019794
36.24 0.00069491
36.26 0.0030135
36.28 0.0048673
36.3 0.0046761
36.32 0.0046252
36.34 0.0042318
36.36 0.0028529
36.38 0.0015235
36.4 0.00095343
36.42 0.00041977
36.44 -0.0011852
36.46 -0.00090068
36.48 -0.001626
36.5 -0.0016146
36.52 0.00018799
36.54 -0.00018372
36.56 -0.00064074
36.58 -0.00042942
36.6 0.0012623
36.62 0.0029145
36.64 0.0028935
36.66 0.001428
36.68 -0.00091803
36.7 -0.0019961
36.72 -0.00056505
36.74 0.0012298
36.76 0.0023689
36.78 0.0030512
36.8 0.0027321
36.82 0.0016653
36.84 -6.6134e-005
36.86 -0.0016189
36.88 -0.0019396
36.9 -0.001454
36.92 -0.00098167
36.94 -0.00023079
36.96 0.001318
36.98 0.002856
37 0.0041035
37.02 0.0043941
37.04 0.0026955
37.06 0.001118
37.08 0.00040245
37.1 -0.000649
37.12 -0.0022492
37.14 -0.0038679
37.16 -0.0047508
37.18 -0.0048722
37.2 -0.0036295
37.22 -0.0020501
37.24 -0.00092453
37.26 0.00039609
37.28 0.0017919
37.3 0.003386
37.32 0.0033222
37.34 0.0015749
37.36 0.00010541
37.38 -0.0011471
37.4 -0.0030756
37.42 -0.0046787
37.44 -0.0047972
37.46 -0.0030183
37.48 -0.0010945
37.5 -0.00016639
37.52 0.0009256
37.54 0.0011497
37.56 0.00080197
37.58 -0.00059697
37.6 -0.0018653
37.62 -0.001485
37.64 -0.00023447
37.66 0.0018613
37.68 0.0036865
37.7 0.0046308
37.72 0.0043533
37.74 0.0018727
37.76 -0.00059516
37.78 -0.0014847
37.8 -0.0017033
37.82 -0.0016096
37.84 -0.0021339
37.86 -0.0023563
37.88 -0.0019152
37.9 -0.0013064
37.92 -0.00038359
37.94 0.00011134
37.96 -0.00028205
37.98 -0.0010996
38 -0.0014808
38.02 -0.001534
38.04 -0.0011255
38.06 -0.00055933
38.08 0.00039644
38.1 0.0016751
38.12 0.0018615
38.14 0.0014867
38.16 0.0011545
38.18 0.00081359
38.2 0.00070351
38.22 4.1801e-006
38.24 -0.00097069
38.26 -0.0014306
38.28 -0.0011036
38.3 -0.00013932
38.32 0.00064676
38.34 0.00075164
38.36 0.00069331
38.38 0.00087108
38.4 0.00058227
38.42 0.00016342
38.44 -0.00016115
38.46 -0.0006382
38.48 -0.0012161
38.5 -0.0017009
38.52 -0.0018835
38.54 -0.0017631
38.56 -0.0014067
38.58 -0.0010388
38.6 -0.00097219
38.62 -0.00095064
38.64 -0.00061556
38.66 -0.00014036
38.68 6.8523e-005
38.7 0.00014544
38.72 0.00017436
38.74 0.00019041
38.76 0.00050644
38.78 0.00094532
38.8 0.0011092
38.82 0.00080199
38.84 0.00055933
38.86 0.00062276
38.88 0.00057292
38.9 0.00024523
38.92 -2.27e-005
38.94 -1.0869e-005
38.96 0.00019323
38.98 0.00032019
39 0.00015813
39.02 0.00010611
39.04 0.00011315
39.06 9.3309e-005
39.08 -3.0997e-005
39.1 -0.00024747
39.12 -0.00034117
39.14 -0.00028246
39.16 -0.00011663
39.18 -2.1666e-005
39.2 5.4688e-005
39.22 0.00018159
39.24 0.00032239
39.26 0.00046633
39.28 0.00058478
39.3 0.00056902
39.32 0.00054263
39.34 0.00049844
39.36 0.00037601
39.38 0.00026914
39.4 0.00023045
39.42 0.00025709
39.44 0.00022488
39.46 0.00011926
39.48 7.0279e-006
39.5 -4.1519e-005
39.52 -3.069e-005
39.54 -1.7677e-005
39.56 1.8877e-006
39.58 1.4779e-005
39.6 1.3631e-005
39.62 -1.6308e-006
39.64 -4.5071e-005
39.66 -5.3471e-005
39.68 -4.3634e-005
39.7 -4.5914e-005
39.72 -4.7904e-005
39.74 -5.0794e-005
39.76 -5.7567e-005
39.78 -5.067e-005
39.8 -3.1796e-005
39.82 -4.1058e-006
39.84 2.5641e-005
39.86 4.9548e-005
39.88 6.7648e-005
39.9 7.54e-005
