0.005 0.00011033
0.01 0.00011535
0.015 0.00011041
0.02 0.00010419
0.025 9.3875e-005
0.03 8.0184e-005
0.035 6.7918e-005
0.04 6.2213e-005
0.045 5.9388e-005
0.05 5.8782e-005
0.055 5.6066e-005
0.06 4.7591e-005
0.065 3.6783e-005
0.07 3.6253e-005
0.075 4.9898e-005
0.08 7.2067e-005
0.085 9.4179e-005
0.09 0.00011516
0.095 0.00013891
0.1 0.00017029
0.105 0.00020706
0.11 0.0002382
0.115 0.00024595
0.12 0.00023112
0.125 0.00018247
0.13 9.1314e-005
0.135 -6.1211e-006
0.14 -9.1221e-005
0.145 -0.00017002
0.15 -0.00023476
0.155 -0.00027636
0.16 -0.00030396
0.165 -0.00033419
0.17 -0.00039405
0.175 -0.00046742
0.18 -0.00047708
0.185 -0.0003221
0.19 -4.5807e-006
0.195 0.00037771
0.2 0.0007073
0.205 0.00088329
0.21 0.00082772
0.215 0.00059953
0.22 0.00034004
0.225 0.00016999
0.23 7.529e-005
0.235 -2.8844e-005
0.24 -0.00013863
0.245 -0.00015292
0.25 -8.0826e-007
0.255 0.00035199
0.26 0.00085523
0.265 0.0012967
0.27 0.0015234
0.275 0.0015587
0.28 0.001494
0.285 0.0012769
0.29 0.00082867
0.295 0.00018237
0.3 -0.00054198
0.305 -0.0010957
0.31 -0.0013322
0.315 -0.0013153
0.32 -0.0011264
0.325 -0.0008365
0.33 -0.00060141
0.335 -0.00054522
0.34 -0.00072305
0.345 -0.0010035
0.35 -0.0011997
0.355 -0.0011961
0.36 -0.00081425
0.365 -1.6277e-005
0.37 0.00089906
0.375 0.0015254
0.38 0.0017204
0.385 0.0016331
0.39 0.0014107
0.395 0.0013411
0.4 0.0015597
0.405 0.0020366
0.41 0.0026346
0.415 0.0029429
0.42 0.0027168
0.425 0.0021804
0.43 0.0014755
0.435 0.00085001
0.44 0.00052507
0.445 0.00029993
0.45 -0.00016493
0.455 -0.0010742
0.46 -0.0020665
0.465 -0.002626
0.47 -0.0024516
0.475 -0.0014902
0.48 -0.0001907
0.485 0.00074321
0.49 0.0010033
0.495 0.00073224
0.5 -5.8364e-005
0.505 -0.0012121
0.51 -0.0024214
0.515 -0.0035495
0.52 -0.0038138
0.525 -0.0022564
0.53 0.00087944
0.535 0.0045206
0.54 0.007564
0.545 0.0092243
0.55 0.0095146
0.555 0.0089197
0.56 0.0079211
0.565 0.0066641
0.57 0.0053314
0.575 0.0041309
0.58 0.0030694
0.585 0.0020765
0.59 0.0012257
0.595 0.00024324
0.6 -0.0007534
0.605 -0.0012559
0.61 -0.00062896
0.615 0.0012717
0.62 0.0038765
0.625 0.0061629
0.63 0.0068632
0.635 0.0049751
0.64 0.0011632
0.645 -0.0033755
0.65 -0.0074392
0.655 -0.01011
0.66 -0.011197
0.665 -0.01131
0.67 -0.011484
0.675 -0.011817
0.68 -0.010542
0.685 -0.0056021
0.69 0.0040717
0.695 0.017125
0.7 0.029753
0.705 0.037395
0.71 0.037579
0.715 0.031526
0.72 0.022294
0.725 0.011918
0.73 0.0010608
0.735 -0.010108
0.74 -0.020802
0.745 -0.029328
0.75 -0.034114
0.755 -0.035216
0.76 -0.033183
0.765 -0.028156
0.77 -0.020139
0.775 -0.010037
0.78 -0.0005036
0.785 0.0051209
0.79 0.0050599
0.795 0.00052187
0.8 -0.0056893
0.805 -0.011494
0.81 -0.014802
0.815 -0.013541
0.82 -0.0079358
0.825 -0.00044811
0.83 0.0057424
0.835 0.0081485
0.84 0.0066929
0.845 0.0046503
0.85 0.0066762
0.855 0.015061
0.86 0.02663
0.865 0.035301
0.87 0.036337
0.875 0.029038
0.88 0.016041
0.885 0.0013127
0.89 -0.010821
0.895 -0.017652
0.9 -0.018576
0.905 -0.015193
0.91 -0.0095984
0.915 -0.0034486
0.92 0.0011469
0.925 0.0021783
0.93 -0.0020133
0.935 -0.012234
0.94 -0.026401
0.945 -0.041196
0.95 -0.05263
0.955 -0.055432
0.96 -0.046409
0.965 -0.026725
0.97 1.3918e-005
0.975 0.02806
0.98 0.051716
0.985 0.067671
0.99 0.076082
0.995 0.07907
1 0.078961
1.005 0.077054
1.01 0.072537
1.015 0.063072
1.02 0.04544
1.025 0.018184
1.03 -0.017324
1.035 -0.056192
1.04 -0.09078
1.045 -0.11529
1.05 -0.12696
1.055 -0.12495
1.06 -0.11044
1.065 -0.085211
1.07 -0.052306
1.075 -0.015897
1.08 0.019851
1.085 0.049702
1.09 0.068933
1.095 0.074888
1.1 0.067585
1.105 0.049512
1.11 0.02576
1.115 0.0022283
1.12 -0.015274
1.125 -0.022841
1.13 -0.01939
1.135 -0.007961
1.14 0.0062061
1.145 0.019057
1.15 0.027445
1.155 0.029418
1.16 0.025592
1.165 0.017739
1.17 0.0083285
1.175 0.00016825
1.18 -0.0050986
1.185 -0.0072433
1.19 -0.0074254
1.195 -0.0076164
1.2 -0.0090225
1.205 -0.011716
1.21 -0.016005
1.215 -0.021353
1.22 -0.027134
1.225 -0.032177
1.23 -0.033997
1.235 -0.030758
1.24 -0.022662
1.245 -0.012128
1.25 -0.0020743
1.255 0.00471
1.26 0.0072757
1.265 0.0077467
1.27 0.0099342
1.275 0.01576
1.28 0.024162
1.285 0.032748
1.29 0.038507
1.295 0.038143
1.3 0.02965
1.305 0.013282
1.31 -0.009419
1.315 -0.035014
1.32 -0.057548
1.325 -0.071301
1.33 -0.072287
1.335 -0.059849
1.34 -0.038104
1.345 -0.013958
1.35 0.0055898
1.355 0.015931
1.36 0.017357
1.365 0.014305
1.37 0.011946
1.375 0.013779
1.38 0.020064
1.385 0.027814
1.39 0.034073
1.395 0.036629
1.4 0.034741
1.405 0.029154
1.41 0.021417
1.415 0.014281
1.42 0.010045
1.425 0.0094064
1.43 0.011018
1.435 0.011565
1.44 0.0080137
1.445 -0.00083391
1.45 -0.013251
1.455 -0.024067
1.46 -0.025965
1.465 -0.015793
1.47 0.0034569
1.475 0.024257
1.48 0.038446
1.485 0.040834
1.49 0.030832
1.495 0.011867
1.5 -0.010437
1.505 -0.029811
1.51 -0.042659
1.515 -0.048829
1.52 -0.049483
1.525 -0.046695
1.53 -0.042223
1.535 -0.035906
1.54 -0.027566
1.545 -0.017671
1.55 -0.0072034
1.555 0.0031818
1.56 0.012653
1.565 0.020283
1.57 0.025868
1.575 0.030382
1.58 0.034843
1.585 0.0401
1.59 0.045562
1.595 0.049116
1.6 0.048496
1.605 0.042786
1.61 0.032946
1.615 0.020918
1.62 0.0091259
1.625 -0.0012063
1.63 -0.011321
1.635 -0.023205
1.64 -0.037343
1.645 -0.05203
1.65 -0.063836
1.655 -0.069991
1.66 -0.068817
1.665 -0.059519
1.67 -0.043601
1.675 -0.024244
1.68 -0.004992
1.685 0.012094
1.69 0.02618
1.695 0.03738
1.7 0.044859
1.705 0.047115
1.71 0.043767
1.715 0.035748
1.72 0.02512
1.725 0.014327
1.73 0.0048707
1.735 -0.0024045
1.74 -0.0077358
1.745 -0.011647
1.75 -0.013918
1.755 -0.013647
1.76 -0.010628
1.765 -0.0056922
1.77 -0.00052439
1.775 0.0027881
1.78 0.0035306
1.785 0.0021754
1.79 -0.0009113
1.795 -0.005761
1.8 -0.012415
1.805 -0.019543
1.81 -0.023416
1.815 -0.020429
1.82 -0.010277
1.825 0.0034783
1.83 0.015404
1.835 0.02116
1.84 0.019536
1.845 0.013438
1.85 0.0077523
1.855 0.0062113
1.86 0.0096735
1.865 0.016201
1.87 0.023064
1.875 0.028345
1.88 0.031221
1.885 0.030926
1.89 0.027244
1.895 0.021008
1.9 0.012973
1.905 0.0044969
1.91 -0.0031506
1.915 -0.0099502
1.92 -0.015996
1.925 -0.021774
1.93 -0.028082
1.935 -0.034406
1.94 -0.039147
1.945 -0.040567
1.95 -0.037568
1.955 -0.030453
1.96 -0.020154
1.965 -0.0074902
1.97 0.0066332
1.975 0.021204
1.98 0.034788
1.985 0.045044
1.99 0.049757
1.995 0.048029
2 0.040107
2.005 0.028146
2.01 0.015218
2.015 0.0037025
2.02 -0.0045718
2.025 -0.0090172
2.03 -0.010473
2.035 -0.010132
2.04 -0.008839
2.045 -0.0065425
2.05 -0.0031403
2.055 0.00074713
2.06 0.0041534
2.065 0.0061355
2.07 0.0060528
2.075 0.0031289
2.08 -0.0032722
2.085 -0.013414
2.09 -0.026565
2.095 -0.039893
2.1 -0.049451
2.105 -0.05289
2.11 -0.050632
2.115 -0.045
2.12 -0.038124
2.125 -0.02999
2.13 -0.019347
2.135 -0.0043349
2.14 0.014227
2.145 0.032627
2.15 0.047011
2.155 0.054735
2.16 0.0549
2.165 0.048562
2.17 0.037591
2.175 0.02472
2.18 0.013395
2.185 0.0055396
2.19 0.00062217
2.195 -0.002179
2.2 -0.0038992
2.205 -0.0056286
2.21 -0.0076904
2.215 -0.0094636
2.22 -0.010275
2.225 -0.0099329
2.23 -0.0094778
2.235 -0.010056
2.24 -0.011713
2.245 -0.013601
2.25 -0.015688
2.255 -0.018348
2.26 -0.021173
2.265 -0.023341
2.27 -0.023491
2.275 -0.021031
2.28 -0.016545
2.285 -0.011574
2.29 -0.0076592
2.295 -0.0046345
2.3 -0.00064027
2.305 0.0058963
2.31 0.014687
2.315 0.023406
2.32 0.029275
2.325 0.030896
2.33 0.029114
2.335 0.025578
2.34 0.021257
2.345 0.016573
2.35 0.012093
2.355 0.0082365
2.36 0.0053164
2.365 0.0037466
2.37 0.0036648
2.375 0.0037851
2.38 0.0022465
2.385 -0.0021828
2.39 -0.0092634
2.395 -0.017702
2.4 -0.025016
2.405 -0.028777
2.41 -0.028159
2.415 -0.024212
2.42 -0.017854
2.425 -0.0098237
2.43 -0.0016211
2.435 0.0047709
2.44 0.0078134
2.445 0.0069206
2.45 0.0023086
2.455 -0.0050101
2.46 -0.012911
2.465 -0.019824
2.47 -0.024664
2.475 -0.027136
2.48 -0.027348
2.485 -0.025492
2.49 -0.022256
2.495 -0.018528
2.5 -0.014957
2.505 -0.012064
2.51 -0.0099139
2.515 -0.0080438
2.52 -0.0054403
2.525 -0.00083153
2.53 0.0052623
2.535 0.011605
2.54 0.01651
2.545 0.019146
2.55 0.019843
2.555 0.019619
2.56 0.019542
2.565 0.020268
2.57 0.021518
2.575 0.022722
2.58 0.02307
2.585 0.0226
2.59 0.021953
2.595 0.02145
2.6 0.020706
2.605 0.019373
2.61 0.017405
2.615 0.014855
2.62 0.012518
2.625 0.011733
2.63 0.012973
2.635 0.015583
2.64 0.017876
2.645 0.018621
2.65 0.017265
2.655 0.013299
2.66 0.0064735
2.665 -0.0025214
2.67 -0.01237
2.675 -0.021032
2.68 -0.027099
2.685 -0.029507
2.69 -0.027542
2.695 -0.021876
2.7 -0.01434
2.705 -0.0067792
2.71 -0.00051126
2.715 0.0037302
2.72 0.0053859
2.725 0.0041041
2.73 0.00038599
2.735 -0.0040963
2.74 -0.0076148
2.745 -0.0098306
2.75 -0.011498
2.755 -0.012476
2.76 -0.011738
2.765 -0.0090414
2.77 -0.0053476
2.775 -0.002205
2.78 -0.00068832
2.785 -0.00066027
2.79 -0.0013679
2.795 -0.0021023
2.8 -0.0020303
2.805 -0.000887
2.81 0.0015265
2.815 0.0045202
2.82 0.0063693
2.825 0.0058332
2.83 0.003149
2.835 -0.0001274
2.84 -0.0029192
2.845 -0.0051893
2.85 -0.0064047
2.855 -0.0050334
2.86 -0.00018656
2.865 0.0076459
2.87 0.017632
2.875 0.028645
2.88 0.039485
2.885 0.048521
2.89 0.05365
2.895 0.054076
2.9 0.050391
2.905 0.043381
2.91 0.033794
2.915 0.021557
2.92 0.0071705
2.925 -0.007769
2.93 -0.021995
2.935 -0.033964
2.94 -0.041847
2.945 -0.044388
2.95 -0.041665
2.955 -0.035803
2.96 -0.030452
2.965 -0.028573
2.97 -0.031059
2.975 -0.037462
2.98 -0.047019
2.985 -0.058018
2.99 -0.069411
2.995 -0.080197
3 -0.089403
3.005 -0.096922
3.01 -0.10309
3.015 -0.10769
3.02 -0.10857
3.025 -0.10241
3.03 -0.085993
3.035 -0.05748
3.04 -0.016916
3.045 0.031526
3.05 0.080953
3.055 0.12344
3.06 0.15197
3.065 0.16407
3.07 0.16132
3.075 0.14732
3.08 0.12477
3.085 0.095027
3.09 0.059572
3.095 0.022599
3.1 -0.010969
3.105 -0.036932
3.11 -0.052784
3.115 -0.057974
3.12 -0.052791
3.125 -0.038416
3.13 -0.017615
3.135 0.0055782
3.14 0.025711
3.145 0.038446
3.15 0.042126
3.155 0.038007
3.16 0.029194
3.165 0.019288
3.17 0.010902
3.175 0.0046632
3.18 -0.00030976
3.185 -0.0056566
3.19 -0.012049
3.195 -0.019331
3.2 -0.026347
3.205 -0.031204
3.21 -0.032374
3.215 -0.029494
3.22 -0.022521
3.225 -0.011881
3.23 -0.00021479
3.235 0.0086555
3.24 0.01103
3.245 0.0053077
3.25 -0.0066419
3.255 -0.020471
3.26 -0.032273
3.265 -0.039633
3.27 -0.042287
3.275 -0.040784
3.28 -0.035797
3.285 -0.027899
3.29 -0.017552
3.295 -0.004629
3.3 0.010677
3.305 0.026407
3.31 0.039907
3.315 0.048839
3.32 0.05231
3.325 0.05125
3.33 0.04746
3.335 0.042481
3.34 0.036992
3.345 0.030756
3.35 0.022762
3.355 0.011496
3.36 -0.0028782
3.365 -0.018633
3.37 -0.034455
3.375 -0.048748
3.38 -0.059834
3.385 -0.066309
3.39 -0.066696
3.395 -0.060112
3.4 -0.047012
3.405 -0.029711
3.41 -0.011291
3.415 0.0048779
3.42 0.016862
3.425 0.024516
3.43 0.028665
3.435 0.029706
3.44 0.027127
3.445 0.020803
3.45 0.011426
3.455 0.0010963
3.46 -0.0073166
3.465 -0.011288
3.47 -0.0092601
3.475 -0.0015995
3.48 0.0096533
3.485 0.021992
3.49 0.03293
3.495 0.040101
3.5 0.041684
3.505 0.037198
3.51 0.027642
3.515 0.015304
3.52 0.0032069
3.525 -0.0063221
3.53 -0.013104
3.535 -0.018017
3.54 -0.02206
3.545 -0.025973
3.55 -0.029715
3.555 -0.03243
3.56 -0.033192
3.565 -0.031073
3.57 -0.025375
3.575 -0.016488
3.58 -0.0055709
3.585 0.0065277
3.59 0.019478
3.595 0.032125
3.6 0.043117
3.605 0.051593
3.61 0.056619
3.615 0.057642
3.62 0.054441
3.625 0.047209
3.63 0.037394
3.635 0.026913
3.64 0.017133
3.645 0.0094264
3.65 0.0046871
3.655 0.0033835
3.66 0.0064664
3.665 0.014313
3.67 0.025559
3.675 0.038004
3.68 0.049204
3.685 0.057027
3.69 0.0605
3.695 0.059885
3.7 0.055868
3.705 0.050198
3.71 0.04507
3.715 0.04127
3.72 0.038199
3.725 0.034477
3.73 0.029054
3.735 0.021973
3.74 0.013742
3.745 0.0054165
3.75 -0.0022906
3.755 -0.0088279
3.76 -0.013788
3.765 -0.017574
3.77 -0.020672
3.775 -0.022942
3.78 -0.024114
3.785 -0.024405
3.79 -0.024316
3.795 -0.024249
3.8 -0.024401
3.805 -0.02528
3.81 -0.027808
3.815 -0.032036
3.82 -0.037352
3.825 -0.043193
3.83 -0.047426
3.835 -0.047055
3.84 -0.040967
3.845 -0.030244
3.85 -0.017295
3.855 -0.0051358
3.86 0.0032522
3.865 0.0061145
3.87 0.00352
3.875 -0.0024234
3.88 -0.0079077
3.885 -0.0088723
3.89 -0.0027158
3.895 0.010546
3.9 0.027773
3.905 0.043875
3.91 0.054488
3.915 0.057858
3.92 0.054876
3.925 0.048386
3.93 0.041148
3.935 0.033807
3.94 0.026561
3.945 0.020084
3.95 0.014869
3.955 0.011518
3.96 0.010146
3.965 0.0097699
3.97 0.0079977
3.975 0.0025764
3.98 -0.0069674
3.985 -0.020153
3.99 -0.036196
3.995 -0.053718
4 -0.069602
4.005 -0.079882
4.01 -0.082174
4.015 -0.076373
4.02 -0.064866
4.025 -0.051316
4.03 -0.038516
4.035 -0.027189
4.04 -0.017275
4.045 -0.0087258
4.05 -0.00097163
4.055 0.006623
4.06 0.014361
4.065 0.022153
4.07 0.029333
4.075 0.03458
4.08 0.03635
4.085 0.034446
4.09 0.030418
4.095 0.02616
4.1 0.023178
4.105 0.021408
4.11 0.019505
4.115 0.017006
4.12 0.014795
4.125 0.014099
4.13 0.015629
4.135 0.019274
4.14 0.023614
4.145 0.026914
4.15 0.02851
4.155 0.029129
4.16 0.030363
4.165 0.033215
4.17 0.037588
4.175 0.042133
4.18 0.044924
4.185 0.044535
4.19 0.040126
4.195 0.032009
4.2 0.021061
4.205 0.0090369
4.21 -0.0019075
4.215 -0.010707
4.22 -0.016743
4.225 -0.020111
4.23 -0.021998
4.235 -0.023631
4.24 -0.025328
4.245 -0.027004
4.25 -0.028705
4.255 -0.030144
4.26 -0.03122
4.265 -0.032013
4.27 -0.03241
4.275 -0.03209
4.28 -0.030828
4.285 -0.028614
4.29 -0.026009
4.295 -0.02448
4.3 -0.025144
4.305 -0.028535
4.31 -0.034322
4.315 -0.041587
4.32 -0.049047
4.325 -0.054984
4.33 -0.057632
4.335 -0.055166
4.34 -0.046449
4.345 -0.031613
4.35 -0.012305
4.355 0.0077277
4.36 0.024549
4.365 0.03565
4.37 0.040372
4.375 0.040215
4.38 0.037533
4.385 0.034202
4.39 0.031094
4.395 0.028172
4.4 0.02493
4.405 0.020496
4.41 0.013625
4.415 0.0049519
4.42 -0.0031785
4.425 -0.0082784
4.43 -0.0082322
4.435 -0.0025569
4.44 0.0071344
4.445 0.017668
4.45 0.025169
4.455 0.027614
4.46 0.025009
4.465 0.018432
4.47 0.0099654
4.475 0.00086152
4.48 -0.0085219
4.485 -0.018551
4.49 -0.028619
4.495 -0.03777
4.5 -0.044316
4.505 -0.046432
4.51 -0.042915
4.515 -0.034412
4.52 -0.023835
4.525 -0.014733
4.53 -0.0091174
4.535 -0.0073601
4.54 -0.0093193
4.545 -0.01398
4.55 -0.019741
4.555 -0.025569
4.56 -0.030067
4.565 -0.031723
4.57 -0.03072
4.575 -0.029038
4.58 -0.028979
4.585 -0.032272
4.59 -0.038398
4.595 -0.045321
4.6 -0.051459
4.605 -0.055887
4.61 -0.057531
4.615 -0.055836
4.62 -0.050911
4.625 -0.043168
4.63 -0.032823
4.635 -0.02009
4.64 -0.0057873
4.645 0.0084963
4.65 0.020877
4.655 0.030194
4.66 0.035771
4.665 0.037192
4.67 0.034464
4.675 0.029268
4.68 0.02324
4.685 0.017133
4.69 0.010456
4.695 0.0023973
4.7 -0.0073861
4.705 -0.018493
4.71 -0.029919
4.715 -0.039974
4.72 -0.046846
4.725 -0.049227
4.73 -0.046911
4.735 -0.040887
4.74 -0.032132
4.745 -0.021225
4.75 -0.0090001
4.755 0.0030622
4.76 0.012932
4.765 0.019745
4.77 0.023733
4.775 0.025581
4.78 0.026425
4.785 0.026536
4.79 0.025787
4.795 0.024333
4.8 0.022654
4.805 0.021344
4.81 0.020556
4.815 0.02059
4.82 0.021467
4.825 0.023299
4.83 0.025808
4.835 0.02866
4.84 0.031134
4.845 0.032033
4.85 0.030024
4.855 0.024794
4.86 0.016604
4.865 0.0066353
4.87 -0.0041182
4.875 -0.014996
4.88 -0.024448
4.885 -0.031757
4.89 -0.03673
4.895 -0.039038
4.9 -0.038592
4.905 -0.035358
4.91 -0.029818
4.915 -0.023204
4.92 -0.016197
4.925 -0.008981
4.93 -0.0024661
4.935 0.0027953
4.94 0.0063404
4.945 0.0079601
4.95 0.0082187
4.955 0.0081926
4.96 0.0087631
4.965 0.0097288
4.97 0.010297
4.975 0.0097945
4.98 0.0085229
4.985 0.008069
4.99 0.010036
4.995 0.015079
5 0.022217
5.005 0.029158
5.01 0.033371
5.015 0.032998
5.02 0.027702
5.025 0.01848
5.03 0.0071918
5.035 -0.004241
5.04 -0.013233
5.045 -0.017768
5.05 -0.017115
5.055 -0.011917
5.06 -0.0037833
5.065 0.0055862
5.07 0.015165
5.075 0.024138
5.08 0.03231
5.085 0.039317
5.09 0.044461
5.095 0.04696
5.1 0.046493
5.105 0.043057
5.11 0.03713
5.115 0.029364
5.12 0.020031
5.125 0.010397
5.13 0.0014455
5.135 -0.0062016
5.14 -0.012986
5.145 -0.019577
5.15 -0.02568
5.155 -0.030463
5.16 -0.032877
5.165 -0.031827
5.17 -0.027136
5.175 -0.019496
5.18 -0.010969
5.185 -0.004412
5.19 -0.0010386
5.195 -1.0206e-005
5.2 7.4406e-006
5.205 -0.00021135
5.21 -0.00079391
5.215 -0.0021814
5.22 -0.0047135
5.225 -0.0079819
5.23 -0.010966
5.235 -0.012511
5.24 -0.011247
5.245 -0.0069954
5.25 -0.00084226
5.255 0.005934
5.26 0.011996
5.265 0.016381
5.27 0.018576
5.275 0.018678
5.28 0.017734
5.285 0.01688
5.29 0.017238
5.295 0.018932
5.3 0.021002
5.305 0.021598
5.31 0.018834
5.315 0.012378
5.32 0.0031947
5.325 -0.0070225
5.33 -0.016088
5.335 -0.022645
5.34 -0.026439
5.345 -0.027874
5.35 -0.028232
5.355 -0.028846
5.36 -0.029984
5.365 -0.031198
5.37 -0.03128
5.375 -0.028794
5.38 -0.022044
5.385 -0.011062
5.39 0.003164
5.395 0.018577
5.4 0.031548
5.405 0.039648
5.41 0.042936
5.415 0.042255
5.42 0.037995
5.425 0.030695
5.43 0.02113
5.435 0.0099999
5.44 -0.0018306
5.445 -0.01347
5.45 -0.023474
5.455 -0.031104
5.46 -0.03602
5.465 -0.037105
5.47 -0.033819
5.475 -0.026624
5.48 -0.017039
5.485 -0.0067932
5.49 0.0019823
5.495 0.0074788
5.5 0.0090325
5.505 0.0068073
5.51 0.0023003
5.515 -0.002386
5.52 -0.0061765
5.525 -0.0092139
5.53 -0.011915
5.535 -0.014428
5.54 -0.017322
5.545 -0.021444
5.55 -0.026523
5.555 -0.031382
5.56 -0.034771
5.565 -0.035379
5.57 -0.032134
5.575 -0.024995
5.58 -0.015621
5.585 -0.0063744
5.59 0.0015537
5.595 0.0090224
5.6 0.016794
5.605 0.024218
5.61 0.030044
5.615 0.033277
5.62 0.032832
5.625 0.028259
5.63 0.020384
5.635 0.011309
5.64 0.0028232
5.645 -0.0046355
5.65 -0.011706
5.655 -0.018466
5.66 -0.024453
5.665 -0.029428
5.67 -0.032656
5.675 -0.033043
5.68 -0.030258
5.685 -0.025431
5.69 -0.01975
5.695 -0.013831
5.7 -0.0080622
5.705 -0.0022573
5.71 0.0033444
5.715 0.0076471
5.72 0.0093761
5.725 0.0074689
5.73 0.0026677
5.735 -0.0028918
5.74 -0.0069177
5.745 -0.0077215
5.75 -0.0045837
5.755 0.002289
5.76 0.011821
5.765 0.022588
5.77 0.03303
5.775 0.041589
5.78 0.046991
5.785 0.048353
5.79 0.045578
5.795 0.039202
5.8 0.031054
5.805 0.023351
5.81 0.017381
5.815 0.013698
5.82 0.012093
5.825 0.011775
5.83 0.011827
5.835 0.01188
5.84 0.012731
5.845 0.015102
5.85 0.018757
5.855 0.022887
5.86 0.026588
5.865 0.028253
5.87 0.02626
5.875 0.019789
5.88 0.0083738
5.885 -0.0067632
5.89 -0.022053
5.895 -0.034321
5.9 -0.04234
5.905 -0.0463
5.91 -0.046748
5.915 -0.043675
5.92 -0.037166
5.925 -0.027828
5.93 -0.01644
5.935 -0.0040425
5.94 0.0075716
5.945 0.016458
5.95 0.021284
5.955 0.020996
5.96 0.015487
5.965 0.0061374
5.97 -0.0047795
5.975 -0.014708
5.98 -0.021907
5.985 -0.025359
5.99 -0.024852
5.995 -0.021631
6 -0.017583
6.005 -0.014037
6.01 -0.011904
6.015 -0.010908
6.02 -0.01014
6.025 -0.0096864
6.03 -0.009667
6.035 -0.0096037
6.04 -0.0081817
6.045 -0.0035701
6.05 0.0047353
6.055 0.016362
6.06 0.02982
6.065 0.042786
6.07 0.053162
6.075 0.059735
6.08 0.062047
6.085 0.060108
6.09 0.054785
6.095 0.046823
6.1 0.037139
6.105 0.026114
6.11 0.014113
6.115 0.0022488
6.12 -0.0081374
6.125 -0.016906
6.13 -0.024021
6.135 -0.028508
6.14 -0.030002
6.145 -0.02897
6.15 -0.027097
6.155 -0.026056
6.16 -0.026331
6.165 -0.027727
6.17 -0.029673
6.175 -0.031307
6.18 -0.031217
6.185 -0.02828
6.19 -0.022646
6.195 -0.014775
6.2 -0.0054329
6.205 0.0033466
6.21 0.0090966
6.215 0.010912
6.22 0.0095756
6.225 0.0065038
6.23 0.0031137
6.235 0.00062531
6.24 -0.00037642
6.245 -0.00042984
6.25 -0.0009563
6.255 -0.0032672
6.26 -0.0077169
6.265 -0.01352
6.27 -0.019106
6.275 -0.022342
6.28 -0.021744
6.285 -0.016592
6.29 -0.007954
6.295 0.0019511
6.3 0.011192
6.305 0.018096
6.31 0.021291
6.315 0.020332
6.32 0.015019
6.325 0.0061251
6.33 -0.004445
6.335 -0.015141
6.34 -0.023767
6.345 -0.02831
6.35 -0.027822
6.355 -0.022596
6.36 -0.014053
6.365 -0.004818
6.37 0.0029537
6.375 0.0078474
6.38 0.0088446
6.385 0.0059262
6.39 0.00044561
6.395 -0.0057486
6.4 -0.010491
6.405 -0.012837
6.41 -0.013108
6.415 -0.012122
6.42 -0.010645
6.425 -0.0080932
6.43 -0.0036015
6.435 0.0035029
6.44 0.013281
6.445 0.024572
6.45 0.034566
6.455 0.041084
6.46 0.042806
6.465 0.039283
6.47 0.030512
6.475 0.017466
6.48 0.001859
6.485 -0.014516
6.49 -0.030119
6.495 -0.04362
6.5 -0.053714
6.505 -0.060171
6.51 -0.061971
6.515 -0.058167
6.52 -0.048739
6.525 -0.034762
6.53 -0.018522
6.535 -0.0028627
6.54 0.0092946
6.545 0.015952
6.55 0.017538
6.555 0.01622
6.56 0.014514
6.565 0.014311
6.57 0.015645
6.575 0.017713
6.58 0.019818
6.585 0.021815
6.59 0.024306
6.595 0.027939
6.6 0.032318
6.605 0.036184
6.61 0.037538
6.615 0.034969
6.62 0.028725
6.625 0.020285
6.63 0.011813
6.635 0.0053446
6.64 0.0024737
6.645 0.0033903
6.65 0.0061135
6.655 0.0079417
6.66 0.0070037
6.665 0.002591
6.67 -0.0042896
6.675 -0.012319
6.68 -0.01987
6.685 -0.025067
6.69 -0.027201
6.695 -0.026343
6.7 -0.023293
6.705 -0.019006
6.71 -0.014402
6.715 -0.0096745
6.72 -0.0047675
6.725 0.0010269
6.73 0.0084083
6.735 0.016863
6.74 0.025293
6.745 0.032851
6.75 0.038273
6.755 0.040668
6.76 0.040245
6.765 0.037892
6.77 0.03504
6.775 0.032749
6.78 0.031217
6.785 0.030338
6.79 0.029435
6.795 0.027466
6.8 0.024138
6.805 0.019968
6.81 0.015507
6.815 0.012205
6.82 0.011518
6.825 0.013656
6.83 0.017525
6.835 0.021535
6.84 0.023908
6.845 0.023304
6.85 0.019877
6.855 0.014464
6.86 0.0087185
6.865 0.003871
6.87 -0.00066835
6.875 -0.0053932
6.88 -0.010443
6.885 -0.015916
6.89 -0.021571
6.895 -0.026649
6.9 -0.030197
6.905 -0.031322
6.91 -0.030196
6.915 -0.02808
6.92 -0.026595
6.925 -0.027004
6.93 -0.030039
6.935 -0.035318
6.94 -0.041797
6.945 -0.04774
6.95 -0.051497
6.955 -0.052017
6.96 -0.04847
6.965 -0.040576
6.97 -0.028684
6.975 -0.013793
6.98 0.0023228
6.985 0.016633
6.99 0.026982
6.995 0.033049
7 0.03538
7.005 0.034556
7.01 0.031123
7.015 0.025519
7.02 0.017999
7.025 0.0087031
7.03 -0.0017657
7.035 -0.011812
7.04 -0.020045
7.045 -0.024752
7.05 -0.024185
7.055 -0.017581
7.06 -0.0052381
7.065 0.011146
7.07 0.028436
7.075 0.043939
7.08 0.055089
7.085 0.059877
7.09 0.056865
7.095 0.046223
7.1 0.029524
7.105 0.010453
7.11 -0.0068441
7.115 -0.019341
7.12 -0.025999
7.125 -0.027033
7.13 -0.023632
7.135 -0.017167
7.14 -0.0090095
7.145 -0.00089464
7.15 0.0053773
7.155 0.008737
7.16 0.0083044
7.165 0.0047829
7.17 6.5187e-005
7.175 -0.0049231
7.18 -0.0091645
7.185 -0.011778
7.19 -0.01238
7.195 -0.011713
7.2 -0.011019
7.205 -0.010919
7.21 -0.011294
7.215 -0.011717
7.22 -0.011798
7.225 -0.010936
7.23 -0.0081728
7.235 -0.0033097
7.24 0.0030034
7.245 0.009073
7.25 0.013167
7.255 0.014626
7.26 0.013507
7.265 0.0092559
7.27 0.0021534
7.275 -0.0070385
7.28 -0.017584
7.285 -0.028522
7.29 -0.038451
7.295 -0.046546
7.3 -0.052444
7.305 -0.055871
7.31 -0.056002
7.315 -0.05176
7.32 -0.043272
7.325 -0.032312
7.33 -0.021507
7.335 -0.013452
7.34 -0.0087896
7.345 -0.0063568
7.35 -0.0042106
7.355 -0.0010315
7.36 0.0032896
7.365 0.0084455
7.37 0.014059
7.375 0.019809
7.38 0.025753
7.385 0.031164
7.39 0.034411
7.395 0.034097
7.4 0.029741
7.405 0.021983
7.41 0.012095
7.415 0.0016828
7.42 -0.008479
7.425 -0.018121
7.43 -0.026719
7.435 -0.033317
7.44 -0.03706
7.445 -0.036799
7.45 -0.031948
7.455 -0.022397
7.46 -0.009553
7.465 0.0041059
7.47 0.016133
7.475 0.025141
7.48 0.030433
7.485 0.031802
7.49 0.029913
7.495 0.025877
7.5 0.020877
7.505 0.016143
7.51 0.012303
7.515 0.0095114
7.52 0.0076012
7.525 0.006291
7.53 0.0045728
7.535 0.0015804
7.54 -0.0028805
7.545 -0.0082311
7.55 -0.01283
7.555 -0.015254
7.56 -0.015498
7.565 -0.014269
7.57 -0.012416
7.575 -0.010666
7.58 -0.0096439
7.585 -0.009557
7.59 -0.010425
7.595 -0.0121
7.6 -0.014106
7.605 -0.015758
7.61 -0.016059
7.615 -0.014602
7.62 -0.011637
7.625 -0.0075626
7.63 -0.0022282
7.635 0.0040648
7.64 0.0099841
7.645 0.014617
7.65 0.018031
7.655 0.020423
7.66 0.021762
7.665 0.02238
7.67 0.023312
7.675 0.025542
7.68 0.028917
7.685 0.032124
7.69 0.033722
7.695 0.032857
7.7 0.029136
7.705 0.022654
7.71 0.013711
7.715 0.0034062
7.72 -0.0062031
7.725 -0.013652
7.73 -0.018895
7.735 -0.022114
7.74 -0.023272
7.745 -0.022349
7.75 -0.020181
7.755 -0.017744
7.76 -0.0153
7.765 -0.013011
7.77 -0.010829
7.775 -0.0081841
7.78 -0.0044809
7.785 0.00093233
7.79 0.0080944
7.795 0.01659
7.8 0.025365
7.805 0.03266
7.81 0.037719
7.815 0.040071
7.82 0.039379
7.825 0.035536
7.83 0.029555
7.835 0.022632
7.84 0.015351
7.845 0.0079718
7.85 0.0017542
7.855 -0.0019204
7.86 -0.0023414
7.865 0.00032115
7.87 0.0053136
7.875 0.011265
7.88 0.017898
7.885 0.025228
7.89 0.033055
7.895 0.040306
7.9 0.045464
7.905 0.046985
7.91 0.044047
7.915 0.036792
7.92 0.026063
7.925 0.01341
7.93 0.00061985
7.935 -0.010548
7.94 -0.018896
7.945 -0.02343
7.95 -0.023506
7.955 -0.019954
7.96 -0.01479
7.965 -0.0093027
7.97 -0.0042016
7.975 0.00031317
7.98 0.0048959
7.985 0.01025
7.99 0.016382
7.995 0.022108
8 0.026223
8.005 0.027584
8.01 0.025588
8.015 0.020432
8.02 0.012728
8.025 0.0038564
8.03 -0.0048332
8.035 -0.013028
8.04 -0.0207
8.045 -0.027414
8.05 -0.031901
8.055 -0.033517
8.06 -0.032566
8.065 -0.029546
8.07 -0.024547
8.075 -0.018254
8.08 -0.012467
8.085 -0.0087651
8.09 -0.007555
8.095 -0.0078648
8.1 -0.0083926
8.105 -0.0084215
8.11 -0.0077952
8.115 -0.0066578
8.12 -0.0054654
8.125 -0.004216
8.13 -0.0029458
8.135 -0.0020956
8.14 -0.0019829
8.145 -0.0026984
8.15 -0.0037798
8.155 -0.0048695
8.16 -0.005588
8.165 -0.0056301
8.17 -0.004745
8.175 -0.0028721
8.18 0.00025484
8.185 0.0052557
8.19 0.012017
8.195 0.019382
8.2 0.02577
8.205 0.030486
8.21 0.033029
8.215 0.033511
8.22 0.03239
8.225 0.030118
8.23 0.027286
8.235 0.024125
8.24 0.021366
8.245 0.01887
8.25 0.016131
8.255 0.013486
8.26 0.011639
8.265 0.010666
8.27 0.010525
8.275 0.010639
8.28 0.01091
8.285 0.011246
8.29 0.011597
8.295 0.012337
8.3 0.013572
8.305 0.014699
8.31 0.015065
8.315 0.014146
8.32 0.011707
8.325 0.0081581
8.33 0.0043704
8.335 0.001442
8.34 0.00010386
8.345 0.00038175
8.35 0.0021551
8.355 0.0046204
8.36 0.0068501
8.365 0.0084112
8.37 0.0089821
8.375 0.0083156
8.38 0.0065342
8.385 0.0037906
8.39 0.00021889
8.395 -0.0042503
8.4 -0.0096426
8.405 -0.016024
8.41 -0.023206
8.415 -0.030739
8.42 -0.03796
8.425 -0.043725
8.43 -0.047018
8.435 -0.047008
8.44 -0.04301
8.445 -0.035191
8.45 -0.024467
8.455 -0.01258
8.46 -0.0011487
8.465 0.0086871
8.47 0.01597
8.475 0.0197
8.48 0.018808
8.485 0.013346
8.49 0.0045069
8.495 -0.0055686
8.5 -0.014621
8.505 -0.020235
8.51 -0.021097
8.515 -0.017528
8.52 -0.010782
8.525 -0.0022911
8.53 0.0057562
8.535 0.011957
8.54 0.016103
8.545 0.018364
8.55 0.018558
8.555 0.016385
8.56 0.011758
8.565 0.0055733
8.57 -0.0011405
8.575 -0.007349
8.58 -0.012164
8.585 -0.015095
8.59 -0.015929
8.595 -0.014522
8.6 -0.01156
8.605 -0.0084959
8.61 -0.0063964
8.615 -0.0057619
8.62 -0.0066557
8.625 -0.0089445
8.63 -0.012906
8.635 -0.018033
8.64 -0.02374
8.645 -0.029193
8.65 -0.033763
8.655 -0.03639
8.66 -0.036318
8.665 -0.033501
8.67 -0.028227
8.675 -0.021472
8.68 -0.014733
8.685 -0.0091385
8.69 -0.005384
8.695 -0.0031901
8.7 -0.0016247
8.705 7.1867e-005
8.71 0.0021119
8.715 0.0041744
8.72 0.005594
8.725 0.0060583
8.73 0.0058699
8.735 0.0054136
8.74 0.0047338
8.745 0.004127
8.75 0.0040156
8.755 0.0047888
8.76 0.0062841
8.765 0.0077699
8.77 0.0090537
8.775 0.010259
8.78 0.011281
8.785 0.012195
8.79 0.0126
8.795 0.011613
8.8 0.0091236
8.805 0.0052992
8.81 0.00091092
8.815 -0.003072
8.82 -0.0058397
8.825 -0.0070282
8.83 -0.00692
8.835 -0.0059049
8.84 -0.0045257
8.845 -0.0035813
8.85 -0.0035118
8.855 -0.0044495
8.86 -0.0059931
8.865 -0.0072128
8.87 -0.0074419
8.875 -0.0063118
8.88 -0.0037382
8.885 -0.00016422
8.89 0.0037202
8.895 0.0071373
8.9 0.0088591
8.905 0.007843
8.91 0.0040593
8.915 -0.0021169
8.92 -0.0093091
8.925 -0.016182
8.93 -0.02164
8.935 -0.024999
8.94 -0.025281
8.945 -0.022358
8.95 -0.016668
8.955 -0.0090366
8.96 -0.00099832
8.965 0.0058422
8.97 0.010627
8.975 0.013455
8.98 0.015097
8.985 0.016214
8.99 0.017479
8.995 0.019074
9 0.020274
9.005 0.020162
9.01 0.018505
9.015 0.015512
9.02 0.01163
9.025 0.0073185
9.03 0.0034442
9.035 0.00018119
9.04 -0.0027979
9.045 -0.0054557
9.05 -0.0074289
9.055 -0.0080856
9.06 -0.0076987
9.065 -0.0069749
9.07 -0.0061452
9.075 -0.0055227
9.08 -0.0053085
9.085 -0.005087
9.09 -0.003864
9.095 -0.0014842
9.1 0.0014828
9.105 0.0038767
9.11 0.005224
9.115 0.0055193
9.12 0.0049028
9.125 0.0041113
9.13 0.0039121
9.135 0.0047722
9.14 0.0065584
9.145 0.0088473
9.15 0.01146
9.155 0.014141
9.16 0.016881
9.165 0.019441
9.17 0.02146
9.175 0.022587
9.18 0.022867
9.185 0.022568
9.19 0.021536
9.195 0.019344
9.2 0.016037
9.205 0.012156
9.21 0.0082412
9.215 0.0044982
9.22 0.00088992
9.225 -0.0026935
9.23 -0.0060676
9.235 -0.0083642
9.24 -0.0090435
9.245 -0.0081545
9.25 -0.0063233
9.255 -0.0044295
9.26 -0.0031705
9.265 -0.0024325
9.27 -0.0020351
9.275 -0.0020128
9.28 -0.0025403
9.285 -0.0034233
9.29 -0.0045891
9.295 -0.0059075
9.3 -0.0068726
9.305 -0.0070546
9.31 -0.0060631
9.315 -0.0036607
9.32 -0.00017287
9.325 0.0037392
9.33 0.0073892
9.335 0.009893
9.34 0.010222
9.345 0.0081258
9.35 0.0044289
9.355 0.00028811
9.36 -0.0038561
9.365 -0.0084686
9.37 -0.013155
9.375 -0.016873
9.38 -0.019141
9.385 -0.019894
9.39 -0.01922
9.395 -0.017438
9.4 -0.014731
9.405 -0.011295
9.41 -0.0073739
9.415 -0.0033666
9.42 0.00024342
9.425 0.0029787
9.43 0.0044938
9.435 0.0043585
9.44 0.0026219
9.445 -0.00059312
9.45 -0.0052254
9.455 -0.010897
9.46 -0.016992
9.465 -0.022984
9.47 -0.027528
9.475 -0.029481
9.48 -0.02867
9.485 -0.025647
9.49 -0.02164
9.495 -0.017718
9.5 -0.014423
9.505 -0.012014
9.51 -0.010451
9.515 -0.0097225
9.52 -0.00999
9.525 -0.011736
9.53 -0.014618
9.535 -0.017295
9.54 -0.018408
9.545 -0.017296
9.55 -0.013837
9.555 -0.0085217
9.56 -0.0026107
9.565 0.0035741
9.57 0.0097629
9.575 0.015111
9.58 0.019306
9.585 0.022601
9.59 0.024961
9.595 0.026175
9.6 0.026249
9.605 0.025055
9.61 0.022511
9.615 0.019001
9.62 0.015119
9.625 0.011312
9.63 0.0079237
9.635 0.0055246
9.64 0.0045911
9.645 0.0053317
9.65 0.0074125
9.655 0.0095669
9.66 0.011045
9.665 0.011637
9.67 0.011439
9.675 0.010613
9.68 0.0097787
9.685 0.0095798
9.69 0.010309
9.695 0.011495
9.7 0.012555
9.705 0.012757
9.71 0.012033
9.715 0.010458
9.72 0.007915
9.725 0.0045871
9.73 0.0011825
9.735 -0.0012182
9.74 -0.0023096
9.745 -0.0020021
9.75 -0.00056654
9.755 0.0013665
9.76 0.0031668
9.765 0.0043704
9.77 0.0052989
9.775 0.0063888
9.78 0.0075359
9.785 0.0086737
9.79 0.0095179
9.795 0.0097189
9.8 0.0089686
9.805 0.0073684
9.81 0.0053737
9.815 0.0035092
9.82 0.0022212
9.825 0.0012218
9.83 0.00010062
9.835 -0.0010538
9.84 -0.0023676
9.845 -0.0041648
9.85 -0.0066774
9.855 -0.0097264
9.86 -0.013451
9.865 -0.017448
9.87 -0.020777
9.875 -0.022895
9.88 -0.023455
9.885 -0.022036
9.89 -0.01894
9.895 -0.015216
9.9 -0.012063
9.905 -0.0099415
9.91 -0.0084537
9.915 -0.0071359
9.92 -0.0061208
9.925 -0.0058816
9.93 -0.0069334
9.935 -0.0086489
9.94 -0.010372
9.945 -0.011828
9.95 -0.01268
9.955 -0.012725
9.96 -0.011821
9.965 -0.010154
9.97 -0.0080393
9.975 -0.0055162
9.98 -0.0025371
9.985 0.0013989
9.99 0.0054543
9.995 0.0082431
10 0.0087987
10.005 0.0075036
10.01 0.0057506
10.015 0.0042477
10.02 0.0029355
10.025 0.001693
10.03 0.00078084
10.035 0.00036486
10.04 0.00017075
10.045 -0.00034667
10.05 -0.0012305
10.055 -0.0024862
10.06 -0.0039849
10.065 -0.0054359
10.07 -0.007221
10.075 -0.0094044
10.08 -0.011786
10.085 -0.01454
10.09 -0.017564
10.095 -0.019966
10.1 -0.021272
10.105 -0.021137
10.11 -0.019688
10.115 -0.017469
10.12 -0.014835
10.125 -0.01213
10.13 -0.0091004
10.135 -0.0052469
10.14 -0.00085926
10.145 0.0034639
10.15 0.0073929
10.155 0.010697
10.16 0.012745
10.165 0.013258
10.17 0.012378
10.175 0.010514
10.18 0.0080095
10.185 0.0054452
10.19 0.0029641
10.195 -0.00032696
10.2 -0.0049952
10.205 -0.010691
10.21 -0.016531
10.215 -0.021573
10.22 -0.025437
10.225 -0.027978
10.23 -0.029011
10.235 -0.028354
10.24 -0.025996
10.245 -0.022212
10.25 -0.017181
10.255 -0.011798
10.26 -0.0067442
10.265 -0.0023633
10.27 0.0011408
10.275 0.0033861
10.28 0.004662
10.285 0.0053268
10.29 0.0054721
10.295 0.0048726
10.3 0.0034929
10.305 0.0016141
10.31 -0.00056658
10.315 -0.0032476
10.32 -0.0065483
10.325 -0.010267
10.33 -0.013798
10.335 -0.016074
10.34 -0.016615
10.345 -0.015611
10.35 -0.013583
10.355 -0.010829
10.36 -0.007844
10.365 -0.0056026
10.37 -0.0043195
10.375 -0.003642
10.38 -0.0027907
10.385 -0.0011181
10.39 0.0015391
10.395 0.0046259
10.4 0.007687
10.405 0.010182
10.41 0.011547
10.415 0.011958
10.42 0.012138
10.425 0.012089
10.43 0.011719
10.435 0.010955
10.44 0.0098516
10.445 0.0079426
10.45 0.0052194
10.455 0.002599
10.46 0.00013373
10.465 -0.0024187
10.47 -0.0045423
10.475 -0.005858
10.48 -0.0060408
10.485 -0.0053659
10.49 -0.0042817
10.495 -0.0032595
10.5 -0.0022137
10.505 -0.0010051
10.51 -1.5706e-005
10.515 0.00043379
10.52 0.00042448
10.525 0.00039568
10.53 0.00087844
10.535 0.0016655
10.54 0.0020965
10.545 0.0018203
10.55 0.0015303
10.555 0.001642
10.56 0.002124
10.565 0.0031118
10.57 0.0043732
10.575 0.0049319
10.58 0.0044843
10.585 0.0033375
10.59 0.0022807
10.595 0.0020054
10.6 0.002907
10.605 0.005179
10.61 0.0092281
10.615 0.014205
10.62 0.018845
10.625 0.022547
10.63 0.025025
10.635 0.026157
10.64 0.026187
10.645 0.025324
10.65 0.023817
10.655 0.021856
10.66 0.019427
10.665 0.016886
10.67 0.014477
10.675 0.011817
10.68 0.0087174
10.685 0.0057083
10.69 0.0034203
10.695 0.0020867
10.7 0.0011411
10.705 0.00016133
10.71 -0.00046523
10.715 -0.00074852
10.72 -0.00038779
10.725 0.00071111
10.73 0.0021278
10.735 0.0039987
10.74 0.0062117
10.745 0.0083829
10.75 0.010206
10.755 0.011421
10.76 0.012426
10.765 0.013762
10.77 0.015443
10.775 0.016957
10.78 0.018128
10.785 0.01883
10.79 0.019036
10.795 0.018801
10.8 0.017791
10.805 0.015518
10.81 0.011949
10.815 0.0072639
10.82 0.002033
10.825 -0.0026767
10.83 -0.0058762
10.835 -0.0071974
10.84 -0.0070375
10.845 -0.0057585
10.85 -0.0035527
10.855 -0.0010486
10.86 0.0011414
10.865 0.0027514
10.87 0.0034537
10.875 0.0029293
10.88 0.0013603
10.885 -0.00082399
10.89 -0.003401
10.895 -0.0059213
10.9 -0.0080484
10.905 -0.0098235
10.91 -0.011348
10.915 -0.012383
10.92 -0.012799
10.925 -0.012653
10.93 -0.011818
10.935 -0.010286
10.94 -0.0082933
10.945 -0.0062175
10.95 -0.004286
10.955 -0.002489
10.96 -0.00071353
10.965 0.00089745
10.97 0.0019247
10.975 0.0024658
10.98 0.0030316
10.985 0.0036225
10.99 0.0042251
10.995 0.0050223
11 0.0059441
11.005 0.0071474
11.01 0.0085454
11.015 0.0097905
11.02 0.010822
11.025 0.011431
11.03 0.011376
11.035 0.010426
11.04 0.0087281
11.045 0.0064885
11.05 0.0036311
11.055 0.00060806
11.06 -0.0018159
11.065 -0.003912
11.07 -0.0056985
11.075 -0.0069908
11.08 -0.007978
11.085 -0.0086412
11.09 -0.00915
11.095 -0.0098664
11.1 -0.010772
11.105 -0.011805
11.11 -0.012572
11.115 -0.012836
11.12 -0.012536
11.125 -0.011497
11.13 -0.0095871
11.135 -0.0067314
11.14 -0.003383
11.145 -0.00042572
11.15 0.0019282
11.155 0.0039993
11.16 0.0056148
11.165 0.0066134
11.17 0.0066496
11.175 0.0057302
11.18 0.0039617
11.185 0.0019467
11.19 -0.00047417
11.195 -0.003524
11.2 -0.0066987
11.205 -0.0089998
11.21 -0.010247
11.215 -0.010431
11.22 -0.0095128
11.225 -0.0077858
11.23 -0.0055668
11.235 -0.0027862
11.24 0.00054518
11.245 0.0040232
11.25 0.0069498
11.255 0.0091042
11.26 0.010779
11.265 0.012187
11.27 0.013117
11.275 0.013478
11.28 0.013257
11.285 0.012274
11.29 0.010437
11.295 0.0078674
11.3 0.0052339
11.305 0.0030322
11.31 0.0012739
11.315 -0.00011042
11.32 -0.00093894
11.325 -0.0012449
11.33 -0.0015025
11.335 -0.0024057
11.34 -0.0040753
11.345 -0.0059082
11.35 -0.0068444
11.355 -0.0062176
11.36 -0.0043208
11.365 -0.0017567
11.37 0.0012226
11.375 0.0041048
11.38 0.0060753
11.385 0.0069376
11.39 0.0066646
11.395 0.0055732
11.4 0.0039039
11.405 0.0025629
11.41 0.0020868
11.415 0.0023032
11.42 0.0031038
11.425 0.0047844
11.43 0.0069684
11.435 0.0088553
11.44 0.0093996
11.445 0.0081594
11.45 0.0059718
11.455 0.0032123
11.46 9.5827e-006
11.465 -0.0032431
11.47 -0.0055205
11.475 -0.0058038
11.48 -0.0042552
11.485 -0.0016772
11.49 0.0014115
11.495 0.0045352
11.5 0.007125
11.505 0.009059
11.51 0.010268
11.515 0.010403
11.52 0.0097319
11.525 0.0087044
11.53 0.0079849
11.535 0.0080491
11.54 0.0089388
11.545 0.010107
11.55 0.011203
11.555 0.011623
11.56 0.011007
11.565 0.0095925
11.57 0.007256
11.575 0.0042633
11.58 0.0013985
11.585 -0.00093708
11.59 -0.0027793
11.595 -0.0041039
11.6 -0.0045103
11.605 -0.0039628
11.61 -0.0029333
11.615 -0.0018524
11.62 -0.0012321
11.625 -0.0011615
11.63 -0.0014295
11.635 -0.0022365
11.64 -0.0037654
11.645 -0.0056517
11.65 -0.0076388
11.655 -0.0094711
11.66 -0.011177
11.665 -0.012213
11.67 -0.011915
11.675 -0.010073
11.68 -0.0075107
11.685 -0.0048141
11.69 -0.0018725
11.695 0.0013741
11.7 0.0043381
11.705 0.0063131
11.71 0.007362
11.715 0.0076926
11.72 0.0074191
11.725 0.0067223
11.73 0.006136
11.735 0.0056781
11.74 0.0048216
11.745 0.0035696
11.75 0.0023094
11.755 0.0012493
11.76 0.00070354
11.765 0.00090889
11.77 0.0017681
11.775 0.0028943
11.78 0.0042448
11.785 0.0055391
11.79 0.0062914
11.795 0.0064321
11.8 0.0062323
11.805 0.0057417
11.81 0.0047097
11.815 0.0033355
11.82 0.0018137
11.825 0.00012499
11.83 -0.0013486
11.835 -0.0024802
11.84 -0.0033378
11.845 -0.0041343
11.85 -0.0047077
11.855 -0.0049572
11.86 -0.0049807
11.865 -0.0049924
11.87 -0.0054063
11.875 -0.0062172
11.88 -0.0069034
11.885 -0.0071053
11.89 -0.0065576
11.895 -0.005183
11.9 -0.0033238
11.905 -0.0016872
11.91 -0.00062948
11.915 -0.00035119
11.92 -0.00078771
11.925 -0.0013414
11.93 -0.001633
11.935 -0.0018967
11.94 -0.0020135
11.945 -0.0016691
11.95 -0.00085289
11.955 0.0001698
11.96 0.0011784
11.965 0.0020198
11.97 0.0024589
11.975 0.0025139
11.98 0.0022909
11.985 0.0014053
11.99 -9.3806e-005
11.995 -0.0016813
12 -0.0032
12.005 -0.0044353
12.01 -0.0054571
12.015 -0.00667
12.02 -0.007979
12.025 -0.0091817
12.03 -0.010079
12.035 -0.010162
12.04 -0.009446
12.045 -0.0082808
12.05 -0.0068523
12.055 -0.0056188
12.06 -0.0050239
12.065 -0.0050138
12.07 -0.0052813
12.075 -0.0058078
12.08 -0.0064826
12.085 -0.006874
12.09 -0.0064477
12.095 -0.0047094
12.1 -0.0020113
12.105 0.00067955
12.11 0.002812
12.115 0.0044059
12.12 0.0054717
12.125 0.0059048
12.13 0.0055405
12.135 0.004376
12.14 0.0029388
12.145 0.001316
12.15 -0.00071306
12.155 -0.002973
12.16 -0.0055189
12.165 -0.008489
12.17 -0.011257
12.175 -0.01349
12.18 -0.015179
12.185 -0.016062
12.19 -0.016223
12.195 -0.015937
12.2 -0.014812
12.205 -0.012768
12.21 -0.010431
12.215 -0.0083103
12.22 -0.0065029
12.225 -0.0048397
12.23 -0.0031798
12.235 -0.0018804
12.24 -0.001355
12.245 -0.0019159
12.25 -0.0033798
12.255 -0.004884
12.26 -0.0060239
12.265 -0.0066041
12.27 -0.0062831
12.275 -0.0053684
12.28 -0.0041617
12.285 -0.0027412
12.29 -0.0015106
12.295 -0.00051326
12.3 0.00028772
12.305 0.0010369
12.31 0.0012576
12.315 0.00048991
12.32 -0.00076797
12.325 -0.0021435
12.33 -0.0035728
12.335 -0.0046611
12.34 -0.0051139
12.345 -0.005085
12.35 -0.0049135
12.355 -0.0047607
12.36 -0.004325
12.365 -0.0035976
12.37 -0.0025939
12.375 -0.0015636
12.38 -0.0006445
12.385 -0.00033939
12.39 -0.00071243
12.395 -0.0013122
12.4 -0.0021541
12.405 -0.0034443
12.41 -0.0050591
12.415 -0.0063704
12.42 -0.0069262
12.425 -0.0067955
12.43 -0.0060617
12.435 -0.0051943
12.44 -0.0047235
12.445 -0.0047235
12.45 -0.0049462
12.455 -0.0051974
12.46 -0.0057057
12.465 -0.0063631
12.47 -0.006808
12.475 -0.0070079
12.48 -0.0074569
12.485 -0.0081611
12.49 -0.0086287
12.495 -0.0083008
12.5 -0.0074303
12.505 -0.0066421
12.51 -0.0059275
12.515 -0.0053175
12.52 -0.0049958
12.525 -0.0049449
12.53 -0.0050063
12.535 -0.0050378
12.54 -0.0049168
12.545 -0.0042664
12.55 -0.0029555
12.555 -0.0016166
12.56 -0.00092536
12.565 -0.00092867
12.57 -0.0012278
12.575 -0.0014404
12.58 -0.0014292
12.585 -0.0012012
12.59 -0.00055825
12.595 0.00033785
12.6 0.001363
12.605 0.0020653
12.61 0.001863
12.615 0.0011156
12.62 0.00054321
12.625 0.00043673
12.63 0.00065603
12.635 0.0010498
12.64 0.0017312
12.645 0.002577
12.65 0.0036667
12.655 0.0050027
12.66 0.0062066
12.665 0.0070855
12.67 0.0072347
12.675 0.0067923
12.68 0.0062971
12.685 0.0059554
12.69 0.0054645
12.695 0.0047746
12.7 0.0040025
12.705 0.003755
12.71 0.00408
12.715 0.004543
12.72 0.0049636
12.725 0.0056853
12.73 0.0069946
12.735 0.0086698
12.74 0.0099839
12.745 0.010644
12.75 0.011109
12.755 0.011422
12.76 0.011188
12.765 0.010592
12.77 0.0098186
12.775 0.008355
12.78 0.0062383
12.785 0.0039602
12.79 0.001893
12.795 0.00024944
12.8 -0.00054845
12.805 -9.2041e-005
12.81 0.0013097
12.815 0.0027786
12.82 0.0040668
12.825 0.0052485
12.83 0.0059443
12.835 0.0057072
12.84 0.0048242
12.845 0.0036926
12.85 0.0027215
12.855 0.0020267
12.86 0.0018471
12.865 0.0017445
12.87 0.0014592
12.875 0.0011227
12.88 0.00076176
12.885 0.00013243
12.89 -0.00057165
12.895 -0.0011378
12.9 -0.001768
12.905 -0.0022288
12.91 -0.002007
12.915 -0.0013483
12.92 -0.00079752
12.925 -0.00046185
12.93 -3.5594e-006
12.935 0.00051621
12.94 0.00072552
12.945 0.00029825
12.95 -0.00042923
12.955 -0.00094655
12.96 -0.0010457
12.965 -0.00086175
12.97 -0.00051478
12.975 0.00012542
12.98 0.00092466
12.985 0.0018584
12.99 0.0026507
12.995 0.0031572
13 0.0035679
13.005 0.0035647
13.01 0.0032001
13.015 0.0027098
13.02 0.0019877
13.025 0.0011558
13.03 0.00022351
13.035 -0.0005292
13.04 -0.00087608
13.045 -0.00086728
13.05 -0.00072303
13.055 -0.00052297
13.06 -1.5627e-006
13.065 0.00081634
13.07 0.0018615
13.075 0.0028942
13.08 0.0038535
13.085 0.0045407
13.09 0.0048192
13.095 0.0047944
13.1 0.0045477
13.105 0.0039321
13.11 0.003097
13.115 0.0021262
13.12 0.0012017
13.125 0.00028307
13.13 -0.00047311
13.135 -0.00098567
13.14 -0.001735
13.145 -0.0029742
13.15 -0.0041617
13.155 -0.004774
13.16 -0.0048139
13.165 -0.0046076
13.17 -0.0044575
13.175 -0.0044653
13.18 -0.0045541
13.185 -0.0044099
13.19 -0.0035476
13.195 -0.0020775
13.2 -0.00042103
13.205 0.0015887
13.21 0.0037975
13.215 0.0061067
13.22 0.0084879
13.225 0.010579
13.23 0.012473
13.235 0.013772
13.24 0.014273
13.245 0.014206
13.25 0.013597
13.255 0.012217
13.26 0.010414
13.265 0.00803
13.27 0.00533
13.275 0.0032006
13.28 0.0017204
13.285 0.00080542
13.29 0.00075465
13.295 0.0014057
13.3 0.0024426
13.305 0.0032378
13.31 0.0034789
13.315 0.0033106
13.32 0.0028674
13.325 0.002122
13.33 0.0012644
13.335 0.00035607
13.34 -0.0002925
13.345 -0.00052417
13.35 -0.000473
13.355 -0.00036392
13.36 -0.00031736
13.365 -0.00032403
13.37 -0.00034862
13.375 -0.00036632
13.38 -0.00038384
13.385 -0.00059428
13.39 -0.0012098
13.395 -0.0016782
13.4 -0.0014013
13.405 -0.00067678
13.41 0.00036484
13.415 0.0018799
13.42 0.0031838
13.425 0.0040274
13.43 0.0046328
13.435 0.0049715
13.44 0.0048313
13.445 0.0041514
13.45 0.0031632
13.455 0.0018384
13.46 0.00016864
13.465 -0.0016641
13.47 -0.003219
13.475 -0.0040234
13.48 -0.0040952
13.485 -0.0035923
13.49 -0.0027551
13.495 -0.0021382
13.5 -0.0020159
13.505 -0.0024765
13.51 -0.0033638
13.515 -0.0040821
13.52 -0.0043131
13.525 -0.0041439
13.53 -0.00362
13.535 -0.0027893
13.54 -0.001865
13.545 -0.00096651
13.55 -0.00040805
13.555 -0.00026893
13.56 -0.00039399
13.565 -0.0008046
13.57 -0.0015452
13.575 -0.002447
13.58 -0.0034138
13.585 -0.0043799
13.59 -0.0056112
13.595 -0.0069718
13.6 -0.0081904
13.605 -0.0094572
13.61 -0.0107
13.615 -0.011495
13.62 -0.011729
13.625 -0.011596
13.63 -0.011096
13.635 -0.010009
13.64 -0.0086405
13.645 -0.0074391
13.65 -0.00648
13.655 -0.0056873
13.66 -0.0048607
13.665 -0.0039785
13.67 -0.0032643
13.675 -0.0029654
13.68 -0.002661
13.685 -0.0023302
13.69 -0.0021025
13.695 -0.0020194
13.7 -0.0020312
13.705 -0.0020642
13.71 -0.0020754
13.715 -0.0020613
13.72 -0.0020342
13.725 -0.0019611
13.73 -0.0015969
13.735 -0.00084832
13.74 -0.00013206
13.745 0.00049766
13.75 0.0012166
13.755 0.0018082
13.76 0.0023141
13.765 0.0026582
13.77 0.0022231
13.775 0.0011224
13.78 0.00011263
13.785 -0.00083824
13.79 -0.0021193
13.795 -0.0032088
13.8 -0.0037041
13.805 -0.0036933
13.81 -0.0034562
13.815 -0.002994
13.82 -0.0022511
13.825 -0.0013691
13.83 -0.00045378
13.835 0.00014814
13.84 0.00032315
13.845 0.00023914
13.85 9.3956e-005
13.855 -0.000236
13.86 -0.00090942
13.865 -0.0017991
13.87 -0.0027257
13.875 -0.0030526
13.88 -0.0025335
13.885 -0.0018087
13.89 -0.0016673
13.895 -0.0023198
13.9 -0.0031464
13.905 -0.0036035
13.91 -0.0036427
13.915 -0.0037408
13.92 -0.0042902
13.925 -0.0049727
13.93 -0.0053817
13.935 -0.0054524
13.94 -0.0056277
13.945 -0.0062476
13.95 -0.0069327
13.955 -0.0072923
13.96 -0.0072798
13.965 -0.0071245
13.97 -0.0070473
13.975 -0.0070835
13.98 -0.0070984
13.985 -0.0064833
13.99 -0.0046889
13.995 -0.0022089
14 0.00043127
14.005 0.0028105
14.01 0.0044961
14.015 0.0054406
14.02 0.0056956
14.025 0.0052542
14.03 0.0043997
14.035 0.0034693
14.04 0.0023358
14.045 0.0011087
14.05 -1.1732e-005
14.055 -0.0012678
14.06 -0.0025808
14.065 -0.0034587
14.07 -0.0037316
14.075 -0.0036
14.08 -0.0031362
14.085 -0.0023638
14.09 -0.0014759
14.095 -0.00059887
14.1 -4.0099e-005
14.105 0.00039903
14.11 0.0010631
14.115 0.0019568
14.12 0.003021
14.125 0.0040359
14.13 0.0048901
14.135 0.0051018
14.14 0.004524
14.145 0.0037485
14.15 0.0030573
14.155 0.0023914
14.16 0.001948
14.165 0.0018073
14.17 0.0018471
14.175 0.0018745
14.18 0.0015656
14.185 0.00081082
14.19 8.9322e-005
14.195 -0.00026274
14.2 -0.00028223
14.205 -0.0001822
14.21 -0.00041433
14.215 -0.0014398
14.22 -0.0029009
14.225 -0.00399
14.23 -0.0046397
14.235 -0.0054567
14.24 -0.0065471
14.245 -0.0074094
14.25 -0.0077292
14.255 -0.0073511
14.26 -0.0061881
14.265 -0.0047149
14.27 -0.0034484
14.275 -0.0022548
14.28 -0.001134
14.285 -0.00042362
14.29 -0.00020698
14.295 -0.00030675
14.3 -0.00074403
14.305 -0.001753
14.31 -0.0030027
14.315 -0.0035696
14.32 -0.0030652
14.325 -0.0019243
14.33 -0.00067415
14.335 0.00035636
14.34 0.001433
14.345 0.0026053
14.35 0.0037053
14.355 0.0046848
14.36 0.0053134
14.365 0.0055255
14.37 0.0054533
14.375 0.0050618
14.38 0.0043114
14.385 0.0033615
14.39 0.0021135
14.395 0.00078104
14.4 -0.00031123
14.405 -0.00090713
14.41 -0.00071701
14.415 -0.00011951
14.42 0.00089272
14.425 0.0026878
14.43 0.0049079
14.435 0.0067975
14.44 0.0079861
14.445 0.0087109
14.45 0.0090626
14.455 0.0089302
14.46 0.008276
14.465 0.0073143
14.47 0.0060308
14.475 0.0047435
14.48 0.0039761
14.485 0.0038175
14.49 0.0039776
14.495 0.0041332
14.5 0.0041605
14.505 0.0041219
14.51 0.00434
14.515 0.0050193
14.52 0.0057196
14.525 0.0060403
14.53 0.0057303
14.535 0.0048288
14.54 0.0034525
14.545 0.0014235
14.55 -0.00091632
14.555 -0.0033534
14.56 -0.005871
14.565 -0.0081583
14.57 -0.0097872
14.575 -0.0102
14.58 -0.0092284
14.585 -0.0075729
14.59 -0.0058302
14.595 -0.0038535
14.6 -0.0017803
14.605 -6.5934e-005
14.61 0.00083575
14.615 0.0010123
14.62 0.00080741
14.625 8.9014e-005
14.63 -0.0012771
14.635 -0.0027694
14.64 -0.0042455
14.645 -0.0054886
14.65 -0.006162
14.655 -0.0063229
14.66 -0.0065087
14.665 -0.0070959
14.67 -0.0077376
14.675 -0.0080973
14.68 -0.0081373
14.685 -0.0080147
14.69 -0.0078507
14.695 -0.0074669
14.7 -0.0067212
14.705 -0.0057243
14.71 -0.0043839
14.715 -0.0029649
14.72 -0.0017633
14.725 -0.00049662
14.73 0.0010667
14.735 0.0026412
14.74 0.003888
14.745 0.0048249
14.75 0.0054201
14.755 0.0060698
14.76 0.0072113
14.765 0.0085518
14.77 0.0094571
14.775 0.009707
14.78 0.0094296
14.785 0.0083832
14.79 0.0067749
14.795 0.0051992
14.8 0.0037663
14.805 0.0026696
14.81 0.0021424
14.815 0.0020805
14.82 0.0021825
14.825 0.0021732
14.83 0.0017321
14.835 0.00088514
14.84 -0.00018535
14.845 -0.001256
14.85 -0.0022765
14.855 -0.0034818
14.86 -0.0046547
14.865 -0.0053901
14.87 -0.0059328
14.875 -0.0065503
14.88 -0.0070549
14.885 -0.0072933
14.89 -0.0072512
14.895 -0.0067563
14.9 -0.0059358
14.905 -0.0053057
14.91 -0.0051067
14.915 -0.0052141
14.92 -0.0053797
14.925 -0.0054428
14.93 -0.0053585
14.935 -0.0048845
14.94 -0.0040274
14.945 -0.0029887
14.95 -0.0020437
14.955 -0.0015376
14.96 -0.0014781
14.965 -0.0016201
14.97 -0.0017258
14.975 -0.0017068
14.98 -0.001554
14.985 -0.0010605
14.99 -0.00024121
14.995 0.0007447
15 0.0016667
15.005 0.002242
15.01 0.002791
15.015 0.0038281
15.02 0.0051069
15.025 0.0059841
15.03 0.0062373
15.035 0.0060912
15.04 0.0058266
15.045 0.0053256
15.05 0.0045598
15.055 0.003654
15.06 0.0028071
15.065 0.0023274
15.07 0.0022397
15.075 0.0023468
15.08 0.0024928
15.085 0.0028331
15.09 0.0031496
15.095 0.0034226
15.1 0.0041847
15.105 0.0052879
15.11 0.006107
15.115 0.0063665
15.12 0.0061758
15.125 0.0054833
15.13 0.0042101
15.135 0.0027717
15.14 0.0012179
15.145 -0.00041421
15.15 -0.0019593
15.155 -0.003415
15.16 -0.0045449
15.165 -0.0050976
15.17 -0.0051667
15.175 -0.004982
15.18 -0.0044485
15.185 -0.0037408
15.19 -0.0032726
15.195 -0.00309
15.2 -0.0027055
15.205 -0.0020712
15.21 -0.0015476
15.215 -0.0012453
15.22 -0.00069057
15.225 0.0004598
15.23 0.0016963
15.235 0.0023997
15.24 0.0024906
15.245 0.0022799
15.25 0.0020975
15.255 0.0020825
15.26 0.0021878
15.265 0.0023022
15.27 0.0023582
15.275 0.0024368
15.28 0.0029905
15.285 0.0042523
15.29 0.0055959
15.295 0.0063314
15.3 0.0063871
15.305 0.0061003
15.31 0.0058636
15.315 0.0057445
15.32 0.005339
15.325 0.0046915
15.33 0.0041979
15.335 0.0040307
15.34 0.0041002
15.345 0.0042974
15.35 0.0048406
15.355 0.0055583
15.36 0.0060334
15.365 0.0061404
15.37 0.0060345
15.375 0.0059997
15.38 0.0064173
15.385 0.0067514
15.39 0.006629
15.395 0.0063038
15.4 0.0060657
15.405 0.0060154
15.41 0.0060878
15.415 0.0061733
15.42 0.0062066
15.425 0.0061873
15.43 0.0061487
15.435 0.0061236
15.44 0.0061213
15.445 0.0061337
15.45 0.006145
15.455 0.0061421
15.46 0.0060435
15.465 0.0054904
15.47 0.0045858
15.475 0.0034975
15.48 0.0024924
15.485 0.0014837
15.49 0.00023738
15.495 -0.00088719
15.5 -0.0014415
15.505 -0.0014559
15.51 -0.0012614
15.515 -0.0011379
15.52 -0.0011668
15.525 -0.0012776
15.53 -0.0013699
15.535 -0.0013954
15.54 -0.0013665
15.545 -0.0013177
15.55 -0.0011993
15.555 -0.0006104
15.56 0.00063128
15.565 0.0019097
15.57 0.0025884
15.575 0.0026278
15.58 0.0023745
15.585 0.0021494
15.59 0.0020922
15.595 0.0021736
15.6 0.0022761
15.605 0.0022352
15.61 0.0016309
15.615 0.00033037
15.62 -0.00099662
15.625 -0.0016879
15.63 -0.0017127
15.635 -0.0014455
15.64 -0.0012479
15.645 -0.0012571
15.65 -0.001419
15.655 -0.0015162
15.66 -0.0011535
15.665 -0.00077101
15.67 -0.00039699
15.675 0.00012668
15.68 0.00093831
15.685 0.0017867
15.69 0.002254
15.695 0.0023124
15.7 0.0021643
15.705 0.0020222
15.71 0.0019934
15.715 0.0020629
15.72 0.002179
15.725 0.0022741
15.73 0.0023127
15.735 0.0023822
15.74 0.0028518
15.745 0.0035897
15.75 0.0041316
15.755 0.0042917
15.76 0.0041928
15.765 0.0040456
15.77 0.0039059
15.775 0.0034476
15.78 0.0027679
15.785 0.0022773
15.79 0.0021269
15.795 0.0021236
15.8 0.0017403
15.805 0.0010248
15.81 0.00044524
15.815 0.0002393
15.82 0.00039764
15.825 0.0010415
15.83 0.001865
15.835 0.0023745
15.84 0.0024508
15.845 0.0022901
15.85 0.0021386
15.855 0.0021114
15.86 0.0021843
15.865 0.0022721
15.87 0.002316
15.875 0.0023075
15.88 0.002276
15.885 0.0022512
15.89 0.0022523
15.895 0.0022992
15.9 0.002369
15.905 0.0024157
15.91 0.0024199
15.915 0.0023756
15.92 0.0023416
15.925 0.0023478
15.93 0.0023498
15.935 0.0023521
15.94 0.0023524
15.945 0.0024587
15.95 0.0031149
15.955 0.0044574
15.96 0.0058038
15.965 0.006547
15.97 0.0069622
15.975 0.0069637
15.98 0.0065832
15.985 0.0062051
15.99 0.0059523
15.995 0.005391
16 0.0042285
16.005 0.0029919
16.01 0.0022895
16.015 0.0021145
16.02 0.0018146
16.025 0.0011414
16.03 7.3371e-005
16.035 -0.00099121
16.04 -0.0015742
16.045 -0.0016428
16.05 -0.0014985
16.055 -0.001393
16.06 -0.0012673
16.065 -0.00078179
16.07 -0.00010679
16.075 0.00034897
16.08 0.00059009
16.085 0.0010471
16.09 0.0016542
16.095 0.0020871
16.1 0.0022245
16.105 0.0021541
16.11 0.0019013
16.115 0.0012649
16.12 0.00036412
16.125 -0.00067649
16.13 -0.0014926
16.135 -0.0018304
16.14 -0.0018056
16.145 -0.0017037
16.15 -0.0016923
16.155 -0.0017588
16.16 -0.0016738
16.165 -0.00094912
16.17 0.0004117
16.175 0.0016485
16.18 0.0021616
16.185 0.0018872
16.19 0.00084536
16.195 -0.00063372
16.2 -0.0017929
16.205 -0.0022318
16.21 -0.0021256
16.215 -0.001876
16.22 -0.0017645
16.225 -0.0018348
16.23 -0.0019796
16.235 -0.002082
16.24 -0.002099
16.245 -0.0020576
16.25 -0.0020109
16.255 -0.0019872
16.26 -0.0018679
16.265 -0.0013208
16.27 -0.00059696
16.275 -0.00028147
16.28 -0.00079788
16.285 -0.0017069
16.29 -0.0023637
16.295 -0.0028089
16.3 -0.0037788
16.305 -0.0050555
16.31 -0.0062203
16.315 -0.0076183
16.32 -0.0090879
16.325 -0.010403
16.33 -0.011283
16.335 -0.011586
16.34 -0.01151
16.345 -0.011365
16.35 -0.011316
16.355 -0.011222
16.36 -0.010714
16.365 -0.010027
16.37 -0.0095717
16.375 -0.009433
16.38 -0.0094783
16.385 -0.0095278
16.39 -0.00934
16.395 -0.0085416
16.4 -0.0071606
16.405 -0.0058935
16.41 -0.0050883
16.415 -0.0042672
16.42 -0.0031718
16.425 -0.002194
16.43 -0.0016935
16.435 -0.0016383
16.44 -0.0017665
16.445 -0.0018609
16.45 -0.0018722
16.455 -0.0020211
16.46 -0.0025927
16.465 -0.00345
16.47 -0.0044707
16.475 -0.0052414
16.48 -0.0053603
16.485 -0.0046405
16.49 -0.0034988
16.495 -0.0023123
16.5 -0.0013474
16.505 -0.00031768
16.51 0.00087609
16.515 0.001797
16.52 0.0021863
16.525 0.0021724
16.53 0.0020376
16.535 0.0019725
16.54 0.0020094
16.545 0.0020833
16.55 0.0021114
16.555 0.0018862
16.56 0.0012038
16.565 0.00046504
16.57 0.00027421
16.575 0.00073176
16.58 0.001185
16.585 0.0016216
16.59 0.0019543
16.595 0.002087
16.6 0.0020676
16.605 0.0019953
16.61 0.0019369
16.615 0.0018945
16.62 0.0018318
16.625 0.0017263
16.63 0.0016263
16.635 0.0015888
16.64 0.0016367
16.645 0.001935
16.65 0.0028446
16.655 0.0042245
16.66 0.0053486
16.665 0.0057731
16.67 0.0052579
16.675 0.0037157
16.68 0.0020771
16.685 0.00068395
16.69 -0.00076198
16.695 -0.0023307
16.7 -0.0041465
16.705 -0.0056193
16.71 -0.0066123
16.715 -0.0076544
16.72 -0.0088249
16.725 -0.009666
16.73 -0.0099605
16.735 -0.0098494
16.74 -0.0093664
16.745 -0.0083363
16.75 -0.0070782
16.755 -0.0062361
16.76 -0.0057454
16.765 -0.0049323
16.77 -0.0037353
16.775 -0.0027833
16.78 -0.0024377
16.785 -0.0025589
16.79 -0.0027631
16.795 -0.0025488
16.8 -0.0017189
16.805 -0.0005598
16.81 0.00059744
16.815 0.0013084
16.82 0.001763
16.825 0.0023995
16.83 0.0032769
16.835 0.0042572
16.84 0.0049166
16.845 0.005128
16.85 0.0051179
16.855 0.0053793
16.86 0.0064127
16.865 0.0079328
16.87 0.0090975
16.875 0.0095125
16.88 0.009357
16.885 0.0090211
16.89 0.0087757
16.895 0.0086625
16.9 0.0085527
16.905 0.0080834
16.91 0.007262
16.915 0.006567
16.92 0.0062808
16.925 0.0063335
16.93 0.0065009
16.935 0.0066142
16.94 0.0065985
16.945 0.0062416
16.95 0.0056416
16.955 0.0052699
16.96 0.0053268
16.965 0.0056415
16.97 0.0058291
16.975 0.0051238
16.98 0.0035494
16.985 0.0021185
16.99 0.0014275
16.995 0.001366
17 0.0014725
17.005 0.0013995
17.01 0.001188
17.015 0.0013251
17.02 0.0020105
17.025 0.0030962
17.03 0.0042432
17.035 0.0049893
17.04 0.0052394
17.045 0.005201
17.05 0.0051108
17.055 0.0050706
17.06 0.005009
17.065 0.0045308
17.07 0.0033192
17.075 0.0018685
17.08 0.00095566
17.085 0.00078881
17.09 0.0010605
17.095 0.0013605
17.1 0.0014688
17.105 0.0013986
17.11 0.0012697
17.115 0.0011703
17.12 0.0011501
17.125 0.001187
17.13 0.0012197
17.135 0.0012367
17.14 0.0012498
17.145 0.0012703
17.15 0.0012922
17.155 0.001242
17.16 0.00081175
17.165 -3.2696e-005
17.17 -0.0011102
17.175 -0.0021304
17.18 -0.0027098
17.185 -0.0028329
17.19 -0.0027466
17.195 -0.0026258
17.2 -0.0022163
17.205 -0.0011944
17.21 3.1465e-005
17.215 0.0008099
17.22 0.0010421
17.225 0.0012687
17.23 0.0016552
17.235 0.0024871
17.24 0.0038519
17.245 0.0049675
17.25 0.0050689
17.255 0.004199
17.26 0.0028672
17.265 0.0016316
17.27 0.00090879
17.275 0.00035311
17.28 -0.00060839
17.285 -0.0017768
17.29 -0.002578
17.295 -0.0027598
17.3 -0.0022274
17.305 -0.0012724
17.31 -0.00023525
17.315 0.00068649
17.32 0.0015894
17.325 0.0027782
17.33 0.0040238
17.335 0.0048432
17.34 0.0050772
17.345 0.0049432
17.35 0.0047573
17.355 0.0046425
17.36 0.004282
17.365 0.0033069
17.37 0.0020854
17.375 0.0013052
17.38 0.0011025
17.385 0.00094364
17.39 0.00075954
17.395 0.00081028
17.4 0.00095712
17.405 0.0010353
17.41 0.0010389
17.415 0.0010989
17.42 0.0015157
17.425 0.0019793
17.43 0.0019784
17.435 0.0016634
17.44 0.0013778
17.445 0.0012803
17.45 0.0013285
17.455 0.0014003
17.46 0.0014035
17.465 0.0013275
17.47 0.0012149
17.475 0.0011115
17.48 0.0010681
17.485 0.0013743
17.49 0.0020535
17.495 0.0026667
17.5 0.0029672
17.505 0.0032342
17.51 0.0033969
17.515 0.0034403
17.52 0.0034034
17.525 0.0034524
17.53 0.0038352
17.535 0.0043134
17.54 0.0046287
17.545 0.0047286
17.55 0.0047118
17.555 0.0047008
17.56 0.0047345
17.565 0.0047424
17.57 0.0043673
17.575 0.0033082
17.58 0.0019892
17.585 0.0011045
17.59 0.00092149
17.595 0.0014393
17.6 0.0022708
17.605 0.0027815
17.61 0.0027028
17.615 0.0020322
17.62 0.0013998
17.625 0.0013589
17.63 0.0014042
17.635 0.0011142
17.64 0.00071364
17.645 0.00048112
17.65 0.00048036
17.655 0.00060978
17.66 0.00073604
17.665 0.0007904
17.67 0.00076094
17.675 0.00070449
17.68 0.00065631
17.685 0.00060865
17.69 0.00056605
17.695 0.00053307
17.7 0.00051592
17.705 0.00051243
17.71 0.00052042
17.715 0.00054152
17.72 0.00061247
17.725 0.0010078
17.73 0.0020936
17.735 0.0035356
17.74 0.0045216
17.745 0.0047164
17.75 0.0043507
17.755 0.0036544
17.76 0.0027515
17.765 0.0018336
17.77 0.00097323
17.775 0.00041077
17.78 -6.6694e-005
17.785 -0.00080447
17.79 -0.0017797
17.795 -0.0028542
17.8 -0.0036129
17.805 -0.0039003
17.81 -0.0038531
17.815 -0.003709
17.82 -0.0036459
17.825 -0.0036914
17.83 -0.0037304
17.835 -0.0034456
17.84 -0.002703
17.845 -0.002002
17.85 -0.0019306
17.855 -0.00239
17.86 -0.0028264
17.865 -0.0032688
17.87 -0.0036065
17.875 -0.0037796
17.88 -0.0038332
17.885 -0.0038656
17.89 -0.0039591
17.895 -0.0040978
17.9 -0.0039741
17.905 -0.0033754
17.91 -0.002475
17.915 -0.0015016
17.92 -0.00088936
17.925 -0.00072696
17.93 -0.00079619
17.935 -0.00084911
17.94 -0.00078445
17.945 -0.00064582
17.95 -0.00052674
17.955 -0.00049829
17.96 -0.00054712
17.965 -0.00061373
17.97 -0.00069993
17.975 -0.00095797
17.98 -0.0013787
17.985 -0.0014261
17.99 -0.0013443
17.995 -0.0016751
18 -0.0022319
18.005 -0.0026332
18.01 -0.0029299
18.015 -0.0034592
18.02 -0.0040127
18.025 -0.0043142
18.03 -0.0043493
18.035 -0.0042722
18.04 -0.004231
18.045 -0.0042774
18.05 -0.0044025
18.055 -0.0045628
18.06 -0.0046923
18.065 -0.0047839
18.07 -0.0048575
18.075 -0.0049242
18.08 -0.0049726
18.085 -0.0049842
18.09 -0.0049504
18.095 -0.0048772
18.1 -0.0047859
18.105 -0.004705
18.11 -0.0046517
18.115 -0.0046191
18.12 -0.0045854
18.125 -0.004369
18.13 -0.0039313
18.135 -0.0036914
18.14 -0.0036017
18.145 -0.0039268
18.15 -0.0044436
18.155 -0.0047718
18.16 -0.0047786
18.165 -0.0046077
18.17 -0.0044568
18.175 -0.0044268
18.18 -0.0044888
18.185 -0.0043454
18.19 -0.00369
18.195 -0.0029065
18.2 -0.0022537
18.205 -0.0015838
18.21 -0.0010794
18.215 -0.00090734
18.22 -0.00097864
18.225 -0.0011114
18.23 -0.0011935
18.235 -0.0012107
18.24 -0.0011862
18.245 -0.00099268
18.25 -0.00061009
18.255 -0.00058762
18.26 -0.00093495
18.265 -0.0012976
18.27 -0.0014414
18.275 -0.0013756
18.28 -0.0012361
18.285 -0.001143
18.29 -0.0011332
18.295 -0.0011615
18.3 -0.00099824
18.305 -0.00057558
18.31 -0.00030726
18.315 -0.00014737
18.32 -0.00037543
18.325 -0.00082273
18.33 -0.0011421
18.335 -0.0012593
18.34 -0.0014515
18.345 -0.0020803
18.35 -0.0030389
18.355 -0.0041566
18.36 -0.0049734
18.365 -0.0052598
18.37 -0.0051663
18.375 -0.0049907
18.38 -0.0050906
18.385 -0.005678
18.39 -0.0061531
18.395 -0.005881
18.4 -0.0051686
18.405 -0.0045764
18.41 -0.0043605
18.415 -0.0042321
18.42 -0.0035375
18.425 -0.0022464
18.43 -0.0011035
18.435 -0.00060853
18.44 -0.00066288
18.445 -0.00089661
18.45 -0.0010522
18.455 -0.0010351
18.46 -0.00094387
18.465 -0.0010678
18.47 -0.0016765
18.475 -0.0026076
18.48 -0.003669
18.485 -0.0041927
18.49 -0.0037438
18.495 -0.0026776
18.5 -0.0014331
18.505 -0.00060659
18.51 -0.00041022
18.515 -0.00059797
18.52 -0.00081112
18.525 -0.00083931
18.53 -0.00068128
18.535 -0.00048236
18.54 -0.00036476
18.545 -0.00035386
18.55 -0.00040666
18.555 -0.00046617
18.56 -0.00051502
18.565 -0.00072229
18.57 -0.0011289
18.575 -0.0011574
18.58 -0.00078154
18.585 -0.00028747
18.59 0.00050675
18.595 0.0019471
18.6 0.0033313
18.605 0.0045137
18.61 0.0059314
18.615 0.0070924
18.62 0.0075963
18.625 0.007556
18.63 0.0073289
18.635 0.0071877
18.64 0.0071676
18.645 0.0068186
18.65 0.0056124
18.655 0.0042487
18.66 0.0034841
18.665 0.0033662
18.67 0.0033007
18.675 0.0028153
18.68 0.0021802
18.685 0.001782
18.69 0.0017309
18.695 0.0021262
18.7 0.0029189
18.705 0.0035971
18.71 0.0038489
18.715 0.0036917
18.72 0.002876
18.725 0.0013539
18.73 6.521e-005
18.735 -0.00041757
18.74 -0.00029265
18.745 -0.00029855
18.75 -0.00087144
18.755 -0.0016077
18.76 -0.0020551
18.765 -0.0020632
18.77 -0.0015495
18.775 -0.00064698
18.78 6.6008e-005
18.785 0.00027977
18.79 0.00011211
18.795 -0.00014942
18.8 -0.0002875
18.805 -0.00026065
18.81 -0.00017305
18.815 -0.0001328
18.82 -0.0001554
18.825 -0.00016565
18.83 -0.00013017
18.835 -5.3223e-005
18.84 4.9044e-005
18.845 0.00015946
18.85 0.00026179
18.855 0.00035204
18.86 0.00042528
18.865 0.00047318
18.87 0.00048732
18.875 0.00046751
18.88 0.00042457
18.885 0.00036759
18.89 0.0003229
18.895 0.00032055
18.9 0.00033856
18.905 0.00037886
18.91 0.00043904
18.915 0.00051322
18.92 0.00058798
18.925 0.00065063
18.93 0.00069931
18.935 0.00073669
18.94 0.0007614
18.945 0.00074261
18.95 0.0006619
18.955 0.00050409
18.96 0.00024674
18.965 -7.8423e-005
18.97 -0.00044892
18.975 -0.00081478
18.98 -0.001179
18.985 -0.0019824
18.99 -0.0034551
18.995 -0.0047495
19 -0.0052523
19.005 -0.0050349
19.01 -0.004466
19.015 -0.0034444
19.02 -0.0018515
19.025 -0.00044957
19.03 0.00022035
19.035 0.00020987
19.04 -0.00036161
19.045 -0.0015484
19.05 -0.0029609
19.055 -0.003932
19.06 -0.0043252
19.065 -0.0048651
19.07 -0.0059076
19.075 -0.0068477
19.08 -0.0075757
19.085 -0.0079363
19.09 -0.0079258
19.095 -0.0074965
19.1 -0.0069455
19.105 -0.0066603
19.11 -0.0063368
19.115 -0.0060013
19.12 -0.0057733
19.125 -0.0056446
19.13 -0.0053255
19.135 -0.0046409
19.14 -0.0039984
19.145 -0.0037252
19.15 -0.0038055
19.155 -0.0039893
19.16 -0.0038276
19.165 -0.0030742
19.17 -0.001961
19.175 -0.00079309
19.18 -2.4251e-005
19.185 0.00019081
19.19 5.31e-005
19.195 -0.00010714
19.2 -0.0001115
19.205 -1.0992e-005
19.21 7.0643e-005
19.215 7.7167e-005
19.22 2.1297e-005
19.225 -8.1094e-005
19.23 -0.00019653
19.235 -0.00029212
19.24 -0.00034532
19.245 -0.00035746
19.25 -0.00034067
19.255 -0.00030867
19.26 -0.0002409
19.265 0.00010853
19.27 0.00091018
19.275 0.0019884
19.28 0.0031161
19.285 0.0038297
19.29 0.0037387
19.295 0.0027019
19.3 0.0013156
19.305 0.00045932
19.31 0.0003201
19.315 0.00024601
19.32 -0.00058302
19.325 -0.0020107
19.33 -0.0031903
19.335 -0.0036945
19.34 -0.0036699
19.345 -0.003485
19.35 -0.0033553
19.355 -0.003105
19.36 -0.0027627
19.365 -0.0025802
19.37 -0.0025225
19.375 -0.0028044
19.38 -0.0031781
19.385 -0.0033755
19.39 -0.0033651
19.395 -0.0032795
19.4 -0.0032475
19.405 -0.0032922
19.41 -0.0033704
19.415 -0.0034697
19.42 -0.0035692
19.425 -0.0036167
19.43 -0.0035653
19.435 -0.0033871
19.44 -0.0028311
19.445 -0.0016154
19.45 -0.00017603
19.455 0.00080701
19.46 0.0016488
19.465 0.0029081
19.47 0.0040763
19.475 0.004671
19.48 0.0046053
19.485 0.003596
19.49 0.0019727
19.495 0.0007371
19.5 0.00033472
19.505 0.0005164
19.51 0.00076164
19.515 0.00077971
19.52 0.00060029
19.525 0.00037401
19.53 0.000225
19.535 0.00018763
19.54 0.00017672
19.545 -0.00010306
19.55 -0.00048124
19.555 -0.0011086
19.56 -0.0021386
19.565 -0.0029873
19.57 -0.0032458
19.575 -0.0027369
19.58 -0.001739
19.585 -0.00063434
19.59 0.0002456
19.595 0.00061047
19.6 0.00055074
19.605 0.00034548
19.61 0.00022204
19.615 0.00024783
19.62 0.00037971
19.625 0.00047931
19.63 0.00017232
19.635 -0.00059196
19.64 -0.0016071
19.645 -0.0025375
19.65 -0.0029898
19.655 -0.0029703
19.66 -0.0027467
19.665 -0.0025454
19.67 -0.0024536
19.675 -0.0024549
19.68 -0.0024816
19.685 -0.0024786
19.69 -0.0024131
19.695 -0.002307
19.7 -0.0022228
19.705 -0.0021887
19.71 -0.0021699
19.715 -0.0021329
19.72 -0.0020726
19.725 -0.0020226
19.73 -0.0019919
19.735 -0.0019518
19.74 -0.0019038
19.745 -0.0018574
19.75 -0.001811
19.755 -0.0017546
19.76 -0.0017059
19.765 -0.0017039
19.77 -0.0017559
19.775 -0.0017826
19.78 -0.0014433
19.785 -0.00078258
19.79 -0.00055877
19.795 -0.0010214
19.8 -0.0016504
19.805 -0.001994
19.81 -0.0019978
19.815 -0.0018668
19.82 -0.0018122
19.825 -0.0019041
19.83 -0.0020762
19.835 -0.0022224
19.84 -0.0022777
19.845 -0.0022367
19.85 -0.0020382
19.855 -0.0011516
19.86 0.00038817
19.865 0.0016811
19.87 0.0022051
19.875 0.0021115
19.88 0.0018362
19.885 0.0016971
19.89 0.001759
19.895 0.0019234
19.9 0.0020733
19.905 0.0021528
19.91 0.0021023
19.915 0.0015602
19.92 0.00035783
19.925 -0.00088059
19.93 -0.001513
19.935 -0.00149
19.94 -0.0011174
19.945 -0.00037203
19.95 0.00079716
19.955 0.001861
19.96 0.0023282
19.965 0.0022457
19.97 0.0019671
19.975 0.0017825
19.98 0.0017694
19.985 0.0018446
19.99 0.0019039
19.995 0.0019806
20 0.002511
20.005 0.0037489
20.01 0.005086
20.015 0.0058392
20.02 0.0059299
20.025 0.005702
20.03 0.0055142
20.035 0.0055046
20.04 0.0054588
20.045 0.0045561
20.05 0.003044
20.055 0.0018938
20.06 0.0015136
20.065 0.001662
20.07 0.0017533
20.075 0.00085192
20.08 -0.00074426
20.085 -0.0019806
20.09 -0.0023917
20.095 -0.0022114
20.1 -0.0018954
20.105 -0.0015927
20.11 -0.00066218
20.115 0.0007132
20.12 0.0017301
20.125 0.0020809
20.13 0.0019917
20.135 0.0018329
20.14 0.0018189
20.145 0.0019457
20.15 0.0021051
20.155 0.0022315
20.16 0.0022916
20.165 0.00221
20.17 0.0016885
20.175 0.00092207
20.18 0.00038566
20.185 0.00017065
20.19 -0.00020313
20.195 -0.00079975
20.2 -0.0012059
20.205 -0.00090581
20.21 -5.0731e-005
20.215 0.0010649
20.22 0.0020032
20.225 0.0024286
20.23 0.0025811
20.235 0.0034297
20.24 0.0048848
20.245 0.0060526
20.25 0.0064942
20.255 0.0063767
20.26 0.0060903
20.265 0.0059032
20.27 0.0058573
20.275 0.0058586
20.28 0.0058191
20.285 0.0057224
20.29 0.0056041
20.295 0.0054406
20.3 0.0049218
20.305 0.0041919
20.31 0.003687
20.315 0.003485
20.32 0.0031132
20.325 0.0025182
20.33 0.002052
20.335 0.0019021
20.34 0.0019938
20.345 0.0021457
20.35 0.0022252
20.355 0.0021983
20.36 0.0021032
20.365 0.0019971
20.37 0.0019269
20.375 0.0019888
20.38 0.0025332
20.385 0.003374
20.39 0.0040025
20.395 0.0042913
20.4 0.0046422
20.405 0.0048024
20.41 0.0046036
20.415 0.0043765
20.42 0.0046199
20.425 0.0048816
20.43 0.0046709
20.435 0.0038264
20.44 0.0027704
20.445 0.0020918
20.45 0.001938
20.455 0.0020848
20.46 0.0022427
20.465 0.0022002
20.47 0.001642
20.475 0.00073875
20.48 -0.00030323
20.485 -0.0010682
20.49 -0.00085977
20.495 0.00041272
20.5 0.0018543
20.505 0.0026212
20.51 0.0026387
20.515 0.0023278
20.52 0.0021084
20.525 0.0021331
20.53 0.0023138
20.535 0.0024806
20.54 0.0025312
20.545 0.0024682
20.55 0.0023522
20.555 0.0022385
20.56 0.002146
20.565 0.0020678
20.57 0.0019923
20.575 0.0019185
20.58 0.0018542
20.585 0.0018106
20.59 0.0017975
20.595 0.0018174
20.6 0.0018555
20.605 0.0018986
20.61 0.0019404
20.615 0.0019849
20.62 0.0020379
20.625 0.0021034
20.63 0.0021783
20.635 0.0022549
20.64 0.0023213
20.645 0.0023653
20.65 0.0023782
20.655 0.0023596
20.66 0.0023165
20.665 0.0022535
20.67 0.002152
20.675 0.0017524
20.68 0.00051801
20.685 -0.0010053
20.69 -0.0019651
20.695 -0.0021572
20.7 -0.0019174
20.705 -0.0016702
20.71 -0.0016199
20.715 -0.0017302
20.72 -0.0018658
20.725 -0.001931
20.73 -0.0019388
20.735 -0.0022106
20.74 -0.003367
20.745 -0.0048771
20.75 -0.0058554
20.755 -0.0060648
20.76 -0.0058322
20.765 -0.0055707
20.77 -0.0053436
20.775 -0.0046962
20.78 -0.0034589
20.785 -0.0022382
20.79 -0.0015845
20.795 -0.0014953
20.8 -0.0016398
20.805 -0.0017277
20.81 -0.0016638
20.815 -0.001517
20.82 -0.0013989
20.825 -0.0013689
20.83 -0.0014185
20.835 -0.0014988
20.84 -0.0015438
20.845 -0.0012755
20.85 -0.00015642
20.855 0.0012713
20.86 0.002157
20.865 0.0022975
20.87 0.0020302
20.875 0.0017715
20.88 0.0017057
20.885 0.0016465
20.89 0.0010517
20.895 -0.00018376
20.9 -0.0013794
20.905 -0.0019655
20.91 -0.0019644
20.915 -0.0017378
20.92 -0.001608
20.925 -0.0016708
20.93 -0.0018381
20.935 -0.0019761
20.94 -0.0020093
20.945 -0.0019447
20.95 -0.0018352
20.955 -0.0017294
20.96 -0.0016398
20.965 -0.0014522
20.97 -0.001021
20.975 -0.00088178
20.98 -0.0011875
20.985 -0.0016128
20.99 -0.0018821
20.995 -0.0019475
21 -0.001909
21.005 -0.0018822
21.01 -0.0019149
21.015 -0.001984
21.02 -0.0020407
21.025 -0.0020426
21.03 -0.0018564
21.035 -0.0012368
21.04 -0.00060153
21.045 -0.00065515
21.05 -0.0012411
21.055 -0.0017711
21.06 -0.0019335
21.065 -0.0017885
21.07 -0.001559
21.075 -0.0014191
21.08 -0.0014092
21.085 -0.0014742
21.09 -0.0015474
21.095 -0.0015976
21.1 -0.0016286
21.105 -0.0016438
21.11 -0.0015005
21.115 -0.00078874
21.12 0.00049954
21.125 0.0016644
21.13 0.0020451
21.135 0.0014188
21.14 0.0002924
21.145 -0.00087508
21.15 -0.0016337
21.155 -0.0018177
21.16 -0.0016571
21.165 -0.001484
21.17 -0.0014511
21.175 -0.0012715
21.18 -0.00028552
21.185 0.0010644
21.19 0.0019294
21.195 0.0018072
21.2 0.00043793
21.205 -0.0012557
21.21 -0.0022277
21.215 -0.002298
21.22 -0.0019229
21.225 -0.0016106
21.23 -0.00157
21.235 -0.0017132
21.24 -0.0018539
21.245 -0.0018633
21.25 -0.0016118
21.255 -0.00089218
21.26 8.9355e-005
21.265 0.0011568
21.27 0.0019545
21.275 0.002237
21.28 0.0018697
21.285 0.00057514
21.29 -0.00093489
21.295 -0.0017973
21.3 -0.0018871
21.305 -0.0016213
21.31 -0.0014536
21.315 -0.0017131
21.32 -0.0027434
21.325 -0.0043488
21.33 -0.0056782
21.335 -0.0060624
21.34 -0.0053521
21.345 -0.0041174
21.35 -0.0028278
21.355 -0.001949
21.36 -0.0016635
21.365 -0.0017424
21.37 -0.001854
21.375 -0.0018249
21.38 -0.0016759
21.385 -0.0015184
21.39 -0.0014461
21.395 -0.0014777
21.4 -0.0015726
21.405 -0.0016764
21.41 -0.0017567
21.415 -0.0018044
21.42 -0.0018226
21.425 -0.0018025
21.43 -0.0015593
21.435 -0.00088232
21.44 -0.00015416
21.445 0.00022776
21.45 4.1779e-005
21.455 -0.00073268
21.46 -0.0015299
21.465 -0.001894
21.47 -0.0018213
21.475 -0.0015774
21.48 -0.0014084
21.485 -0.0013939
21.49 -0.0014648
21.495 -0.0013292
21.5 -0.00053014
21.505 0.00078146
21.51 0.0018379
21.515 0.0022068
21.52 0.0020361
21.525 0.0017191
21.53 0.0015434
21.535 0.0015638
21.54 0.0016814
21.545 0.001786
21.55 0.0018362
21.555 0.0018506
21.56 0.0018643
21.565 0.0018979
21.57 0.0019523
21.575 0.0020163
21.58 0.002074
21.585 0.0021152
21.59 0.0021423
21.595 0.0021561
21.6 0.0021533
21.605 0.002133
21.61 0.0021008
21.615 0.0020604
21.62 0.0019863
21.625 0.0015558
21.63 0.00030209
21.635 -0.0011633
21.64 -0.0020528
21.645 -0.002398
21.65 -0.0029912
21.655 -0.0041063
21.66 -0.0051945
21.665 -0.0057333
21.67 -0.0054502
21.675 -0.0040827
21.68 -0.0024664
21.685 -0.0015551
21.69 -0.0012369
21.695 -0.00051131
21.7 0.00059091
21.705 0.0014383
21.71 0.0017565
21.715 0.001702
21.72 0.0015725
21.725 0.0015517
21.73 0.0016508
21.735 0.0017852
21.74 0.0018729
21.745 0.0018894
21.75 0.0018604
21.755 0.0018272
21.76 0.0018127
21.765 0.0018111
21.77 0.0018059
21.775 0.0017876
21.78 0.0017463
21.785 0.0015582
21.79 0.00095301
21.795 7.8895e-005
21.8 -0.00090975
21.805 -0.0016418
21.81 -0.0018701
21.815 -0.0017251
21.82 -0.0014949
21.825 -0.0013764
21.83 -0.0014002
21.835 -0.0014944
21.84 -0.0015834
21.845 -0.0016265
21.85 -0.0015049
21.855 -0.00096135
21.86 -0.00014418
21.865 0.00080841
21.87 0.0015505
21.875 0.0018421
21.88 0.0017897
21.885 0.0016358
21.89 0.001566
21.895 0.001494
21.9 0.0010575
21.905 0.00030377
21.91 -0.00054441
21.915 -0.00094307
21.92 -0.00086489
21.925 2.4986e-005
21.93 0.0012814
21.935 0.002111
21.94 0.0022715
21.945 0.0020572
21.95 0.0021214
21.955 0.0032133
21.96 0.0047727
21.965 0.0058139
21.97 0.0059951
21.975 0.0053625
21.98 0.0038275
21.985 0.0021841
21.99 0.0012701
21.995 0.0010199
22 0.00058577
22.005 -0.00048285
22.01 -0.0016567
22.015 -0.002324
22.02 -0.002374
22.025 -0.0019464
22.03 -0.00095339
22.035 0.00046508
22.04 0.0016429
22.045 0.0021468
22.05 0.0021128
22.055 0.0019439
22.06 0.0021612
22.065 0.0032121
22.07 0.0040513
22.075 0.0037021
22.08 0.0026361
22.085 0.0017693
22.09 0.0014887
22.095 0.0013766
22.1 0.000542
22.105 -0.00048195
22.11 -0.00045889
22.115 0.00024971
22.12 0.0011188
22.125 0.0017293
22.13 0.0018808
22.135 0.0017272
22.14 0.0015415
22.145 0.0014882
22.15 0.0015795
22.155 0.0017456
22.16 0.0018816
22.165 0.0019279
22.17 0.0019029
22.175 0.0018649
22.18 0.0018575
22.185 0.0018775
22.19 0.0017619
22.195 0.001078
22.2 -0.00020324
22.205 -0.0013864
22.21 -0.0017996
22.215 -0.0010861
22.22 0.00040455
22.225 0.0016834
22.23 0.0021491
22.235 0.0019573
22.24 0.001604
22.245 0.0014582
22.25 0.0015833
22.255 0.0018327
22.26 0.0020405
22.265 0.0021261
22.27 0.0021044
22.275 0.0020236
22.28 0.0018098
22.285 0.0013374
22.29 0.0011449
22.295 0.0013823
22.3 0.0017297
22.305 0.0019279
22.31 0.0019422
22.315 0.001875
22.32 0.0018332
22.325 0.0018395
22.33 0.0017466
22.335 0.0011572
22.34 -6.6089e-005
22.345 -0.0013232
22.35 -0.0020036
22.355 -0.0020754
22.36 -0.0018864
22.365 -0.0017727
22.37 -0.0018501
22.375 -0.0020361
22.38 -0.002196
22.385 -0.0022503
22.39 -0.0022005
22.395 -0.0020918
22.4 -0.0019709
22.405 -0.0018623
22.41 -0.0017672
22.415 -0.0016789
22.42 -0.0015961
22.425 -0.0015281
22.43 -0.0014817
22.435 -0.0014755
22.44 -0.0015429
22.445 -0.0016694
22.45 -0.0018096
22.455 -0.001932
22.46 -0.0020287
22.465 -0.0021035
22.47 -0.002181
22.475 -0.0022648
22.48 -0.0024803
22.485 -0.0034868
22.49 -0.0049778
22.495 -0.0059439
22.5 -0.0057874
22.505 -0.0052805
22.51 -0.004994
22.515 -0.0046612
22.52 -0.0042744
22.525 -0.0040339
22.53 -0.003999
22.535 -0.0040913
22.54 -0.0041742
22.545 -0.0041651
22.55 -0.0040636
22.555 -0.0037775
22.56 -0.0030457
22.565 -0.0022032
22.57 -0.0017464
22.575 -0.0017407
22.58 -0.0018238
22.585 -0.0014437
22.59 -0.00073274
22.595 -0.00016651
22.6 -8.0057e-005
22.605 -0.00064269
22.61 -0.0014228
22.615 -0.0019107
22.62 -0.0020878
22.625 -0.0024054
22.63 -0.0026463
22.635 -0.0028543
22.64 -0.0028117
22.645 -0.0024517
22.65 -0.0021009
22.655 -0.0019052
22.66 -0.001579
22.665 -0.0014031
22.67 -0.0013097
22.675 -0.001386
22.68 -0.0013313
22.685 -0.0010472
22.69 -0.0011373
22.695 -0.0015873
22.7 -0.0016111
22.705 -0.0010879
22.71 -0.00058924
22.715 -0.00079981
22.72 -0.001565
22.725 -0.0022328
22.73 -0.0024601
22.735 -0.0023269
22.74 -0.0021032
22.745 -0.0019993
22.75 -0.0021286
22.755 -0.0027401
22.76 -0.0035103
22.765 -0.0036601
22.77 -0.0034358
22.775 -0.0029859
22.78 -0.0024277
22.785 -0.0020625
22.79 -0.0019788
22.795 -0.0020491
22.8 -0.0021139
22.805 -0.0020968
22.81 -0.0020133
22.815 -0.0019179
22.82 -0.0018491
22.825 -0.0017426
22.83 -0.0012493
22.835 -0.00048293
22.84 9.3159e-005
22.845 0.00028261
22.85 0.00028481
22.855 0.00066829
22.86 0.0014955
22.865 0.0026583
22.87 0.0037334
22.875 0.0042847
22.88 0.0043938
22.885 0.0046802
22.89 0.0052472
22.895 0.0057171
22.9 0.0058637
22.905 0.0057386
22.91 0.0055322
22.915 0.0053951
22.92 0.005366
22.925 0.0054044
22.93 0.0054494
22.935 0.0053914
22.94 0.0048825
22.945 0.0041336
22.95 0.0036264
22.955 0.0035238
22.96 0.0036841
22.965 0.0038704
22.97 0.0038605
22.975 0.0033054
22.98 0.0024326
22.985 0.001849
22.99 0.0020896
22.995 0.00286
23 0.0034544
23.005 0.0035453
23.01 0.0032961
23.015 0.0030495
23.02 0.0030065
23.025 0.0030883
23.03 0.0028315
23.035 0.0022694
23.04 0.0018199
23.045 0.0016771
23.05 0.0017439
23.055 0.0017635
23.06 0.0013599
23.065 0.0010193
23.07 0.0011213
23.075 0.0014574
23.08 0.0016984
23.085 0.0016577
23.09 0.0011599
23.095 0.00075212
23.1 0.00054749
23.105 0.00065498
23.11 0.00068797
23.115 0.00038904
23.12 5.4814e-006
23.125 -0.00021619
23.13 -0.00015701
23.135 0.00042053
23.14 0.0012513
23.145 0.0018779
23.15 0.0024598
23.155 0.0030485
23.16 0.0034097
23.165 0.0034282
23.17 0.0029427
23.175 0.0021295
23.18 0.0015167
23.185 0.001344
23.19 0.0014908
23.195 0.0017087
23.2 0.00184
23.205 0.0018884
23.21 0.0018983
23.215 0.0018965
23.22 0.0018845
23.225 0.0016096
23.23 0.0013267
23.235 0.0014745
23.24 0.0018598
23.245 0.0021828
23.25 0.0025729
23.255 0.0030944
23.26 0.0034921
23.265 0.0036534
23.27 0.003652
23.275 0.0035983
23.28 0.0035644
23.285 0.0035678
23.29 0.0036068
23.295 0.003648
23.3 0.0035923
23.305 0.0031207
23.31 0.0022824
23.315 0.0016002
23.32 0.0013608
23.325 0.0014745
23.33 0.0016944
23.335 0.0018359
23.34 0.0018082
23.345 0.0013866
23.35 0.00066152
23.355 0.00010885
23.36 -4.6903e-005
23.365 7.487e-005
23.37 0.00023493
23.375 0.00032813
23.38 0.00062453
23.385 0.001177
23.39 0.0015703
23.395 0.0013588
23.4 0.00087114
23.405 0.00043785
23.41 -4.1333e-005
23.415 -0.00071219
23.42 -0.0014999
23.425 -0.0020921
23.43 -0.0026673
23.435 -0.0033484
23.44 -0.0038575
23.445 -0.0039891
23.45 -0.0035213
23.455 -0.002641
23.46 -0.001941
23.465 -0.001702
23.47 -0.0017961
23.475 -0.0019591
23.48 -0.002022
23.485 -0.0019701
23.49 -0.0018804
23.495 -0.0018271
23.5 -0.0018317
23.505 -0.0018683
23.51 -0.0019008
23.515 -0.0019077
23.52 -0.0018904
23.525 -0.0018642
23.53 -0.0018444
23.535 -0.0018423
23.54 -0.0018565
23.545 -0.0018763
23.55 -0.0018439
23.555 -0.0014782
23.56 -0.00084935
23.565 -0.00063671
23.57 -0.00082387
23.575 -0.0011351
23.58 -0.001305
23.585 -0.0013623
23.59 -0.0015524
23.595 -0.0015183
23.6 -0.0013426
23.605 -0.0011296
23.61 -0.00075509
23.615 -0.00041328
23.62 -0.00025138
23.625 -0.00024033
23.63 -0.00026758
23.635 -0.000246
23.64 -0.00016714
23.645 -0.00012554
23.65 -0.00045177
23.655 -0.0011385
23.66 -0.0017277
23.665 -0.0019588
23.67 -0.0019095
23.675 -0.0018455
23.68 -0.0022247
23.685 -0.0030472
23.69 -0.0037137
23.695 -0.0035873
23.7 -0.002758
23.705 -0.0019665
23.71 -0.0017257
23.715 -0.0022463
23.72 -0.0029272
23.725 -0.003108
23.73 -0.0031867
23.735 -0.0035472
23.74 -0.0039845
23.745 -0.0042459
23.75 -0.0042773
23.755 -0.0041772
23.76 -0.004067
23.765 -0.0040048
23.77 -0.0039843
23.775 -0.0039804
23.78 -0.0039761
23.785 -0.0039722
23.79 -0.0039778
23.795 -0.0039919
23.8 -0.0039356
23.805 -0.0035172
23.81 -0.0027351
23.815 -0.0017685
23.82 -0.000871
23.825 -0.00038436
23.83 -0.00031921
23.835 -0.00043253
23.84 -0.00049023
23.845 -0.00040715
23.85 -0.0002349
23.855 -6.67e-005
23.86 3.8149e-005
23.865 7.5465e-005
23.87 7.0252e-005
23.875 4.6255e-005
23.88 1.8205e-005
23.885 -7.0172e-006
23.89 -3.2945e-005
23.895 -5.7875e-005
23.9 -2.6913e-005
23.905 0.00034838
23.91 0.0010951
23.915 0.0020007
23.92 0.002576
23.925 0.0027844
23.93 0.0030086
23.935 0.0032512
23.94 0.0034362
23.945 0.0035431
23.95 0.0035442
23.955 0.0031853
23.96 0.0025046
23.965 0.0019014
23.97 0.0013219
23.975 0.00063434
23.98 -0.0002167
23.985 -0.0011101
23.99 -0.0016959
23.995 -0.0018837
24 -0.0018418
24.005 -0.0017744
24.01 -0.0017817
24.015 -0.0018492
24.02 -0.001919
24.025 -0.0019521
24.03 -0.0019461
24.035 -0.0019296
24.04 -0.0019791
24.045 -0.0023879
24.05 -0.0031315
24.055 -0.0037484
24.06 -0.0039816
24.065 -0.003912
24.07 -0.0037574
24.075 -0.0036734
24.08 -0.0036345
24.085 -0.0032999
24.09 -0.0026273
24.095 -0.0020401
24.1 -0.0017467
24.105 -0.0014107
24.11 -0.00090835
24.115 -0.00077134
24.12 -0.00089826
24.125 -0.00081371
24.13 -0.00056607
24.135 -0.00040416
24.14 -0.00066498
24.145 -0.0010669
24.15 -0.0013869
24.155 -0.0017511
24.16 -0.0020236
24.165 -0.0020636
24.17 -0.0016274
24.175 -0.00083153
24.18 -0.00019626
24.185 1.7512e-005
24.19 -8.0787e-005
24.195 -0.0002483
24.2 -0.00031534
24.205 -0.00021261
24.21 0.00027685
24.215 0.0010613
24.22 0.0016625
24.225 0.0018509
24.23 0.0017453
24.235 0.0015854
24.24 0.0015276
24.245 0.0015875
24.25 0.0016942
24.255 0.0017747
24.26 0.0017944
24.265 0.0017102
24.27 0.0012477
24.275 0.00047087
24.28 -0.00013054
24.285 -0.00032911
24.29 -0.00024036
24.295 -9.6017e-005
24.3 -6.2415e-005
24.305 -0.00014897
24.31 -0.00025592
24.315 -0.0003058
24.32 -0.00033277
24.325 -0.00060835
24.33 -0.00091853
24.335 -0.0011389
24.34 -0.001451
24.345 -0.0017233
24.35 -0.0018352
24.355 -0.0017582
24.36 -0.0013046
24.365 -0.00057487
24.37 -3.6071e-005
24.375 0.0001447
24.38 0.00037561
24.385 0.00087523
24.39 0.0013479
24.395 0.0015662
24.4 0.0015495
24.405 0.0014037
24.41 0.00097344
24.415 0.00031357
24.42 -0.00016873
24.425 -0.00028795
24.43 -0.00016394
24.435 4.5405e-006
24.44 8.4637e-005
24.445 4.0817e-005
24.45 -7.489e-005
24.455 -0.00018211
24.46 -0.0002377
24.465 -0.00024619
24.47 -0.0002336
24.475 -0.00021898
24.48 -0.00020852
24.485 -0.00024741
24.49 -0.00061907
24.495 -0.001304
24.5 -0.0018547
24.505 -0.0019802
24.51 -0.0014844
24.515 -0.00060663
24.52 4.9311e-005
24.525 0.00021892
24.53 5.3736e-005
24.535 -0.00015954
24.54 -0.00024107
24.545 -0.00018064
24.55 -6.4164e-005
24.555 2.9277e-005
24.56 7.0645e-005
24.565 7.8026e-005
24.57 8.1651e-005
24.575 9.7993e-005
24.58 0.00011566
24.585 9.513e-005
24.59 2.7914e-005
24.595 -4.9064e-005
24.6 -5.3799e-005
24.605 0.00030809
24.61 0.0010087
24.615 0.0015899
24.62 0.0017981
24.625 0.001714
24.63 0.0015528
24.635 0.0014688
24.64 0.0014878
24.645 0.0015554
24.65 0.0016081
24.655 0.0016193
24.66 0.0016005
24.665 0.0015793
24.67 0.0015711
24.675 0.0015748
24.68 0.0015791
24.685 0.001576
24.69 0.0015676
24.695 0.0015562
24.7 0.0015449
24.705 0.0015367
24.71 0.0015311
24.715 0.00153
24.72 0.0015386
24.725 0.0015564
24.73 0.0015822
24.735 0.0016072
24.74 0.0016071
24.745 0.0015999
24.75 0.0016124
24.755 0.0016093
24.76 0.001573
24.765 0.0015499
24.77 0.0015461
24.775 0.0015386
24.78 0.0015555
24.785 0.0016017
24.79 0.0015885
24.795 0.0012034
24.8 0.00046557
24.805 -0.00016068
24.81 -0.000414
24.815 -0.00036492
24.82 -0.00017486
24.825 0.00029412
24.83 0.0010001
24.835 0.0015506
24.84 0.0017609
24.845 0.0017345
24.85 0.0017144
24.855 0.0020559
24.86 0.002506
24.865 0.0028553
24.87 0.0032308
24.875 0.0034999
24.88 0.0035721
24.885 0.0035072
24.89 0.0034352
24.895 0.0033769
24.9 0.0030199
24.905 0.002335
24.91 0.0017473
24.915 0.0015025
24.92 0.0014824
24.925 0.0012056
24.93 0.00054936
24.935 -6.3251e-005
24.94 -0.00033916
24.945 -0.00035329
24.95 -0.00053271
24.955 -0.00074028
24.96 -0.00059685
24.965 -0.0002638
24.97 -1.0092e-005
24.975 6.089e-005
24.98 2.8759e-006
24.985 -7.6827e-005
24.99 -0.0001101
24.995 -9.4953e-005
25 -6.1817e-005
25.005 -3.9389e-005
25.01 -4.415e-005
25.015 -0.00012653
25.02 -0.00055531
25.025 -0.0012452
25.03 -0.001451
25.035 -0.00094953
25.04 -0.00027855
25.045 0.0001005
25.05 0.00016716
25.055 0.00039525
25.06 0.00097295
25.065 0.0015369
25.07 0.0018055
25.075 0.0017324
25.08 0.0011989
25.085 0.00037918
25.09 -0.00017088
25.095 5.2524e-005
25.1 0.00089378
25.105 0.0016553
25.11 0.0019384
25.115 0.0018241
25.12 0.0016067
25.125 0.0015058
25.13 0.0015616
25.135 0.0016911
25.14 0.0017991
25.145 0.001843
25.15 0.001834
25.155 0.0017449
25.16 0.0012693
25.165 0.000522
25.17 -3.2038e-005
25.175 -0.00020178
25.18 -0.00011051
25.185 2.4417e-005
25.19 6.9886e-005
25.195 2.1098e-005
25.2 -5.5161e-005
25.205 -9.8386e-005
25.21 -9.3539e-005
25.215 -6.0057e-005
25.22 -2.6308e-005
25.225 -1.0571e-005
25.23 -1.4458e-005
25.235 -3.1326e-005
25.24 -5.3965e-005
25.245 -7.7959e-005
25.25 -0.00010048
25.255 -0.00012114
25.26 -0.00013552
25.265 -0.00013647
25.27 -0.0001218
25.275 -9.6549e-005
25.28 -6.7953e-005
25.285 -3.9269e-005
25.29 -7.0126e-006
25.295 2.5063e-005
25.3 4.9755e-005
25.305 6.395e-005
25.31 6.189e-005
25.315 -2.5289e-005
25.32 -0.00045727
25.325 -0.00081652
25.33 -0.0011243
25.335 -0.0015127
25.34 -0.0018212
25.345 -0.0019568
25.35 -0.0019605
25.355 -0.0019223
25.36 -0.0019011
25.365 -0.0019062
25.37 -0.0019148
25.375 -0.0019105
25.38 -0.0019692
25.385 -0.0024586
25.39 -0.0032196
25.395 -0.0037629
25.4 -0.0039016
25.405 -0.0036988
25.41 -0.003028
25.415 -0.0021857
25.42 -0.0015951
25.425 -0.0010391
25.43 -0.00046751
25.435 -9.4423e-005
25.44 2.3466e-005
25.445 -5.1834e-006
25.45 -4.295e-005
25.455 -2.5301e-005
25.46 3.1621e-005
25.465 8.228e-005
25.47 0.00010134
25.475 0.0001613
25.48 0.00061156
25.485 0.0013201
25.49 0.0018958
25.495 0.0024248
25.5 0.0026273
25.505 0.0027456
25.51 0.0030388
25.515 0.0033462
25.52 0.0034443
25.525 0.0030574
25.53 0.0026807
25.535 0.002379
25.54 0.0021383
25.545 0.0024374
25.55 0.0031301
25.555 0.0036907
25.56 0.00386
25.565 0.0036993
25.57 0.0033165
25.575 0.0026304
25.58 0.0019607
25.585 0.0016375
25.59 0.0016508
25.595 0.0017951
25.6 0.0018908
25.605 0.0018811
25.61 0.0018088
25.615 0.00174
25.62 0.0017131
25.625 0.0017234
25.63 0.001737
25.635 0.0016006
25.64 0.0010353
25.645 0.00031542
25.65 -0.00012743
25.655 -0.00018991
25.66 -4.5939e-005
25.665 9.1091e-005
25.67 0.00011655
25.675 4.9363e-005
25.68 -3.6963e-005
25.685 -8.61e-005
25.69 -8.7691e-005
25.695 -6.648e-005
25.7 -5.1348e-005
25.705 -5.2705e-005
25.71 -6.6599e-005
25.715 -8.0787e-005
25.72 -8.6096e-005
25.725 -7.9097e-005
25.73 -6.3826e-005
25.735 -4.6572e-005
25.74 -3.2661e-005
25.745 -2.4634e-005
25.75 -1.8311e-005
25.755 -9.6823e-006
25.76 1.2357e-005
25.765 0.00017989
25.77 0.00075795
25.775 0.0014607
25.78 0.0018824
25.785 0.0019396
25.79 0.0016399
25.795 0.00094069
25.8 0.00024099
25.805 -6.8377e-005
25.81 -1.1405e-005
25.815 0.00016148
25.82 0.00024972
25.825 0.0002093
25.83 0.00010678
25.835 2.3085e-005
25.84 -4.953e-006
25.845 1.2279e-005
25.85 4.5048e-005
25.855 7.148e-005
25.86 8.2932e-005
25.865 8.3751e-005
25.87 8.4089e-005
25.875 8.7727e-005
25.88 9.1099e-005
25.885 8.9777e-005
25.89 8.3073e-005
25.895 8.9121e-005
25.9 0.00029874
25.905 0.00092985
25.91 0.0016075
25.915 0.0019606
25.92 0.001967
25.925 0.0018434
25.93 0.00197
25.935 0.0026127
25.94 0.003343
25.945 0.0037274
25.95 0.0035469
25.955 0.0029535
25.96 0.0025505
25.965 0.0022107
25.97 0.0019141
25.975 0.0015497
25.98 0.00088564
25.985 0.00021743
25.99 -0.00013932
25.995 -0.00016476
26 -3.6104e-005
26.005 7.0704e-005
26.01 9.0781e-005
26.015 5.2971e-005
26.02 1.0889e-005
26.025 -1.573e-006
26.03 2.6523e-005
26.035 9.0864e-005
26.04 0.00014631
26.045 0.00016031
26.05 0.00013733
26.055 9.9119e-005
26.06 6.0638e-005
26.065 1.3108e-005
26.07 -0.00023433
26.075 -0.00090345
26.08 -0.0016245
26.085 -0.0019991
26.09 -0.0018174
26.095 -0.0012455
26.1 -0.0010687
26.105 -0.0013711
26.11 -0.0017765
26.115 -0.0019904
26.12 -0.0019627
26.125 -0.0018114
26.13 -0.0016737
26.135 -0.0016136
26.14 -0.0016166
26.145 -0.0016188
26.15 -0.0013975
26.155 -0.00073399
26.16 -1.6512e-005
26.165 0.00036054
26.17 0.00036105
26.175 0.00019895
26.18 0.00025472
26.185 0.000639
26.19 0.00073119
26.195 0.00045218
26.2 8.9172e-005
26.205 -0.00012326
26.21 -0.00011901
26.215 -4.1913e-006
26.22 9.5412e-005
26.225 0.00012471
26.23 0.00010232
26.235 7.3883e-005
26.24 7.2032e-005
26.245 9.5747e-005
26.25 7.9253e-005
26.255 -0.00024457
26.26 -0.00095558
26.265 -0.0015841
26.27 -0.0018078
26.275 -0.0014495
26.28 -0.0006111
26.285 0.00011105
26.29 0.00037208
26.295 0.00025917
26.3 4.836e-005
26.305 -6.0601e-005
26.31 -3.533e-005
26.315 4.7118e-005
26.32 0.00010301
26.325 9.9312e-005
26.33 5.6445e-005
26.335 1.4318e-005
26.34 -3.8458e-006
26.345 -8.3718e-007
26.35 1.312e-005
26.355 2.3916e-005
26.36 -1.025e-006
26.365 -0.00027267
26.37 -0.00069133
26.375 -0.00094256
26.38 -0.0012659
26.385 -0.0015802
26.39 -0.0017783
26.395 -0.0020858
26.4 -0.0024566
26.405 -0.0023777
26.41 -0.0019991
26.415 -0.0016785
26.42 -0.0015824
26.425 -0.0016595
26.43 -0.001775
26.435 -0.0018318
26.44 -0.0018156
26.445 -0.0017668
26.45 -0.0017331
26.455 -0.0017532
26.46 -0.0018253
26.465 -0.0018945
26.47 -0.0019224
26.475 -0.001915
26.48 -0.0018973
26.485 -0.0018854
26.49 -0.0018678
26.495 -0.001829
26.5 -0.0017873
26.505 -0.0017621
26.51 -0.0017539
26.515 -0.0017543
26.52 -0.0017543
26.525 -0.0017228
26.53 -0.001423
26.535 -0.00074432
26.54 -0.00011551
26.545 0.00015382
26.55 9.9037e-005
26.555 -6.5228e-005
26.56 -0.00015926
26.565 -0.00010605
26.57 0.00028489
26.575 0.0010607
26.58 0.0017537
26.585 0.0020509
26.59 0.0019757
26.595 0.0015187
26.6 0.00074517
26.605 0.0001307
26.61 -6.777e-005
26.615 4.2742e-005
26.62 0.00021675
26.625 0.00029356
26.63 0.00025725
26.635 0.00017711
26.64 0.00015543
26.645 0.00045572
26.65 0.0011773
26.655 0.0018584
26.66 0.0021595
26.665 0.0021115
26.67 0.001938
26.675 0.0018278
26.68 0.0018351
26.685 0.0019056
26.69 0.0019636
26.695 0.0019731
26.7 0.0019454
26.705 0.0019078
26.71 0.0018669
26.715 0.0018342
26.72 0.0018135
26.725 0.001548
26.73 0.00089112
26.735 0.00026292
26.74 -1.2569e-005
26.745 4.3135e-005
26.75 0.0002197
26.755 0.00033434
26.76 0.00033249
26.765 0.00026194
26.77 0.00019191
26.775 0.00016098
26.78 0.00019733
26.785 0.00052031
26.79 0.0012287
26.795 0.001886
26.8 0.0021832
26.805 0.0021575
26.81 0.0020223
26.815 0.0019519
26.82 0.0019883
26.825 0.002078
26.83 0.0021504
26.835 0.0021454
26.84 0.0018604
26.845 0.0014419
26.85 0.0014344
26.855 0.0015142
26.86 0.0014159
26.865 0.0012619
26.87 0.00085181
26.875 0.00040111
26.88 0.00014751
26.885 0.00011713
26.89 0.0001942
26.895 0.00025945
26.9 0.00025991
26.905 0.00018385
26.91 -0.0001355
26.915 -0.0005486
26.92 -0.0005046
26.925 -0.00013286
26.93 0.00020195
26.935 0.00031448
26.94 0.00024447
26.945 0.00012726
26.95 6.451e-005
26.955 7.7523e-005
26.96 0.00013198
26.965 0.00018226
26.97 0.00020531
26.975 0.00018044
26.98 -8.8702e-005
26.985 -0.00047245
26.99 -0.00043387
26.995 -5.8293e-005
27 0.00028309
27.005 0.00041023
27.01 0.00038633
27.015 0.0005557
27.02 0.00092737
27.025 0.0012099
27.03 0.0016007
27.035 0.0019693
27.04 0.002158
27.045 0.0021682
27.05 0.0020981
27.055 0.0020385
27.06 0.0020177
27.065 0.0019888
27.07 0.0016866
27.075 0.00097655
27.08 0.00028974
27.085 -7.0021e-005
27.09 -0.00033092
27.095 -0.00057908
27.1 -0.00047525
27.105 -0.00041734
27.11 -0.00062907
27.115 -0.00087797
27.12 -0.0012995
27.125 -0.0016955
27.13 -0.0018815
27.135 -0.0018689
27.14 -0.0017845
27.145 -0.0017373
27.15 -0.0017579
27.155 -0.0018153
27.16 -0.0018544
27.165 -0.0018921
27.17 -0.0021792
27.175 -0.0026115
27.18 -0.0028751
27.185 -0.0032337
27.19 -0.0035946
27.195 -0.0037976
27.2 -0.0038291
27.205 -0.0037781
27.21 -0.0037588
27.215 -0.0040121
27.22 -0.0044039
27.225 -0.0043674
27.23 -0.0040025
27.235 -0.0036537
27.24 -0.0035063
27.245 -0.0035077
27.25 -0.0033099
27.255 -0.0029096
27.26 -0.0026074
27.265 -0.0021883
27.27 -0.0017846
27.275 -0.0015378
27.28 -0.0012174
27.285 -0.00060315
27.29 -1.8831e-005
27.295 0.00025969
27.3 0.0002469
27.305 0.00012192
27.31 3.9341e-005
27.315 4.8833e-005
27.32 0.00011348
27.325 0.0001765
27.33 0.00020225
27.335 0.00019146
27.34 0.00016733
27.345 0.00014811
27.35 0.00013586
27.355 0.00012541
27.36 8.5269e-005
27.365 -0.00021047
27.37 -0.00084094
27.375 -0.0011649
27.38 -0.00078342
27.385 -0.00015163
27.39 0.00025374
27.395 0.0003387
27.4 0.00046831
27.405 0.00073453
27.41 0.00068273
27.415 0.00035902
27.42 -0.00016911
27.425 -0.00067516
27.43 -0.00089457
27.435 -0.0011474
27.44 -0.0014504
27.445 -0.0019
27.45 -0.002343
27.455 -0.0022738
27.46 -0.0018758
27.465 -0.0015384
27.47 -0.001468
27.475 -0.0018205
27.48 -0.0023247
27.485 -0.0023249
27.49 -0.0019269
27.495 -0.0015224
27.5 -0.0013369
27.505 -0.0013288
27.51 -0.001141
27.515 -0.00054982
27.52 7.2878e-005
27.525 0.00039813
27.53 0.00040837
27.535 0.00027838
27.54 0.00017764
27.545 0.00017049
27.55 0.00022684
27.555 0.00028531
27.56 0.0003126
27.565 0.00031107
27.57 0.00029952
27.575 0.00029331
27.58 0.00026957
27.585 8.9305e-006
27.59 -0.0005768
27.595 -0.00088774
27.6 -0.00053479
27.605 6.93e-005
27.61 0.00045369
27.615 0.00048904
27.62 0.00032265
27.625 0.00015918
27.63 0.00010403
27.635 0.0001171
27.64 -5.8481e-005
27.645 -0.00039383
27.65 -0.00062549
27.655 -0.0009427
27.66 -0.0012452
27.665 -0.0013974
27.67 -0.0013991
27.675 -0.001336
27.68 -0.0012864
27.685 -0.0012787
27.69 -0.0012992
27.695 -0.0013205
27.7 -0.0013262
27.705 -0.0013156
27.71 -0.0012714
27.715 -0.00099278
27.72 -0.00038334
27.725 0.00018397
27.73 0.00044064
27.735 0.0004194
27.74 0.00030114
27.745 0.00023377
27.75 0.00025717
27.755 0.00032701
27.76 0.00038469
27.765 0.00040129
27.77 0.00036174
27.775 0.00011013
27.78 -0.00025753
27.785 -0.00047686
27.79 -0.00074777
27.795 -0.0010051
27.8 -0.0011393
27.805 -0.0011502
27.81 -0.0011069
27.815 -0.0010744
27.82 -0.0010759
27.825 -0.0010961
27.83 -0.0010855
27.835 -0.00083577
27.84 -0.00025458
27.845 0.00029461
27.85 0.00054313
27.855 0.00049018
27.86 0.00011973
27.865 -0.00051483
27.87 -0.0010263
27.875 -0.0012006
27.88 -0.0011197
27.885 -0.00098057
27.89 -0.00091598
27.895 -0.00093894
27.9 -0.00096944
27.905 -0.0007628
27.91 -0.00020742
27.915 0.00034016
27.92 0.00060502
27.925 0.00059814
27.93 0.0004847
27.935 0.00041016
27.94 0.00042153
27.945 0.00048247
27.95 0.00053778
27.955 0.00055741
27.96 0.00054342
27.965 0.00051497
27.97 0.00046952
27.975 0.00025495
27.98 -3.7181e-005
27.985 7.5471e-007
27.99 0.00027472
27.995 0.00052035
28 0.00060669
28.005 0.00056348
28.01 0.00048467
28.015 0.00043934
28.02 0.00043745
28.025 0.00045522
28.03 0.0004666
28.035 0.00046121
28.04 0.00044346
28.045 0.00042564
28.05 0.00041657
28.055 0.00041823
28.06 0.00042688
28.065 0.00043578
28.07 0.00044257
28.075 0.00044962
28.08 0.0004571
28.085 0.00046643
28.09 0.00047853
28.095 0.00048973
28.1 0.000501
28.105 0.00052421
28.11 0.00054203
28.115 0.00053208
28.12 0.00050403
28.125 0.00043773
28.13 0.00014693
28.135 -0.00034723
28.14 -0.00070316
28.145 -0.00055515
28.15 1.5012e-005
28.155 0.00052789
28.16 0.00066402
28.165 0.00032566
28.17 -4.9077e-005
28.175 -2.9898e-005
28.18 0.0002589
28.185 0.00054532
28.19 0.00066918
28.195 0.00066983
28.2 0.00079606
28.205 0.00093401
28.21 0.00085237
28.215 0.00081455
28.22 0.00082302
28.225 0.00068289
28.23 0.00048224
28.235 0.00035242
28.24 0.00032863
28.245 0.00036483
28.25 0.00040289
28.255 0.00041435
28.26 0.00040136
28.265 0.00038091
28.27 0.0003676
28.275 0.00036497
28.28 0.00036805
28.285 0.00036864
28.29 0.00036407
28.295 0.00035521
28.3 0.00034576
28.305 0.00033788
28.31 0.00033401
28.315 0.00033365
28.32 0.00033375
28.325 0.00033426
28.33 0.00033607
28.335 0.00033895
28.34 0.0003404
28.345 0.00033883
28.35 0.0003348
28.355 0.00032855
28.36 0.00032178
28.365 0.00031671
28.37 0.0003135
28.375 0.00031106
28.38 0.00030857
28.385 0.000307
28.39 0.00030608
28.395 0.00030442
28.4 0.00030532
28.405 0.00035134
28.41 0.00061808
28.415 0.001013
28.42 0.001282
28.425 0.0013367
28.43 0.0012534
28.435 0.0011148
28.44 0.0008531
28.445 0.0006875
28.45 0.00056947
28.455 0.00039875
28.46 0.00024829
28.465 0.00016993
28.47 0.00011411
28.475 -0.00012511
28.48 -0.00048882
28.485 -0.0007103
28.49 -0.0005363
28.495 -0.00011366
28.5 0.00021744
28.505 0.00030994
28.51 0.00023158
28.515 0.00012191
28.52 7.1444e-005
28.525 9.0365e-005
28.53 0.00017187
28.535 0.00039927
28.54 0.00056376
28.545 0.00068091
28.55 0.00074679
28.555 0.00057946
28.56 0.00028334
28.565 0.00012834
28.57 0.0002569
28.575 0.00036707
28.58 0.00029866
28.585 0.00014551
28.59 2.7934e-005
28.595 -7.0263e-006
28.6 1.6402e-005
28.605 5.0152e-005
28.61 6.4318e-005
28.615 5.7006e-005
28.62 4.1253e-005
28.625 2.9674e-005
28.63 2.5437e-005
28.635 2.5535e-005
28.64 2.606e-005
28.645 2.4067e-005
28.65 1.8413e-005
28.655 9.8309e-006
28.66 9.0554e-007
28.665 -5.6879e-006
28.67 -9.4255e-006
28.675 -1.2687e-005
28.68 -1.5935e-005
28.685 -1.7848e-005
28.69 -1.9087e-005
28.695 -1.9835e-005
28.7 -1.8593e-005
28.705 -1.5758e-005
28.71 -1.2671e-005
28.715 -1.0413e-005
28.72 -9.4993e-006
28.725 -1.0861e-005
28.73 -1.5441e-005
28.735 -2.2119e-005
28.74 -2.8704e-005
28.745 -3.4747e-005
28.75 -4.1001e-005
28.755 -5.3113e-005
28.76 -0.00011341
28.765 -0.00025663
28.77 -0.00034112
28.775 -0.00037294
28.78 -0.00029576
28.785 -0.00020019
28.79 -0.000278
28.795 -0.00046453
28.8 -0.00060785
28.805 -0.00064323
28.81 -0.00060053
28.815 -0.00054244
28.82 -0.00050983
28.825 -0.00050611
28.83 -0.00051431
28.835 -0.00051821
28.84 -0.00051075
28.845 -0.00049488
28.85 -0.00047795
28.855 -0.00046503
28.86 -0.00045617
28.865 -0.00044818
28.87 -0.00043832
28.875 -0.00042635
28.88 -0.0004141
28.885 -0.00040276
28.89 -0.00039241
28.895 -0.00038296
28.9 -0.00037432
28.905 -0.00036586
28.91 -0.00035752
28.915 -0.00034881
28.92 -0.00033953
28.925 -0.00033025
28.93 -0.00032025
28.935 -0.00030978
28.94 -0.00029922
28.945 -0.00028831
28.95 -0.00027737
28.955 -0.00026634
28.96 -0.00025584
28.965 -0.00024623
28.97 -0.00023737
28.975 -0.00022876
28.98 -0.00022034
28.985 -0.00021251
28.99 -0.00020525
28.995 -0.0001985
29 -0.0001916
29.005 -0.0001847
29.01 -0.0001774
29.015 -0.0001694
29.02 -0.00016146
29.025 -0.0001562
29.03 -0.00018435
29.035 -0.00027938
29.04 -0.00038052
29.045 -0.00043036
29.05 -0.00042445
29.055 -0.00041776
29.06 -0.00044423
29.065 -0.00042822
29.07 -0.00036772
29.075 -0.00030597
29.08 -0.0002693
29.085 -0.00025376
29.09 -0.00021918
29.095 -0.0001482
29.1 -9.5778e-005
29.105 -3.5623e-005
29.11 2.3522e-005
29.115 5.8758e-005
29.12 6.8269e-005
29.125 6.7149e-005
29.13 8.994e-005
29.135 0.00016513
29.14 0.0002463
29.145 0.00028718
29.15 0.00028467
29.155 0.00026233
29.16 0.00024427
29.165 0.00023962
29.17 0.000244
29.175 0.00024927
29.18 0.00025091
29.185 0.00024838
29.19 0.00024463
29.195 0.00024041
29.2 0.00021926
29.205 0.00016352
29.21 0.00010608
29.215 7.7696e-005
29.22 7.9203e-005
29.225 9.3357e-005
29.23 0.00010456
29.235 0.0001076
29.24 0.00010546
29.245 0.00010369
29.25 0.00010549
29.255 0.0001103
29.26 0.00011597
29.265 0.00012052
29.27 0.0001233
29.275 0.00012502
29.28 0.00012659
29.285 0.00012854
29.29 0.00013081
29.295 0.00013311
29.3 0.00013522
29.305 0.00013709
29.31 0.00013895
29.315 0.00014101
29.32 0.00014286
29.325 0.00014404
29.33 0.00014488
29.335 0.00014538
29.34 0.0001455
29.345 0.00014581
29.35 0.00014639
29.355 0.00014705
29.36 0.00014793
29.365 0.00014967
29.37 0.00015865
29.375 0.0001756
29.38 0.0001856
29.385 0.00019619
29.39 0.00020643
29.395 0.0002117
29.4 0.00021656
29.405 0.00022418
29.41 0.00022016
29.415 0.00021149
29.42 0.00020955
29.425 0.00020821
29.43 0.00020752
29.435 0.00019863
29.44 0.00018902
29.445 0.00018727
29.45 0.00018646
29.455 0.00018535
29.46 0.00017608
29.465 0.00016227
29.47 0.000151
29.475 0.0001416
29.48 0.00012878
29.485 0.00011682
29.49 0.0001105
29.495 0.00010965
29.5 0.00011109
29.505 0.00011203
29.51 0.00011161
29.515 0.00011043
29.52 0.00010931
29.525 0.00010861
29.53 0.00010853
29.535 0.00011085
29.54 0.00011727
29.545 0.00012301
29.55 0.0001242
29.555 0.00012114
29.56 0.00011633
29.565 0.00011206
29.57 0.00010909
29.575 0.00010694
29.58 0.00010479
29.585 0.00010224
29.59 9.9339e-005
29.595 9.6449e-005
29.6 9.3831e-005
29.605 9.1288e-005
29.61 8.7684e-005
29.615 8.1964e-005
29.62 7.6476e-005
29.625 7.3195e-005
29.63 7.1974e-005
29.635 7.1569e-005
29.64 7.0894e-005
29.645 6.9645e-005
29.65 6.805e-005
29.655 6.6432e-005
29.66 6.4954e-005
29.665 6.3679e-005
29.67 6.2528e-005
29.675 6.1837e-005
29.68 6.164e-005
29.685 6.0811e-005
29.69 5.9933e-005
29.695 5.8713e-005
29.7 5.6824e-005
29.705 5.5378e-005
29.71 5.447e-005
29.715 5.358e-005
29.72 5.2302e-005
29.725 5.0641e-005
29.73 4.884e-005
29.735 4.7097e-005
29.74 4.5472e-005
29.745 4.3911e-005
29.75 4.2378e-005
29.755 4.0858e-005
29.76 3.9391e-005
29.765 3.7994e-005
29.77 3.6658e-005
29.775 3.5366e-005
29.78 3.4122e-005
29.785 3.293e-005
29.79 3.177e-005
29.795 3.0632e-005
29.8 2.9482e-005
29.805 2.8384e-005
29.81 2.7429e-005
29.815 2.6505e-005
29.82 2.5509e-005
29.825 2.439e-005
29.83 2.3186e-005
29.835 2.2054e-005
29.84 2.1062e-005
29.845 2.0164e-005
29.85 1.9341e-005
29.855 1.8574e-005
29.86 1.7848e-005
29.865 1.716e-005
29.87 1.6504e-005
29.875 1.5879e-005
29.88 1.5277e-005
29.885 1.4684e-005
29.89 1.4118e-005
29.895 1.3581e-005
29.9 1.3071e-005
29.905 1.2586e-005
29.91 1.2125e-005
29.915 1.1699e-005
29.92 1.1317e-005
29.925 1.0981e-005
29.93 1.0684e-005
29.935 1.0423e-005
29.94 1.0194e-005
29.945 9.9943e-006
29.95 9.8214e-006
29.955 9.6736e-006
29.96 9.5505e-006
29.965 9.4527e-006
29.97 9.3811e-006
29.975 9.3367e-006
