0.005 0.00015232
0.01 0.00015819
0.015 0.00015032
0.02 0.0001571
0.025 0.0001496
0.03 0.00015506
0.035 0.00014486
0.04 0.00014955
0.045 0.00014064
0.05 0.00014506
0.055 0.00013358
0.06 0.00013633
0.065 0.00012814
0.07 0.00013559
0.075 0.00012416
0.08 0.00012552
0.085 0.00011495
0.09 0.00012444
0.095 0.0001187
0.1 0.00012714
0.105 0.00011371
0.11 0.00010561
0.115 8.5963e-005
0.12 8.2314e-005
0.125 6.4563e-005
0.13 6.6428e-005
0.135 7.2678e-005
0.14 0.0001136
0.145 0.00013217
0.15 0.00014352
0.155 0.00014213
0.16 0.00018513
0.165 0.00024884
0.17 0.00031218
0.175 0.00028152
0.18 0.00019002
0.185 0.00010166
0.19 7.421e-005
0.195 4.4301e-005
0.2 -3.331e-005
0.205 -0.00022407
0.21 -0.00043718
0.215 -0.00057065
0.22 -0.00051491
0.225 -0.00031882
0.23 -0.00010996
0.235 -9.0412e-006
0.24 3.0138e-005
0.245 8.8933e-005
0.25 0.00020137
0.255 0.00037585
0.26 0.00051283
0.265 0.00041238
0.27 0.00013807
0.275 -0.00016354
0.28 -0.00019539
0.285 9.3996e-005
0.29 0.00044808
0.295 0.00069532
0.3 0.0011352
0.305 0.0014529
0.31 0.0013883
0.315 0.00086928
0.32 -6.2138e-006
0.325 -0.0010085
0.33 -0.0017746
0.335 -0.0022974
0.34 -0.0024569
0.345 -0.0022735
0.35 -0.0017963
0.355 -0.0011384
0.36 -0.00017548
0.365 0.00094243
0.37 0.0016652
0.375 0.0014197
0.38 0.00038843
0.385 -0.00072932
0.39 -0.0014145
0.395 -0.001911
0.4 -0.0021814
0.405 -0.0024318
0.41 -0.0025259
0.415 -0.0025885
0.42 -0.0028057
0.425 -0.0028173
0.43 -0.0026544
0.435 -0.0028285
0.44 -0.0032966
0.445 -0.0033742
0.45 -0.0026427
0.455 -0.0012118
0.46 0.00044648
0.465 0.0016332
0.47 0.0021146
0.475 0.0020233
0.48 0.0012975
0.485 0.00012583
0.49 -0.00088976
0.495 -0.0014553
0.5 -0.0011186
0.505 4.6099e-005
0.51 0.0015165
0.515 0.0024347
0.52 0.0015332
0.525 -0.0017041
0.53 -0.0054838
0.535 -0.0076277
0.54 -0.0078842
0.545 -0.0076715
0.55 -0.0068554
0.555 -0.0047895
0.56 -0.0013107
0.565 0.0026533
0.57 0.0055847
0.575 0.0067264
0.58 0.00612
0.585 0.0031823
0.59 -0.0012587
0.595 -0.0041281
0.6 -0.0039414
0.605 -0.0024381
0.61 -0.0020586
0.615 -0.0031127
0.62 -0.0029024
0.625 -0.00024096
0.63 0.0032012
0.635 0.0045681
0.64 0.00090916
0.645 -0.0085448
0.65 -0.01546
0.655 -0.013625
0.66 -0.0056567
0.665 0.0015133
0.67 0.004149
0.675 0.00342
0.68 0.0016312
0.685 -0.00047046
0.69 -0.0038982
0.695 -0.010134
0.7 -0.017503
0.705 -0.022386
0.71 -0.02148
0.715 -0.014703
0.72 -0.0049086
0.725 0.0029614
0.73 0.0065884
0.735 0.0078091
0.74 0.0099827
0.745 0.012927
0.75 0.014023
0.755 0.011985
0.76 0.0099341
0.765 0.011289
0.77 0.01509
0.775 0.015535
0.78 0.0099894
0.785 0.003456
0.79 -0.00075154
0.795 -0.0051435
0.8 -0.011556
0.805 -0.019976
0.81 -0.027457
0.815 -0.031357
0.82 -0.030458
0.825 -0.025497
0.83 -0.01563
0.835 -0.002191
0.84 0.0090214
0.845 0.017922
0.85 0.030505
0.855 0.045107
0.86 0.055057
0.865 0.054824
0.87 0.044318
0.875 0.027092
0.88 0.01036
0.885 -0.0010587
0.89 -0.0089784
0.895 -0.01851
0.9 -0.030957
0.905 -0.040856
0.91 -0.042932
0.915 -0.038468
0.92 -0.029842
0.925 -0.01794
0.93 -0.0041103
0.935 0.005538
0.94 0.0085388
0.945 0.010696
0.95 0.018707
0.955 0.030347
0.96 0.036921
0.965 0.036011
0.97 0.032707
0.975 0.030754
0.98 0.028405
0.985 0.02184
0.99 0.010211
0.995 -0.0012696
1 -0.0055916
1.005 -0.0039776
1.01 -0.0032105
1.015 -0.0068491
1.02 -0.014534
1.025 -0.023479
1.03 -0.030215
1.035 -0.034052
1.04 -0.037336
1.045 -0.040619
1.05 -0.040458
1.055 -0.033581
1.06 -0.017797
1.065 0.00419
1.07 0.02349
1.075 0.033976
1.08 0.036356
1.085 0.036908
1.09 0.041791
1.095 0.052272
1.1 0.062806
1.105 0.066224
1.11 0.062574
1.115 0.055852
1.12 0.046446
1.125 0.027615
1.13 0.0055187
1.135 -0.010285
1.14 -0.020159
1.145 -0.028751
1.15 -0.03931
1.155 -0.050693
1.16 -0.059768
1.165 -0.062186
1.17 -0.056957
1.175 -0.044904
1.18 -0.028995
1.185 -0.01523
1.19 -0.0077098
1.195 -0.0038994
1.2 0.002574
1.205 0.013802
1.21 0.027864
1.215 0.037893
1.22 0.037532
1.225 0.026681
1.23 0.011696
1.235 0.00084903
1.24 -0.0064175
1.245 -0.015899
1.25 -0.028024
1.255 -0.03692
1.26 -0.038875
1.265 -0.034809
1.27 -0.026264
1.275 -0.017221
1.28 -0.011537
1.285 -0.0079776
1.29 -0.004177
1.295 -0.00010099
1.3 0.001566
1.305 0.00060901
1.31 0.00019708
1.315 0.0021954
1.32 0.0050888
1.325 0.0076327
1.33 0.0092938
1.335 0.0092504
1.34 0.0061152
1.345 -0.00096554
1.35 -0.0099125
1.355 -0.016331
1.36 -0.016845
1.365 -0.012006
1.37 -0.0056498
1.375 -0.0014043
1.38 -0.0014812
1.385 -0.0045837
1.39 -0.0069898
1.395 -0.0053457
1.4 0.0028907
1.405 0.013206
1.41 0.018111
1.415 0.016029
1.42 0.011133
1.425 0.0093453
1.43 0.012532
1.435 0.017481
1.44 0.019211
1.445 0.011547
1.45 -0.0096497
1.455 -0.030801
1.46 -0.038961
1.465 -0.035217
1.47 -0.027456
1.475 -0.01975
1.48 -0.010893
1.485 0.0011705
1.49 0.013607
1.495 0.022769
1.5 0.027593
1.505 0.028079
1.51 0.024061
1.515 0.018667
1.52 0.016433
1.525 0.019744
1.53 0.02674
1.535 0.033582
1.54 0.037351
1.545 0.037926
1.55 0.03704
1.555 0.033945
1.56 0.029444
1.565 0.024206
1.57 0.022153
1.575 0.029328
1.58 0.047749
1.585 0.069648
1.59 0.089257
1.595 0.10439
1.6 0.11999
1.605 0.1352
1.61 0.1463
1.615 0.15255
1.62 0.15513
1.625 0.15622
1.63 0.15498
1.635 0.14834
1.64 0.13447
1.645 0.11464
1.65 0.088907
1.655 0.062298
1.66 0.033297
1.665 -0.00096876
1.67 -0.024205
1.675 -0.028382
1.68 -0.023169
1.685 -0.019594
1.69 -0.020505
1.695 -0.024953
1.7 -0.032445
1.705 -0.042823
1.71 -0.054272
1.715 -0.061598
1.72 -0.052013
1.725 -0.030337
1.73 -0.006318
1.735 0.017457
1.74 0.041238
1.745 0.069759
1.75 0.10086
1.755 0.11919
1.76 0.11925
1.765 0.10695
1.77 0.090837
1.775 0.07898
1.78 0.073243
1.785 0.067052
1.79 0.052208
1.795 0.028263
1.8 -0.00010251
1.805 -0.021129
1.81 -0.029261
1.815 -0.030917
1.82 -0.033111
1.825 -0.036653
1.83 -0.040775
1.835 -0.048288
1.84 -0.056917
1.845 -0.059793
1.85 -0.049341
1.855 -0.026824
1.86 0.00013963
1.865 0.031101
1.87 0.071723
1.875 0.10608
1.88 0.13682
1.885 0.16975
1.89 0.19401
1.895 0.21307
1.9 0.22836
1.905 0.2395
1.91 0.24304
1.915 0.23579
1.92 0.22416
1.925 0.21285
1.93 0.19486
1.935 0.16137
1.94 0.12162
1.945 0.081276
1.95 0.041976
1.955 0.0029713
1.96 -0.041353
1.965 -0.086625
1.97 -0.12802
1.975 -0.16175
1.98 -0.18993
1.985 -0.2162
1.99 -0.23513
1.995 -0.24564
2 -0.25141
2.005 -0.25718
2.01 -0.26818
2.015 -0.28191
2.02 -0.28813
2.025 -0.28554
2.03 -0.28336
2.035 -0.28883
2.04 -0.30233
2.045 -0.31759
2.05 -0.33156
2.055 -0.34437
2.06 -0.35557
2.065 -0.36449
2.07 -0.3711
2.075 -0.3747
2.08 -0.37476
2.085 -0.36826
2.09 -0.34614
2.095 -0.30932
2.1 -0.26956
2.105 -0.23182
2.11 -0.20173
2.115 -0.17668
2.12 -0.1551
2.125 -0.13702
2.13 -0.11928
2.135 -0.10178
2.14 -0.084549
2.145 -0.068552
2.15 -0.058107
2.155 -0.055711
2.16 -0.058793
2.165 -0.067052
2.17 -0.083583
2.175 -0.099936
2.18 -0.10442
2.185 -0.095463
2.19 -0.074043
2.195 -0.045958
2.2 -0.0087008
2.205 0.042163
2.21 0.095948
2.215 0.14945
2.22 0.21042
2.225 0.26165
2.23 0.29216
2.235 0.30938
2.24 0.31804
2.245 0.32347
2.25 0.33548
2.255 0.34815
2.26 0.34178
2.265 0.30689
2.27 0.26364
2.275 0.23007
2.28 0.19532
2.285 0.15125
2.29 0.10916
2.295 0.080351
2.3 0.055748
2.305 0.024814
2.31 -0.0071886
2.315 -0.039984
2.32 -0.068768
2.325 -0.087733
2.33 -0.096316
2.335 -0.10359
2.34 -0.12288
2.345 -0.14423
2.35 -0.14626
2.355 -0.11169
2.36 -0.055948
2.365 0.0020268
2.37 0.051447
2.375 0.081334
2.38 0.10649
2.385 0.13913
2.39 0.16963
2.395 0.18912
2.4 0.19764
2.405 0.19893
2.41 0.19377
2.415 0.17361
2.42 0.13544
2.425 0.087056
2.43 0.033081
2.435 -0.022607
2.44 -0.074798
2.445 -0.11577
2.45 -0.16227
2.455 -0.21554
2.46 -0.26171
2.465 -0.30023
2.47 -0.33424
2.475 -0.3631
2.48 -0.38372
2.485 -0.40591
2.49 -0.4222
2.495 -0.42589
2.5 -0.41024
2.505 -0.38436
2.51 -0.35925
2.515 -0.33511
2.52 -0.29937
2.525 -0.24121
2.53 -0.15661
2.535 -0.050949
2.54 0.055244
2.545 0.13593
2.55 0.19883
2.555 0.24555
2.56 0.26393
2.565 0.26231
2.57 0.25461
2.575 0.25003
2.58 0.24808
2.585 0.24456
2.59 0.23566
2.595 0.21751
2.6 0.18784
2.605 0.15287
2.61 0.12366
2.615 0.10274
2.62 0.085778
2.625 0.073898
2.63 0.067505
2.635 0.060918
2.64 0.053627
2.645 0.045009
2.65 0.031193
2.655 0.0075851
2.66 -0.02142
2.665 -0.055169
2.67 -0.091296
2.675 -0.1326
2.68 -0.16199
2.685 -0.17029
2.69 -0.15213
2.695 -0.10539
2.7 -0.032927
2.705 0.048514
2.71 0.1178
2.715 0.16021
2.72 0.17248
2.725 0.17236
2.73 0.1752
2.735 0.18136
2.74 0.1838
2.745 0.18018
2.75 0.1749
2.755 0.17289
2.76 0.17434
2.765 0.17704
2.77 0.17788
2.775 0.17515
2.78 0.16816
2.785 0.15665
2.79 0.14157
2.795 0.126
2.8 0.11052
2.805 0.098452
2.81 0.095721
2.815 0.10218
2.82 0.11413
2.825 0.12744
2.83 0.13819
2.835 0.14319
2.84 0.13946
2.845 0.12218
2.85 0.088304
2.855 0.04897
2.86 0.015609
2.865 -0.011145
2.87 -0.035034
2.875 -0.059688
2.88 -0.078253
2.885 -0.087353
2.89 -0.090257
2.895 -0.090336
2.9 -0.089848
2.905 -0.090282
2.91 -0.093009
2.915 -0.1012
2.92 -0.11557
2.925 -0.13562
2.93 -0.15884
2.935 -0.1842
2.94 -0.20241
2.945 -0.20649
2.95 -0.20194
2.955 -0.19483
2.96 -0.18596
2.965 -0.17564
2.97 -0.16332
2.975 -0.14911
2.98 -0.13695
2.985 -0.12765
2.99 -0.12081
2.995 -0.10999
3 -0.082925
3.005 -0.044122
3.01 -0.0028051
3.015 0.030854
3.02 0.058216
3.025 0.078378
3.03 0.087653
3.035 0.087793
3.04 0.080705
3.045 0.070891
3.05 0.059452
3.055 0.048374
3.06 0.03481
3.065 0.018836
3.07 -0.0064517
3.075 -0.045186
3.08 -0.080657
3.085 -0.11006
3.09 -0.14077
3.095 -0.17491
3.1 -0.20967
3.105 -0.24124
3.11 -0.27083
3.115 -0.29442
3.12 -0.31548
3.125 -0.33308
3.13 -0.34567
3.135 -0.35749
3.14 -0.36808
3.145 -0.37322
3.15 -0.36956
3.155 -0.35857
3.16 -0.33889
3.165 -0.30617
3.17 -0.23846
3.175 -0.13718
3.18 -0.026587
3.185 0.075234
3.19 0.16601
3.195 0.22731
3.2 0.27932
3.205 0.33062
3.21 0.38089
3.215 0.41513
3.22 0.43099
3.225 0.44289
3.23 0.45028
3.235 0.45233
3.24 0.44891
3.245 0.4419
3.25 0.42777
3.255 0.40567
3.26 0.37767
3.265 0.34507
3.27 0.31273
3.275 0.28816
3.28 0.27
3.285 0.256
3.29 0.24745
3.295 0.24243
3.3 0.23411
3.305 0.21789
3.31 0.19507
3.315 0.18116
3.32 0.17639
3.325 0.17007
3.33 0.15812
3.335 0.14441
3.34 0.13294
3.345 0.12118
3.35 0.10645
3.355 0.088952
3.36 0.07115
3.365 0.052636
3.37 0.031785
3.375 0.010892
3.38 -0.0031315
3.385 -0.0059346
3.39 -0.00042727
3.395 0.010257
3.4 0.018689
3.405 0.021385
3.41 0.020254
3.415 0.016057
3.42 0.010278
3.425 0.002196
3.43 -0.010406
3.435 -0.024396
3.44 -0.03583
3.445 -0.041714
3.45 -0.040671
3.455 -0.032577
3.46 -0.013962
3.465 0.011657
3.47 0.035128
3.475 0.046568
3.48 0.04495
3.485 0.038778
3.49 0.031192
3.495 0.022209
3.5 0.017035
3.505 0.020216
3.51 0.032228
3.515 0.046207
3.52 0.05431
3.525 0.052799
3.53 0.041549
3.535 0.01997
3.54 -0.0027424
3.545 -0.023884
3.55 -0.04712
3.555 -0.074177
3.56 -0.10692
3.565 -0.13734
3.57 -0.16197
3.575 -0.18116
3.58 -0.19308
3.585 -0.19794
3.59 -0.2028
3.595 -0.21269
3.6 -0.22806
3.605 -0.24674
3.61 -0.26312
3.615 -0.27231
3.62 -0.27417
3.625 -0.27702
3.63 -0.28531
3.635 -0.29395
3.64 -0.30233
3.645 -0.30966
3.65 -0.3097
3.655 -0.30072
3.66 -0.28626
3.665 -0.27271
3.67 -0.26092
3.675 -0.24036
3.68 -0.20645
3.685 -0.16456
3.69 -0.12096
3.695 -0.081917
3.7 -0.055274
3.705 -0.030162
3.71 -0.0027198
3.715 0.019422
3.72 0.033544
3.725 0.043519
3.73 0.054549
3.735 0.070569
3.74 0.094998
3.745 0.12398
3.75 0.15129
3.755 0.18049
3.76 0.21303
3.765 0.2348
3.77 0.24458
3.775 0.24931
3.78 0.25257
3.785 0.25459
3.79 0.25254
3.795 0.24522
3.8 0.23491
3.805 0.22308
3.81 0.19041
3.815 0.12676
3.82 0.062256
3.825 0.027119
3.83 0.01949
3.835 0.021268
3.84 0.017305
3.845 0.0086266
3.85 0.0042663
3.855 0.0095079
3.86 0.020559
3.865 0.028557
3.87 0.027588
3.875 0.018367
3.88 0.0060155
3.885 -0.0002136
3.89 0.0011913
3.895 0.0056705
3.9 0.0088795
3.905 0.0096093
3.91 0.0074693
3.915 0.0041043
3.92 0.0018496
3.925 5.276e-005
3.93 -0.0033136
3.935 -0.0077409
3.94 -0.01273
3.945 -0.018319
3.95 -0.025193
3.955 -0.034042
3.96 -0.044451
3.965 -0.051394
3.97 -0.053687
3.975 -0.054034
3.98 -0.053406
3.985 -0.05049
3.99 -0.045678
3.995 -0.039443
4 -0.029305
4.005 -0.016271
4.01 -0.0091334
4.015 -0.011182
4.02 -0.01575
4.025 -0.01407
4.03 -0.0053514
4.035 0.0024552
4.04 0.0026042
4.045 -0.0054014
4.05 -0.017714
4.055 -0.027667
4.06 -0.028375
4.065 -0.023162
4.07 -0.020549
4.075 -0.023022
4.08 -0.028132
4.085 -0.035417
4.09 -0.042625
4.095 -0.048028
4.1 -0.054444
4.105 -0.063108
4.11 -0.074628
4.115 -0.085039
4.12 -0.090722
4.125 -0.092083
4.13 -0.090493
4.135 -0.086091
4.14 -0.07661
4.145 -0.057136
4.15 -0.031075
4.155 -0.0026151
4.16 0.022495
4.165 0.04358
4.17 0.062294
4.175 0.081949
4.18 0.10134
4.185 0.11709
4.19 0.12879
4.195 0.13638
4.2 0.13922
4.205 0.13829
4.21 0.13324
4.215 0.1243
4.22 0.11326
4.225 0.10036
4.23 0.08797
4.235 0.078432
4.24 0.068129
4.245 0.05565
4.25 0.042471
4.255 0.029086
4.26 0.015867
4.265 0.0029222
4.27 -0.010255
4.275 -0.025186
4.28 -0.041887
4.285 -0.054525
4.29 -0.062104
4.295 -0.067081
4.3 -0.071065
4.305 -0.074004
4.31 -0.074711
4.315 -0.072445
4.32 -0.067208
4.325 -0.058398
4.33 -0.047147
4.335 -0.036953
4.34 -0.029067
4.345 -0.022175
4.35 -0.016374
4.355 -0.012415
4.36 -0.0093191
4.365 -0.0067745
4.37 -0.0045814
4.375 -0.0029914
4.38 -0.0017085
4.385 -0.00066565
4.39 -0.00053587
4.395 -0.0021299
4.4 -0.0062908
4.405 -0.015794
4.41 -0.031005
4.415 -0.048343
4.42 -0.062743
4.425 -0.076146
4.43 -0.087434
4.435 -0.092541
4.44 -0.093614
4.445 -0.094246
4.45 -0.095522
4.455 -0.094665
4.46 -0.085863
4.465 -0.059746
4.47 -0.023365
4.475 0.015983
4.48 0.050296
4.485 0.072388
4.49 0.089667
4.495 0.10807
4.5 0.12637
4.505 0.14142
4.51 0.15179
4.515 0.15967
4.52 0.1646
4.525 0.16558
4.53 0.16104
4.535 0.15095
4.54 0.13634
4.545 0.12205
4.55 0.11085
4.555 0.10081
4.56 0.092518
4.565 0.086765
4.57 0.083331
4.575 0.080114
4.58 0.074157
4.585 0.06288
4.59 0.039214
4.595 0.0062499
4.6 -0.031493
4.605 -0.065903
4.61 -0.097496
4.615 -0.12913
4.62 -0.15527
4.625 -0.17689
4.63 -0.19216
4.635 -0.19857
4.64 -0.19908
4.645 -0.19647
4.65 -0.19078
4.655 -0.17972
4.66 -0.15935
4.665 -0.13435
4.67 -0.11289
4.675 -0.095034
4.68 -0.076041
4.685 -0.053496
4.69 -0.033401
4.695 -0.019421
4.7 -0.010798
4.705 -0.005588
4.71 0.00083778
4.715 0.0091882
4.72 0.016264
4.725 0.020049
4.73 0.021416
4.735 0.023534
4.74 0.02674
4.745 0.030806
4.75 0.034608
4.755 0.035218
4.76 0.031297
4.765 0.023655
4.77 0.013353
4.775 0.0035622
4.78 -0.0020601
4.785 -0.0020255
4.79 0.0025278
4.795 0.011317
4.8 0.02399
4.805 0.036605
4.81 0.046586
4.815 0.054443
4.82 0.061914
4.825 0.069162
4.83 0.0741
4.835 0.077039
4.84 0.078775
4.845 0.078354
4.85 0.07416
4.855 0.065879
4.86 0.052559
4.865 0.038206
4.87 0.026815
4.875 0.017457
4.88 0.0065456
4.885 -0.0099384
4.89 -0.027984
4.895 -0.047224
4.9 -0.064929
4.905 -0.07887
4.91 -0.087702
4.915 -0.089472
4.92 -0.086681
4.925 -0.08206
4.93 -0.073748
4.935 -0.056866
4.94 -0.029796
4.945 0.0069472
4.95 0.041911
4.955 0.066512
4.96 0.084799
4.965 0.10134
4.97 0.11569
4.975 0.12599
4.98 0.1312
4.985 0.13343
4.99 0.13239
4.995 0.12727
5 0.11875
5.005 0.10889
5.01 0.099154
5.015 0.089749
5.02 0.080014
5.025 0.06775
5.03 0.051326
5.035 0.033579
5.04 0.01618
5.045 -0.001152
5.05 -0.017168
5.055 -0.029289
5.06 -0.038542
5.065 -0.043824
5.07 -0.044754
5.075 -0.04228
5.08 -0.035683
5.085 -0.022642
5.09 -0.0078705
5.095 0.0046256
5.1 0.012963
5.105 0.015862
5.11 0.015204
5.115 0.013889
5.12 0.012417
5.125 0.0096418
5.13 0.0020398
5.135 -0.0093032
5.14 -0.02112
5.145 -0.030699
5.15 -0.038873
5.155 -0.048722
5.16 -0.057485
5.165 -0.062506
5.17 -0.064518
5.175 -0.065229
5.18 -0.065646
5.185 -0.06576
5.19 -0.065629
5.195 -0.066017
5.2 -0.06788
5.205 -0.071452
5.21 -0.07593
5.215 -0.081419
5.22 -0.08606
5.225 -0.08795
5.23 -0.086275
5.235 -0.079901
5.24 -0.065109
5.245 -0.044507
5.25 -0.020668
5.255 0.00096929
5.26 0.01401
5.265 0.019914
5.27 0.022692
5.275 0.024533
5.28 0.025343
5.285 0.024463
5.29 0.022536
5.295 0.021908
5.3 0.023207
5.305 0.025918
5.31 0.029131
5.315 0.031485
5.32 0.031767
5.325 0.028843
5.33 0.023703
5.335 0.017628
5.34 0.0097077
5.345 -0.00034425
5.35 -0.012938
5.355 -0.027224
5.36 -0.041497
5.365 -0.05384
5.37 -0.062406
5.375 -0.065446
5.38 -0.064063
5.385 -0.059839
5.39 -0.05265
5.395 -0.042507
5.4 -0.030637
5.405 -0.01731
5.41 -0.0041573
5.415 0.0099869
5.42 0.023298
5.425 0.035227
5.43 0.046886
5.435 0.057153
5.44 0.064261
5.445 0.06687
5.45 0.066047
5.455 0.063457
5.46 0.060137
5.465 0.057241
5.47 0.055298
5.475 0.05414
5.48 0.05318
5.485 0.051953
5.49 0.050633
5.495 0.049316
5.5 0.047561
5.505 0.044275
5.51 0.03942
5.515 0.034916
5.52 0.031507
5.525 0.028011
5.53 0.02259
5.535 0.014158
5.54 0.0039206
5.545 -0.0036116
5.55 -0.0067987
5.555 -0.007488
5.56 -0.0087483
5.565 -0.012322
5.57 -0.016389
5.575 -0.01889
5.58 -0.019837
5.585 -0.021032
5.59 -0.022421
5.595 -0.02204
5.6 -0.018669
5.605 -0.012927
5.61 -0.0073392
5.615 -0.0031495
5.62 0.0010943
5.625 0.0062934
5.63 0.012401
5.635 0.017206
5.64 0.019064
5.645 0.017703
5.65 0.015511
5.655 0.014978
5.66 0.01554
5.665 0.014656
5.67 0.010932
5.675 0.005939
5.68 0.00215
5.685 9.163e-006
5.69 -0.0020874
5.695 -0.0052475
5.7 -0.0092257
5.705 -0.012561
5.71 -0.014982
5.715 -0.01844
5.72 -0.02427
5.725 -0.032475
5.73 -0.04074
5.735 -0.047014
5.74 -0.050715
5.745 -0.053361
5.75 -0.056759
5.755 -0.060393
5.76 -0.06222
5.765 -0.060628
5.77 -0.055362
5.775 -0.047724
5.78 -0.039824
5.785 -0.032654
5.79 -0.026543
5.795 -0.021911
5.8 -0.017385
5.805 -0.012045
5.81 -0.0073429
5.815 -0.0047193
5.82 -0.0022786
5.825 0.0018748
5.83 0.0081807
5.835 0.016629
5.84 0.024606
5.845 0.029093
5.85 0.029596
5.855 0.027422
5.86 0.022756
5.865 0.014632
5.87 0.0019363
5.875 -0.012597
5.88 -0.028734
5.885 -0.043705
5.89 -0.056101
5.895 -0.065174
5.9 -0.072844
5.905 -0.079547
5.91 -0.083639
5.915 -0.085988
5.92 -0.087693
5.925 -0.087533
5.93 -0.084905
5.935 -0.081018
5.94 -0.076108
5.945 -0.070686
5.95 -0.064738
5.955 -0.056396
5.96 -0.045194
5.965 -0.030928
5.97 -0.013471
5.975 0.0040848
5.98 0.023256
5.985 0.041639
5.99 0.055671
5.995 0.067048
6 0.076946
6.005 0.082107
6.01 0.080912
6.015 0.075362
6.02 0.068093
6.025 0.061708
6.03 0.056754
6.035 0.050659
6.04 0.04178
6.045 0.028776
6.05 0.011367
6.055 -0.009344
6.06 -0.028225
6.065 -0.042536
6.07 -0.054215
6.075 -0.065126
6.08 -0.074353
6.085 -0.07855
6.09 -0.07664
6.095 -0.069888
6.1 -0.058132
6.105 -0.040496
6.11 -0.020679
6.115 0.00079215
6.12 0.024969
6.125 0.047125
6.13 0.062405
6.135 0.071205
6.14 0.075907
6.145 0.077402
6.15 0.076047
6.155 0.07208
6.16 0.065106
6.165 0.055907
6.17 0.046926
6.175 0.038765
6.18 0.030921
6.185 0.02211
6.19 0.01291
6.195 0.0053348
6.2 -0.0013626
6.205 -0.0075451
6.21 -0.013019
6.215 -0.016662
6.22 -0.017457
6.225 -0.015758
6.23 -0.013097
6.235 -0.010075
6.24 -0.0068925
6.245 -0.004233
6.25 -0.002565
6.255 -0.0020655
6.26 -0.0015918
6.265 5.0136e-005
6.27 0.0023731
6.275 0.004081
6.28 0.0037274
6.285 0.00060413
6.29 -0.0049355
6.295 -0.0095342
6.3 -0.011333
6.305 -0.010322
6.31 -0.0070526
6.315 -0.003393
6.32 -0.00081035
6.325 0.00043013
6.33 0.00043778
6.335 -0.00076385
6.34 -0.0031593
6.345 -0.0071279
6.35 -0.012655
6.355 -0.018659
6.36 -0.023009
6.365 -0.024317
6.37 -0.02322
6.375 -0.020157
6.38 -0.015462
6.385 -0.0092412
6.39 -0.0019147
6.395 0.0062733
6.4 0.014009
6.405 0.021189
6.41 0.028342
6.415 0.034833
6.42 0.040598
6.425 0.045497
6.43 0.049199
6.435 0.051421
6.44 0.052204
6.445 0.051766
6.45 0.051578
6.455 0.052932
6.46 0.055084
6.465 0.057081
6.47 0.058916
6.475 0.06108
6.48 0.062995
6.485 0.063333
6.49 0.059604
6.495 0.051053
6.5 0.039049
6.505 0.027229
6.51 0.014799
6.515 0.0037391
6.52 -0.0046279
6.525 -0.013959
6.53 -0.022638
6.535 -0.025338
6.54 -0.022041
6.545 -0.016363
6.55 -0.011332
6.555 -0.006993
6.56 -0.0018624
6.565 0.0049243
6.57 0.013434
6.575 0.02356
6.58 0.032661
6.585 0.034868
6.59 0.03086
6.595 0.024565
6.6 0.015923
6.605 0.0033342
6.61 -0.0097231
6.615 -0.019757
6.62 -0.030613
6.625 -0.040616
6.63 -0.045686
6.635 -0.04647
6.64 -0.04586
6.645 -0.044498
6.65 -0.041002
6.655 -0.033615
6.66 -0.023742
6.665 -0.014486
6.67 -0.008136
6.675 -0.0039862
6.68 -0.0006524
6.685 0.0026791
6.69 0.0067353
6.695 0.011115
6.7 0.014407
6.705 0.015971
6.71 0.017073
6.715 0.019257
6.72 0.023639
6.725 0.029776
6.73 0.035029
6.735 0.037766
6.74 0.037364
6.745 0.034024
6.75 0.029001
6.755 0.022678
6.76 0.015933
6.765 0.010019
6.77 0.006167
6.775 0.0044111
6.78 0.0029476
6.785 0.00044244
6.79 -0.0040935
6.795 -0.0086868
6.8 -0.012554
6.805 -0.016181
6.81 -0.019501
6.815 -0.023446
6.82 -0.027755
6.825 -0.032739
6.83 -0.035955
6.835 -0.034783
6.84 -0.030097
6.845 -0.02427
6.85 -0.018969
6.855 -0.015323
6.86 -0.013437
6.865 -0.012045
6.87 -0.010635
6.875 -0.0096569
6.88 -0.0098944
6.885 -0.011792
6.89 -0.014251
6.895 -0.015235
6.9 -0.014197
6.905 -0.012271
6.91 -0.010903
6.915 -0.0099163
6.92 -0.0076331
6.925 -0.0042271
6.93 0.000425
6.935 0.0049748
6.94 0.0074429
6.945 0.0070592
6.95 0.0032407
6.955 -0.0021455
6.96 -0.0072395
6.965 -0.010612
6.97 -0.011989
6.975 -0.01201
6.98 -0.010647
6.985 -0.0078525
6.99 -0.0035845
6.995 0.0017812
7 0.00739
7.005 0.012039
7.01 0.016885
7.015 0.022873
7.02 0.029071
7.025 0.033057
7.03 0.03322
7.035 0.029285
7.04 0.022181
7.045 0.013939
7.05 0.0077817
7.055 0.0031483
7.06 -0.0017909
7.065 -0.0081899
7.07 -0.01574
7.075 -0.022743
7.08 -0.028265
7.085 -0.032109
7.09 -0.035312
7.095 -0.037842
7.1 -0.040095
7.105 -0.041835
7.11 -0.042775
7.115 -0.04323
7.12 -0.042701
7.125 -0.040575
7.13 -0.036941
7.135 -0.032799
7.14 -0.028703
7.145 -0.024083
7.15 -0.01996
7.155 -0.017853
7.16 -0.018635
7.165 -0.022095
7.17 -0.025907
7.175 -0.027142
7.18 -0.02519
7.185 -0.02135
7.19 -0.016747
7.195 -0.011554
7.2 -0.0056932
7.205 0.00039734
7.21 0.005401
7.215 0.0077627
7.22 0.0070877
7.225 0.0042535
7.23 0.00054634
7.235 -0.0032767
7.24 -0.00685
7.245 -0.0093054
7.25 -0.010881
7.255 -0.013017
7.26 -0.016377
7.265 -0.019866
7.27 -0.022299
7.275 -0.022555
7.28 -0.019691
7.285 -0.014448
7.29 -0.007563
7.295 -0.00089091
7.3 0.0045486
7.305 0.0097038
7.31 0.015601
7.315 0.023623
7.32 0.033274
7.325 0.044043
7.33 0.055062
7.335 0.064109
7.34 0.071604
7.345 0.077432
7.35 0.080373
7.355 0.081177
7.36 0.080465
7.365 0.078034
7.37 0.074208
7.375 0.069338
7.38 0.063448
7.385 0.057137
7.39 0.049135
7.395 0.040249
7.4 0.031975
7.405 0.021999
7.41 0.0084535
7.415 -0.0057505
7.42 -0.017277
7.425 -0.027079
7.43 -0.035269
7.435 -0.041036
7.44 -0.044853
7.445 -0.046823
7.45 -0.047665
7.455 -0.047427
7.46 -0.045637
7.465 -0.041694
7.47 -0.03587
7.475 -0.02687
7.48 -0.014971
7.485 -0.005485
7.49 -0.00027906
7.495 0.0023913
7.5 0.0048368
7.505 0.0084072
7.51 0.012267
7.515 0.014774
7.52 0.01342
7.525 0.0076958
7.53 -0.0005148
7.535 -0.0088327
7.54 -0.016529
7.545 -0.02408
7.55 -0.031156
7.555 -0.036811
7.56 -0.0409
7.565 -0.043256
7.57 -0.043253
7.575 -0.041599
7.58 -0.03908
7.585 -0.036687
7.59 -0.033221
7.595 -0.026812
7.6 -0.01601
7.605 -0.0020051
7.61 0.013297
7.615 0.027969
7.62 0.039766
7.625 0.049714
7.63 0.058431
7.635 0.064411
7.64 0.066929
7.645 0.068116
7.65 0.068608
7.655 0.067354
7.66 0.063133
7.665 0.054667
7.67 0.040811
7.675 0.025068
7.68 0.0088293
7.685 -0.0059181
7.69 -0.018719
7.695 -0.031618
7.7 -0.042904
7.705 -0.051222
7.71 -0.056108
7.715 -0.058286
7.72 -0.059559
7.725 -0.060545
7.73 -0.060484
7.735 -0.058927
7.74 -0.055517
7.745 -0.049197
7.75 -0.038879
7.755 -0.025914
7.76 -0.012127
7.765 0.0011894
7.77 0.012989
7.775 0.023008
7.78 0.030436
7.785 0.034862
7.79 0.037283
7.795 0.039084
7.8 0.041044
7.805 0.040209
7.81 0.035126
7.815 0.027063
7.82 0.016548
7.825 0.0054565
7.83 -0.0025851
7.835 -0.0071187
7.84 -0.011499
7.845 -0.017594
7.85 -0.024489
7.855 -0.028453
7.86 -0.027805
7.865 -0.023426
7.87 -0.017538
7.875 -0.012147
7.88 -0.0068467
7.885 0.00049515
7.89 0.010006
7.895 0.020397
7.9 0.030523
7.905 0.037439
7.91 0.040445
7.915 0.04097
7.92 0.039724
7.925 0.035909
7.93 0.029023
7.935 0.017871
7.94 0.0050586
7.945 -0.0070518
7.95 -0.017457
7.955 -0.024677
7.96 -0.028505
7.965 -0.029896
7.97 -0.030466
7.975 -0.030796
7.98 -0.029811
7.985 -0.026239
7.99 -0.019607
7.995 -0.011869
8 -0.0052231
8.005 0.0003525
8.01 0.0064429
8.015 0.013558
8.02 0.020578
8.025 0.026072
8.03 0.029435
8.035 0.031123
8.04 0.031725
8.045 0.032208
8.05 0.032498
8.055 0.031643
8.06 0.028901
8.065 0.024869
8.07 0.020025
8.075 0.015355
8.08 0.011795
8.085 0.0089506
8.09 0.006091
8.095 0.0026718
8.1 -0.0012023
8.105 -0.003396
8.11 -0.0028589
8.115 -0.00080276
8.12 0.00064005
8.125 -0.00014325
8.13 -0.0023566
8.135 -0.0050534
8.14 -0.0069718
8.145 -0.0067328
8.15 -0.0044114
8.155 -0.0014231
8.16 0.00090784
8.165 0.0014687
8.17 -0.00122
8.175 -0.0074053
8.18 -0.016224
8.185 -0.025865
8.19 -0.0344
8.195 -0.041318
8.2 -0.047024
8.205 -0.052246
8.21 -0.056697
8.215 -0.058584
8.22 -0.057861
8.225 -0.055397
8.23 -0.051447
8.235 -0.045977
8.24 -0.040344
8.245 -0.035936
8.25 -0.033284
8.255 -0.032401
8.26 -0.032426
8.265 -0.032365
8.27 -0.031682
8.275 -0.031814
8.28 -0.032298
8.285 -0.031808
8.29 -0.030527
8.295 -0.027939
8.3 -0.022802
8.305 -0.015175
8.31 -0.0062326
8.315 0.002225
8.32 0.008945
8.325 0.013759
8.33 0.018058
8.335 0.022056
8.34 0.025745
8.345 0.028681
8.35 0.030148
8.355 0.029964
8.36 0.029585
8.365 0.029921
8.37 0.030148
8.375 0.028825
8.38 0.02593
8.385 0.022972
8.39 0.02124
8.395 0.02118
8.4 0.02212
8.405 0.022645
8.41 0.022779
8.415 0.023296
8.42 0.02397
8.425 0.023909
8.43 0.022539
8.435 0.020538
8.44 0.019077
8.445 0.018677
8.45 0.018968
8.455 0.018961
8.46 0.01866
8.465 0.019019
8.47 0.021098
8.475 0.024575
8.48 0.028158
8.485 0.030273
8.49 0.029466
8.495 0.025447
8.5 0.020232
8.505 0.015617
8.51 0.011558
8.515 0.0073706
8.52 0.0010038
8.525 -0.0083828
8.53 -0.018107
8.535 -0.024551
8.54 -0.027458
8.545 -0.029391
8.55 -0.032584
8.555 -0.036619
8.56 -0.039996
8.565 -0.042412
8.57 -0.043387
8.575 -0.043088
8.58 -0.04115
8.585 -0.037086
8.59 -0.031737
8.595 -0.02569
8.6 -0.019199
8.605 -0.012759
8.61 -0.006748
8.615 0.0001024
8.62 0.0071543
8.625 0.014395
8.63 0.021231
8.635 0.025905
8.64 0.027606
8.645 0.027337
8.65 0.027042
8.655 0.027296
8.66 0.027623
8.665 0.027248
8.67 0.02601
8.675 0.023655
8.68 0.019692
8.685 0.014451
8.69 0.0085928
8.695 0.0039104
8.7 -0.00050636
8.705 -0.0040326
8.71 -0.0053215
8.715 -0.0051103
8.72 -0.0039773
8.725 -0.0022733
8.73 2.9824e-005
8.735 0.0033065
8.74 0.0070785
8.745 0.0091292
8.75 0.0085533
8.755 0.0069376
8.76 0.0050092
8.765 0.0024408
8.77 -0.00054785
8.775 -0.0044484
8.78 -0.009801
8.785 -0.015673
8.79 -0.022092
8.795 -0.028894
8.8 -0.034588
8.805 -0.038969
8.81 -0.041872
8.815 -0.044164
8.82 -0.045888
8.825 -0.047238
8.83 -0.049069
8.835 -0.050087
8.84 -0.048695
8.845 -0.044017
8.85 -0.035668
8.855 -0.025268
8.86 -0.017065
8.865 -0.011258
8.87 -0.0059166
8.875 -0.00088756
8.88 0.003112
8.885 0.0055245
8.89 0.0061215
8.895 0.0060312
8.9 0.0062144
8.905 0.0071755
8.91 0.0083172
8.915 0.0090042
8.92 0.0097913
8.925 0.011101
8.93 0.012938
8.935 0.015367
8.94 0.017819
8.945 0.019881
8.95 0.022039
8.955 0.025366
8.96 0.030238
8.965 0.038507
8.97 0.048363
8.975 0.056141
8.98 0.059755
8.985 0.060032
8.99 0.057993
8.995 0.053585
9 0.045997
9.005 0.036266
9.01 0.026442
9.015 0.017215
9.02 0.0085994
9.025 -0.00093427
9.03 -0.011428
9.035 -0.019698
9.04 -0.024156
9.045 -0.027408
9.05 -0.030839
9.055 -0.03252
9.06 -0.031206
9.065 -0.02689
9.07 -0.019992
9.075 -0.010921
9.08 -0.0019702
9.085 0.0042621
9.09 0.0084635
9.095 0.011924
9.1 0.017126
9.105 0.024704
9.11 0.030904
9.115 0.032096
9.12 0.028682
9.125 0.023783
9.13 0.018811
9.135 0.013178
9.14 0.0068851
9.145 -0.00031172
9.15 -0.0071734
9.155 -0.010835
9.16 -0.011409
9.165 -0.010448
9.17 -0.008637
9.175 -0.0065048
9.18 -0.0045473
9.185 -0.0026513
9.19 -0.00022413
9.195 0.0024824
9.2 0.0049979
9.205 0.0069271
9.21 0.0087552
9.215 0.010281
9.22 0.010287
9.225 0.0076291
9.23 0.0032146
9.235 -0.0014139
9.24 -0.0042925
9.245 -0.0087537
9.25 -0.014052
9.255 -0.018
9.26 -0.020589
9.265 -0.021819
9.27 -0.022094
9.275 -0.020886
9.28 -0.018153
9.285 -0.013992
9.29 -0.0084691
9.295 -0.004582
9.3 -0.0038007
9.305 -0.0048501
9.31 -0.0072222
9.315 -0.010407
9.32 -0.013592
9.325 -0.016226
9.33 -0.019593
9.335 -0.024504
9.34 -0.02977
9.345 -0.034107
9.35 -0.036048
9.355 -0.034568
9.36 -0.030757
9.365 -0.023993
9.37 -0.015212
9.375 -0.0081965
9.38 -0.0043617
9.385 -0.0018676
9.39 0.001624
9.395 0.0061675
9.4 0.010792
9.405 0.014628
9.41 0.016366
9.415 0.015712
9.42 0.012944
9.425 0.0088964
9.43 0.0044391
9.435 -0.0029157
9.44 -0.011966
9.445 -0.018794
9.45 -0.022664
9.455 -0.024741
9.46 -0.025682
9.465 -0.025244
9.47 -0.02341
9.475 -0.020965
9.48 -0.019025
9.485 -0.016813
9.49 -0.014227
9.495 -0.011604
9.5 -0.0090479
9.505 -0.0066016
9.51 -0.0041556
9.515 -0.00067678
9.52 0.0026941
9.525 0.0043098
9.53 0.0040956
9.535 0.0033558
9.54 0.0045807
9.545 0.0077363
9.55 0.01292
9.555 0.020342
9.56 0.027731
9.565 0.03342
9.57 0.037231
9.575 0.039566
9.58 0.04045
9.585 0.039546
9.59 0.037044
9.595 0.033236
9.6 0.02816
9.605 0.022277
9.61 0.016445
9.615 0.010684
9.62 0.0053509
9.625 -0.00099601
9.63 -0.0083188
9.635 -0.014925
9.64 -0.020094
9.645 -0.022887
9.65 -0.022226
9.655 -0.017936
9.66 -0.011827
9.665 -0.005031
9.67 0.0022275
9.675 0.0098011
9.68 0.0156
9.685 0.019877
9.69 0.023844
9.695 0.027547
9.7 0.030178
9.705 0.030917
9.71 0.029283
9.715 0.025135
9.72 0.019861
9.725 0.014808
9.73 0.010253
9.735 0.0059374
9.74 0.0019062
9.745 -0.0019529
9.75 -0.005082
9.755 -0.0062271
9.76 -0.0055223
9.765 -0.0046848
9.77 -0.0047295
9.775 -0.0051615
9.78 -0.0056796
9.785 -0.0065777
9.79 -0.0076834
9.795 -0.0089943
9.8 -0.010623
9.805 -0.012454
9.81 -0.013615
9.815 -0.013151
9.82 -0.011181
9.825 -0.0077636
9.83 -0.0039252
9.835 -0.00043526
9.84 0.0035484
9.845 0.0076718
9.85 0.011411
9.855 0.015211
9.86 0.019353
9.865 0.023503
9.87 0.027245
9.875 0.030396
9.88 0.031489
9.885 0.029322
9.89 0.023024
9.895 0.013462
9.9 0.0040114
9.905 -0.001841
9.91 -0.0046495
9.915 -0.0070111
9.92 -0.010786
9.925 -0.016008
9.93 -0.021695
9.935 -0.027054
9.94 -0.03119
9.945 -0.033558
9.95 -0.034858
9.955 -0.035905
9.96 -0.036178
9.965 -0.035162
9.97 -0.033239
9.975 -0.030888
9.98 -0.028422
9.985 -0.024461
9.99 -0.017885
9.995 -0.0073246
10 0.0062598
10.005 0.019886
10.01 0.030845
10.015 0.038645
10.02 0.045589
10.025 0.050906
10.03 0.053576
10.035 0.05442
10.04 0.053997
10.045 0.052646
10.05 0.05003
10.055 0.046356
10.06 0.041628
10.065 0.036261
10.07 0.030149
10.075 0.02373
10.08 0.017699
10.085 0.011596
10.09 0.0045267
10.095 -0.0035221
10.1 -0.012269
10.105 -0.020364
10.11 -0.026827
10.115 -0.032301
10.12 -0.03678
10.125 -0.03865
10.13 -0.037888
10.135 -0.035826
10.14 -0.032987
10.145 -0.029371
10.15 -0.024302
10.155 -0.017871
10.16 -0.011081
10.165 -0.0052369
10.17 -7.1391e-005
10.175 0.0037978
10.18 0.0058545
10.185 0.0066448
10.19 0.006519
10.195 0.0063012
10.2 0.0061818
10.205 0.0062633
10.21 0.0062768
10.215 0.0063488
10.22 0.0069764
10.225 0.0083806
10.23 0.0094662
10.235 0.0094342
10.24 0.0080101
10.245 0.0059681
10.25 0.0049217
10.255 0.0057873
10.26 0.0080662
10.265 0.011354
10.27 0.015135
10.275 0.018444
10.28 0.02066
10.285 0.021335
10.29 0.020638
10.295 0.018724
10.3 0.015698
10.305 0.011784
10.31 0.0080426
10.315 0.0054855
10.32 0.0036406
10.325 0.0021999
10.33 0.00086426
10.335 -9.6394e-005
10.34 0.00013846
10.345 0.0032949
10.35 0.010246
10.355 0.019975
10.36 0.029976
10.365 0.035781
10.37 0.037977
10.375 0.039254
10.38 0.039657
10.385 0.038134
10.39 0.033973
10.395 0.026744
10.4 0.017471
10.405 0.0077962
10.41 -0.0023158
10.415 -0.013032
10.42 -0.021689
10.425 -0.028386
10.43 -0.03449
10.435 -0.039631
10.44 -0.04351
10.445 -0.047129
10.45 -0.050067
10.455 -0.050953
10.46 -0.049311
10.465 -0.045091
10.47 -0.038671
10.475 -0.030855
10.48 -0.023368
10.485 -0.017251
10.49 -0.011515
10.495 -0.0057811
10.5 -0.0002307
10.505 0.0039827
10.51 0.0069034
10.515 0.0097591
10.52 0.0126
10.525 0.01411
10.53 0.013114
10.535 0.0089012
10.54 0.0027678
10.545 -0.0024341
10.55 -0.0046804
10.555 -0.0041164
10.56 -0.0027575
10.565 -0.0021931
10.57 -0.0021215
10.575 -0.0022832
10.58 -0.0023165
10.585 -0.002207
10.59 -0.0019775
10.595 -0.0014525
10.6 -0.0012663
10.605 -0.0021135
10.61 -0.0038344
10.615 -0.0062736
10.62 -0.0086647
10.625 -0.0096582
10.63 -0.0089862
10.635 -0.0078591
10.64 -0.0070819
10.645 -0.0064359
10.65 -0.0056254
10.655 -0.0050454
10.66 -0.0056245
10.665 -0.0086503
10.67 -0.013933
10.675 -0.019189
10.68 -0.023146
10.685 -0.025685
10.69 -0.027355
10.695 -0.028465
10.7 -0.029156
10.705 -0.02901
10.71 -0.027602
10.715 -0.025307
10.72 -0.0228
10.725 -0.020849
10.73 -0.020067
10.735 -0.020164
10.74 -0.020667
10.745 -0.021082
10.75 -0.021164
10.755 -0.020322
10.76 -0.018502
10.765 -0.015745
10.77 -0.01188
10.775 -0.0076148
10.78 -0.003076
10.785 0.00099586
10.79 0.0042503
10.795 0.0078687
10.8 0.012637
10.805 0.01872
10.81 0.026314
10.815 0.033544
10.82 0.038587
10.825 0.041343
10.83 0.042352
10.835 0.042425
10.84 0.041769
10.845 0.04104
10.85 0.040212
10.855 0.038702
10.86 0.036004
10.865 0.031725
10.87 0.024438
10.875 0.013171
10.88 0.00079955
10.885 -0.0088723
10.89 -0.015026
10.895 -0.018496
10.9 -0.020806
10.905 -0.023135
10.91 -0.026017
10.915 -0.028961
10.92 -0.031305
10.925 -0.032115
10.93 -0.03066
10.935 -0.027497
10.94 -0.022378
10.945 -0.014403
10.95 -0.0031282
10.955 0.010455
10.96 0.019851
10.965 0.023917
10.97 0.028198
10.975 0.035335
10.98 0.040493
10.985 0.040591
10.99 0.037362
10.995 0.031358
11 0.021157
11.005 0.0074505
11.01 -0.0051178
11.015 -0.01336
11.02 -0.020143
11.025 -0.027358
11.03 -0.03287
11.035 -0.034068
11.04 -0.030697
11.045 -0.024141
11.05 -0.015797
11.055 -0.0073058
11.06 0.0023924
11.065 0.012771
11.07 0.023063
11.075 0.03261
11.08 0.039553
11.085 0.043718
11.09 0.045585
11.095 0.04544
11.1 0.043035
11.105 0.038682
11.11 0.033106
11.115 0.026111
11.12 0.019522
11.125 0.014306
11.13 0.0092671
11.135 0.0035584
11.14 -0.0030276
11.145 -0.0094729
11.15 -0.014889
11.155 -0.019591
11.16 -0.024195
11.165 -0.027545
11.17 -0.029254
11.175 -0.029851
11.18 -0.029024
11.185 -0.02699
11.19 -0.024294
11.195 -0.021606
11.2 -0.019949
11.205 -0.020465
11.21 -0.022601
11.215 -0.024259
11.22 -0.024744
11.225 -0.024812
11.23 -0.025059
11.235 -0.025555
11.24 -0.026615
11.245 -0.027531
11.25 -0.02824
11.255 -0.028405
11.26 -0.02794
11.265 -0.026387
11.27 -0.023554
11.275 -0.019816
11.28 -0.01549
11.285 -0.010856
11.29 -0.0068385
11.295 -0.0027848
11.3 0.0026306
11.305 0.0094106
11.31 0.016916
11.315 0.024653
11.32 0.030911
11.325 0.035388
11.33 0.03864
11.335 0.041235
11.34 0.042907
11.345 0.042413
11.35 0.039111
11.355 0.03342
11.36 0.024747
11.365 0.014715
11.37 0.005928
11.375 -0.0010676
11.38 -0.0071945
11.385 -0.01333
11.39 -0.019148
11.395 -0.023365
11.4 -0.024827
11.405 -0.023611
11.41 -0.020362
11.415 -0.015833
11.42 -0.012116
11.425 -0.0097764
11.43 -0.0078378
11.435 -0.005718
11.44 -0.0033797
11.445 -0.00053425
11.45 0.0030206
11.455 0.0068651
11.46 0.0098205
11.465 0.010896
11.47 0.010093
11.475 0.0079547
11.48 0.005774
11.485 0.0048245
11.49 0.0059317
11.495 0.0072576
11.5 0.0081244
11.505 0.0091827
11.51 0.010953
11.515 0.01339
11.52 0.015554
11.525 0.017128
11.53 0.018614
11.535 0.020594
11.54 0.023231
11.545 0.025456
11.55 0.027233
11.555 0.028524
11.56 0.029254
11.565 0.030069
11.57 0.030985
11.575 0.031793
11.58 0.032302
11.585 0.031713
11.59 0.029565
11.595 0.026132
11.6 0.021747
11.605 0.016867
11.61 0.011769
11.615 0.0060094
11.62 0.0011532
11.625 -0.0052956
11.63 -0.015143
11.635 -0.024293
11.64 -0.03079
11.645 -0.035074
11.65 -0.037403
11.655 -0.037974
11.66 -0.037005
11.665 -0.035212
11.67 -0.032544
11.675 -0.028477
11.68 -0.022733
11.685 -0.014367
11.69 -0.0044269
11.695 0.004995
11.7 0.012595
11.705 0.017011
11.71 0.018313
11.715 0.017961
11.72 0.015988
11.725 0.011603
11.73 0.0041115
11.735 -0.0044656
11.74 -0.012593
11.745 -0.019992
11.75 -0.02625
11.755 -0.031168
11.76 -0.033475
11.765 -0.03296
11.77 -0.030385
11.775 -0.026142
11.78 -0.020238
11.785 -0.010805
11.79 2.2737e-005
11.795 0.0096373
11.8 0.01654
11.805 0.022538
11.81 0.029021
11.815 0.035652
11.82 0.040147
11.825 0.040453
11.83 0.036259
11.835 0.028438
11.84 0.019067
11.845 0.0094686
11.85 0.00074976
11.855 -0.0066178
11.86 -0.011734
11.865 -0.014918
11.87 -0.017179
11.875 -0.018426
11.88 -0.018785
11.885 -0.018551
11.89 -0.017965
11.895 -0.017828
11.9 -0.017173
11.905 -0.015837
11.91 -0.014514
11.915 -0.013549
11.92 -0.01269
11.925 -0.011389
11.93 -0.010634
11.935 -0.010451
11.94 -0.0091064
11.945 -0.0063476
11.95 -0.0037589
11.955 -0.0018047
11.96 0.00026797
11.965 0.0028504
11.97 0.005985
11.975 0.008085
11.98 0.0066632
11.985 0.0020388
11.99 -0.0041649
11.995 -0.010331
12 -0.013825
12.005 -0.014348
12.01 -0.013359
12.015 -0.011806
12.02 -0.010965
12.025 -0.011393
12.03 -0.012424
12.035 -0.012914
12.04 -0.013225
12.045 -0.013941
12.05 -0.014112
12.055 -0.013018
12.06 -0.010454
12.065 -0.0055991
12.07 0.0012191
12.075 0.0073631
12.08 0.010848
12.085 0.012464
12.09 0.014631
12.095 0.017655
12.1 0.021156
12.105 0.0245
12.11 0.026278
12.115 0.026267
12.12 0.024908
12.125 0.022158
12.13 0.018132
12.135 0.013216
12.14 0.0078778
12.145 0.0024632
12.15 -0.0026661
12.155 -0.0071242
12.16 -0.011289
12.165 -0.015193
12.17 -0.018724
12.175 -0.021628
12.18 -0.024678
12.185 -0.027694
12.19 -0.02974
12.195 -0.030105
12.2 -0.02846
12.205 -0.025752
12.21 -0.021822
12.215 -0.016581
12.22 -0.0086337
12.225 0.00012555
12.23 0.0079425
12.235 0.014845
12.24 0.020743
12.245 0.024642
12.25 0.029042
12.255 0.033975
12.26 0.03671
12.265 0.036426
12.27 0.033553
12.275 0.028896
12.28 0.022749
12.285 0.01659
12.29 0.01116
12.295 0.0066696
12.3 0.0033288
12.305 0.0005954
12.31 -0.002003
12.315 -0.0049169
12.32 -0.0061692
12.325 -0.0048741
12.33 -0.0016856
12.335 0.0033545
12.34 0.010387
12.345 0.018303
12.35 0.025196
12.355 0.030483
12.36 0.033592
12.365 0.034604
12.37 0.033657
12.375 0.029134
12.38 0.019331
12.385 0.0078084
12.39 -0.0015597
12.395 -0.009374
12.4 -0.016521
12.405 -0.023075
12.41 -0.02846
12.415 -0.031952
12.42 -0.03289
12.425 -0.031187
12.43 -0.027192
12.435 -0.022012
12.44 -0.016961
12.445 -0.013042
12.45 -0.011281
12.455 -0.011356
12.46 -0.012605
12.465 -0.014353
12.47 -0.015775
12.475 -0.016235
12.48 -0.015445
12.485 -0.013778
12.49 -0.011537
12.495 -0.0085863
12.5 -0.0048429
12.505 0.0004725
12.51 0.007128
12.515 0.013446
12.52 0.017495
12.525 0.018203
12.53 0.016417
12.535 0.013379
12.54 0.0099985
12.545 0.0061432
12.55 0.0028096
12.555 0.0012004
12.56 0.0011226
12.565 0.0024571
12.57 0.0052727
12.575 0.0091602
12.58 0.013416
12.585 0.017642
12.59 0.020493
12.595 0.021356
12.6 0.019908
12.605 0.016853
12.61 0.013188
12.615 0.0095302
12.62 0.0052437
12.625 0.00072017
12.63 -0.0053481
12.635 -0.01232
12.64 -0.019624
12.645 -0.025106
12.65 -0.02716
12.655 -0.026353
12.66 -0.023541
12.665 -0.019805
12.67 -0.016086
12.675 -0.012846
12.68 -0.010637
12.685 -0.0096181
12.69 -0.0085244
12.695 -0.0071264
12.7 -0.0062442
12.705 -0.0058166
12.71 -0.0060216
12.715 -0.0073553
12.72 -0.0096943
12.725 -0.013085
12.73 -0.016913
12.735 -0.020324
12.74 -0.022009
12.745 -0.021635
12.75 -0.019988
12.755 -0.016843
12.76 -0.013316
12.765 -0.0088516
12.77 -0.0027474
12.775 0.0041108
12.78 0.0089589
12.785 0.011262
12.79 0.012355
12.795 0.01273
12.8 0.012658
12.805 0.012762
12.81 0.012209
12.815 0.0098777
12.82 0.0053872
12.825 -0.00060525
12.83 -0.0060442
12.835 -0.0094943
12.84 -0.011722
12.845 -0.013954
12.85 -0.01623
12.855 -0.018021
12.86 -0.018862
12.865 -0.018014
12.87 -0.01549
12.875 -0.011121
12.88 -0.0049539
12.885 0.0037263
12.89 0.014014
12.895 0.023247
12.9 0.030825
12.905 0.037683
12.91 0.043901
12.915 0.048162
12.92 0.050261
12.925 0.051442
12.93 0.05226
12.935 0.051588
12.94 0.048825
12.945 0.043191
12.95 0.034864
12.955 0.023396
12.96 0.011839
12.965 0.0027363
12.97 -0.0043604
12.975 -0.0095092
12.98 -0.012144
12.985 -0.012298
12.99 -0.010076
12.995 -0.0056033
13 0.00078342
13.005 0.0077668
13.01 0.014111
13.015 0.017907
13.02 0.018316
13.025 0.016221
13.03 0.011724
13.035 0.0057213
13.04 0.00033018
13.045 -0.0035442
13.05 -0.0064889
13.055 -0.0080705
13.06 -0.0075459
13.065 -0.0044469
13.07 0.00041878
13.075 0.0052913
13.08 0.009664
13.085 0.013224
13.09 0.015388
13.095 0.015466
13.1 0.013038
13.105 0.008741
13.11 0.0025653
13.115 -0.0048876
13.12 -0.012205
13.125 -0.017561
13.13 -0.021821
13.135 -0.025642
13.14 -0.028955
13.145 -0.031087
13.15 -0.032003
13.155 -0.031798
13.16 -0.030959
13.165 -0.02983
13.17 -0.028345
13.175 -0.025999
13.18 -0.022921
13.185 -0.018234
13.19 -0.011674
13.195 -0.0046868
13.2 0.0023148
13.205 0.0092047
13.21 0.014452
13.215 0.017398
13.22 0.018715
13.225 0.019105
13.23 0.017951
13.235 0.014513
13.24 0.0091246
13.245 0.002509
13.25 -0.0041651
13.255 -0.010221
13.26 -0.014731
13.265 -0.017532
13.27 -0.019365
13.275 -0.020976
13.28 -0.022645
13.285 -0.023717
13.29 -0.023617
13.295 -0.022769
13.3 -0.022363
13.305 -0.022864
13.31 -0.0231
13.315 -0.021592
13.32 -0.018291
13.325 -0.013991
13.33 -0.009976
13.335 -0.0059406
13.34 -0.0016024
13.345 0.003455
13.35 0.0084476
13.355 0.013377
13.36 0.017107
13.365 0.018487
13.37 0.018627
13.375 0.018997
13.38 0.019995
13.385 0.021021
13.39 0.021581
13.395 0.021675
13.4 0.021466
13.405 0.022129
13.41 0.023477
13.415 0.024225
13.42 0.023358
13.425 0.020913
13.43 0.01706
13.435 0.013046
13.44 0.010195
13.445 0.0072232
13.45 0.0029363
13.455 -0.0022765
13.46 -0.0074458
13.465 -0.011122
13.47 -0.014462
13.475 -0.017741
13.48 -0.021461
13.485 -0.026264
13.49 -0.03032
13.495 -0.033582
13.5 -0.036133
13.505 -0.036828
13.51 -0.035061
13.515 -0.031617
13.52 -0.027199
13.525 -0.021171
13.53 -0.013779
13.535 -0.0050703
13.54 0.0037476
13.545 0.012029
13.55 0.020764
13.555 0.02875
13.56 0.034706
13.565 0.038148
13.57 0.038954
13.575 0.037874
13.58 0.034355
13.585 0.028681
13.59 0.021898
13.595 0.015754
13.6 0.010522
13.605 0.0064564
13.61 0.0033625
13.615 0.00028419
13.62 -0.0035021
13.625 -0.0077959
13.63 -0.012385
13.635 -0.017258
13.64 -0.021694
13.645 -0.024447
13.65 -0.025737
13.655 -0.026009
13.66 -0.025582
13.665 -0.024442
13.67 -0.022298
13.675 -0.019008
13.68 -0.013218
13.685 -0.0047559
13.69 0.0049421
13.695 0.014558
13.7 0.022607
13.705 0.02928
13.71 0.036571
13.715 0.045039
13.72 0.051389
13.725 0.054192
13.73 0.05462
13.735 0.053598
13.74 0.050882
13.745 0.046418
13.75 0.040044
13.755 0.030521
13.76 0.017808
13.765 0.0037659
13.77 -0.0096973
13.775 -0.022825
13.78 -0.034358
13.785 -0.044078
13.79 -0.052233
13.795 -0.057308
13.8 -0.058228
13.805 -0.055419
13.81 -0.050276
13.815 -0.042527
13.82 -0.0339
13.825 -0.024213
13.83 -0.01348
13.835 -0.0036219
13.84 0.0056313
13.845 0.014007
13.85 0.020815
13.855 0.027109
13.86 0.033355
13.865 0.037837
13.87 0.039338
13.875 0.038109
13.88 0.033292
13.885 0.024663
13.89 0.01247
13.895 -0.0013989
13.9 -0.014209
13.905 -0.027175
13.91 -0.037524
13.915 -0.042892
13.92 -0.044267
13.925 -0.043108
13.93 -0.040359
13.935 -0.035509
13.94 -0.028295
13.945 -0.019643
13.95 -0.011061
13.955 -0.0040117
13.96 0.0014997
13.965 0.0053575
13.97 0.0065426
13.975 0.0059931
13.98 0.0045473
13.985 0.0021451
13.99 -0.0011557
13.995 -0.0046632
14 -0.0075143
14.005 -0.0090743
14.01 -0.0092605
14.015 -0.0083632
14.02 -0.0068883
14.025 -0.0059703
14.03 -0.0060704
14.035 -0.0072017
14.04 -0.0084731
14.045 -0.0085246
14.05 -0.007881
14.055 -0.007196
14.06 -0.0068409
14.065 -0.0062895
14.07 -0.0056927
14.075 -0.0053672
14.08 -0.0058824
14.085 -0.0062799
14.09 -0.0051846
14.095 -0.0024309
14.1 0.0009029
14.105 0.0045082
14.11 0.0085199
14.115 0.011723
14.12 0.014794
14.125 0.018534
14.13 0.022705
14.135 0.027399
14.14 0.031422
14.145 0.033672
14.15 0.03464
14.155 0.033801
14.16 0.030111
14.165 0.022948
14.17 0.014645
14.175 0.0081211
14.18 0.004613
14.185 0.0037843
14.19 0.0039939
14.195 0.0051958
14.2 0.0068804
14.205 0.0092122
14.21 0.012165
14.215 0.015337
14.22 0.018214
14.225 0.020345
14.23 0.021903
14.235 0.022607
14.24 0.021597
14.245 0.018307
14.25 0.01323
14.255 0.0064105
14.26 -0.00031665
14.265 -0.0056282
14.27 -0.00854
14.275 -0.008552
14.28 -0.0064666
14.285 -0.0037631
14.29 -0.0018303
14.295 -0.0011998
14.3 -0.0020071
14.305 -0.004476
14.31 -0.007808
14.315 -0.01131
14.32 -0.014972
14.325 -0.018299
14.33 -0.021398
14.335 -0.023599
14.34 -0.025034
14.345 -0.026125
14.35 -0.026443
14.355 -0.025749
14.36 -0.024609
14.365 -0.022854
14.37 -0.019893
14.375 -0.015009
14.38 -0.0092915
14.385 -0.0035381
14.39 0.0022037
14.395 0.0066088
14.4 0.010116
14.405 0.012948
14.41 0.014325
14.415 0.014518
14.42 0.013251
14.425 0.010793
14.43 0.0069984
14.435 0.0027173
14.44 -0.0018335
14.445 -0.0068927
14.45 -0.01169
14.455 -0.016036
14.46 -0.019495
14.465 -0.021307
14.47 -0.021203
14.475 -0.019353
14.48 -0.016242
14.485 -0.012766
14.49 -0.0092038
14.495 -0.0053857
14.5 -0.0018476
14.505 0.0010905
14.51 0.0035681
14.515 0.0062596
14.52 0.0082202
14.525 0.0093023
14.53 0.0098501
14.535 0.0096717
14.54 0.0088115
14.545 0.0076299
14.55 0.0061247
14.555 0.0032922
14.56 -0.00039122
14.565 -0.0038126
14.57 -0.0070279
14.575 -0.011004
14.58 -0.015981
14.585 -0.021702
14.59 -0.02795
14.595 -0.033933
14.6 -0.038335
14.605 -0.040138
14.61 -0.038597
14.615 -0.033494
14.62 -0.024041
14.625 -0.010814
14.63 0.0028082
14.635 0.015794
14.64 0.026043
14.645 0.032547
14.65 0.037582
14.655 0.041602
14.66 0.043492
14.665 0.043771
14.67 0.04287
14.675 0.040605
14.68 0.036832
14.685 0.031998
14.69 0.02607
14.695 0.019347
14.7 0.012775
14.705 0.0076963
14.71 0.0041046
14.715 0.0015737
14.72 2.9034e-005
14.725 -0.00076401
14.73 -0.00094732
14.735 -6.234e-005
14.74 0.0019117
14.745 0.0044534
14.75 0.0075516
14.755 0.011853
14.76 0.016994
14.765 0.022077
14.77 0.025817
14.775 0.027092
14.78 0.026392
14.785 0.024562
14.79 0.022211
14.795 0.019203
14.8 0.015377
14.805 0.011022
14.81 0.0063303
14.815 0.0023525
14.82 -0.00043267
14.825 -0.0035836
14.83 -0.0081321
14.835 -0.012846
14.84 -0.016709
14.845 -0.019253
14.85 -0.019546
14.855 -0.017852
14.86 -0.015104
14.865 -0.011844
14.87 -0.0082251
14.875 -0.0045206
14.88 -0.0010573
14.885 0.0008366
14.89 0.001474
14.895 0.0019468
14.9 0.002196
14.905 0.0013904
14.91 -0.0002559
14.915 -0.0014261
14.92 -0.0016872
14.925 -0.00156
14.93 -0.001709
14.935 -0.001828
14.94 -0.0015872
14.945 -0.0016259
14.95 -0.0017941
14.955 -0.0018531
14.96 -0.0020391
14.965 -0.0020316
14.97 -0.0018222
14.975 -0.0012689
14.98 -0.00028223
14.985 0.0013451
14.99 0.0028292
14.995 0.0031684
15 0.0027667
15.005 0.0020297
15.01 0.0012725
15.015 0.00085015
15.02 -1.7206e-005
15.025 -0.0028528
15.03 -0.0066159
15.035 -0.0097318
15.04 -0.012696
15.045 -0.015495
15.05 -0.017698
15.055 -0.019551
15.06 -0.02099
15.065 -0.021789
15.07 -0.021635
15.075 -0.020841
15.08 -0.019889
15.085 -0.018921
15.09 -0.017554
15.095 -0.015506
15.1 -0.012314
15.105 -0.0078446
15.11 -0.0025711
15.115 0.002317
15.12 0.005977
15.125 0.0080121
15.13 0.0088422
15.135 0.0084907
15.14 0.0068724
15.145 0.0044259
15.15 0.0021464
15.155 -0.00016122
15.16 -0.0032962
15.165 -0.0069296
15.17 -0.010245
15.175 -0.01234
15.18 -0.012634
15.185 -0.011604
15.19 -0.010145
15.195 -0.0083882
15.2 -0.0058668
15.205 -0.003621
15.21 -0.0020351
15.215 0.00016687
15.22 0.0029751
15.225 0.0051873
15.23 0.0063917
15.235 0.0066785
15.24 0.0068155
15.245 0.0075493
15.25 0.0089286
15.255 0.010181
15.26 0.010569
15.265 0.010255
15.27 0.010023
15.275 0.0099179
15.28 0.0096811
15.285 0.0091895
15.29 0.0085255
15.295 0.0079301
15.3 0.0070834
15.305 0.0060134
15.31 0.0044856
15.315 0.0027125
15.32 0.0011331
15.325 -0.00045744
15.33 -0.0014276
15.335 -0.0013452
15.34 -0.0010728
15.345 -0.0014412
15.35 -0.0021326
15.355 -0.0028995
15.36 -0.0029506
15.365 -0.001698
15.37 0.00035106
15.375 0.0017021
15.38 0.0026273
15.385 0.0040477
15.39 0.0055479
15.395 0.0067768
15.4 0.0070037
15.405 0.0054216
15.41 0.0027444
15.415 0.0003041
15.42 -0.0019412
15.425 -0.0040842
15.43 -0.0074487
15.435 -0.011132
15.44 -0.013161
15.445 -0.013104
15.45 -0.012243
15.455 -0.011528
15.46 -0.01112
15.465 -0.010888
15.47 -0.01059
15.475 -0.0098662
15.48 -0.0083961
15.485 -0.0064387
15.49 -0.0039065
15.495 -0.0011503
15.5 0.0019728
15.505 0.0061174
15.51 0.011457
15.515 0.016921
15.52 0.020422
15.525 0.021194
15.53 0.020508
15.535 0.019261
15.54 0.016364
15.545 0.011502
15.55 0.0055672
15.555 -0.00044336
15.56 -0.0057283
15.565 -0.010164
15.57 -0.01426
15.575 -0.018248
15.58 -0.021083
15.585 -0.021964
15.59 -0.022197
15.595 -0.022279
15.6 -0.021714
15.605 -0.02059
15.61 -0.018676
15.615 -0.015658
15.62 -0.011721
15.625 -0.0075817
15.63 -0.0037376
15.635 -0.00047748
15.64 0.0024057
15.645 0.0057565
15.65 0.0090916
15.655 0.011521
15.66 0.012348
15.665 0.012064
15.67 0.011498
15.675 0.011003
15.68 0.008278
15.685 0.0044069
15.69 0.00063101
15.695 -0.0032332
15.7 -0.0068084
15.705 -0.0091906
15.71 -0.0099154
15.715 -0.0097104
15.72 -0.0086512
15.725 -0.0066392
15.73 -0.0040013
15.735 5.0602e-005
15.74 0.0047073
15.745 0.0086282
15.75 0.012222
15.755 0.015685
15.76 0.018169
15.765 0.019471
15.77 0.019869
15.775 0.019249
15.78 0.017114
15.785 0.014014
15.79 0.010657
15.795 0.0070391
15.8 0.003418
15.805 0.0010738
15.81 -1.6209e-005
15.815 -0.00067714
15.82 -0.001301
15.825 -0.0019458
15.83 -0.002503
15.835 -0.0027873
15.84 -0.0026913
15.845 -0.0022287
15.85 -0.0012256
15.855 0.00037451
15.86 0.0028191
15.865 0.0050414
15.87 0.0061084
15.875 0.0055563
15.88 0.0035548
15.885 0.00089831
15.89 -0.0014196
15.895 -0.0025725
15.9 -0.0027832
15.905 -0.0026331
15.91 -0.0014523
15.915 0.00046039
15.92 0.0028095
15.925 0.0051998
15.93 0.0069569
15.935 0.007832
15.94 0.0084636
15.945 0.0087962
15.95 0.008744
15.955 0.0087626
15.96 0.0090558
15.965 0.0096856
15.97 0.011091
15.975 0.012394
15.98 0.012874
15.985 0.013073
15.99 0.014086
15.995 0.014964
16 0.014423
16.005 0.012616
16.01 0.010772
16.015 0.010103
16.02 0.0098408
16.025 0.0086571
16.03 0.0069845
16.035 0.0056214
16.04 0.0049609
16.045 0.0046766
16.05 0.0044822
16.055 0.0045361
16.06 0.004373
16.065 0.0034248
16.07 0.0021028
16.075 0.00046661
16.08 -0.0013721
16.085 -0.0036733
16.09 -0.0060872
16.095 -0.0085635
16.1 -0.0098548
16.105 -0.0089487
16.11 -0.0067116
16.115 -0.0047521
16.12 -0.0031976
16.125 -0.0015354
16.13 0.00044107
16.135 0.0024427
16.14 0.0038725
16.145 0.0052984
16.15 0.0064779
16.155 0.0068659
16.16 0.0056524
16.165 0.0027893
16.17 -0.00096531
16.175 -0.0062335
16.18 -0.01219
16.185 -0.017405
16.19 -0.021634
16.195 -0.0244
16.2 -0.025385
16.205 -0.025892
16.21 -0.027579
16.215 -0.030173
16.22 -0.031813
16.225 -0.031456
16.23 -0.028973
16.235 -0.025694
16.24 -0.021448
16.245 -0.016218
16.25 -0.011048
16.255 -0.0063692
16.26 -0.0023144
16.265 0.0016183
16.27 0.0060666
16.275 0.011419
16.28 0.016846
16.285 0.021704
16.29 0.024508
16.295 0.025081
16.3 0.024546
16.305 0.022619
16.31 0.0192
16.315 0.014822
16.32 0.010233
16.325 0.0066318
16.33 0.0035315
16.335 0.00037001
16.34 -0.0028958
16.345 -0.0053789
16.35 -0.0067452
16.355 -0.006881
16.36 -0.0062123
16.365 -0.0051829
16.37 -0.0043869
16.375 -0.003839
16.38 -0.0030492
16.385 -0.001926
16.39 0.00058023
16.395 0.0046483
16.4 0.0083806
16.405 0.010739
16.41 0.011809
16.415 0.011962
16.42 0.011131
16.425 0.0096031
16.43 0.0077453
16.435 0.0049911
16.44 0.001425
16.445 -0.0018022
16.45 -0.0039584
16.455 -0.0050715
16.46 -0.006334
16.465 -0.0076862
16.47 -0.0087095
16.475 -0.00908
16.48 -0.0087578
16.485 -0.0080827
16.49 -0.0069421
16.495 -0.0055835
16.5 -0.0034199
16.505 -0.00084491
16.51 0.002229
16.515 0.0056984
16.52 0.0079412
16.525 0.0081501
16.53 0.0063594
16.535 0.0038505
16.54 0.0019406
16.545 0.00051947
16.55 -0.00095542
16.555 -0.0026209
16.56 -0.0043691
16.565 -0.0063067
16.57 -0.0080497
16.575 -0.0091946
16.58 -0.010002
16.585 -0.010538
16.59 -0.010139
16.595 -0.0086833
16.6 -0.0061701
16.605 -0.0025825
16.61 0.0015519
16.615 0.0057325
16.62 0.0096314
16.625 0.012885
16.63 0.014871
16.635 0.015405
16.64 0.014973
16.645 0.014195
16.65 0.013258
16.655 0.011803
16.66 0.0087757
16.665 0.0042052
16.67 -0.0012851
16.675 -0.0063421
16.68 -0.0097069
16.685 -0.010919
16.69 -0.010353
16.695 -0.0080466
16.7 -0.0045102
16.705 -0.00066437
16.71 0.0028731
16.715 0.0051815
16.72 0.0056793
16.725 0.0050745
16.73 0.0033967
16.735 0.0006898
16.74 -0.0028676
16.745 -0.0073042
16.75 -0.012889
16.755 -0.01886
16.76 -0.023852
16.765 -0.027797
16.77 -0.030993
16.775 -0.033337
16.78 -0.034726
16.785 -0.035057
16.79 -0.034353
16.795 -0.032508
16.8 -0.029219
16.805 -0.024742
16.81 -0.019006
16.815 -0.012656
16.82 -0.005811
16.825 0.0015626
16.83 0.0086193
16.835 0.015265
16.84 0.020924
16.845 0.025602
16.85 0.029058
16.855 0.030898
16.86 0.031584
16.865 0.030758
16.87 0.028216
16.875 0.023696
16.88 0.017139
16.885 0.0090631
16.89 0.00039993
16.895 -0.0071192
16.9 -0.012887
16.905 -0.018542
16.91 -0.023768
16.915 -0.02706
16.92 -0.027706
16.925 -0.025849
16.93 -0.02255
16.935 -0.018425
16.94 -0.013107
16.945 -0.0067462
16.95 4.6654e-005
16.955 0.0061441
16.96 0.010751
16.965 0.013587
16.97 0.014925
16.975 0.014862
16.98 0.013714
16.985 0.012295
16.99 0.01092
16.995 0.008958
17 0.0062344
17.005 0.0028933
17.01 4.8556e-005
17.015 -0.0021905
17.02 -0.00421
17.025 -0.0072872
17.03 -0.010729
17.035 -0.013107
17.04 -0.013606
17.045 -0.012453
17.05 -0.010686
17.055 -0.0084108
17.06 -0.0056795
17.065 -0.002216
17.07 0.0017707
17.075 0.0053312
17.08 0.0081076
17.085 0.0097902
17.09 0.010477
17.095 0.010645
17.1 0.0097002
17.105 0.0081083
17.11 0.0060564
17.115 0.0036423
17.12 0.0012507
17.125 -0.00044374
17.13 -0.0008925
17.135 -0.00023336
17.14 0.0010037
17.145 0.0016817
17.15 0.0026853
17.155 0.0043645
17.16 0.0062008
17.165 0.0076127
17.17 0.0084454
17.175 0.0092701
17.18 0.0099021
17.185 0.0097674
17.19 0.008535
17.195 0.0064147
17.2 0.0036502
17.205 -0.00024109
17.21 -0.0043574
17.215 -0.0079744
17.22 -0.011089
17.225 -0.013167
17.23 -0.015028
17.235 -0.016863
17.24 -0.018487
17.245 -0.019826
17.25 -0.020416
17.255 -0.020597
17.26 -0.019975
17.265 -0.018384
17.27 -0.015924
17.275 -0.012328
17.28 -0.0081755
17.285 -0.0033718
17.29 0.0018981
17.295 0.0073597
17.3 0.011567
17.305 0.013427
17.31 0.013343
17.315 0.011962
17.32 0.010087
17.325 0.0076114
17.33 0.0050851
17.335 0.0034454
17.34 0.0026624
17.345 0.002321
17.35 0.0017225
17.355 0.00088231
17.36 0.00053422
17.365 0.00091036
17.37 0.0018159
17.375 0.003307
17.38 0.0060735
17.385 0.0093873
17.39 0.012292
17.395 0.014733
17.4 0.016269
17.405 0.016868
17.41 0.016572
17.415 0.015065
17.42 0.012566
17.425 0.0085069
17.43 0.003735
17.435 -0.0014387
17.44 -0.0056731
17.445 -0.0082375
17.45 -0.0097152
17.455 -0.011239
17.46 -0.012446
17.465 -0.012132
17.47 -0.010753
17.475 -0.0089535
17.48 -0.0068859
17.485 -0.004936
17.49 -0.0037806
17.495 -0.0028666
17.5 -0.00072704
17.505 0.0029269
17.51 0.0073714
17.515 0.012583
17.52 0.017118
17.525 0.020136
17.53 0.021972
17.535 0.023045
17.54 0.023441
17.545 0.022967
17.55 0.020957
17.555 0.017265
17.56 0.012273
17.565 0.0070079
17.57 0.001578
17.575 -0.0043506
17.58 -0.010972
17.585 -0.01786
17.59 -0.024343
17.595 -0.029738
17.6 -0.032827
17.605 -0.033089
17.61 -0.031559
17.615 -0.02919
17.62 -0.026122
17.625 -0.021928
17.63 -0.015343
17.635 -0.0073328
17.64 -0.00078761
17.645 0.0032711
17.65 0.0057238
17.655 0.0073061
17.66 0.0083842
17.665 0.0086325
17.67 0.007467
17.675 0.0054317
17.68 0.0032968
17.685 0.0015883
17.69 0.00042475
17.695 -0.00062276
17.7 -0.0013012
17.705 -0.0012718
17.71 -0.00062706
17.715 0.00091482
17.72 0.0030841
17.725 0.0055327
17.73 0.0082064
17.735 0.010401
17.74 0.012128
17.745 0.013444
17.75 0.014173
17.755 0.014919
17.76 0.015983
17.765 0.016177
17.77 0.015087
17.775 0.013371
17.78 0.011015
17.785 0.007886
17.79 0.00371
17.795 -0.00034835
17.8 -0.0038261
17.805 -0.0058128
17.81 -0.006875
17.815 -0.0083612
17.82 -0.011655
17.825 -0.015648
17.83 -0.018188
17.835 -0.018898
17.84 -0.018822
17.845 -0.018212
17.85 -0.017099
17.855 -0.015174
17.86 -0.012623
17.865 -0.01006
17.87 -0.0082772
17.875 -0.0074455
17.88 -0.0064211
17.885 -0.0050259
17.89 -0.0038296
17.895 -0.0024724
17.9 -0.00052654
17.905 0.0018171
17.91 0.003772
17.915 0.0058404
17.92 0.0082146
17.925 0.01019
17.93 0.01132
17.935 0.011615
17.94 0.011517
17.945 0.0109
17.95 0.0096456
17.955 0.0080752
17.96 0.0066698
17.965 0.0055308
17.97 0.0040635
17.975 0.0019213
17.98 -0.00072657
17.985 -0.0037918
17.99 -0.0070653
17.995 -0.010083
18 -0.012694
18.005 -0.014424
18.01 -0.014874
18.015 -0.013932
18.02 -0.012911
18.025 -0.01199
18.03 -0.010538
18.035 -0.0088705
18.04 -0.0060496
18.045 -0.0030868
18.05 -0.00088937
18.055 9.3725e-005
18.06 0.00024128
18.065 0.00024896
18.07 0.0003069
18.075 -0.00051199
18.08 -0.0025689
18.085 -0.0053992
18.09 -0.0080465
18.095 -0.0096649
18.1 -0.0097466
18.105 -0.0077873
18.11 -0.0048252
18.115 -0.0011883
18.12 0.0026058
18.125 0.0058712
18.13 0.0085299
18.135 0.010348
18.14 0.011525
18.145 0.012703
18.15 0.01454
18.155 0.016572
18.16 0.017948
18.165 0.018945
18.17 0.019519
18.175 0.018763
18.18 0.016912
18.185 0.014647
18.19 0.011542
18.195 0.0080231
18.2 0.0047804
18.205 0.0020124
18.21 -0.0011079
18.215 -0.0034347
18.22 -0.004578
18.225 -0.0050778
18.23 -0.0050428
18.235 -0.0044572
18.24 -0.0029676
18.245 -0.0014487
18.25 -0.00064022
18.255 -0.0006153
18.26 -0.0013203
18.265 -0.0022033
18.27 -0.0031969
18.275 -0.0038972
18.28 -0.0043336
18.285 -0.0044813
18.29 -0.0041417
18.295 -0.0033277
18.3 -0.0021544
18.305 -0.00043394
18.31 0.0025548
18.315 0.0062663
18.32 0.0098704
18.325 0.012078
18.33 0.012628
18.335 0.012048
18.34 0.010673
18.345 0.0082284
18.35 0.0053733
18.355 0.0034092
18.36 0.0026045
18.365 0.0023066
18.37 0.0012748
18.375 -0.00058911
18.38 -0.0015744
18.385 -0.0012536
18.39 -0.00032329
18.395 0.0010558
18.4 0.0024556
18.405 0.0030698
18.41 0.0029066
18.415 0.0026086
18.42 0.0022061
18.425 0.001847
18.43 0.0014809
18.435 0.00082626
18.44 0.00016683
18.445 -0.00044846
18.45 -0.00087195
18.455 -0.00082346
18.46 -0.0010083
18.465 -0.0020231
18.47 -0.0036133
18.475 -0.0047189
18.48 -0.0048626
18.485 -0.0046438
18.49 -0.0047204
18.495 -0.0049922
18.5 -0.0051462
18.505 -0.0051119
18.51 -0.0048518
18.515 -0.0042705
18.52 -0.0035564
18.525 -0.0029204
18.53 -0.0023427
18.535 -0.0012393
18.54 0.00051889
18.545 0.0024393
18.55 0.0039165
18.555 0.0047335
18.56 0.0046558
18.565 0.0034008
18.57 0.0010731
18.575 -0.0018848
18.58 -0.004591
18.585 -0.0067874
18.59 -0.0080897
18.595 -0.0085021
18.6 -0.0080483
18.605 -0.0071358
18.61 -0.006019
18.615 -0.0050705
18.62 -0.00425
18.625 -0.0036082
18.63 -0.0031397
18.635 -0.0021014
18.64 -0.0002084
18.645 0.0032307
18.65 0.0078165
18.655 0.011724
18.66 0.013846
18.665 0.014581
18.67 0.014811
18.675 0.015145
18.68 0.015541
18.685 0.016236
18.69 0.017304
18.695 0.018245
18.7 0.018612
18.705 0.017792
18.71 0.014725
18.715 0.0091922
18.72 0.0021124
18.725 -0.0052887
18.73 -0.010919
18.735 -0.014109
18.74 -0.015242
18.745 -0.015469
18.75 -0.015186
18.755 -0.014244
18.76 -0.012031
18.765 -0.0087084
18.77 -0.0048598
18.775 -0.0010474
18.78 0.0025087
18.785 0.0059615
18.79 0.0085241
18.795 0.009826
18.8 0.0099126
18.805 0.0090248
18.81 0.0068423
18.815 0.002428
18.82 -0.0035508
18.825 -0.0093429
18.83 -0.014543
18.835 -0.01788
18.84 -0.019382
18.845 -0.019888
18.85 -0.019834
18.855 -0.019376
18.86 -0.018297
18.865 -0.016016
18.87 -0.012036
18.875 -0.0066594
18.88 0.0003389
18.885 0.0078964
18.89 0.014004
18.895 0.018101
18.9 0.020141
18.905 0.020814
18.91 0.020796
18.915 0.019846
18.92 0.017622
18.925 0.014135
18.93 0.0098896
18.935 0.0056116
18.94 0.0021114
18.945 -0.00084933
18.95 -0.0036931
18.955 -0.0066291
18.96 -0.0090462
18.965 -0.010238
18.97 -0.010023
18.975 -0.0089076
18.98 -0.0072309
18.985 -0.0054496
18.99 -0.0035387
18.995 -0.0017023
19 -0.00053374
19.005 6.2535e-005
19.01 -3.3957e-005
19.015 -0.00042259
19.02 -0.00077839
19.025 -0.0014381
19.03 -0.0025049
19.035 -0.0034462
19.04 -0.0042011
19.045 -0.0050838
19.05 -0.0060995
19.055 -0.0070052
19.06 -0.0076703
19.065 -0.0083089
19.07 -0.0089069
19.075 -0.0087877
19.08 -0.0080436
19.085 -0.0071571
19.09 -0.0063509
19.095 -0.0057912
19.1 -0.0051879
19.105 -0.0042553
19.11 -0.0028534
19.115 -0.00095382
19.12 0.0016889
19.125 0.0049934
19.13 0.007913
19.135 0.0095651
19.14 0.0099233
19.145 0.0095719
19.15 0.0089466
19.155 0.0079086
19.16 0.0060513
19.165 0.0033494
19.17 0.00014412
19.175 -0.0022851
19.18 -0.0039648
19.185 -0.005256
19.19 -0.0061715
19.195 -0.0070454
19.2 -0.0075893
19.205 -0.0075053
19.21 -0.0068135
19.215 -0.0056534
19.22 -0.0036828
19.225 -0.0011094
19.23 0.0016317
19.235 0.0037959
19.24 0.0050075
19.245 0.0054225
19.25 0.0055443
19.255 0.006007
19.26 0.0065166
19.265 0.0066506
19.27 0.0065849
19.275 0.0065103
19.28 0.0063007
19.285 0.0056614
19.29 0.0046778
19.295 0.0032351
19.3 0.0012682
19.305 -0.00090914
19.31 -0.0029009
19.315 -0.0044067
19.32 -0.0054171
19.325 -0.0057873
19.33 -0.0056388
19.335 -0.0052056
19.34 -0.0044392
19.345 -0.0032754
19.35 -0.0018297
19.355 -0.00019493
19.36 0.0011534
19.365 0.0021337
19.37 0.0031087
19.375 0.0041758
19.38 0.0050967
19.385 0.0056222
19.39 0.0058711
19.395 0.0060012
19.4 0.0060329
19.405 0.0059433
19.41 0.0056968
19.415 0.005332
19.42 0.0049142
19.425 0.0043557
19.43 0.0035497
19.435 0.0025392
19.44 0.0015767
19.445 0.00084157
19.45 0.00014856
19.455 -0.00058806
19.46 -0.001189
19.465 -0.0016942
19.47 -0.0019969
19.475 -0.0020952
19.48 -0.0020773
19.485 -0.0019649
19.49 -0.0017611
19.495 -0.0014818
19.5 -0.0011276
19.505 -0.00076507
19.51 -0.00043521
19.515 -0.0001234
19.52 0.00014701
19.525 0.0003234
19.53 0.00047532
19.535 0.00072428
19.54 0.0010426
19.545 0.0013497
19.55 0.0015963
19.555 0.0017581
19.56 0.0018572
19.565 0.0018958
19.57 0.0018579
19.575 0.0017994
19.58 0.0017313
19.585 0.0016312
19.59 0.0015083
19.595 0.0013885
19.6 0.0012747
19.605 0.001167
19.61 0.0010602
19.615 0.00093187
19.62 0.00077102
19.625 0.00059781
19.63 0.00042249
19.635 0.00023909
19.64 6.4617e-005
19.645 -5.6739e-005
19.65 -0.000121
19.655 -0.00016188
19.66 -0.00019042
19.665 -0.00019861
19.67 -0.00018127
19.675 -0.00014682
19.68 -0.00010426
19.685 -5.2479e-005
19.69 7.6699e-006
19.695 5.6559e-005
19.7 9.23e-005
19.705 0.00011445
19.71 0.00011671
19.715 0.0001057
19.72 9.1124e-005
19.725 7.8038e-005
19.73 5.6184e-005
19.735 2.5696e-005
19.74 -3.9243e-006
19.745 -2.4986e-005
19.75 -3.8689e-005
19.755 -4.9287e-005
19.76 -6.2909e-005
19.765 -8.0497e-005
19.77 -0.00010123
19.775 -0.00012382
19.78 -0.00014556
19.785 -0.00016432
19.79 -0.00017952
19.795 -0.00019001
19.8 -0.0001961
19.805 -0.0002008
19.81 -0.00020593
19.815 -0.00021168
19.82 -0.00021957
19.825 -0.00023092
19.83 -0.00024579
19.835 -0.00026335
19.84 -0.00028179
19.845 -0.00030003
19.85 -0.00031852
19.855 -0.00033754
19.86 -0.00035597
19.865 -0.00037289
19.87 -0.00038904
19.875 -0.00040498
19.88 -0.00042055
19.885 -0.00043605
19.89 -0.00045134
19.895 -0.00046601
19.9 -0.00047973
19.905 -0.00049235
19.91 -0.00050398
19.915 -0.00051506
19.92 -0.00052609
19.925 -0.00053706
19.93 -0.00054792
19.935 -0.00055881
19.94 -0.0005698
19.945 -0.00058088
19.95 -0.00059195
19.955 -0.00060296
19.96 -0.00061387
19.965 -0.00062465
19.97 -0.00063522
19.975 -0.00064552
19.98 -0.00065555
19.985 -0.00066527
19.99 -0.0006747
19.995 -0.00068383
20 -0.00069267
20.005 -0.00070125
20.01 -0.00070958
20.015 -0.00071767
20.02 -0.00072551
20.025 -0.00073312
