0.02 2.0446e-006
0.04 1.0822e-005
0.06 2.9522e-006
0.08 -3.2215e-005
0.1 -6.5173e-005
0.12 2.4328e-006
0.14 7.7976e-006
0.16 -0.00010123
0.18 -0.00026402
0.2 -7.7805e-006
0.22 0.00056585
0.24 8.2591e-005
0.26 -0.00024665
0.28 0.00018447
0.3 2.4649e-005
0.32 0.00089084
0.34 0.00048519
0.36 -0.0019463
0.38 -0.0012254
0.4 0.0027206
0.42 0.0031358
0.44 0.0036129
0.46 0.00086851
0.48 -0.0029056
0.5 -0.0011816
0.52 0.0015056
0.54 0.00035688
0.56 -0.0041118
0.58 -0.0035027
0.6 -0.0011363
0.62 -0.0016302
0.64 -0.00011558
0.66 -0.0025803
0.68 -0.00021998
0.7 -0.0024812
0.72 -0.007218
0.74 -0.00088708
0.76 0.0022019
0.78 0.0082525
0.8 0.016253
0.82 0.016787
0.84 -0.0012139
0.86 -0.014258
0.88 -0.011436
0.9 -0.00030004
0.92 0.00050466
0.94 -0.004149
0.96 -0.0082189
0.98 -0.0046087
1 0.006197
1.02 0.0025841
1.04 0.0095637
1.06 0.015074
1.08 0.0074821
1.1 0.0074583
1.12 -0.0057576
1.14 -0.0078936
1.16 0.011875
1.18 0.020907
1.2 -0.001376
1.22 -0.034819
1.24 -0.037773
1.26 0.013388
1.28 0.02755
1.3 -0.017527
1.32 -0.030177
1.34 -0.006549
1.36 0.011565
1.38 0.014605
1.4 -0.022652
1.42 -0.017452
1.44 0.038006
1.46 0.028647
1.48 -0.043742
1.5 -0.037928
1.52 0.017204
1.54 0.0023168
1.56 -0.0080224
1.58 -0.015609
1.6 -0.0074698
1.62 0.024975
1.64 0.033839
1.66 0.035243
1.68 0.01047
1.7 0.0074235
1.72 -0.00013917
1.74 -0.023473
1.76 -0.032897
1.78 -0.022154
1.8 0.017426
1.82 0.042303
1.84 -0.017486
1.86 -0.047216
1.88 -0.022241
1.9 0.017814
1.92 0.0034748
1.94 0.0086069
1.96 0.017132
1.98 0.046419
2 0.045133
2.02 0.014988
2.04 -0.00067115
2.06 0.017372
2.08 0.010227
2.1 0.010542
2.12 -0.0093248
2.14 -0.033554
2.16 -0.039237
2.18 -0.019313
2.2 -0.014446
2.22 -0.047316
2.24 -0.039595
2.26 0.021074
2.28 0.035662
2.3 -0.0065727
2.32 0.0061132
2.34 0.044301
2.36 0.040114
2.38 -0.0038247
2.4 -0.021089
2.42 0.0025002
2.44 -0.0054823
2.46 -0.0057454
2.48 -0.022191
2.5 -0.004478
2.52 0.056487
2.54 0.020237
2.56 0.016207
2.58 5.1236e-005
2.6 -0.028344
2.62 -0.024125
2.64 -0.036308
2.66 -0.054081
2.68 -0.018473
2.7 0.012553
2.72 0.03272
2.74 0.031842
2.76 0.019077
2.78 0.0034359
2.8 0.030658
2.82 0.036624
2.84 -0.0022699
2.86 -0.02211
2.88 0.021647
2.9 0.017301
2.92 -0.033483
2.94 -0.043653
2.96 0.0012284
2.98 0.022392
3 -0.018535
3.02 -0.060748
3.04 -0.035388
3.06 -0.029314
3.08 -0.052598
3.1 -0.00011134
3.12 0.045712
3.14 0.012754
3.16 0.013906
3.18 0.033226
3.2 0.024162
3.22 0.040191
3.24 0.031825
3.26 0.036669
3.28 -0.023654
3.3 -0.067361
3.32 -0.038736
3.34 -0.01138
3.36 0.0019565
3.38 -0.02499
3.4 -0.0025113
3.42 0.054102
3.44 0.054285
3.46 0.02675
3.48 -0.0043104
3.5 -0.001549
3.52 0.0077568
3.54 -0.025225
3.56 -0.040467
3.58 0.019296
3.6 0.075884
3.62 0.073856
3.64 0.028776
3.66 -0.035255
3.68 -0.057038
3.7 -0.043547
3.72 -0.064139
3.74 -0.13547
3.76 -0.1467
3.78 -0.1399
3.8 -0.11359
3.82 0.060731
3.84 0.2226
3.86 0.15507
3.88 0.10292
3.9 0.086676
3.92 0.059776
3.94 -0.040146
3.96 -0.14499
3.98 -0.17307
4 -0.080695
4.02 0.020924
4.04 0.10503
4.06 0.12023
4.08 0.21418
4.1 0.25842
4.12 0.2204
4.14 0.15527
4.16 0.066988
4.18 -0.022064
4.2 -0.019557
4.22 -0.075659
4.24 -0.26909
4.26 -0.3411
4.28 -0.29493
4.3 -0.21773
4.32 -0.20535
4.34 -0.3028
4.36 -0.26323
4.38 -0.17169
4.4 -0.13873
4.42 -0.022326
4.44 0.24936
4.46 0.38661
4.48 0.42257
4.5 0.39427
4.52 0.26282
4.54 0.09428
4.56 0.00035987
4.58 -0.091474
4.6 -0.17112
4.62 -0.17448
4.64 -0.14177
4.66 -0.071796
4.68 0.11197
4.7 0.16214
4.72 0.092053
4.74 0.067566
4.76 0.1109
4.78 0.075137
4.8 -0.035981
4.82 -0.12339
4.84 0.0069419
4.86 0.13365
4.88 0.043772
4.9 -0.06829
4.92 -0.091104
4.94 -0.096652
4.96 -0.056262
4.98 -0.00017075
5 0.055724
5.02 -0.0064317
5.04 -0.075612
5.06 0.001836
5.08 0.023058
5.1 0.046842
5.12 0.076838
5.14 0.042503
5.16 0.054192
5.18 0.10057
5.2 0.097799
5.22 0.084664
5.24 -0.033382
5.26 -0.13053
5.28 -0.12183
5.3 -0.098496
5.32 -0.072453
5.34 -0.096698
5.36 -0.1806
5.38 -0.16698
5.4 -0.078066
5.42 0.042985
5.44 0.090233
5.46 0.09111
5.48 0.10494
5.5 0.045237
5.52 0.054957
5.54 0.042507
5.56 -0.06752
5.58 -0.0745
5.6 -0.063824
5.62 -0.082323
5.64 -0.032648
5.66 0.056676
5.68 0.10754
5.7 0.11887
5.72 0.10071
5.74 0.053686
5.76 -0.0038872
5.78 0.041652
5.8 0.11792
5.82 0.051027
5.84 -0.079158
5.86 -0.13829
5.88 -0.12689
5.9 -0.028464
5.92 0.083464
5.94 0.12739
5.96 0.13593
5.98 0.077924
6 0.032108
6.02 0.0036081
6.04 -0.034716
6.06 -0.07001
6.08 -0.059793
6.1 0.0034266
6.12 0.019977
6.14 0.057331
6.16 0.11307
6.18 0.090063
6.2 0.025616
6.22 -0.0020648
6.24 -0.088716
6.26 -0.13626
6.28 -0.11593
6.3 -0.14919
6.32 -0.149
6.34 -0.10846
6.36 -0.095423
6.38 -0.039133
6.4 0.071357
6.42 0.086992
6.44 -0.021549
6.46 -0.088763
6.48 -0.096018
6.5 -0.042474
6.52 -0.019422
6.54 -0.047239
6.56 -0.027434
6.58 0.041365
6.6 0.09379
6.62 0.11491
6.64 0.11329
6.66 0.031382
6.68 0.0090457
6.7 0.053426
6.72 0.073549
6.74 0.13324
6.76 0.18186
6.78 0.15794
6.8 0.098083
6.82 0.025608
6.84 -0.0040822
6.86 -0.01516
6.88 -0.06876
6.9 -0.10398
6.92 -0.14128
6.94 -0.15977
6.96 -0.1525
6.98 -0.16097
7 -0.11457
7.02 -0.048751
7.04 -0.085753
7.06 -0.12043
7.08 -0.083388
7.1 -0.026257
7.12 -0.0054408
7.14 -0.0065604
7.16 2.186e-005
7.18 0.0046208
7.2 0.0063844
7.22 0.027611
7.24 0.011731
7.26 -0.0048124
7.28 0.037545
7.3 0.079539
7.32 0.093741
7.34 0.041614
7.36 0.04286
7.38 0.09183
7.4 0.08856
7.42 0.094329
7.44 0.11184
7.46 0.11904
7.48 0.12208
7.5 0.067937
7.52 -0.011687
7.54 -0.053044
7.56 -0.078591
7.58 -0.063019
7.6 -0.03318
7.62 -0.016882
7.64 -0.0098196
7.66 -0.0088822
7.68 -0.020849
7.7 -0.037313
7.72 -0.035397
7.74 -0.00038622
7.76 0.055887
7.78 0.0789
7.8 0.093029
7.82 0.12624
7.84 0.12121
7.86 0.068597
7.88 -0.023594
7.9 -0.086432
7.92 -0.094943
7.94 -0.014058
7.96 0.044054
7.98 0.0089041
8 -0.016016
8.02 -0.06032
8.04 -0.098601
8.06 -0.05111
8.08 -0.010408
8.1 -0.016883
8.12 -0.0348
8.14 -0.053513
8.16 -0.065569
8.18 -0.034492
8.2 0.0064678
8.22 -0.014348
8.24 -0.024599
8.26 0.00082061
8.28 -0.021824
8.3 -0.031532
8.32 -0.057134
8.34 -0.091427
8.36 -0.086808
8.38 -0.081383
8.4 -0.059214
8.42 0.0049192
8.44 0.064942
8.46 0.058343
8.48 0.057334
8.5 0.08569
8.52 0.11958
8.54 0.12489
8.56 0.094741
8.58 0.049817
8.6 0.010707
8.62 -0.039173
8.64 -0.027351
8.66 0.010863
8.68 -0.024213
8.7 -0.026227
8.72 0.027512
8.74 0.04678
8.76 -0.00038848
8.78 -0.073478
8.8 -0.073157
8.82 -0.054643
8.84 -0.073219
8.86 -0.083455
8.88 -0.048526
8.9 0.0046985
8.92 -0.0010488
8.94 0.022919
8.96 0.10882
8.98 0.12622
9 0.12146
9.02 0.11245
9.04 0.07415
9.06 0.054999
9.08 0.024218
9.1 -0.043385
9.12 -0.069653
9.14 -0.074204
9.16 -0.065599
9.18 -0.068378
9.2 -0.075656
9.22 -0.062463
9.24 -0.062098
9.26 -0.045734
9.28 -0.057954
9.3 -0.063748
9.32 -0.056601
9.34 -0.032606
9.36 0.011272
9.38 0.0047428
9.4 0.0082655
9.42 0.0519
9.44 0.093078
9.46 0.089006
9.48 0.053262
9.5 0.018542
9.52 0.0099234
9.54 0.0046384
9.56 -0.018572
9.58 -0.021161
9.6 0.0051975
9.62 0.0089062
9.64 -0.0064346
9.66 0.017026
9.68 0.024869
9.7 0.039825
9.72 0.061473
9.74 0.067555
9.76 0.067875
9.78 0.058795
9.8 0.02546
9.82 0.011443
9.84 0.0031408
9.86 -0.041874
9.88 -0.040771
9.9 -0.0047078
9.92 -0.021584
9.94 -0.047527
9.96 -0.040476
9.98 -0.0088137
10 0.0079472
10.02 -0.026062
10.04 -0.010827
10.06 0.0005792
10.08 -0.0040944
10.1 -0.0075563
10.12 0.0035187
10.14 0.016334
10.16 0.0045816
10.18 -0.0057792
10.2 -0.010667
10.22 0.014419
10.24 0.058896
10.26 0.062189
10.28 0.039455
10.3 0.016704
10.32 0.017227
10.34 0.01843
10.36 0.015455
10.38 -0.0010238
10.4 -0.03399
10.42 -0.065724
10.44 -0.055321
10.46 -0.032098
10.48 -0.010677
10.5 -0.018114
10.52 -0.010881
10.54 0.021761
10.56 0.037862
10.58 0.049032
10.6 0.023178
10.62 -0.020077
10.64 0.00022904
10.66 0.027703
10.68 0.01496
10.7 -0.031963
10.72 -0.043144
10.74 -0.010871
10.76 -0.010888
10.78 -0.0036381
10.8 0.0082377
10.82 -0.011209
10.84 -0.017657
10.86 -0.0056046
10.88 0.031255
10.9 0.01269
10.92 -0.032524
10.94 -0.015704
10.96 0.02911
10.98 0.050029
11 0.034855
11.02 -0.00085251
11.04 -0.045842
11.06 -0.038574
11.08 -0.036303
11.1 -0.052548
11.12 -0.056092
11.14 -0.073065
11.16 -0.067005
11.18 -0.032551
11.2 0.00085812
11.22 0.010278
11.24 0.012448
11.26 0.009593
11.28 0.030963
11.3 0.045481
11.32 0.028911
11.34 0.012049
11.36 -0.004555
11.38 -0.036098
11.4 -0.045427
11.42 -0.033674
11.44 0.003526
11.46 0.034364
11.48 0.035289
11.5 0.035092
11.52 0.038493
11.54 0.022809
11.56 -0.025226
11.58 -0.05639
11.6 -0.010772
11.62 0.034938
11.64 0.022472
11.66 0.0032521
11.68 0.0064956
11.7 -0.010675
11.72 -0.02626
11.74 -0.025811
11.76 -0.01252
11.78 -0.0016542
11.8 0.010598
11.82 0.02752
11.84 0.035913
11.86 0.050901
11.88 0.028334
11.9 -0.0055879
11.92 -0.024479
11.94 -0.040041
11.96 -0.054751
11.98 -0.045763
12 -7.4612e-005
12.02 0.025841
12.04 0.0277
12.06 0.035428
12.08 0.039512
12.1 0.058859
12.12 0.052945
12.14 0.029887
12.16 0.017347
12.18 0.016267
12.2 0.012035
12.22 -0.0025016
12.24 -0.013466
12.26 -0.018193
12.28 -0.022216
12.3 -0.0091266
12.32 0.0046478
12.34 0.0056467
12.36 0.011948
12.38 0.003427
12.4 -0.0049123
12.42 -0.0093901
12.44 -0.0097327
12.46 -0.0042773
12.48 -0.021843
12.5 -0.034399
12.52 -0.039445
12.54 -0.033807
12.56 -0.0078068
12.58 0.0018906
12.6 -0.024874
12.62 -0.028385
12.64 -0.0097836
12.66 -0.0048262
12.68 0.0050078
12.7 0.01285
12.72 -0.00067923
12.74 0.0021254
12.76 0.0059731
12.78 -0.00197
12.8 0.008008
12.82 0.01871
12.84 0.017108
12.86 0.0033074
12.88 0.014277
12.9 0.016883
12.92 0.0081075
12.94 0.023774
12.96 0.034768
12.98 0.014451
13 0.0044557
13.02 0.015394
13.04 0.0089133
13.06 -0.01135
13.08 -0.022218
13.1 -0.020569
13.12 -0.018894
13.14 -0.024618
13.16 -0.034234
13.18 -0.039067
13.2 -0.029032
13.22 -0.03501
13.24 -0.061553
13.26 -0.071437
13.28 -0.058908
13.3 -0.035112
13.32 -0.0019109
13.34 0.0040434
13.36 0.00071211
13.38 0.01406
13.4 0.027999
13.42 0.025688
13.44 0.0053324
13.46 -0.0096043
13.48 0.0088661
13.5 0.035131
13.52 0.038242
13.54 0.034689
13.56 0.043511
13.58 0.044418
13.6 0.047941
13.62 0.049812
13.64 0.04591
13.66 0.040244
13.68 0.029825
13.7 0.033896
13.72 0.020192
13.74 -0.013147
13.76 -0.024871
13.78 -0.030249
13.8 -0.025285
13.82 -0.01278
13.84 -0.016662
13.86 -0.03988
13.88 -0.048248
13.9 -0.025681
13.92 -0.010337
13.94 -0.0028309
13.96 0.011058
13.98 0.027345
14 0.021363
14.02 0.0015336
14.04 -0.0041927
14.06 0.0033771
14.08 -0.017907
14.1 -0.017511
14.12 -0.0055747
14.14 -0.0089806
14.16 -0.011126
14.18 -0.020916
14.2 -0.014911
14.22 0.00084845
14.24 0.0021784
14.26 0.002143
14.28 0.0080914
14.3 0.0084908
14.32 -0.0031366
14.34 0.00067073
14.36 0.028948
14.38 0.040322
14.4 0.021843
14.42 0.0022295
14.44 -0.0036843
14.46 0.0018554
14.48 0.0079729
14.5 0.012418
14.52 0.015911
14.54 0.025811
14.56 0.023055
14.58 0.018131
14.6 0.022017
14.62 0.032397
14.64 0.025978
14.66 0.022239
14.68 0.023501
14.7 0.011614
14.72 0.013154
14.74 0.024279
14.76 0.029345
14.78 0.028512
14.8 0.003062
14.82 -0.019792
14.84 -0.032508
14.86 -0.051183
14.88 -0.059555
14.9 -0.055676
14.92 -0.046297
14.94 -0.023176
14.96 -0.015856
14.98 -0.015258
15 -0.016617
15.02 -0.02606
15.04 -0.02926
15.06 -0.033317
15.08 -0.040813
15.1 -0.042225
15.12 -0.035979
15.14 -0.027943
15.16 -0.01115
15.18 -0.0014724
15.2 -0.0034802
15.22 0.013313
15.24 0.034816
15.26 0.03706
15.28 0.016533
15.3 -0.0057754
15.32 -0.01637
15.34 -0.0098891
15.36 -0.015402
15.38 -0.019894
15.4 0.00051497
15.42 0.018301
15.44 0.027356
15.46 0.027642
15.48 0.0088437
15.5 0.0010114
15.52 0.012995
15.54 0.021837
15.56 0.021196
15.58 0.0061449
15.6 -0.010526
15.62 -0.015386
15.64 -0.012
15.66 0.0078185
15.68 0.01548
15.7 0.0051907
15.72 0.0088877
15.74 0.017154
15.76 0.029657
15.78 0.020151
15.8 -0.0038839
15.82 -0.0026822
15.84 0.0022535
15.86 -0.0088456
15.88 -0.0051245
15.9 -0.00067377
15.92 0.00037737
15.94 0.0087461
15.96 0.015393
15.98 0.018143
16 0.020924
16.02 0.026385
16.04 0.034955
16.06 0.0379
16.08 0.028542
16.1 0.015852
16.12 0.0084815
16.14 0.0056657
16.16 -0.0047258
16.18 -0.012585
16.2 0.0090609
16.22 0.017548
16.24 0.0042269
16.26 -0.0047799
16.28 -0.012894
16.3 -0.0052146
16.32 0.00087434
16.34 0.0089791
16.36 0.012191
16.38 0.007684
16.4 -0.0012733
16.42 -0.013274
16.44 -0.025358
16.46 -0.041499
16.48 -0.054188
16.5 -0.048705
16.52 -0.029779
16.54 -0.0053966
16.56 0.0021878
16.58 -0.014879
16.6 -0.016593
16.62 -0.013188
16.64 -0.017415
16.66 -0.019006
16.68 -0.025096
16.7 -0.029223
16.72 -0.026841
16.74 -0.020614
16.76 -0.0031327
16.78 -0.00024907
16.8 -0.0030944
16.82 0.014011
16.84 0.021026
16.86 0.011813
16.88 -0.0012682
16.9 0.0021651
16.92 0.018446
16.94 0.014383
16.96 0.000979
16.98 0.0018714
17 0.016732
17.02 0.021447
17.04 0.005572
17.06 -0.00037113
17.08 0.0038346
17.1 0.00062721
17.12 -0.0035776
17.14 -0.0052321
17.16 -0.0089824
17.18 -0.0096604
17.2 -0.0057868
17.22 -0.00082275
17.24 0.0085329
17.26 0.01017
17.28 -0.0042108
17.3 -0.017866
17.32 -0.019205
17.34 -0.01153
17.36 0.0016654
17.38 0.011911
17.4 0.01587
17.42 0.0082553
17.44 0.004628
17.46 0.00088333
17.48 -0.010583
17.5 -0.0065991
17.52 0.0020615
17.54 0.005747
17.56 0.010948
17.58 0.0042719
17.6 -0.016853
17.62 -0.021137
17.64 -0.0061638
17.66 0.0075924
17.68 0.013426
17.7 0.0077641
17.72 0.0042122
17.74 0.0078053
17.76 0.0053961
17.78 -0.0041285
17.8 -0.0072795
17.82 -0.00087402
17.84 0.012882
17.86 0.015088
17.88 0.0099006
17.9 0.015166
17.92 0.024159
17.94 0.017308
17.96 -0.0034841
17.98 -0.014726
18 -0.016683
18.02 -0.014216
18.04 -0.0046437
18.06 0.015928
18.08 0.02737
18.1 0.02686
18.12 0.027832
18.14 0.02877
18.16 0.027574
18.18 0.020788
18.2 0.0048208
18.22 -0.0047913
18.24 -0.0046523
18.26 0.0080527
18.28 0.015355
18.3 0.010907
18.32 -0.0022225
18.34 -0.0070554
18.36 -0.013541
18.38 -0.015685
18.4 0.001439
18.42 0.00874
18.44 0.0070845
18.46 -0.0031287
18.48 -0.018363
18.5 -0.02808
18.52 -0.028377
18.54 -0.018622
18.56 -0.012741
18.58 0.0023976
18.6 0.010791
18.62 0.0089316
18.64 0.0019941
18.66 -0.011824
18.68 -0.023321
18.7 -0.027757
18.72 -0.026377
18.74 -0.018643
18.76 -0.013212
18.78 -0.012989
18.8 -0.025208
18.82 -0.023142
18.84 -0.019304
18.86 -0.02075
18.88 -0.017565
18.9 -0.0080105
18.92 0.0045652
18.94 0.0018607
18.96 -0.012053
18.98 -0.0092305
19 0.0039168
19.02 0.01372
19.04 0.023829
19.06 0.029008
19.08 0.019569
19.1 0.019462
19.12 0.022816
19.14 0.010981
19.16 0.0022116
19.18 -0.0026917
19.2 0.00080951
19.22 0.0050486
19.24 0.011093
19.26 0.016989
19.28 0.011972
19.3 0.0002713
19.32 -0.017511
19.34 -0.024789
19.36 -0.0090075
19.38 0.0032111
19.4 0.0050588
19.42 0.011442
19.44 0.016083
19.46 0.010325
19.48 0.00043421
19.5 -0.0015371
19.52 -0.0034869
19.54 -0.010098
19.56 -0.0059509
19.58 0.010825
19.6 0.020548
19.62 0.013468
19.64 0.00033729
19.66 -0.0019229
19.68 0.00012837
19.7 8.7879e-005
19.72 -0.00039532
19.74 -0.0023621
19.76 0.0040019
19.78 0.012467
19.8 0.0094064
19.82 0.0010732
19.84 -0.004578
19.86 -0.0059395
19.88 -0.0049432
19.9 -0.011857
19.92 -0.0047132
19.94 0.014477
19.96 0.024281
19.98 0.016592
20 0.00017214
20.02 -0.005949
20.04 0.0018617
20.06 -0.00012706
20.08 -0.0032358
20.1 0.0011407
20.12 0.0019058
20.14 0.0097983
20.16 0.02519
20.18 0.023889
20.2 0.013455
20.22 0.0015095
20.24 -0.011982
20.26 -0.013352
20.28 -0.01058
20.3 -0.0075824
20.32 -0.010661
20.34 -0.01154
20.36 -0.0043204
20.38 0.00016923
20.4 0.0055126
20.42 0.011203
20.44 0.0078967
20.46 -0.010826
20.48 -0.023882
20.5 -0.022313
20.52 -0.016783
20.54 -0.012047
20.56 -0.0074941
20.58 -0.00065599
20.6 0.0015875
20.62 -0.0064946
20.64 -0.012824
20.66 -0.011236
20.68 -0.013391
20.7 -0.010916
20.72 -0.0046047
20.74 0.00095467
20.76 -0.0039771
20.78 -0.012295
20.8 -0.019398
20.82 -0.019824
20.84 -0.013494
20.86 -0.012312
20.88 -0.011375
20.9 -0.0024979
20.92 0.0091518
20.94 0.011478
20.96 0.006703
20.98 0.003728
21 0.0012456
21.02 0.0049608
21.04 0.014759
21.06 0.014743
21.08 0.011146
21.1 0.010321
21.12 0.0099752
21.14 0.020705
21.16 0.029049
21.18 0.020978
21.2 0.0058321
21.22 -0.0067866
21.24 -0.0058713
21.26 0.0026229
21.28 0.0096092
21.3 0.0033501
21.32 -0.0086888
21.34 -0.01637
21.36 -0.010585
21.38 0.0034312
21.4 0.0089129
21.42 0.0086794
21.44 0.013235
21.46 0.025554
21.48 0.030027
21.5 0.015635
21.52 0.00052899
21.54 0.0034457
21.56 0.009688
21.58 0.0050908
21.6 -0.00123
21.62 -0.0091469
21.64 -0.01475
21.66 -0.019919
21.68 -0.023847
21.7 -0.023389
21.72 -0.025951
21.74 -0.019008
21.76 -0.013927
21.78 -0.013729
21.8 -0.013947
21.82 -0.0091643
21.84 0.0053105
21.86 0.01879
21.88 0.020237
21.9 0.020103
21.92 0.016076
21.94 0.0064024
21.96 0.0019594
21.98 0.0055683
22 0.0092854
22.02 0.022588
22.04 0.027775
22.06 0.017934
22.08 0.0062808
22.1 0.0028103
22.12 -0.006081
22.14 -0.0063914
22.16 -0.0025986
22.18 -0.00093003
22.2 -0.0075831
22.22 -0.014192
22.24 -0.018848
22.26 -0.023633
22.28 -0.022821
22.3 -0.016547
22.32 -0.011884
22.34 -0.0057815
22.36 -0.0060618
22.38 -0.013692
22.4 -0.014266
22.42 -0.0099835
22.44 -0.006815
22.46 -0.0092858
22.48 -0.015921
22.5 -0.012032
22.52 -0.0086648
22.54 -0.012597
22.56 -0.02044
22.58 -0.020326
22.6 -0.016058
22.62 -0.011264
22.64 -0.0080054
22.66 0.0019771
22.68 0.011084
22.7 0.018195
22.72 0.027785
22.74 0.034288
22.76 0.032535
22.78 0.025286
22.8 0.021665
22.82 0.022228
22.84 0.015841
22.86 0.0028204
22.88 0.0042488
22.9 0.015629
22.92 0.019096
22.94 0.013706
22.96 0.018316
22.98 0.033097
23 0.037857
23.02 0.028171
23.04 0.016493
23.06 0.013674
23.08 0.0063785
23.1 -0.0050281
23.12 -0.010617
23.14 -0.0075258
23.16 -0.0019555
23.18 -0.0058759
23.2 -0.010151
23.22 -0.014686
23.24 -0.017
23.26 -0.017449
23.28 -0.022434
23.3 -0.024291
23.32 -0.013598
23.34 -0.011414
23.36 -0.018747
23.38 -0.025067
23.4 -0.026579
23.42 -0.021066
23.44 -0.0090873
23.46 0.0072338
23.48 0.014403
23.5 0.0047771
23.52 -0.00063276
23.54 0.00027234
23.56 -0.00017608
23.58 -0.0032808
23.6 -0.0079282
23.62 -0.0043979
23.64 -0.00077667
23.66 -0.0058708
23.68 -0.01349
23.7 -0.0016888
23.72 0.022339
23.74 0.031113
23.76 0.026109
23.78 0.016082
23.8 -0.0014779
23.82 -0.01544
23.84 -0.021588
23.86 -0.015537
23.88 -0.0064849
23.9 0.0023496
23.92 0.0078438
23.94 0.0042237
23.96 0.0029411
23.98 0.0044655
24 0.013102
24.02 0.019803
24.04 0.010261
24.06 0.003278
24.08 0.00026019
24.1 -0.0080488
24.12 -0.013568
24.14 -0.018094
24.16 -0.016531
24.18 -0.0090825
24.2 0.0042993
24.22 0.011323
24.24 0.012105
24.26 0.0086253
24.28 0.006836
24.3 0.0097386
24.32 0.0093029
24.34 0.00833
24.36 0.010128
24.38 0.0085791
24.4 -0.0029922
24.42 -0.016948
24.44 -0.024377
24.46 -0.016862
24.48 -0.0042633
24.5 -0.0021125
24.52 0.00022654
24.54 -0.0052381
24.56 -0.013551
24.58 -0.010738
24.6 -0.002902
24.62 0.0037029
24.64 0.0087722
24.66 0.007679
24.68 0.0073461
24.7 0.01302
24.72 0.012497
24.74 0.0065938
24.76 0.0015908
24.78 0.001261
24.8 0.0025994
24.82 -0.00096718
24.84 -0.0099947
24.86 -0.015636
24.88 -0.010468
24.9 0.0007565
24.92 0.0042611
24.94 0.00126
24.96 -0.0029519
24.98 0.0036984
25 0.0094686
25.02 0.011397
25.04 0.0091055
25.06 0.0056208
25.08 0.0044569
25.1 0.0002546
25.12 -0.00136
25.14 -0.0043248
25.16 -0.00039608
25.18 0.0043725
25.2 -0.00022779
25.22 -0.0061798
25.24 -0.012517
25.26 -0.0088806
25.28 0.0011877
25.3 0.0064866
25.32 0.011221
25.34 0.014123
25.36 0.0080352
25.38 0.00059468
25.4 -0.0065348
25.42 -0.012631
25.44 -0.012616
25.46 -0.009126
25.48 -0.0031923
25.5 0.0044964
25.52 0.0085762
25.54 0.0079831
25.56 0.0015888
25.58 -0.0069382
25.6 -0.008675
25.62 -0.011426
25.64 -0.012168
25.66 -0.0074904
25.68 -0.0081348
25.7 -0.0092884
25.72 -0.0081119
25.74 -0.010455
25.76 -0.0070617
25.78 -0.00015389
25.8 0.0093402
25.82 0.0098494
25.84 0.0037551
25.86 -0.0038479
25.88 -0.0069138
25.9 -0.0027842
25.92 -0.0023646
25.94 -0.0076198
25.96 -0.005925
25.98 0.0055604
26 0.010843
26.02 0.0089471
26.04 0.0048057
26.06 -0.0003079
26.08 -0.0019412
26.1 -0.0022746
26.12 0.0012459
26.14 0.0060836
26.16 0.0069544
26.18 0.0036648
26.2 0.0056527
26.22 0.010719
26.24 0.006845
26.26 0.0016747
26.28 0.0080956
26.3 0.0072561
26.32 0.0037295
26.34 0.0061042
26.36 0.0077669
26.38 0.0075016
26.4 0.010175
26.42 0.010856
26.44 0.01205
26.46 0.0081621
26.48 0.0020562
26.5 0.0018449
26.52 0.00028121
26.54 -0.0031303
26.56 -0.010958
26.58 -0.014044
26.6 -0.018017
26.62 -0.018007
26.64 -0.0091217
26.66 -0.0030991
26.68 0.0013673
26.7 0.0016538
26.72 -0.0038555
26.74 -0.01282
26.76 -0.013592
26.78 -0.010965
26.8 -0.0051805
26.82 0.0036396
26.84 0.013241
26.86 0.02081
26.88 0.019642
26.9 0.0081036
26.92 -0.0023935
26.94 -0.0089648
26.96 -0.010351
26.98 -0.0051092
27 -0.00065674
27.02 -0.0057695
27.04 -0.008011
27.06 -0.0079315
27.08 -0.005997
27.1 0.00047912
27.12 0.007596
27.14 0.011294
27.16 0.011477
27.18 0.0050339
27.2 0.0031845
27.22 0.0056219
27.24 0.0023859
27.26 -0.0013019
27.28 0.00066525
27.3 0.0010849
27.32 -0.0010033
27.34 0.00050362
27.36 0.0074205
27.38 0.011676
27.4 0.0066043
27.42 -0.0023653
27.44 -0.0039702
27.46 -0.0018979
27.48 -0.0027649
27.5 -0.0070264
27.52 -0.0099182
27.54 -0.0074661
27.56 -0.0034351
27.58 -0.0032308
27.6 -0.0068484
27.62 -0.0049672
27.64 0.0040554
27.66 0.0057337
27.68 -0.0052295
27.7 -0.0047353
27.72 -0.0037018
27.74 -0.0010299
27.76 -0.0041485
27.78 -0.010277
27.8 -0.009052
27.82 -0.004104
27.84 -0.0039537
27.86 -0.0050975
27.88 -0.0069098
27.9 -0.0033972
27.92 -0.001906
27.94 -0.0028991
27.96 -0.0015247
27.98 0.0068603
28 0.012897
28.02 0.011845
28.04 0.010992
28.06 0.0097974
28.08 0.0048957
28.1 -0.00034906
28.12 0.0002732
28.14 0.00011916
28.16 0.0015868
28.18 0.0045206
28.2 0.0070542
28.22 0.0041936
28.24 0.00022005
28.26 -0.0014607
28.28 -0.001781
28.3 0.0011489
28.32 0.003669
28.34 0.0039768
28.36 0.002489
28.38 0.0046306
28.4 0.0074822
28.42 0.0025737
28.44 -0.0018615
28.46 -0.00032441
28.48 0.0043288
28.5 0.0061723
28.52 0.0056349
28.54 0.0055539
28.56 0.0075095
28.58 0.0062125
28.6 0.0030961
28.62 -0.0058128
28.64 -0.01131
28.66 -0.0093106
28.68 -0.00087799
28.7 0.0067658
28.72 0.0072221
28.74 0.0022253
28.76 -0.0014107
28.78 -0.0041807
28.8 -0.0033016
28.82 0.00022908
28.84 0.0042905
28.86 0.0047731
28.88 0.0010387
28.9 -0.004288
28.92 -0.0055502
28.94 -0.0048804
28.96 -0.0049149
28.98 -0.0061288
29 -0.0088809
29.02 -0.0054009
29.04 -0.0036633
29.06 -0.0081213
29.08 -0.013001
29.1 -0.015344
29.12 -0.012998
29.14 -0.0064648
29.16 -0.00095995
29.18 -0.0026416
29.2 -0.0011928
29.22 0.0019504
29.24 0.0038822
29.26 0.0006645
29.28 -0.0050925
29.3 -0.004986
29.32 -0.0042088
29.34 -0.0029456
29.36 0.00057588
29.38 0.0018758
29.4 0.0040096
29.42 0.0040711
29.44 0.00029941
29.46 -0.0017648
29.48 -0.0067868
29.5 -0.006111
29.52 0.00080941
29.54 0.008957
29.56 0.011715
29.58 0.012122
29.6 0.010202
29.62 0.0047485
29.64 0.00023734
29.66 0.0036205
29.68 0.01372
29.7 0.015507
29.72 0.0093892
29.74 0.0064375
29.76 0.0029028
29.78 -0.0018892
29.8 0.00028483
29.82 0.0021108
29.84 0.0010334
29.86 -0.0020329
29.88 -0.001875
29.9 -0.00040027
29.92 0.0012037
29.94 -0.0026837
29.96 -0.0048294
29.98 -0.0048928
30 -0.0057634
30.02 -0.0056591
30.04 -0.0055415
30.06 -0.0077668
30.08 -0.0097005
30.1 -0.0088279
30.12 -0.0076374
30.14 -0.0030331
30.16 0.0017546
30.18 0.0037762
30.2 -0.0016777
30.22 -0.0083181
30.24 -0.0061691
30.26 -0.0016244
30.28 -0.00049491
30.3 -0.00069744
30.32 -0.0027485
30.34 -0.002771
30.36 -0.00012239
30.38 0.00062493
30.4 0.0023953
30.42 0.0054752
30.44 0.0062815
30.46 0.0092708
30.48 0.0079713
30.5 0.0035976
30.52 0.00032081
30.54 0.00072644
30.56 -0.00095109
30.58 0.0038806
30.6 0.0075109
30.62 0.012552
30.64 0.018992
30.66 0.020024
30.68 0.011057
30.7 0.0017889
30.72 -0.0013182
30.74 -0.000683
30.76 -0.0028498
30.78 -0.0077899
30.8 -0.0050965
30.82 -0.0020602
30.84 -0.0038416
30.86 -0.00039012
30.88 0.0031732
30.9 0.0047669
30.92 0.001773
30.94 -0.0014885
30.96 -0.0051845
30.98 -0.0033512
31 -0.0047703
31.02 -0.0094643
31.04 -0.007687
31.06 -0.0064714
31.08 -0.0079688
31.1 -0.0071839
31.12 -0.0087783
31.14 -0.0089055
31.16 -0.0067893
31.18 -0.0093221
31.2 -0.0071326
31.22 -0.0031201
31.24 -0.00010665
31.26 0.0059123
31.28 0.0056559
31.3 0.0016141
31.32 0.0032138
31.34 0.0071808
31.36 0.0082787
31.38 0.0066858
31.4 0.00672
31.42 0.0058643
31.44 0.0056598
31.46 0.0046197
31.48 0.0070497
31.5 0.012092
31.52 0.012613
31.54 0.0073753
31.56 0.00065421
31.58 -0.0046805
31.6 -0.0076715
31.62 -0.0093031
31.64 -0.0068195
31.66 -0.0032038
31.68 -0.00096627
31.7 -0.0018341
31.72 -0.0046524
31.74 -0.0056867
31.76 -0.0044928
31.78 -0.0013166
31.8 0.0038989
31.82 0.0036776
31.84 0.00063751
31.86 -0.00092024
31.88 -0.00072384
31.9 -0.0017256
31.92 -0.0034664
31.94 -0.0036683
31.96 -0.0049345
31.98 -0.0050489
32 -0.0071682
32.02 -0.008173
32.04 -0.0066439
32.06 -0.0038976
32.08 0.00018054
32.1 0.0043761
32.12 0.0051796
32.14 0.0025738
32.16 8.9676e-005
32.18 -0.00047392
32.2 0.00073238
32.22 0.007975
32.24 0.013653
32.26 0.012294
32.28 0.0063977
32.3 -0.0028607
32.32 -0.009078
32.34 -0.012373
32.36 -0.013051
32.38 -0.0062028
32.4 0.001874
32.42 0.006626
32.44 0.0096418
32.46 0.009345
32.48 0.0081766
32.5 0.0056801
32.52 0.0027269
32.54 0.00021598
32.56 -0.002574
32.58 -0.0024299
32.6 -0.0022437
32.62 -0.0036185
32.64 -0.0072188
32.66 -0.0095249
32.68 -0.0087393
32.7 -0.0047572
32.72 -0.0037796
32.74 -0.0023571
32.76 0.0029598
32.78 0.0063176
32.8 0.0054683
32.82 0.0048807
32.84 0.0045751
32.86 0.0048055
32.88 0.006302
32.9 0.0053192
32.92 0.00080936
32.94 -2.2926e-006
32.96 0.004699
32.98 0.0062751
33 0.0010163
33.02 -0.0025791
33.04 -0.0020946
33.06 0.00089978
33.08 0.0012298
33.1 0.0029218
33.12 0.0019136
33.14 0.0025206
33.16 0.0017245
33.18 0.00085955
33.2 0.0017732
33.22 0.0032128
33.24 0.0033513
33.26 0.0035303
33.28 0.0022536
33.3 -0.00025462
33.32 -0.0031374
33.34 -0.0016324
33.36 -0.0018565
33.38 -0.0012645
33.4 0.0012452
33.42 -0.0012316
33.44 -0.0045886
33.46 -0.010808
33.48 -0.015889
33.5 -0.014196
33.52 -0.0097648
33.54 -0.0066431
33.56 -0.0042413
33.58 -3.6002e-005
33.6 0.0036054
33.62 -0.00051998
33.64 -0.0057328
33.66 -0.0057621
33.68 -0.0020447
33.7 0.00014603
33.72 0.0052611
33.74 0.0096152
33.76 0.0085089
33.78 0.0024705
33.8 0.00056854
33.82 -0.00090844
33.84 -0.00035017
33.86 -0.00054744
33.88 -0.00024993
33.9 -0.0021554
33.92 -0.0042156
33.94 -0.003857
33.96 -0.0023245
33.98 0.003133
34 0.0056229
34.02 0.0013258
34.04 0.0010851
34.06 0.00067644
34.08 0.0035781
34.1 0.0057451
34.12 0.0053434
34.14 0.0045302
34.16 0.007183
34.18 0.0075868
34.2 0.0063269
34.22 0.003243
34.24 0.00097183
34.26 0.0013388
34.28 0.00086014
34.3 0.00084387
34.32 0.0013289
34.34 0.0035917
34.36 0.0041165
34.38 0.0032433
34.4 0.0026664
34.42 -0.00026676
34.44 -0.0040101
34.46 -0.0076705
34.48 -0.0098626
34.5 -0.010933
34.52 -0.011725
34.54 -0.010389
34.56 -0.0094555
34.58 -0.0084199
34.6 -0.0075281
34.62 -0.0065794
34.64 -0.004947
34.66 -0.0027569
34.68 -0.00094799
34.7 0.001824
34.72 0.0034656
34.74 0.0029666
34.76 0.0014249
34.78 -0.00018982
34.8 0.0030114
34.82 0.0048131
34.84 0.0055658
34.86 0.0061362
34.88 0.0055696
34.9 0.0040927
34.92 0.0013449
34.94 -1.7374e-005
34.96 0.00076507
34.98 0.0016549
35 0.0012698
35.02 0.0014008
35.04 0.0011761
35.06 0.001283
35.08 0.0011454
35.1 0.0021414
35.12 0.002675
35.14 0.002905
35.16 0.0033503
35.18 0.0012547
35.2 -0.0012257
35.22 -0.0014288
35.24 -0.00063264
35.26 0.0012588
35.28 0.0025122
35.3 0.0041082
35.32 0.0050479
35.34 0.0033776
35.36 0.0015621
35.38 -0.00037517
35.4 -0.002059
35.42 -0.0010216
35.44 0.0002389
35.46 0.0014417
35.48 0.0020526
35.5 0.0030072
35.52 0.0023674
35.54 0.00069083
35.56 -0.0024345
35.58 -0.0046738
35.6 -0.0041792
35.62 -0.0037198
35.64 -0.0023321
35.66 -0.0011812
35.68 -0.0013698
35.7 -0.0012478
35.72 -0.0012493
35.74 -0.001325
35.76 -0.0011855
35.78 -0.0010194
35.8 -0.0010801
35.82 -0.0017543
35.84 -0.0024086
35.86 -0.0020248
35.88 -0.0021408
35.9 -0.0017402
35.92 -0.0015566
35.94 -0.0016743
35.96 -0.0012821
35.98 -0.0010842
36 -0.0008568
36.02 -0.00019701
36.04 0.0002817
36.06 5.6376e-005
36.08 0.00021664
36.1 0.00081922
36.12 0.00062514
36.14 0.00062438
36.16 0.00055764
36.18 0.00068387
36.2 0.00084972
36.22 0.0010135
36.24 0.00098884
36.26 0.0010033
36.28 0.00093113
36.3 0.00076964
36.32 0.00053842
36.34 0.00022633
36.36 0.00019717
36.38 0.00015965
36.4 0.00022329
36.42 0.00039973
36.44 0.00041062
36.46 0.0003111
36.48 0.00025051
36.5 7.1926e-005
36.52 -5.0015e-005
36.54 -1.1423e-005
36.56 -1.4056e-005
36.58 1.391e-006
36.6 1.3039e-005
36.62 9.0839e-005
36.64 0.00012148
36.66 7.7808e-005
36.68 5.7662e-005
36.7 -3.8128e-007
36.72 -7.4876e-005
36.74 -9.6864e-005
36.76 -5.1871e-005
36.78 -3.7825e-005
36.8 -8.9357e-006
36.82 1.3363e-005
36.84 7.7946e-006
36.86 7.6079e-006
36.88 -9.7518e-007
36.9 1.2945e-006
36.92 4.7381e-006
36.94 7.3883e-006
36.96 1.4738e-005
36.98 1.3588e-005
37 9.5619e-006
37.02 9.0654e-006
37.04 3.5491e-006
37.06 -2.5762e-006
37.08 -6.2219e-006
37.1 -6.878e-006
37.12 -7.6957e-006
37.14 -8.3539e-006
37.16 -8.1751e-006
37.18 -8.0563e-006
37.2 -7.6318e-006
37.22 -7.4649e-006
37.24 -7.2614e-006
37.26 -6.874e-006
37.28 -6.3849e-006
37.3 -5.8149e-006
