0.01 4.6524e-006
0.02 4.9045e-005
0.03 5.3677e-006
0.04 3.6366e-005
0.05 -2.6491e-005
0.06 1.4657e-005
0.07 -2.8176e-005
0.08 2.2267e-005
0.09 -4.6239e-005
0.1 -2.2621e-005
0.11 -2.6091e-005
0.12 3.4634e-005
0.13 -1.6674e-005
0.14 -2.2958e-005
0.15 -0.00015145
0.16 -0.00016127
0.17 -0.00019447
0.18 -0.00010531
0.19 -0.00016839
0.2 -0.00014204
0.21 -0.00021872
0.22 -0.00018956
0.23 -0.00014805
0.24 -2.6417e-005
0.25 4.1658e-005
0.26 0.00029366
0.27 0.00021227
0.28 0.00012175
0.29 -0.00021627
0.3 -0.00037426
0.31 -0.00034419
0.32 2.7613e-005
0.33 0.000291
0.34 0.0001932
0.35 -3.3619e-005
0.36 0.00045561
0.37 0.00038937
0.38 0.00064765
0.39 0.0015724
0.4 0.0012294
0.41 0.00047538
0.42 -0.00020058
0.43 -0.00046784
0.44 0.00058937
0.45 0.0010061
0.46 0.00091444
0.47 0.0014641
0.48 0.0032077
0.49 0.0044085
0.5 0.0038474
0.51 0.0018776
0.52 0.00077732
0.53 -0.00034032
0.54 -0.00017702
0.55 0.0011691
0.56 -0.00077496
0.57 -0.0040222
0.58 -0.0044757
0.59 -0.003175
0.6 -0.0022979
0.61 -0.00064133
0.62 0.0028411
0.63 0.0039621
0.64 0.0013446
0.65 -0.0010965
0.66 -0.0037463
0.67 -0.0072283
0.68 -0.0060583
0.69 -5.7968e-005
0.7 0.004033
0.71 8.8659e-005
0.72 -0.0035284
0.73 -0.0023081
0.74 0.00040623
0.75 0.0011815
0.76 0.0022861
0.77 0.0017442
0.78 -0.000408
0.79 0.0025423
0.8 0.0028474
0.81 -0.0015842
0.82 -0.0041086
0.83 -0.0015493
0.84 0.0014564
0.85 0.00075503
0.86 -0.0013406
0.87 -0.0034176
0.88 -0.0025443
0.89 0.00027734
0.9 0.0025055
0.91 0.0046457
0.92 0.0032493
0.93 -1.865e-006
0.94 -0.0026548
0.95 -0.0023478
0.96 -0.0017843
0.97 -0.0037642
0.98 -0.0026415
0.99 0.0048343
1 0.013117
1.01 0.014035
1.02 0.009538
1.03 0.0034918
1.04 0.00047809
1.05 0.0026695
1.06 0.0052723
1.07 0.0043301
1.08 -0.0011645
1.09 -0.012888
1.1 -0.021824
1.11 -0.019123
1.12 -0.0024807
1.13 0.0099739
1.14 0.010581
1.15 0.0035421
1.16 -0.0024433
1.17 0.0008175
1.18 0.003346
1.19 0.0025794
1.2 0.0014798
1.21 0.0071067
1.22 0.013273
1.23 0.0033005
1.24 -0.014233
1.25 -0.019778
1.26 -0.0082323
1.27 0.010165
1.28 0.01728
1.29 0.012239
1.3 0.0045097
1.31 -0.0031771
1.32 -0.005739
1.33 0.0047959
1.34 0.013927
1.35 0.014291
1.36 0.0075512
1.37 -0.0088607
1.38 -0.026133
1.39 -0.027837
1.4 -0.014979
1.41 -0.001061
1.42 0.0073853
1.43 0.0092104
1.44 0.004704
1.45 0.0020758
1.46 -0.0021783
1.47 -0.0097113
1.48 -0.0078645
1.49 0.0038273
1.5 0.011142
1.51 0.0057106
1.52 -0.014461
1.53 -0.0257
1.54 -0.016969
1.55 -0.00089
1.56 0.0080293
1.57 0.00825
1.58 0.010527
1.59 0.010248
1.6 0.0038924
1.61 0.0056411
1.62 0.0088486
1.63 -0.0027741
1.64 -0.02068
1.65 -0.018981
1.66 -0.0080279
1.67 -0.00017964
1.68 0.0024051
1.69 0.0058614
1.7 0.0067349
1.71 0.0015502
1.72 -7.5098e-005
1.73 0.0048347
1.74 0.0039426
1.75 -0.007628
1.76 -0.014488
1.77 -0.0058453
1.78 -0.0080828
1.79 -0.014719
1.8 -0.0081666
1.81 0.0081612
1.82 0.023567
1.83 0.041687
1.84 0.047857
1.85 0.036118
1.86 0.0088779
1.87 -0.0013336
1.88 0.0027491
1.89 -0.0031993
1.9 -0.028069
1.91 -0.04589
1.92 -0.026642
1.93 -0.0054285
1.94 -0.0034561
1.95 -0.0067698
1.96 -0.011561
1.97 -0.0065758
1.98 0.013006
1.99 0.035371
2 0.036234
2.01 0.011431
2.02 -0.014173
2.03 -0.027429
2.04 -0.02462
2.05 -0.013135
2.06 -0.001586
2.07 0.0064658
2.08 0.01166
2.09 0.0081561
2.1 -0.0038426
2.11 -0.010628
2.12 -0.0028121
2.13 0.0063551
2.14 0.0080256
2.15 0.0016411
2.16 -0.0036951
2.17 -0.01128
2.18 -0.014779
2.19 -0.010493
2.2 -0.0012353
2.21 0.0042859
2.22 -0.005026
2.23 -0.013854
2.24 -0.0020128
2.25 0.017659
2.26 0.010049
2.27 -0.0095808
2.28 -0.016277
2.29 -0.0090769
2.3 -0.0060849
2.31 -0.0044591
2.32 -0.0054284
2.33 -0.011041
2.34 -0.0085128
2.35 0.00082348
2.36 0.0058946
2.37 0.0088112
2.38 0.013392
2.39 0.013062
2.4 0.0037098
2.41 -0.016579
2.42 -0.031497
2.43 -0.022862
2.44 -0.0020224
2.45 0.011177
2.46 0.021882
2.47 0.031018
2.48 0.023512
2.49 0.011734
2.5 0.021183
2.51 0.029435
2.52 0.014616
2.53 -0.010177
2.54 -0.017991
2.55 -0.011677
2.56 -0.010019
2.57 -0.01085
2.58 -0.010518
2.59 -0.0098384
2.6 -0.011976
2.61 -0.0041764
2.62 0.015047
2.63 0.018039
2.64 0.0066233
2.65 -0.0014599
2.66 -0.0077194
2.67 -0.011925
2.68 -0.0041922
2.69 -0.00045234
2.7 -0.01327
2.71 -0.034813
2.72 -0.029878
2.73 0.002259
2.74 0.016454
2.75 0.0040516
2.76 -0.0068858
2.77 -0.0086741
2.78 -0.0051788
2.79 -0.00077014
2.8 0.0035362
2.81 0.002377
2.82 0.0032119
2.83 -4.5418e-005
2.84 -0.0057234
2.85 -0.0053913
2.86 0.0027898
2.87 0.003895
2.88 -0.0039
2.89 -0.010557
2.9 -0.00059889
2.91 0.010679
2.92 0.006728
2.93 -0.0040719
2.94 -0.0047506
2.95 0.0036524
2.96 0.016787
2.97 0.028824
2.98 0.031536
2.99 0.01797
3 -0.0006711
3.01 0.0015702
3.02 0.017312
3.03 0.018416
3.04 0.0033465
3.05 -0.010062
3.06 -0.0060601
3.07 -0.0010589
3.08 0.0019797
3.09 0.00133
3.1 -0.0020954
3.11 -0.0054839
3.12 0.0017993
3.13 0.010439
3.14 0.0099721
3.15 -0.0025617
3.16 -0.020521
3.17 -0.017413
3.18 0.0052795
3.19 0.019326
3.2 0.013142
3.21 0.0027423
3.22 -0.0063407
3.23 -0.0081797
3.24 0.00017307
3.25 0.0092775
3.26 0.0087653
3.27 -0.001818
3.28 -0.015079
3.29 -0.015632
3.3 -0.0068574
3.31 0.0071044
3.32 0.015293
3.33 0.0061795
3.34 -0.022622
3.35 -0.049209
3.36 -0.049537
3.37 -0.036246
3.38 -0.021909
3.39 -0.014581
3.4 -0.0073794
3.41 0.0072998
3.42 0.019325
3.43 0.022354
3.44 0.0198
3.45 0.0246
3.46 0.038174
3.47 0.035163
3.48 0.006091
3.49 -0.022811
3.5 -0.034376
3.51 -0.029007
3.52 -0.020788
3.53 -0.0077552
3.54 0.012634
3.55 0.01988
3.56 0.014748
3.57 0.010599
3.58 0.016314
3.59 0.02481
3.6 0.031755
3.61 0.032793
3.62 0.024379
3.63 0.0052236
3.64 -0.010627
3.65 -0.016093
3.66 -0.010668
3.67 0.0047863
3.68 0.016992
3.69 0.026446
3.7 0.031353
3.71 0.031765
3.72 0.021929
3.73 0.00045161
3.74 -0.011127
3.75 -0.017493
3.76 -0.024265
3.77 -0.024978
3.78 -0.027985
3.79 -0.032864
3.8 -0.027197
3.81 -0.0069636
3.82 0.024403
3.83 0.041829
3.84 0.025439
3.85 -0.0028279
3.86 -0.017356
3.87 -0.03032
3.88 -0.039117
3.89 -0.036077
3.9 -0.025882
3.91 -0.015883
3.92 0.010177
3.93 0.032789
3.94 0.036979
3.95 0.035825
3.96 0.039524
3.97 0.043397
3.98 0.043519
3.99 0.044771
4 0.056535
4.01 0.077018
4.02 0.091677
4.03 0.085581
4.04 0.068294
4.05 0.048864
4.06 0.03988
4.07 0.04441
4.08 0.050545
4.09 0.056255
4.1 0.060503
4.11 0.057712
4.12 0.045162
4.13 0.02474
4.14 -0.015578
4.15 -0.056483
4.16 -0.092906
4.17 -0.11917
4.18 -0.10632
4.19 -0.066632
4.2 -0.048944
4.21 -0.069154
4.22 -0.093693
4.23 -0.094878
4.24 -0.093715
4.25 -0.10667
4.26 -0.10224
4.27 -0.079693
4.28 -0.080606
4.29 -0.11985
4.3 -0.1442
4.31 -0.15133
4.32 -0.095804
4.33 0.018745
4.34 0.11422
4.35 0.12134
4.36 0.082298
4.37 0.050958
4.38 0.047256
4.39 0.043549
4.4 0.024008
4.41 0.029621
4.42 0.063776
4.43 0.069192
4.44 0.017815
4.45 -0.092165
4.46 -0.17706
4.47 -0.16978
4.48 -0.10175
4.49 -0.030117
4.5 0.016395
4.51 0.030377
4.52 0.029105
4.53 0.019236
4.54 0.036675
4.55 0.10484
4.56 0.18438
4.57 0.19953
4.58 0.15369
4.59 0.076289
4.6 0.028648
4.61 0.0069395
4.62 -0.001547
4.63 0.0098118
4.64 0.024859
4.65 0.023341
4.66 0.024903
4.67 0.032813
4.68 -0.00145
4.69 -0.081462
4.7 -0.13013
4.71 -0.11597
4.72 -0.042574
4.73 0.0012154
4.74 -0.030224
4.75 -0.10588
4.76 -0.17988
4.77 -0.16946
4.78 -0.084897
4.79 -0.059534
4.8 -0.099471
4.81 -0.082152
4.82 0.010646
4.83 0.10744
4.84 0.15749
4.85 0.16433
4.86 0.17391
4.87 0.18879
4.88 0.16915
4.89 0.065469
4.9 -0.053454
4.91 -0.11468
4.92 -0.12272
4.93 -0.087602
4.94 0.0014368
4.95 0.10028
4.96 0.16721
4.97 0.17559
4.98 0.11289
4.99 0.018671
5 -0.0097915
5.01 -0.0078268
5.02 -0.0136
5.03 -0.019578
5.04 -0.041865
5.05 -0.096042
5.06 -0.16644
5.07 -0.2163
5.08 -0.22469
5.09 -0.14669
5.1 -0.016343
5.11 0.10598
5.12 0.16729
5.13 0.1672
5.14 0.15543
5.15 0.15598
5.16 0.16613
5.17 0.16757
5.18 0.14319
5.19 0.055874
5.2 -0.13077
5.21 -0.222
5.22 -0.20784
5.23 -0.029099
5.24 0.1564
5.25 0.16173
5.26 0.15626
5.27 0.14106
5.28 0.11844
5.29 0.018447
5.3 -0.086747
5.31 -0.081877
5.32 -0.044203
5.33 -0.064798
5.34 -0.11031
5.35 -0.2163
5.36 -0.32696
5.37 -0.34378
5.38 -0.2467
5.39 -0.13282
5.4 -0.014636
5.41 0.146
5.42 0.36159
5.43 0.40994
5.44 0.26157
5.45 -0.04072
5.46 -0.23044
5.47 -0.27715
5.48 -0.13771
5.49 0.11663
5.5 0.22465
5.51 0.23097
5.52 0.16639
5.53 -0.0013171
5.54 -0.083667
5.55 -0.099398
5.56 -0.1284
5.57 -0.15581
5.58 -0.17155
5.59 -0.17841
5.6 -0.18694
5.61 -0.12539
5.62 0.036247
5.63 0.14651
5.64 0.10674
5.65 -0.050862
5.66 -0.12407
5.67 -0.034829
5.68 0.068419
5.69 0.073571
5.7 0.063373
5.71 0.072777
5.72 0.052831
5.73 0.018877
5.74 0.023845
5.75 0.042382
5.76 0.017684
5.77 -0.020061
5.78 -0.032549
5.79 -0.0185
5.8 0.00097665
5.81 0.063452
5.82 0.15697
5.83 0.23109
5.84 0.25298
5.85 0.2385
5.86 0.14304
5.87 0.026238
5.88 -0.03655
5.89 -0.13384
5.9 -0.25649
5.91 -0.36638
5.92 -0.32126
5.93 -0.14248
5.94 0.068025
5.95 0.20399
5.96 0.23612
5.97 0.19576
5.98 0.088752
5.99 0.051805
6 0.053556
6.01 0.045671
6.02 0.026196
6.03 0.017518
6.04 0.030681
6.05 0.053974
6.06 0.053824
6.07 0.025085
6.08 -0.056485
6.09 -0.1481
6.1 -0.16629
6.11 -0.15013
6.12 -0.075228
6.13 0.0334
6.14 -0.010627
6.15 -0.12888
6.16 -0.16871
6.17 -0.1227
6.18 -0.037965
6.19 0.035779
6.2 0.047164
6.21 -0.017265
6.22 -0.062839
6.23 -0.064629
6.24 -0.056335
6.25 -0.023954
6.26 0.003673
6.27 0.013557
6.28 0.010896
6.29 0.0041536
6.3 -0.023887
6.31 -0.079695
6.32 -0.11091
6.33 -0.07111
6.34 0.015928
6.35 0.084482
6.36 0.09643
6.37 0.098741
6.38 0.12149
6.39 0.1508
6.4 0.14527
6.41 0.058011
6.42 -0.022051
6.43 -0.034271
6.44 -0.031406
6.45 -0.020461
6.46 0.022583
6.47 0.065921
6.48 0.069734
6.49 0.0373
6.5 -0.033412
6.51 -0.11592
6.52 -0.13668
6.53 -0.07083
6.54 -0.018743
6.55 -0.037634
6.56 -0.055966
6.57 -0.011367
6.58 0.11764
6.59 0.22374
6.6 0.24768
6.61 0.24052
6.62 0.22721
6.63 0.21956
6.64 0.20577
6.65 0.15681
6.66 0.040639
6.67 -0.094024
6.68 -0.17363
6.69 -0.21291
6.7 -0.25622
6.71 -0.30109
6.72 -0.34534
6.73 -0.36951
6.74 -0.33229
6.75 -0.25276
6.76 -0.19201
6.77 -0.1414
6.78 -0.077779
6.79 -0.011132
6.8 0.031432
6.81 0.08656
6.82 0.16491
6.83 0.21836
6.84 0.22263
6.85 0.19791
6.86 0.13306
6.87 0.091327
6.88 0.090404
6.89 0.099467
6.9 0.10739
6.91 0.10229
6.92 0.065393
6.93 -0.0063168
6.94 -0.045658
6.95 -0.046018
6.96 -0.033929
6.97 0.022615
6.98 0.086355
6.99 0.1017
7 0.067467
7.01 0.0089816
7.02 -0.0064745
7.03 -0.012373
7.04 -0.058871
7.05 -0.14137
7.06 -0.18968
7.07 -0.19291
7.08 -0.15573
7.09 -0.078708
7.1 -0.0036665
7.11 0.025599
7.12 0.014232
7.13 0.0089527
7.14 0.0033566
7.15 0.0040194
7.16 0.032603
7.17 0.076396
7.18 0.079085
7.19 0.043752
7.2 0.0016931
7.21 -0.0058761
7.22 0.052859
7.23 0.14742
7.24 0.20035
7.25 0.19784
7.26 0.14847
7.27 0.060369
7.28 -0.0073474
7.29 -0.043666
7.3 -0.077554
7.31 -0.10233
7.32 -0.11171
7.33 -0.10234
7.34 -0.089788
7.35 -0.085642
7.36 -0.092483
7.37 -0.10119
7.38 -0.098249
7.39 -0.066939
7.4 0.0061239
7.41 0.067691
7.42 0.078614
7.43 0.065445
7.44 0.021958
7.45 -0.018457
7.46 -0.023483
7.47 -0.007001
7.48 -0.015555
7.49 -0.039877
7.5 -0.048203
7.51 -0.017119
7.52 0.048817
7.53 0.11461
7.54 0.12717
7.55 0.098716
7.56 0.023732
7.57 -0.066771
7.58 -0.12926
7.59 -0.12545
7.6 -0.089996
7.61 -0.081527
7.62 -0.10355
7.63 -0.13321
7.64 -0.13161
7.65 -0.10174
7.66 -0.075281
7.67 -0.053284
7.68 -0.024086
7.69 0.0092413
7.7 0.030947
7.71 0.046183
7.72 0.047191
7.73 0.033206
7.74 0.021019
7.75 0.025579
7.76 0.042348
7.77 0.039243
7.78 0.024426
7.79 0.029201
7.8 0.069439
7.81 0.11897
7.82 0.15121
7.83 0.16372
7.84 0.17027
7.85 0.1127
7.86 0.0023572
7.87 -0.051087
7.88 -0.034902
7.89 -0.0029049
7.9 0.011888
7.91 0.013475
7.92 0.016347
7.93 0.012843
7.94 -0.016642
7.95 -0.070471
7.96 -0.067745
7.97 -0.0014558
7.98 0.029474
7.99 0.016107
8 -0.00017586
8.01 -0.0013961
8.02 0.010531
8.03 0.029956
8.04 0.045232
8.05 0.039711
8.06 0.02061
8.07 0.0031186
8.08 0.0097347
8.09 0.035793
8.1 0.065485
8.11 0.082658
8.12 0.091626
8.13 0.051652
8.14 -0.041539
8.15 -0.11647
8.16 -0.11477
8.17 -0.09143
8.18 -0.098733
8.19 -0.13523
8.2 -0.17095
8.21 -0.17606
8.22 -0.1595
8.23 -0.098299
8.24 -0.053415
8.25 -0.067705
8.26 -0.1145
8.27 -0.1437
8.28 -0.14017
8.29 -0.088931
8.3 0.0091481
8.31 0.10254
8.32 0.16945
8.33 0.2037
8.34 0.21786
8.35 0.21952
8.36 0.23494
8.37 0.25439
8.38 0.25624
8.39 0.16731
8.4 0.054172
8.41 -0.048478
8.42 -0.10242
8.43 -0.12903
8.44 -0.14061
8.45 -0.12615
8.46 -0.11386
8.47 -0.12538
8.48 -0.13984
8.49 -0.12238
8.5 -0.077431
8.51 -0.022259
8.52 0.037162
8.53 0.097047
8.54 0.14372
8.55 0.18228
8.56 0.23586
8.57 0.27412
8.58 0.26581
8.59 0.17217
8.6 0.04577
8.61 -0.021817
8.62 -0.064063
8.63 -0.12315
8.64 -0.18966
8.65 -0.23491
8.66 -0.25936
8.67 -0.25133
8.68 -0.26476
8.69 -0.28936
8.7 -0.24386
8.71 -0.16783
8.72 -0.062556
8.73 0.043921
8.74 0.15276
8.75 0.21099
8.76 0.19797
8.77 0.14007
8.78 0.056407
8.79 -0.025802
8.8 -0.10137
8.81 -0.13205
8.82 -0.11157
8.83 -0.050854
8.84 0.0037153
8.85 0.016431
8.86 0.0072434
8.87 0.0056741
8.88 0.045764
8.89 0.089712
8.9 0.096868
8.91 0.084552
8.92 0.080953
8.93 0.082616
8.94 0.12134
8.95 0.17671
8.96 0.23804
8.97 0.27482
8.98 0.26657
8.99 0.094234
9 -0.057071
9.01 -0.038643
9.02 -0.0041456
9.03 -0.00094168
9.04 -0.0080116
9.05 -0.0061817
9.06 0.0028353
9.07 0.016795
9.08 0.027099
9.09 0.0089964
9.1 -0.031989
9.11 -0.049541
9.12 -0.059094
9.13 -0.087287
9.14 -0.11372
9.15 -0.13204
9.16 -0.16219
9.17 -0.21197
9.18 -0.24652
9.19 -0.18075
9.2 -0.035851
9.21 0.0049615
9.22 -0.088915
9.23 -0.2163
9.24 -0.23199
9.25 -0.1551
9.26 -5.589e-005
9.27 0.082313
9.28 0.077217
9.29 0.059578
9.3 0.044124
9.31 0.074634
9.32 0.12603
9.33 0.1427
9.34 0.12859
9.35 0.071938
9.36 -0.021538
9.37 -0.040676
9.38 0.0019669
9.39 0.066499
9.4 0.13567
9.41 0.18264
9.42 0.15661
9.43 0.1013
9.44 0.073904
9.45 0.075505
9.46 0.074117
9.47 0.037651
9.48 0.0078214
9.49 0.039571
9.5 0.08255
9.51 0.085461
9.52 0.06524
9.53 0.017855
9.54 -0.053552
9.55 -0.12328
9.56 -0.15148
9.57 -0.14493
9.58 -0.14328
9.59 -0.14341
9.6 -0.13074
9.61 -0.082606
9.62 -0.018967
9.63 0.00086495
9.64 -0.020971
9.65 -0.059
9.66 -0.086898
9.67 -0.093177
9.68 -0.08795
9.69 -0.074974
9.7 -0.072937
9.71 -0.093088
9.72 -0.1323
9.73 -0.10378
9.74 -0.022658
9.75 0.049859
9.76 0.073022
9.77 0.07135
9.78 0.07828
9.79 0.089501
9.8 0.11179
9.81 0.16356
9.82 0.20653
9.83 0.22169
9.84 0.15688
9.85 0.022385
9.86 -0.11082
9.87 -0.19213
9.88 -0.17352
9.89 -0.11507
9.9 -0.048464
9.91 0.019705
9.92 0.087307
9.93 0.15394
9.94 0.21914
9.95 0.27889
9.96 0.30596
9.97 0.30257
9.98 0.28442
9.99 0.22064
10 0.12277
10.01 0.029974
10.02 -0.060228
10.03 -0.1167
10.04 -0.15517
10.05 -0.19228
10.06 -0.20636
10.07 -0.19243
10.08 -0.1742
10.09 -0.16043
10.1 -0.15104
10.11 -0.11066
10.12 -0.037263
10.13 0.036574
10.14 0.08038
10.15 0.04962
10.16 -0.024214
10.17 -0.065886
10.18 -0.074397
10.19 -0.064279
10.2 -0.034675
10.21 -0.015078
10.22 -0.027828
10.23 -0.055417
10.24 -0.068566
10.25 -0.02817
10.26 0.050946
10.27 0.11116
10.28 0.14874
10.29 0.18543
10.3 0.1971
10.31 0.16507
10.32 0.063726
10.33 -0.048385
10.34 -0.11956
10.35 -0.11895
10.36 -0.083433
10.37 -0.032846
10.38 -0.01669
10.39 -0.037319
10.4 -0.052431
10.41 -0.042555
10.42 -0.021027
10.43 0.00074432
10.44 0.025427
10.45 0.070521
10.46 0.11688
10.47 0.11478
10.48 0.050023
10.49 -0.034332
10.5 -0.099866
10.51 -0.13145
10.52 -0.13072
10.53 -0.077435
10.54 0.006096
10.55 0.079073
10.56 0.15556
10.57 0.22248
10.58 0.25537
10.59 0.26327
10.6 0.24202
10.61 0.1417
10.62 0.033111
10.63 -0.053441
10.64 -0.072042
10.65 -0.061404
10.66 -0.069686
10.67 -0.10374
10.68 -0.14451
10.69 -0.14136
10.7 -0.10645
10.71 -0.081573
10.72 -0.086819
10.73 -0.11656
10.74 -0.15874
10.75 -0.18881
10.76 -0.15635
10.77 -0.078901
10.78 -0.015412
10.79 0.003209
10.8 0.0048774
10.81 0.028509
10.82 0.074894
10.83 0.11824
10.84 0.15212
10.85 0.1893
10.86 0.2179
10.87 0.22884
10.88 0.21721
10.89 0.19459
10.9 0.10417
10.91 -0.023073
10.92 -0.14316
10.93 -0.23016
10.94 -0.2351
10.95 -0.20922
10.96 -0.20236
10.97 -0.25003
10.98 -0.27899
10.99 -0.28663
11 -0.28649
11.01 -0.22876
11.02 -0.12238
11.03 -0.055176
11.04 -0.03999
11.05 0.0048398
11.06 0.089771
11.07 0.16587
11.08 0.23912
11.09 0.30537
11.1 0.32153
11.11 0.28525
11.12 0.2373
11.13 0.21946
11.14 0.22602
11.15 0.2272
11.16 0.1831
11.17 0.060501
11.18 -0.064208
11.19 -0.15157
11.2 -0.12676
11.21 -0.048068
11.22 -0.020806
11.23 -0.062698
11.24 -0.14642
11.25 -0.22638
11.26 -0.26192
11.27 -0.24607
11.28 -0.19491
11.29 -0.10417
11.3 -0.0051177
11.31 0.036981
11.32 0.021655
11.33 0.016667
11.34 0.024224
11.35 0.014781
11.36 -0.011641
11.37 -0.017723
11.38 0.011699
11.39 0.04034
11.4 0.051472
11.41 0.063405
11.42 0.090447
11.43 0.10891
11.44 0.10453
11.45 0.092075
11.46 0.087467
11.47 0.089095
11.48 0.096878
11.49 0.10274
11.5 0.10059
11.51 0.067461
11.52 0.016873
11.53 -0.028172
11.54 -0.074705
11.55 -0.17262
11.56 -0.23221
11.57 -0.21757
11.58 -0.14496
11.59 -0.054906
11.6 0.028692
11.61 0.069649
11.62 0.072396
11.63 0.074744
11.64 0.07505
11.65 0.079839
11.66 0.075611
11.67 0.057592
11.68 0.026897
11.69 0.0069946
11.7 9.9977e-005
11.71 -0.0064923
11.72 -0.042845
11.73 -0.094028
11.74 -0.13336
11.75 -0.1538
11.76 -0.13929
11.77 -0.086721
11.78 -0.042263
11.79 -0.016103
11.8 0.0012763
11.81 0.0037415
11.82 -0.032191
11.83 -0.074986
11.84 -0.095984
11.85 -0.104
11.86 -0.12206
11.87 -0.1385
11.88 -0.13349
11.89 -0.078866
11.9 -0.0091878
11.91 0.05242
11.92 0.11466
11.93 0.14282
11.94 0.14362
11.95 0.15194
11.96 0.16381
11.97 0.17297
11.98 0.17792
11.99 0.176
12 0.1602
12.01 0.12915
12.02 0.089752
12.03 0.055944
12.04 0.01712
12.05 -0.047345
12.06 -0.098948
12.07 -0.098289
12.08 -0.072642
12.09 -0.0439
12.1 -0.0053627
12.11 0.038036
12.12 0.066082
12.13 0.065321
12.14 0.034949
12.15 0.0061255
12.16 0.0049798
12.17 0.015896
12.18 0.022635
12.19 0.029923
12.2 0.042113
12.21 0.061086
12.22 0.075284
12.23 0.076171
12.24 0.061248
12.25 0.047183
12.26 0.04228
12.27 0.035524
12.28 0.01381
12.29 -0.015835
12.3 -0.050951
12.31 -0.086022
12.32 -0.11186
12.33 -0.13328
12.34 -0.16051
12.35 -0.20312
12.36 -0.23176
12.37 -0.22714
12.38 -0.18413
12.39 -0.1033
12.4 -0.03775
12.41 -0.0072196
12.42 0.017155
12.43 0.037363
12.44 0.042893
12.45 0.042838
12.46 0.037974
12.47 0.036082
12.48 0.033275
12.49 0.025317
12.5 0.017299
12.51 0.0286
12.52 0.043549
12.53 0.045651
12.54 0.032307
12.55 0.02415
12.56 0.034557
12.57 0.070544
12.58 0.11607
12.59 0.1613
12.6 0.19944
12.61 0.22137
12.62 0.21776
12.63 0.18666
12.64 0.12216
12.65 0.056944
12.66 -0.0020768
12.67 -0.034042
12.68 -0.050925
12.69 -0.052095
12.7 -0.043879
12.71 -0.033032
12.72 -0.040759
12.73 -0.058933
12.74 -0.093739
12.75 -0.11944
12.76 -0.12789
12.77 -0.1251
12.78 -0.11586
12.79 -0.082054
12.8 -0.038569
12.81 0.0011472
12.82 0.02432
12.83 0.019544
12.84 -0.0029827
12.85 -0.022646
12.86 -0.049996
12.87 -0.072412
12.88 -0.096277
12.89 -0.11969
12.9 -0.1448
12.91 -0.1641
12.92 -0.1672
12.93 -0.16636
12.94 -0.15836
12.95 -0.13295
12.96 -0.073774
12.97 -0.005268
12.98 0.030748
12.99 0.047367
13 0.077847
13.01 0.11123
13.02 0.13034
13.03 0.14386
13.04 0.14349
13.05 0.13596
13.06 0.12657
13.07 0.10727
13.08 0.081729
13.09 0.059368
13.1 0.04667
13.11 0.036677
13.12 0.022377
13.13 0.0037213
13.14 -0.0039979
13.15 0.0075821
13.16 0.03018
13.17 0.039095
13.18 0.022443
13.19 -0.022803
13.2 -0.070571
13.21 -0.095908
13.22 -0.092268
13.23 -0.079423
13.24 -0.063252
13.25 -0.045232
13.26 -0.032609
13.27 -0.034371
13.28 -0.04092
13.29 -0.045535
13.3 -0.041229
13.31 -0.030959
13.32 -0.023548
13.33 -0.01456
13.34 -0.0023712
13.35 0.01374
13.36 0.028407
13.37 0.042464
13.38 0.051733
13.39 0.05681
13.4 0.062553
13.41 0.065689
13.42 0.070159
13.43 0.070222
13.44 0.068141
13.45 0.060566
13.46 0.0504
13.47 0.042417
13.48 0.029629
13.49 0.013901
13.5 0.0058873
13.51 0.0026763
13.52 -0.0011946
13.53 -0.0012787
13.54 0.018925
13.55 0.048229
13.56 0.071507
13.57 0.081275
13.58 0.061874
13.59 0.021574
13.6 -0.018317
13.61 -0.046362
13.62 -0.054208
13.63 -0.055673
13.64 -0.059446
13.65 -0.064374
13.66 -0.065161
13.67 -0.04211
13.68 -0.013285
13.69 0.0082744
13.7 0.01387
13.71 0.0076593
13.72 -0.0055908
13.73 -0.013924
13.74 -0.0088378
13.75 0.007117
13.76 0.025516
13.77 0.039539
13.78 0.045299
13.79 0.036321
13.8 0.005923
13.81 -0.028429
13.82 -0.057182
13.83 -0.069337
13.84 -0.073091
13.85 -0.077113
13.86 -0.075543
13.87 -0.067562
13.88 -0.060557
13.89 -0.062493
13.9 -0.068789
13.91 -0.069897
13.92 -0.056728
13.93 -0.027414
13.94 -0.0049137
13.95 0.015033
13.96 0.034475
13.97 0.046355
13.98 0.043084
13.99 0.026485
14 0.014787
14.01 0.013562
14.02 0.019839
14.03 0.020004
14.04 0.01
14.05 -0.0058392
14.06 -0.018335
14.07 -0.025133
14.08 -0.029365
14.09 -0.02849
14.1 -0.019773
14.11 -0.011473
14.12 0.0069613
14.13 0.02745
14.14 0.048067
14.15 0.074931
14.16 0.10102
14.17 0.10687
14.18 0.093705
14.19 0.074203
14.2 0.065079
14.21 0.069517
14.22 0.079282
14.23 0.085827
14.24 0.069742
14.25 0.03395
14.26 -0.00044842
14.27 -0.031483
14.28 -0.055478
14.29 -0.086317
14.3 -0.10396
14.31 -0.11518
14.32 -0.12332
14.33 -0.11916
14.34 -0.093675
14.35 -0.054117
14.36 -0.01797
14.37 0.0054104
14.38 0.0037246
14.39 -0.010387
14.4 -0.025841
14.41 -0.036001
14.42 -0.037642
14.43 -0.029434
14.44 -0.022159
14.45 -0.016632
14.46 -0.013972
14.47 -0.01445
14.48 -0.022279
14.49 -0.035001
14.5 -0.043945
14.51 -0.0452
14.52 -0.039206
14.53 -0.02972
14.54 -0.0089487
14.55 0.012786
14.56 0.03037
14.57 0.03506
14.58 0.040464
14.59 0.055031
14.6 0.068242
14.61 0.074317
14.62 0.071958
14.63 0.065074
14.64 0.060683
14.65 0.055294
14.66 0.047897
14.67 0.031584
14.68 0.0051133
14.69 -0.022254
14.7 -0.049694
14.71 -0.070149
14.72 -0.079198
14.73 -0.076194
14.74 -0.071467
14.75 -0.073981
14.76 -0.078445
14.77 -0.076746
14.78 -0.074894
14.79 -0.06984
14.8 -0.057806
14.81 -0.03638
14.82 -0.0067249
14.83 0.022238
14.84 0.047365
14.85 0.057815
14.86 0.057304
14.87 0.055149
14.88 0.060059
14.89 0.06325
14.9 0.060074
14.91 0.051715
14.92 0.042385
14.93 0.035321
14.94 0.029947
14.95 0.018104
14.96 0.0037643
14.97 -0.0084361
14.98 -0.017019
14.99 -0.024735
15 -0.025657
15.01 -0.026192
15.02 -0.035232
15.03 -0.051438
15.04 -0.066461
15.05 -0.078155
15.06 -0.083286
15.07 -0.075177
15.08 -0.058666
15.09 -0.041789
15.1 -0.034145
15.11 -0.027231
15.12 -0.019646
15.13 -0.021347
15.14 -0.029855
15.15 -0.029722
15.16 -0.020733
15.17 -0.0098367
15.18 -0.0035322
15.19 0.011027
15.2 0.028759
15.21 0.054506
15.22 0.072051
15.23 0.074527
15.24 0.066034
15.25 0.060812
15.26 0.067726
15.27 0.085372
15.28 0.10045
15.29 0.10469
15.3 0.1033
15.31 0.091118
15.32 0.075523
15.33 0.062916
15.34 0.048747
15.35 0.028065
15.36 0.0051095
15.37 -0.018754
15.38 -0.042177
15.39 -0.051285
15.4 -0.047747
15.41 -0.031437
15.42 -0.0049216
15.43 0.01723
15.44 0.023806
15.45 0.011762
15.46 -0.009132
15.47 -0.028785
15.48 -0.042514
15.49 -0.046511
15.5 -0.046188
15.51 -0.04139
15.52 -0.034784
15.53 -0.033758
15.54 -0.039881
15.55 -0.048073
15.56 -0.046778
15.57 -0.041154
15.58 -0.02635
15.59 -0.0030513
15.6 0.014407
15.61 0.01847
15.62 0.012848
15.63 0.0035387
15.64 -0.0026043
15.65 -0.010161
15.66 -0.018535
15.67 -0.015761
15.68 -0.0044775
15.69 0.007191
15.7 0.014558
15.71 0.018026
15.72 0.027875
15.73 0.041455
15.74 0.049212
15.75 0.053703
15.76 0.054679
15.77 0.053251
15.78 0.046814
15.79 0.041012
15.8 0.035925
15.81 0.034491
15.82 0.034458
15.83 0.032585
15.84 0.026595
15.85 0.0096888
15.86 -0.012414
15.87 -0.040341
15.88 -0.059897
15.89 -0.068266
15.9 -0.071221
15.91 -0.066784
15.92 -0.059613
15.93 -0.058643
15.94 -0.066998
15.95 -0.078326
15.96 -0.080708
15.97 -0.045225
15.98 -0.0027949
15.99 0.032205
16 0.046882
16.01 0.043032
16.02 0.038315
16.03 0.036674
16.04 0.041882
16.05 0.051847
16.06 0.054409
16.07 0.044996
16.08 0.036355
16.09 0.036881
16.1 0.039415
16.11 0.043526
16.12 0.045449
16.13 0.046332
16.14 0.043286
16.15 0.039003
16.16 0.031399
16.17 0.021432
16.18 0.0041218
16.19 -0.023172
16.2 -0.040672
16.21 -0.049545
16.22 -0.057367
16.23 -0.066233
16.24 -0.07222
16.25 -0.062702
16.26 -0.034739
16.27 -0.0065751
16.28 0.017533
16.29 0.032208
16.3 0.041865
16.31 0.056914
16.32 0.069666
16.33 0.081363
16.34 0.075438
16.35 0.056273
16.36 0.021987
16.37 -0.0011806
16.38 -0.0090724
16.39 -0.009254
16.4 -0.0075537
16.41 -0.014821
16.42 -0.019431
16.43 -0.0087436
16.44 0.010937
16.45 0.027528
16.46 0.036148
16.47 0.045355
16.48 0.05542
16.49 0.060873
16.5 0.057154
16.51 0.041822
16.52 0.031074
16.53 0.024055
16.54 0.018181
16.55 0.0067328
16.56 -0.021355
16.57 -0.05758
16.58 -0.0857
16.59 -0.097832
16.6 -0.10103
16.61 -0.093741
16.62 -0.08496
16.63 -0.078349
16.64 -0.076453
16.65 -0.068951
16.66 -0.052649
16.67 -0.030038
16.68 -0.016852
16.69 -0.012681
16.7 -0.011915
16.71 -0.014996
16.72 -0.020049
16.73 -0.02605
16.74 -0.025981
16.75 -0.020175
16.76 -0.017559
16.77 -0.02025
16.78 -0.020004
16.79 -0.016183
16.8 -0.0091264
16.81 -0.007657
16.82 -0.0078069
16.83 -0.0034752
16.84 0.0067185
16.85 0.020042
16.86 0.031166
16.87 0.040863
16.88 0.040339
16.89 0.028838
16.9 0.01858
16.91 0.012365
16.92 0.0077888
16.93 0.0017577
16.94 -0.0030337
16.95 -0.0011185
16.96 0.0096848
16.97 0.02202
16.98 0.033104
16.99 0.040332
17 0.043004
17.01 0.04319
17.02 0.042531
17.03 0.041328
17.04 0.038924
17.05 0.037732
17.06 0.032014
17.07 0.020931
17.08 0.011593
17.09 0.0036208
17.1 0.0011065
17.11 0.0022949
17.12 0.0020279
17.13 0.001882
17.14 -0.0016098
17.15 -0.011661
17.16 -0.015402
17.17 -0.013833
17.18 -0.011427
17.19 -0.0058359
17.2 -0.0037164
17.21 -0.0068906
17.22 -0.012577
17.23 -0.015692
17.24 -0.018956
17.25 -0.020765
17.26 -0.01904
17.27 -0.012473
17.28 -0.0038208
17.29 0.0061145
17.3 0.019684
17.31 0.037056
17.32 0.050145
17.33 0.061054
17.34 0.069133
17.35 0.079468
17.36 0.084849
17.37 0.081325
17.38 0.069052
17.39 0.055789
17.4 0.048629
17.41 0.045104
17.42 0.037995
17.43 0.019247
17.44 1.2051e-005
17.45 -0.010236
17.46 -0.0091389
17.47 -0.0074802
17.48 -0.0069905
17.49 -0.014004
17.5 -0.0274
17.51 -0.03976
17.52 -0.047721
17.53 -0.050294
17.54 -0.046929
17.55 -0.039958
17.56 -0.026329
17.57 -0.008623
17.58 0.0023322
17.59 -0.0024532
17.6 -0.014673
17.61 -0.024934
17.62 -0.028239
17.63 -0.027214
17.64 -0.029048
17.65 -0.033505
17.66 -0.031869
17.67 -0.024927
17.68 -0.023538
17.69 -0.025521
17.7 -0.028827
17.71 -0.031309
17.72 -0.031002
17.73 -0.032215
17.74 -0.035146
17.75 -0.035157
17.76 -0.032025
17.77 -0.023636
17.78 -0.012531
17.79 0.0024786
17.8 0.016393
17.81 0.031396
17.82 0.041281
17.83 0.051081
17.84 0.067081
17.85 0.08066
17.86 0.088111
17.87 0.092736
17.88 0.092521
17.89 0.09074
17.9 0.085519
17.91 0.072327
17.92 0.053049
17.93 0.030061
17.94 0.0065561
17.95 -0.010218
17.96 -0.023464
17.97 -0.033816
17.98 -0.046155
17.99 -0.060482
18 -0.069328
18.01 -0.071897
18.02 -0.065839
18.03 -0.059115
18.04 -0.053329
18.05 -0.045881
18.06 -0.04217
18.07 -0.045095
18.08 -0.052304
18.09 -0.054135
18.1 -0.046511
18.11 -0.034028
18.12 -0.024735
18.13 -0.019391
18.14 -0.015353
18.15 -0.011265
18.16 -0.0058857
18.17 0.0046469
18.18 0.021798
18.19 0.044635
18.2 0.062402
18.21 0.070411
18.22 0.066648
18.23 0.056782
18.24 0.044571
18.25 0.033825
18.26 0.028217
18.27 0.024994
18.28 0.017555
18.29 0.0062405
18.3 -0.0021036
18.31 -0.0052773
18.32 -0.0044414
18.33 -0.0051017
18.34 -0.0036147
18.35 -0.00089822
18.36 0.0044286
18.37 0.013092
18.38 0.02034
18.39 0.023341
18.4 0.023308
18.41 0.023627
18.42 0.019909
18.43 0.010019
18.44 -0.0012127
18.45 -0.010203
18.46 -0.017538
18.47 -0.023294
18.48 -0.033388
18.49 -0.037993
18.5 -0.035148
18.51 -0.02508
18.52 -0.0090002
18.53 0.0078546
18.54 0.021777
18.55 0.029224
18.56 0.030956
18.57 0.023567
18.58 0.007626
18.59 -0.0070653
18.6 -0.011934
18.61 -0.010945
18.62 -0.0084633
18.63 -0.0081534
18.64 -0.0051355
18.65 -0.0025449
18.66 0.0017694
18.67 0.0087898
18.68 0.014982
18.69 0.019711
18.7 0.020786
18.71 0.023694
18.72 0.026504
18.73 0.019099
18.74 0.0060281
18.75 -0.0088967
18.76 -0.019609
18.77 -0.026072
18.78 -0.029983
18.79 -0.031063
18.8 -0.035928
18.81 -0.035663
18.82 -0.024575
18.83 -0.0090429
18.84 0.00031862
18.85 0.0030603
18.86 -8.9884e-005
18.87 -0.0037029
18.88 -0.010593
18.89 -0.02695
18.9 -0.044295
18.91 -0.059358
18.92 -0.069516
18.93 -0.072977
18.94 -0.068102
18.95 -0.056165
18.96 -0.033397
18.97 -0.008949
18.98 0.0058611
18.99 0.017534
19 0.036038
19.01 0.052533
19.02 0.062112
19.03 0.064608
19.04 0.056811
19.05 0.039669
19.06 0.016497
19.07 -4.4085e-005
19.08 -0.0037402
19.09 -0.0087344
19.1 -0.01347
19.11 -0.013473
19.12 -0.012027
19.13 -0.013175
19.14 -0.016328
19.15 -0.014905
19.16 -0.0097298
19.17 0.00089988
19.18 0.010985
19.19 0.017294
19.2 0.022711
19.21 0.024646
19.22 0.021217
19.23 0.011315
19.24 -0.0027089
19.25 -0.013876
19.26 -0.024499
19.27 -0.035205
19.28 -0.039865
19.29 -0.036952
19.3 -0.028812
19.31 -0.017951
19.32 -0.0056831
19.33 0.0031501
19.34 0.0081041
19.35 0.011039
19.36 0.013793
19.37 0.022113
19.38 0.032243
19.39 0.04189
19.4 0.046607
19.41 0.043649
19.42 0.034774
19.43 0.026196
19.44 0.016332
19.45 0.0018317
19.46 -0.0116
19.47 -0.02103
19.48 -0.024438
19.49 -0.022366
19.5 -0.023438
19.51 -0.025326
19.52 -0.025961
19.53 -0.024948
19.54 -0.019934
19.55 -0.014135
19.56 -0.0079092
19.57 -0.0020409
19.58 0.0056317
19.59 0.0094245
19.6 0.0071882
19.61 -0.0019796
19.62 -0.0095523
19.63 -0.013897
19.64 -0.017383
19.65 -0.021853
19.66 -0.021703
19.67 -0.018368
19.68 -0.0099426
19.69 -0.0039958
19.7 0.0039153
19.71 0.010648
19.72 0.0096358
19.73 2.255e-006
19.74 -0.013505
19.75 -0.0257
19.76 -0.034376
19.77 -0.039003
19.78 -0.035623
19.79 -0.023868
19.8 -0.012769
19.81 -0.0076483
19.82 -0.005317
19.83 1.5791e-005
19.84 0.011217
19.85 0.019605
19.86 0.019263
19.87 0.0080263
19.88 -0.0059059
19.89 -0.015622
19.9 -0.016678
19.91 -0.015326
19.92 -0.006593
19.93 -0.0053999
19.94 -0.0041706
19.95 0.0033246
19.96 0.010998
19.97 0.016062
19.98 0.022146
19.99 0.02739
20 0.025525
20.01 0.018426
20.02 0.010125
20.03 0.004666
20.04 -0.0015316
20.05 -0.0080441
20.06 -0.012179
20.07 -0.010402
20.08 -0.0080231
20.09 -0.0042403
20.1 -0.0074448
20.11 -0.013969
20.12 -0.021656
20.13 -0.028094
20.14 -0.032967
20.15 -0.035292
20.16 -0.036129
20.17 -0.032466
20.18 -0.022263
20.19 -0.0076494
20.2 0.0057557
20.21 0.020311
20.22 0.031672
20.23 0.04117
20.24 0.050783
20.25 0.056742
20.26 0.057024
20.27 0.047826
20.28 0.031485
20.29 0.015113
20.3 0.0012725
20.31 -0.0080098
20.32 -0.018289
20.33 -0.027702
20.34 -0.040715
20.35 -0.046561
20.36 -0.042042
20.37 -0.024737
20.38 -0.0083935
20.39 -0.0018102
20.4 0.003242
20.41 0.0030155
20.42 0.0052389
20.43 0.0095244
20.44 0.018087
20.45 0.028599
20.46 0.038309
20.47 0.046403
20.48 0.049997
20.49 0.049236
20.5 0.046581
20.51 0.042926
20.52 0.040561
20.53 0.042371
20.54 0.041842
20.55 0.035717
20.56 0.025728
20.57 0.021308
20.58 0.015368
20.59 0.0074265
20.6 0.0012499
20.61 -0.0042931
20.62 -0.0085118
20.63 -0.014415
20.64 -0.022251
20.65 -0.031483
20.66 -0.037013
20.67 -0.038971
20.68 -0.037967
20.69 -0.040738
20.7 -0.045031
20.71 -0.048565
20.72 -0.051962
20.73 -0.051126
20.74 -0.048225
20.75 -0.047391
20.76 -0.041745
20.77 -0.0346
20.78 -0.025612
20.79 -0.015432
20.8 -0.004782
20.81 -0.00083088
20.82 0.0011808
20.83 0.003881
20.84 0.0067075
20.85 0.0068047
20.86 0.0061853
20.87 0.0035708
20.88 -0.0020992
20.89 -0.0021282
20.9 0.0059186
20.91 0.019172
20.92 0.035267
20.93 0.044804
20.94 0.046537
20.95 0.050445
20.96 0.054806
20.97 0.054165
20.98 0.050091
20.99 0.043372
21 0.037958
21.01 0.030391
21.02 0.023021
21.03 0.022
21.04 0.018969
21.05 0.0097186
21.06 -0.0030426
21.07 -0.011543
21.08 -0.01891
21.09 -0.022549
21.1 -0.022643
21.11 -0.02652
21.12 -0.036294
21.13 -0.047201
21.14 -0.051586
21.15 -0.049487
21.16 -0.044807
21.17 -0.042813
21.18 -0.040152
21.19 -0.033306
21.2 -0.027278
21.21 -0.021939
21.22 -0.020729
21.23 -0.017609
21.24 -0.011092
21.25 -0.007654
21.26 -0.0068102
21.27 -0.0092304
21.28 -0.0097609
21.29 -0.0033837
21.3 0.0062526
21.31 0.017435
21.32 0.030171
21.33 0.040333
21.34 0.047162
21.35 0.054121
21.36 0.060265
21.37 0.05677
21.38 0.047288
21.39 0.032843
21.4 0.020644
21.41 0.0071727
21.42 -0.0010649
21.43 -0.0074267
21.44 -0.012513
21.45 -0.01833
21.46 -0.024929
21.47 -0.026176
21.48 -0.022197
21.49 -0.018635
21.5 -0.016214
21.51 -0.013598
21.52 -0.0095437
21.53 -0.011013
21.54 -0.018007
21.55 -0.024364
21.56 -0.025654
21.57 -0.021303
21.58 -0.014373
21.59 -0.0020811
21.6 0.0078597
21.61 0.013355
21.62 0.0146
21.63 0.017537
21.64 0.019429
21.65 0.021634
21.66 0.023023
21.67 0.02275
21.68 0.021604
21.69 0.020689
21.7 0.017833
21.71 0.011606
21.72 0.004027
21.73 0.00085747
21.74 0.00015922
21.75 -0.0011042
21.76 -0.0032562
21.77 -0.0060518
21.78 -0.0064724
21.79 -0.0081534
21.8 -0.0069116
21.81 -0.0076315
21.82 -0.0082358
21.83 -0.0083796
21.84 -0.0078785
21.85 -0.0073805
21.86 -0.0077916
21.87 -0.01296
21.88 -0.020646
21.89 -0.028662
21.9 -0.035844
21.91 -0.037072
21.92 -0.029757
21.93 -0.017473
21.94 -0.0020096
21.95 0.0090953
21.96 0.0089533
21.97 0.0081669
21.98 0.0073865
21.99 0.0085368
22 0.012102
22.01 0.017951
22.02 0.021602
22.03 0.02542
22.04 0.024337
22.05 0.017166
22.06 0.008418
22.07 0.007416
22.08 0.010632
22.09 0.014992
22.1 0.017582
22.11 0.015078
22.12 0.011151
22.13 0.0085048
22.14 0.0067251
22.15 9.0051e-005
22.16 -0.0026967
22.17 -0.0057846
22.18 -0.0030506
22.19 0.0054421
22.2 0.01293
22.21 0.011589
22.22 0.0074112
22.23 0.00011205
22.24 -0.010685
22.25 -0.019504
22.26 -0.026373
22.27 -0.025553
22.28 -0.018326
22.29 -0.0068002
22.3 0.0082134
22.31 0.016927
22.32 0.017328
22.33 0.01093
22.34 -0.00079276
22.35 -0.011073
22.36 -0.014293
22.37 -0.0068454
22.38 0.0021034
22.39 0.011505
22.4 0.017922
22.41 0.01952
22.42 0.018236
22.43 0.015379
22.44 0.014568
22.45 0.0123
22.46 0.010142
22.47 0.0096259
22.48 0.0079381
22.49 0.012604
22.5 0.016885
22.51 0.020846
22.52 0.023732
22.53 0.023285
22.54 0.01853
22.55 0.012235
22.56 0.0045949
22.57 -0.0013932
22.58 -0.0083654
22.59 -0.0161
22.6 -0.023673
22.61 -0.030407
22.62 -0.03199
22.63 -0.028922
22.64 -0.026503
22.65 -0.025702
22.66 -0.02322
22.67 -0.016817
22.68 -0.0068341
22.69 0.005727
22.7 0.016215
22.71 0.018295
22.72 0.015687
22.73 0.0055685
22.74 -0.0051984
22.75 -0.011567
22.76 -0.016473
22.77 -0.01684
22.78 -0.02098
22.79 -0.024147
22.8 -0.023736
22.81 -0.018079
22.82 -0.0078964
22.83 0.0020109
22.84 0.013701
22.85 0.018999
22.86 0.017408
22.87 0.01041
22.88 0.0042924
22.89 0.00097561
22.9 -0.0044744
22.91 -0.0078827
22.92 -0.011692
22.93 -0.015144
22.94 -0.0086569
22.95 -0.0050488
22.96 -0.00089294
22.97 0.0060656
22.98 0.01367
22.99 0.018802
23 0.021201
23.01 0.021035
23.02 0.021514
23.03 0.025445
23.04 0.026837
23.05 0.025358
23.06 0.025208
23.07 0.019402
23.08 0.010487
23.09 0.0014202
23.1 -0.0088179
23.11 -0.023679
23.12 -0.043715
23.13 -0.055768
23.14 -0.058567
23.15 -0.05279
23.16 -0.042353
23.17 -0.029424
23.18 -0.015986
23.19 -0.0051627
23.2 0.0046132
23.21 0.012068
23.22 0.020477
23.23 0.027565
23.24 0.032907
23.25 0.037467
23.26 0.037422
23.27 0.02973
23.28 0.013443
23.29 -0.0089574
23.3 -0.026203
23.31 -0.030969
23.32 -0.030254
23.33 -0.026552
23.34 -0.021989
23.35 -0.020664
23.36 -0.016005
23.37 -0.0063169
23.38 -0.0011918
23.39 0.0023813
23.4 0.0045901
23.41 0.0035841
23.42 0.0047743
23.43 0.0053037
23.44 0.0019577
23.45 -0.0004038
23.46 0.0020554
23.47 0.0055881
23.48 0.0065103
23.49 0.011062
23.5 0.013948
23.51 0.017675
23.52 0.022602
23.53 0.027965
23.54 0.032678
23.55 0.040031
23.56 0.044633
23.57 0.048309
23.58 0.050632
23.59 0.051502
23.6 0.04743
23.61 0.041287
23.62 0.032246
23.63 0.021872
23.64 0.0087863
23.65 0.00043881
23.66 -0.0085608
23.67 -0.016182
23.68 -0.021676
23.69 -0.027607
23.7 -0.028891
23.71 -0.028734
23.72 -0.031496
23.73 -0.034563
23.74 -0.038347
23.75 -0.039039
23.76 -0.030807
23.77 -0.019967
23.78 -0.0075019
23.79 0.0017
23.8 0.0056524
23.81 0.006393
23.82 0.0040146
23.83 0.0021989
23.84 0.0021429
23.85 0.0028324
23.86 0.0030037
23.87 0.0031474
23.88 0.0021484
23.89 0.0014521
23.9 -0.0023569
23.91 -0.0091524
23.92 -0.015073
23.93 -0.019027
23.94 -0.020928
23.95 -0.019813
23.96 -0.020112
23.97 -0.021412
23.98 -0.021966
23.99 -0.019886
24 -0.018275
24.01 -0.012817
24.02 -0.0088206
24.03 -0.0012086
24.04 0.010541
24.05 0.020231
24.06 0.02629
24.07 0.029765
24.08 0.027902
24.09 0.025653
24.1 0.022918
24.11 0.024069
24.12 0.030048
24.13 0.035504
24.14 0.037095
24.15 0.033122
24.16 0.02311
24.17 0.0094169
24.18 -0.0020495
24.19 -0.0080713
24.2 -0.01007
24.21 -0.012811
24.22 -0.016116
24.23 -0.016231
24.24 -0.015222
24.25 -0.014101
24.26 -0.0084209
24.27 -0.0059609
24.28 -0.0060073
24.29 -0.00036069
24.3 0.0049162
24.31 0.0092784
24.32 0.0098739
24.33 0.0081428
24.34 0.0067461
24.35 0.0026021
24.36 0.0010837
24.37 -0.0018804
24.38 -0.0044938
24.39 -0.0058351
24.4 -0.0058642
24.41 -0.0065264
24.42 -0.0070752
24.43 -0.0095284
24.44 -0.0085844
24.45 -0.0055815
24.46 -0.0033498
24.47 -0.0012336
24.48 -0.0038006
24.49 -0.0079655
24.5 -0.012442
24.51 -0.013088
24.52 -0.0062554
24.53 -0.0030063
24.54 3.0097e-005
24.55 0.0027998
24.56 -0.0002713
24.57 0.0005702
24.58 0.0043518
24.59 0.0061427
24.6 0.011953
24.61 0.017803
24.62 0.020656
24.63 0.021905
24.64 0.0225
24.65 0.019733
24.66 0.013118
24.67 0.0057434
24.68 0.002186
24.69 0.0027893
24.7 -0.00060636
24.71 -0.0066322
24.72 -0.012727
24.73 -0.018876
24.74 -0.023928
24.75 -0.028969
24.76 -0.029965
24.77 -0.029667
24.78 -0.024248
24.79 -0.017038
24.8 -0.011713
24.81 -0.0087852
24.82 -0.010012
24.83 -0.016456
24.84 -0.025696
24.85 -0.030877
24.86 -0.030343
24.87 -0.024396
24.88 -0.016254
24.89 -0.010185
24.9 -0.0034098
24.91 0.002788
24.92 0.0080574
24.93 0.015765
24.94 0.021117
24.95 0.025955
24.96 0.028615
24.97 0.034772
24.98 0.036372
24.99 0.034523
25 0.030846
25.01 0.023034
25.02 0.017741
25.03 0.0081652
25.04 -0.001167
25.05 -0.0093533
25.06 -0.011559
25.07 -0.016653
25.08 -0.022864
25.09 -0.02697
25.1 -0.026081
25.11 -0.024278
25.12 -0.019102
25.13 -0.012109
25.14 -0.0038668
25.15 0.001671
25.16 0.0067173
25.17 0.0094142
25.18 0.0034008
25.19 -0.002391
25.2 -0.0066492
25.21 -0.0095577
25.22 -0.012415
25.23 -0.014124
25.24 -0.019041
25.25 -0.022857
25.26 -0.021606
25.27 -0.015541
25.28 -0.012092
25.29 -0.013681
25.3 -0.019415
25.31 -0.025281
25.32 -0.027756
25.33 -0.027821
25.34 -0.026408
25.35 -0.025302
25.36 -0.019652
25.37 -0.0094633
25.38 7.5605e-006
25.39 0.0085305
25.4 0.017953
25.41 0.025641
25.42 0.031647
25.43 0.035384
25.44 0.039545
25.45 0.041095
25.46 0.038014
25.47 0.033006
25.48 0.030928
25.49 0.031249
25.5 0.025937
25.51 0.01837
25.52 0.014512
25.53 0.018677
25.54 0.024505
25.55 0.027941
25.56 0.025514
25.57 0.023158
25.58 0.017377
25.59 0.010893
25.6 0.0056365
25.61 -0.0026964
25.62 -0.010387
25.63 -0.015279
25.64 -0.017176
25.65 -0.02166
25.66 -0.02472
25.67 -0.026036
25.68 -0.021534
25.69 -0.016291
25.7 -0.0030063
25.71 0.013043
25.72 0.027318
25.73 0.03747
25.74 0.039843
25.75 0.036775
25.76 0.028613
25.77 0.018415
25.78 0.0068018
25.79 -0.0039386
25.8 -0.013074
25.81 -0.017159
25.82 -0.020963
25.83 -0.023843
25.84 -0.023489
25.85 -0.028026
25.86 -0.032482
25.87 -0.03486
25.88 -0.030495
25.89 -0.026098
25.9 -0.021115
25.91 -0.019727
25.92 -0.015397
25.93 -0.0091115
25.94 -0.0049676
25.95 -0.00059433
25.96 -0.00099133
25.97 0.0033281
25.98 0.0063575
25.99 0.007283
26 0.0074423
26.01 0.0090038
26.02 0.014702
26.03 0.017704
26.04 0.015101
26.05 0.014867
26.06 0.0098406
26.07 0.0038621
26.08 -0.0005125
26.09 -0.0018783
26.1 -0.00082852
26.11 0.0037282
26.12 0.01177
26.13 0.018788
26.14 0.019471
26.15 0.013335
26.16 0.0078644
26.17 0.0056802
26.18 0.0042237
26.19 0.003043
26.2 0.0032358
26.21 0.0012232
26.22 -0.0024576
26.23 -0.0038832
26.24 -0.0080751
26.25 -0.0097465
26.26 -0.009417
26.27 -0.01037
26.28 -0.01008
26.29 -0.012927
26.3 -0.016976
26.31 -0.017507
26.32 -0.016065
26.33 -0.013989
26.34 -0.0077191
26.35 -0.0017502
26.36 0.0059919
26.37 0.0084261
26.38 0.00789
26.39 0.0080063
26.4 0.0084933
26.41 0.0062305
26.42 -0.00022799
26.43 -0.0089384
26.44 -0.017025
26.45 -0.022436
26.46 -0.019139
26.47 -0.013681
26.48 -0.0083545
26.49 -0.0052017
26.5 0.0008374
26.51 0.0075423
26.52 0.014547
26.53 0.017234
26.54 0.015866
26.55 0.013683
26.56 0.013832
26.57 0.016532
26.58 0.017451
26.59 0.017696
26.6 0.022015
26.61 0.025493
26.62 0.027308
26.63 0.0314
26.64 0.030981
26.65 0.029769
26.66 0.025073
26.67 0.021085
26.68 0.014877
26.69 0.00851
26.7 -0.00018372
26.71 -0.0105
26.72 -0.018708
26.73 -0.023912
26.74 -0.027365
26.75 -0.03413
26.76 -0.032436
26.77 -0.025322
26.78 -0.017138
26.79 -0.0084926
26.8 -0.0021202
26.81 0.001773
26.82 0.0043806
26.83 0.0029834
26.84 -0.00026759
26.85 -0.00083253
26.86 0.00056156
26.87 0.0023918
26.88 -0.00097962
26.89 -0.0076335
26.9 -0.015217
26.91 -0.021308
26.92 -0.022716
26.93 -0.017591
26.94 -0.016188
26.95 -0.016451
26.96 -0.016436
26.97 -0.017813
26.98 -0.017609
26.99 -0.014779
27 -0.013016
27.01 -0.0072439
27.02 -0.0041675
27.03 -0.0016602
27.04 0.0035888
27.05 0.0034101
27.06 0.0065221
27.07 0.010573
27.08 0.011323
27.09 0.010611
27.1 0.0095813
27.11 0.0061089
27.12 0.0033794
27.13 -0.00097366
27.14 -0.0020192
27.15 -0.0016161
27.16 0.00078162
27.17 0.0033718
27.18 0.0042754
27.19 0.0068347
27.2 0.010163
27.21 0.0094466
27.22 0.006784
27.23 0.0036115
27.24 -0.00070279
27.25 -0.0060334
27.26 -0.01071
27.27 -0.013483
27.28 -0.012718
27.29 -0.011409
27.3 -0.00603
27.31 -0.0026686
27.32 0.0019656
27.33 0.0051322
27.34 0.0052925
27.35 0.0093608
27.36 0.011295
27.37 0.012143
27.38 0.012125
27.39 0.012367
27.4 0.015352
27.41 0.018734
27.42 0.019101
27.43 0.019152
27.44 0.019324
27.45 0.018973
27.46 0.016796
27.47 0.011194
27.48 0.0070276
27.49 0.0021734
27.5 -0.00026612
27.51 0.00050933
27.52 -0.0038419
27.53 -0.0085005
27.54 -0.01295
27.55 -0.018167
27.56 -0.020239
27.57 -0.019733
27.58 -0.016852
27.59 -0.010857
27.6 -0.0035637
27.61 0.0041643
27.62 0.0092186
27.63 0.010974
27.64 0.012395
27.65 0.011851
27.66 0.010478
27.67 0.0099047
27.68 0.0061225
27.69 0.0022054
27.7 -0.00043681
27.71 -0.0039048
27.72 -0.0057236
27.73 -0.0053648
27.74 -0.0031763
27.75 0.0010234
27.76 0.0021853
27.77 0.0036547
27.78 0.0019591
27.79 -9.425e-005
27.8 0.00069344
27.81 0.0012606
27.82 0.00077773
27.83 -0.0035336
27.84 -0.0079196
27.85 -0.011169
27.86 -0.011708
27.87 -0.011494
27.88 -0.012795
27.89 -0.012764
27.9 -0.011234
27.91 -0.0053492
27.92 -0.0014834
27.93 0.003116
27.94 0.0075251
27.95 0.012556
27.96 0.01587
27.97 0.01681
27.98 0.015288
27.99 0.01401
28 0.011008
28.01 0.0049048
28.02 -0.00077587
28.03 -0.0044846
28.04 -0.0053613
28.05 -0.0059369
28.06 -0.0063251
28.07 -0.0072466
28.08 -0.0091386
28.09 -0.012066
28.1 -0.015052
28.11 -0.015296
28.12 -0.011847
28.13 -0.0054373
28.14 9.4235e-005
28.15 0.0047777
28.16 0.008326
28.17 0.0098429
28.18 0.011966
28.19 0.013446
28.2 0.013182
28.21 0.01306
28.22 0.011141
28.23 0.0072242
28.24 0.0013879
28.25 -0.0038228
28.26 -0.0070049
28.27 -0.01004
28.28 -0.010314
28.29 -0.010968
28.3 -0.011041
28.31 -0.012035
28.32 -0.012183
28.33 -0.012037
28.34 -0.0089398
28.35 -0.0067253
28.36 -0.0043553
28.37 -0.0038534
28.38 -0.0070594
28.39 -0.0094653
28.4 -0.010038
28.41 -0.0098107
28.42 -0.0089266
28.43 -0.0072129
28.44 -0.0063431
28.45 -0.0040726
28.46 -0.0013224
28.47 0.0017812
28.48 0.0059336
28.49 0.0096681
28.5 0.012634
28.51 0.015888
28.52 0.017225
28.53 0.016215
28.54 0.014718
28.55 0.011937
28.56 0.0095205
28.57 0.0067103
28.58 0.0036027
28.59 0.00035336
28.6 -0.0018854
28.61 -0.0038847
28.62 -0.0053434
28.63 -0.0059034
28.64 -0.0077052
28.65 -0.008378
28.66 -0.00794
28.67 -0.0059633
28.68 -0.0038482
28.69 -0.0037802
28.7 -0.0041568
28.71 -0.0048325
28.72 -0.0053948
28.73 -0.0051866
28.74 -0.0049633
28.75 -0.0034858
28.76 -0.0013688
28.77 0.00011997
28.78 0.0021
28.79 0.0041529
28.8 0.0058249
28.81 0.0061764
28.82 0.0052603
28.83 0.0034484
28.84 0.0015674
28.85 0.00049854
28.86 0.00067974
28.87 0.00050119
28.88 0.00034357
28.89 0.00042174
28.9 0.00029347
28.91 -0.00029605
28.92 -0.00092766
28.93 -0.0011887
28.94 -0.0017674
28.95 -0.0027552
28.96 -0.0031973
28.97 -0.0035068
28.98 -0.0031783
28.99 -0.0023141
29 -0.001958
29.01 -0.0013456
29.02 -0.00012761
29.03 0.0010345
29.04 0.0017645
29.05 0.0019898
29.06 0.0020665
29.07 0.0021494
29.08 0.0020892
29.09 0.0022657
29.1 0.002171
29.11 0.0019762
29.12 0.0017356
29.13 0.0015528
29.14 0.0013735
29.15 0.0011188
29.16 0.00087758
29.17 0.00066107
29.18 0.00029587
29.19 0.00013258
29.2 0.0001975
29.21 8.0426e-005
29.22 0.00018216
29.23 0.00029785
29.24 0.0002591
29.25 0.00020341
29.26 0.00031028
29.27 0.00053088
29.28 0.00064436
29.29 0.00066191
29.3 0.00067497
29.31 0.0006883
29.32 0.00058377
29.33 0.00051601
29.34 0.00040796
29.35 0.00017475
29.36 8.0357e-005
29.37 0.00014664
29.38 0.00016567
29.39 0.00024667
29.4 0.00029932
29.41 0.0003244
29.42 0.00029805
29.43 0.00022671
29.44 0.0001807
29.45 0.00015419
29.46 0.00013885
29.47 0.00014242
29.48 0.00015561
29.49 0.00018669
29.5 0.00020609
29.51 0.00019672
29.52 0.00014945
29.53 0.00012626
29.54 0.00016944
29.55 0.00024004
29.56 0.0002842
29.57 0.0002997
29.58 0.0002789
29.59 0.00025706
29.6 0.00021173
29.61 0.00018104
29.62 0.00016637
29.63 0.00017284
29.64 0.00018045
29.65 0.00018702
29.66 0.00018425
29.67 0.00017285
29.68 0.00014714
29.69 0.0001327
29.7 0.0001226
29.71 0.00012062
29.72 0.00012525
29.73 0.00013302
29.74 0.00013945
29.75 0.00014148
29.76 0.00013903
29.77 0.00013536
29.78 0.0001294
29.79 0.00012262
29.8 0.00011365
29.81 0.00010631
29.82 9.7354e-005
29.83 8.8964e-005
29.84 8.0035e-005
29.85 7.198e-005
29.86 6.3754e-005
29.87 5.6021e-005
29.88 4.8213e-005
29.89 4.0565e-005
29.9 3.2552e-005
29.91 2.4679e-005
29.92 1.6675e-005
29.93 8.7655e-006
29.94 8.3151e-007
29.95 -6.9736e-006
