0.02 -3.2307e-005
0.04 2.6432e-005
0.06 -6.1058e-005
0.08 -1.559e-005
0.1 -0.00015127
0.12 -0.0001835
0.14 -0.00020041
0.16 0.00020357
0.18 3.6641e-005
0.2 0.00037394
0.22 0.00025195
0.24 0.0001734
0.26 0.00016416
0.28 -0.0010081
0.3 -0.00040438
0.32 0.0010087
0.34 0.0020172
0.36 0.0022815
0.38 0.0037168
0.4 0.0028214
0.42 0.00010018
0.44 -0.001166
0.46 -0.0017027
0.48 -0.0008825
0.5 -0.0029762
0.52 -0.0047595
0.54 0.0012025
0.56 0.0033355
0.58 0.00016359
0.6 -0.0078871
0.62 -0.0030967
0.64 0.0032152
0.66 0.0019195
0.68 -0.0013718
0.7 0.01667
0.72 0.015928
0.74 0.0054591
0.76 0.0091339
0.78 -0.0034483
0.8 -0.0056669
0.82 0.00055497
0.84 -0.026556
0.86 -0.045761
0.88 -0.020006
0.9 0.018225
0.92 0.0049198
0.94 0.00016517
0.96 -0.00063317
0.98 0.0020014
1 -0.0097086
1.02 0.013311
1.04 -0.0051482
1.06 -0.0040421
1.08 0.072468
1.1 0.051749
1.12 -0.019491
1.14 -0.023983
1.16 -0.034132
1.18 -0.067111
1.2 -0.043923
1.22 0.045771
1.24 0.044435
1.26 0.001878
1.28 0.013501
1.3 0.052918
1.32 0.0092977
1.34 -0.027347
1.36 -0.027864
1.38 -0.040206
1.4 -0.029687
1.42 0.018164
1.44 0.0044391
1.46 0.0042601
1.48 0.033541
1.5 -0.052611
1.52 -0.062867
1.54 0.042157
1.56 0.049625
1.58 -0.0060058
1.6 0.0083578
1.62 0.060637
1.64 0.054044
1.66 -0.020546
1.68 -0.045605
1.7 -0.096539
1.72 -0.093455
1.74 -0.035443
1.76 -0.005887
1.78 -0.015839
1.8 -0.027094
1.82 0.055016
1.84 0.081095
1.86 0.032616
1.88 0.018518
1.9 0.043967
1.92 0.10443
1.94 0.1185
1.96 0.050475
1.98 -0.085876
2 -0.055628
2.02 -0.0093904
2.04 -0.056218
2.06 -0.046267
2.08 0.043655
2.1 0.024472
2.12 0.0078048
2.14 0.012126
2.16 -0.014404
2.18 -0.053666
2.2 -0.053835
2.22 0.0075237
2.24 0.011369
2.26 0.062492
2.28 0.071639
2.3 0.016312
2.32 -0.024277
2.34 -0.021758
2.36 -0.00062715
2.38 0.0065006
2.4 -0.025188
2.42 -0.051287
2.44 -0.046536
2.46 0.00356
2.48 0.032907
2.5 0.056872
2.52 0.038399
2.54 0.028002
2.56 -0.032081
2.58 -0.043786
2.6 -0.054947
2.62 -0.075731
2.64 -0.030757
2.66 0.10803
2.68 0.082322
2.7 -0.042042
2.72 -0.06467
2.74 -0.019232
2.76 0.041863
2.78 0.083686
2.8 0.015576
2.82 -0.0084808
2.84 0.023104
2.86 -0.014924
2.88 -0.066737
2.9 -0.092738
2.92 -0.010489
2.94 0.06246
2.96 0.051832
2.98 0.032772
3 0.07834
3.02 0.089801
3.04 -0.0094097
3.06 -0.041325
3.08 -0.0092827
3.1 -0.072949
3.12 -0.10124
3.14 -0.067864
3.16 -0.050177
3.18 -0.094867
3.2 -0.007271
3.22 0.022697
3.24 0.024311
3.26 0.04257
3.28 0.0085445
3.3 0.055221
3.32 0.0086572
3.34 0.0066125
3.36 -0.0049072
3.38 0.0079984
3.4 -0.037798
3.42 -0.067311
3.44 -0.077152
3.46 -0.18359
3.48 -0.22231
3.5 -0.19384
3.52 -0.12364
3.54 -0.10364
3.56 -0.048965
3.58 0.07366
3.6 0.15427
3.62 0.19631
3.64 0.18176
3.66 0.10447
3.68 0.096664
3.7 0.25091
3.72 0.46016
3.74 0.58858
3.76 0.57202
3.78 0.54605
3.8 0.46754
3.82 0.11704
3.84 -0.56843
3.86 -0.88343
3.88 -0.87171
3.9 -0.7188
3.92 -0.2836
3.94 -0.11362
3.96 0.068387
3.98 0.44406
4 0.46577
4.02 0.16654
4.04 -0.15729
4.06 -0.31805
4.08 -0.27311
4.1 -0.30023
4.12 -0.40123
4.14 -0.36104
4.16 -0.222
4.18 0.1834
4.2 0.52145
4.22 0.5019
4.24 0.57397
4.26 0.65393
4.28 0.54799
4.3 0.27884
4.32 0.13375
4.34 0.16442
4.36 -0.015179
4.38 -0.28084
4.4 -0.37108
4.42 -0.52431
4.44 -0.51937
4.46 -0.43779
4.48 -0.67835
4.5 -0.69556
4.52 -0.63163
4.54 -0.49074
4.56 0.02167
4.58 0.55925
4.6 0.67235
4.62 0.63709
4.64 0.48176
4.66 0.36026
4.68 0.24199
4.7 0.20583
4.72 0.05326
4.74 0.043811
4.76 -0.020375
4.78 -0.22108
4.8 -0.31514
4.82 -0.13766
4.84 0.062792
4.86 0.12272
4.88 -0.0073073
4.9 -0.03985
4.92 -0.11753
4.94 -0.071972
4.96 -0.080805
4.98 -0.2482
5 -0.10595
5.02 0.24734
5.04 0.18911
5.06 -0.078059
5.08 -0.33154
5.1 -0.33375
5.12 -0.33217
5.14 -0.35397
5.16 -0.23695
5.18 0.10262
5.2 0.45052
5.22 0.54312
5.24 0.4023
5.26 0.28159
5.28 0.38279
5.3 0.48716
5.32 0.46013
5.34 0.33328
5.36 0.26304
5.38 0.25519
5.4 0.16059
5.42 -0.12799
5.44 -0.55755
5.46 -0.76918
5.48 -0.67249
5.5 -0.32986
5.52 -0.104
5.54 -0.12438
5.56 -0.28764
5.58 -0.35296
5.6 -0.099516
5.62 0.075626
5.64 0.03606
5.66 0.075208
5.68 0.10784
5.7 0.16882
5.72 0.22618
5.74 0.28147
5.76 0.33927
5.78 0.31969
5.8 0.26156
5.82 0.15293
5.84 0.15651
5.86 0.11208
5.88 0.057912
5.9 0.033716
5.92 -0.032487
5.94 -0.04496
5.96 -0.12742
5.98 -0.23032
6 -0.23343
6.02 -0.15379
6.04 -0.092828
6.06 -0.14372
6.08 -0.20586
6.1 -0.087433
6.12 0.02805
6.14 0.018613
6.16 0.012662
6.18 0.080895
6.2 0.21164
6.22 0.2208
6.24 0.086927
6.26 -0.018117
6.28 0.14483
6.3 0.14153
6.32 -0.12347
6.34 -0.28264
6.36 -0.39635
6.38 -0.49446
6.4 -0.47861
6.42 -0.29333
6.44 -0.11588
6.46 0.12653
6.48 0.27989
6.5 0.22724
6.52 0.21827
6.54 0.25298
6.56 0.33095
6.58 0.40495
6.6 0.2994
6.62 0.060288
6.64 -0.075944
6.66 -0.19427
6.68 -0.48813
6.7 -0.72697
6.72 -0.74913
6.74 -0.49708
6.76 -0.15202
6.78 0.081373
6.8 0.090662
6.82 0.15942
6.84 0.25538
6.86 0.31692
6.88 0.26855
6.9 0.21659
6.92 0.31543
6.94 0.44326
6.96 0.42448
6.98 0.24227
7 -0.011336
7.02 -0.19266
7.04 -0.087498
7.06 0.086072
7.08 -0.010028
7.1 -0.099061
7.12 0.024859
7.14 0.20947
7.16 0.071999
7.18 -0.19642
7.2 -0.28128
7.22 -0.30429
7.24 -0.1109
7.26 0.166
7.28 0.067781
7.3 -0.04904
7.32 0.0029234
7.34 0.1037
7.36 0.086948
7.38 -0.0020922
7.4 -0.064231
7.42 -0.069642
7.44 0.016331
7.46 0.064982
7.48 0.082885
7.5 0.017986
7.52 -0.060129
7.54 -0.096308
7.56 -0.065242
7.58 -0.07716
7.6 -0.068711
7.62 -0.053315
7.64 -0.16195
7.66 -0.20722
7.68 -0.13536
7.7 0.036332
7.72 0.17404
7.74 0.17678
7.76 0.095264
7.78 0.10646
7.8 0.15682
7.82 0.13401
7.84 0.10868
7.86 0.058256
7.88 -0.03927
7.9 -0.086923
7.92 -0.015014
7.94 -0.040755
7.96 -0.085742
7.98 -0.03256
8 0.043416
8.02 0.030881
8.04 0.073407
8.06 0.2144
8.08 0.25062
8.1 0.17487
8.12 0.20266
8.14 0.13558
8.16 -0.0002033
8.18 -0.052243
8.2 -0.17871
8.22 -0.31658
8.24 -0.42544
8.26 -0.43941
8.28 -0.42346
8.3 -0.44798
8.32 -0.37552
8.34 -0.1952
8.36 -0.08212
8.38 -0.016796
8.4 0.038942
8.42 0.20329
8.44 0.37268
8.46 0.40849
8.48 0.32411
8.5 0.19597
8.52 0.13045
8.54 0.13544
8.56 0.11773
8.58 0.018241
8.6 -0.092396
8.62 -0.18764
8.64 -0.22989
8.66 -0.17658
8.68 -0.054656
8.7 0.038062
8.72 0.033176
8.74 -0.020258
8.76 -0.082489
8.78 -0.1495
8.8 -0.10713
8.82 -0.051619
8.84 0.039258
8.86 0.14488
8.88 0.1984
8.9 0.18333
8.92 0.15278
8.94 0.15226
8.96 0.19191
8.98 0.25748
9 0.25941
9.02 0.18721
9.04 0.10326
9.06 -0.01066
9.08 -0.04963
9.1 -0.041389
9.12 -0.087423
9.14 -0.16503
9.16 -0.1954
9.18 -0.21787
9.2 -0.22151
9.22 -0.23215
9.24 -0.20426
9.26 -0.11104
9.28 -0.038426
9.3 -0.026286
9.32 -0.01401
9.34 0.10254
9.36 0.14076
9.38 0.10978
9.4 0.13801
9.42 0.13366
9.44 0.049235
9.46 0.0042244
9.48 0.096119
9.5 0.13826
9.52 0.059725
9.54 -0.026979
9.56 -0.022508
9.58 -0.011909
9.6 -0.012492
9.62 -0.039991
9.64 0.0021284
9.66 0.036956
9.68 0.020402
9.7 0.046702
9.72 0.046404
9.74 -0.024648
9.76 -0.050813
9.78 -0.0243
9.8 -0.053695
9.82 -0.041661
9.84 -0.0010138
9.86 0.032476
9.88 0.020253
9.9 -0.027894
9.92 -0.021904
9.94 0.0055138
9.96 -0.050246
9.98 -0.07315
10 -0.0053593
10.02 0.079407
10.04 0.087761
10.06 0.12699
10.08 0.15873
10.1 0.11396
10.12 0.0070044
10.14 -0.11325
10.16 -0.19733
10.18 -0.21886
10.2 -0.2128
10.22 -0.18681
10.24 -0.16715
10.26 -0.1115
10.28 -0.077135
10.3 -0.038506
10.32 0.018247
10.34 0.046773
10.36 -0.040426
10.38 -0.0353
10.4 0.031348
10.42 0.044044
10.44 -0.037862
10.46 -0.10898
10.48 0.0049317
10.5 0.11113
10.52 0.09462
10.54 -0.0035003
10.56 -0.02188
10.58 0.00050459
10.6 -0.033218
10.62 0.0041081
10.64 0.041915
10.66 0.0071768
10.68 0.023794
10.7 0.033905
10.72 0.013785
10.74 -0.049143
10.76 -0.11391
10.78 -0.13018
10.8 -0.056984
10.82 -0.01518
10.84 0.0012248
10.86 0.037578
10.88 0.068524
10.9 0.082503
10.92 0.093696
10.94 0.10006
10.96 0.079405
10.98 0.059395
11 0.11707
11.02 0.17703
11.04 0.21329
11.06 0.22808
11.08 0.2097
11.1 0.099536
11.12 0.0020625
11.14 0.024597
11.16 0.026563
11.18 0.021394
11.2 0.019177
11.22 0.033742
11.24 0.062185
11.26 0.015187
11.28 -0.057198
11.3 -0.087227
11.32 -0.08205
11.34 -0.089889
11.36 -0.10679
11.38 -0.089116
11.4 -0.09297
11.42 -0.1102
11.44 -0.11774
11.46 -0.095062
11.48 -0.064491
11.5 -0.0095397
11.52 0.078579
11.54 0.091572
11.56 0.038813
11.58 -0.038551
11.6 -0.10996
11.62 -0.15392
11.64 -0.12716
11.66 -0.050225
11.68 -0.027045
11.7 0.020322
11.72 0.059508
11.74 0.069225
11.76 0.13186
11.78 0.19511
11.8 0.17905
11.82 0.11702
11.84 0.068919
11.86 0.050196
11.88 0.036076
11.9 0.006074
11.92 -0.014686
11.94 -0.0058912
11.96 -0.014754
11.98 -0.024152
12 -0.033704
12.02 0.030991
12.04 0.057986
12.06 -0.044915
12.08 -0.12821
12.1 -0.13248
12.12 -0.12247
12.14 -0.10999
12.16 -0.12329
12.18 -0.098714
12.2 -0.045839
12.22 -0.043647
12.24 -0.092927
12.26 -0.11096
12.28 -0.085438
12.3 -0.12132
12.32 -0.092711
12.34 -0.010783
12.36 0.037187
12.38 0.011875
12.4 -0.058975
12.42 -0.076741
12.44 -0.0040395
12.46 0.057416
12.48 0.085635
12.5 0.048031
12.52 0.036203
12.54 0.099568
12.56 0.15085
12.58 0.14769
12.6 0.12164
12.62 0.14801
12.64 0.17265
12.66 0.16948
12.68 0.15791
12.7 0.12015
12.72 0.060593
12.74 0.0028982
12.76 -0.017007
12.78 -0.04341
12.8 -0.1247
12.82 -0.13788
12.84 -0.090608
12.86 -0.085871
12.88 -0.13107
12.9 -0.14382
12.92 -0.14468
12.94 -0.19397
12.96 -0.20492
12.98 -0.17122
13 -0.11756
13.02 -0.016505
13.04 0.065439
13.06 0.072687
13.08 0.048537
13.1 0.036672
13.12 0.053694
13.14 0.040718
13.16 -0.013509
13.18 -0.019552
13.2 0.00447
13.22 0.068006
13.24 0.12159
13.26 0.10275
13.28 0.044633
13.3 0.01829
13.32 0.032626
13.34 0.051315
13.36 0.033841
13.38 0.048509
13.4 0.060628
13.42 0.057622
13.44 0.081807
13.46 0.08898
13.48 0.052688
13.5 0.0058703
13.52 0.018942
13.54 0.030041
13.56 0.016725
13.58 0.0078801
13.6 -0.021004
13.62 -0.001663
13.64 0.038999
13.66 0.025154
13.68 -0.060133
13.7 -0.055811
13.72 0.040148
13.74 0.078956
13.76 0.038675
13.78 0.00094818
13.8 -0.010929
13.82 0.016195
13.84 0.048005
13.86 0.076182
13.88 0.085593
13.9 0.070399
13.92 0.04763
13.94 -0.010953
13.96 -0.037442
13.98 -0.019659
14 -0.058615
14.02 -0.064721
14.04 -0.077677
14.06 -0.068666
14.08 -0.07409
14.1 -0.057819
14.12 -0.030905
14.14 0.0009291
14.16 0.011921
14.18 0.015792
14.2 0.0050379
14.22 -0.0039453
14.24 -0.031783
14.26 -0.030381
14.28 0.0084846
14.3 0.02404
14.32 -0.030788
14.34 -0.083427
14.36 -0.069146
14.38 -0.095997
14.4 -0.15212
14.42 -0.16566
14.44 -0.13751
14.46 -0.077778
14.48 -0.053826
14.5 -0.049869
14.52 -0.033322
14.54 -0.041171
14.56 -0.035487
14.58 -0.0026601
14.6 0.0084178
14.62 0.0053029
14.64 0.0025157
14.66 -0.0020487
14.68 0.023755
14.7 0.042056
14.72 0.03986
14.74 0.068574
14.76 0.063641
14.78 0.025031
14.8 -0.0094931
14.82 -0.00064254
14.84 0.036957
14.86 0.087422
14.88 0.088589
14.9 0.068539
14.92 0.10928
14.94 0.1291
14.96 0.13812
14.98 0.12313
15 0.063547
15.02 -0.014979
15.04 -0.051166
15.06 -0.022398
15.08 0.025408
15.1 0.060363
15.12 0.05441
15.14 0.051969
15.16 0.040374
15.18 0.04556
15.2 0.0070023
15.22 -0.073652
15.24 -0.13097
15.26 -0.15403
15.28 -0.14202
15.3 -0.092627
15.32 -0.052651
15.34 -0.027114
15.36 0.013413
15.38 0.030477
15.4 0.027456
15.42 0.023972
15.44 -0.039022
15.46 -0.074816
15.48 -0.035715
15.5 0.016096
15.52 0.0079686
15.54 -0.027924
15.56 -0.032197
15.58 0.0073566
15.6 0.061219
15.62 0.075076
15.64 0.048164
15.66 0.011727
15.68 0.0030621
15.7 -0.0063191
15.72 -0.0028333
15.74 0.01716
15.76 0.0099171
15.78 -0.0067058
15.8 0.02638
15.82 0.045523
15.84 0.049067
15.86 0.085474
15.88 0.098341
15.9 0.088353
15.92 0.053101
15.94 0.023627
15.96 -0.0065257
15.98 -0.03358
16 -0.049696
16.02 -0.059486
16.04 -0.03916
16.06 -0.038529
16.08 -0.041119
16.1 -0.035474
16.12 -0.011597
16.14 -0.0047369
16.16 -0.01372
16.18 0.0028127
16.2 0.029813
16.22 0.021957
16.24 0.02147
16.26 0.031322
16.28 0.0054493
16.3 -0.023333
16.32 -0.050848
16.34 -0.051308
16.36 -0.025851
16.38 -0.012658
16.4 -0.029482
16.42 -0.032835
16.44 -0.018575
16.46 -0.030471
16.48 -0.044334
16.5 -0.048409
16.52 -0.03383
16.54 -0.015963
16.56 -0.0013578
16.58 0.003394
16.6 -0.0029072
16.62 0.024721
16.64 0.038162
16.66 0.010467
16.68 -0.015256
16.7 -0.031589
16.72 -0.014869
16.74 -0.02027
16.76 -0.048822
16.78 -0.044772
16.8 -0.03834
16.82 -0.063411
16.84 -0.055525
16.86 -0.044906
16.88 -0.037744
16.9 -0.016056
16.92 -0.015782
16.94 -0.0040068
16.96 0.0018589
16.98 -0.005858
17 -0.011284
17.02 -0.0017834
17.04 0.05923
17.06 0.096585
17.08 0.07082
17.1 0.03386
17.12 0.039377
17.14 0.013809
17.16 0.0045312
17.18 0.040344
17.2 0.10529
17.22 0.11345
17.24 0.077377
17.26 0.067577
17.28 0.079645
17.3 0.053328
17.32 0.017605
17.34 -0.029804
17.36 -0.036192
17.38 0.017406
17.4 0.076777
17.42 0.11783
17.44 0.12394
17.46 0.098781
17.48 0.089831
17.5 0.044964
17.52 -0.04226
17.54 -0.10334
17.56 -0.11521
17.58 -0.078977
17.6 -0.038221
17.62 -0.025078
17.64 -0.013541
17.66 0.0021876
17.68 0.0062884
17.7 0.0034746
17.72 -0.0089275
17.74 -0.033933
17.76 -0.048029
17.78 -0.060906
17.8 -0.088635
17.82 -0.11867
17.84 -0.068803
17.86 -0.022281
17.88 -0.014843
17.9 -0.016557
17.92 -0.0082501
17.94 -0.012526
17.96 -0.054001
17.98 -0.071628
18 -0.056383
18.02 -0.026611
18.04 0.036872
18.06 0.042765
18.08 -0.0069414
18.1 -0.018271
18.12 -0.020601
18.14 -0.015356
18.16 0.0013024
18.18 0.023422
18.2 0.051058
18.22 0.070007
18.24 0.061572
18.26 0.015842
18.28 -0.036556
18.3 -0.038952
18.32 -0.021948
18.34 -0.0023892
18.36 0.023571
18.38 0.02275
18.4 0.0037795
18.42 0.014377
18.44 0.010081
18.46 -0.013646
18.48 -0.0072926
18.5 -0.0013192
18.52 0.013232
18.54 0.02018
18.56 0.0011811
18.58 -0.0037027
18.6 0.031216
18.62 0.052887
18.64 0.064372
18.66 0.076837
18.68 0.041912
18.7 -0.013534
18.72 -0.045285
18.74 -0.05172
18.76 -0.053008
18.78 -0.03501
18.8 0.013006
18.82 0.021153
18.84 -0.0033244
18.86 0.022047
18.88 0.022276
18.9 -0.00081646
18.92 -0.033683
18.94 -0.028537
18.96 -7.4985e-005
18.98 -0.013736
19 -0.047616
19.02 -0.033967
19.04 0.022407
19.06 0.067903
19.08 0.045253
19.1 0.013289
19.12 -0.0026727
19.14 -0.039816
19.16 -0.081333
19.18 -0.083971
19.2 -0.030198
19.22 0.026556
19.24 0.059117
19.26 0.067279
19.28 0.032058
19.3 -0.014608
19.32 -0.02277
19.34 -0.03108
19.36 -0.055799
19.38 -0.03927
19.4 -0.0078833
19.42 0.017308
19.44 0.013884
19.46 0.015485
19.48 0.048057
19.5 0.054011
19.52 0.055651
19.54 0.075489
19.56 0.078001
19.58 0.046681
19.6 0.012154
19.62 -0.013194
19.64 -0.018166
19.66 -0.0015194
19.68 0.023185
19.7 0.046175
19.72 0.06479
19.74 0.067426
19.76 0.017343
19.78 -0.037786
19.8 -0.063038
19.82 -0.076194
19.84 -0.081339
19.86 -0.043116
19.88 0.005406
19.9 0.015144
19.92 0.0021346
19.94 0.0071691
19.96 0.029728
19.98 0.022765
20 0.00081762
20.02 -0.033104
20.04 -0.044285
20.06 -0.0449
20.08 -0.054169
20.1 -0.055259
20.12 -0.044244
20.14 -0.017916
20.16 -0.0054319
20.18 -0.023762
20.2 -0.03161
20.22 -0.005453
20.24 0.030959
20.26 0.037225
20.28 0.013596
20.3 -0.013188
20.32 -0.025395
20.34 -0.033336
20.36 -0.046319
20.38 -0.047656
20.4 -0.02934
20.42 -0.012147
20.44 0.0084036
20.46 0.025078
20.48 0.023154
20.5 0.011816
20.52 0.0022779
20.54 -0.0040843
20.56 -0.0037691
20.58 0.012781
20.6 0.017379
20.62 0.013077
20.64 0.013273
20.66 0.008271
20.68 0.00094424
20.7 -0.0086762
20.72 -0.020213
20.74 -0.018539
20.76 -0.013853
20.78 0.0062466
20.8 0.034537
20.82 0.065429
20.84 0.072429
20.86 0.049512
20.88 -0.0058196
20.9 -0.04268
20.92 -0.034643
20.94 -0.027663
20.96 -0.0099003
20.98 0.029931
21 0.071439
21.02 0.075295
21.04 0.062243
21.06 0.043552
21.08 0.02171
21.1 0.031668
21.12 0.041839
21.14 0.002641
21.16 -0.0384
21.18 -0.024752
21.2 0.002462
21.22 0.0030478
21.24 -0.0066788
21.26 -0.017462
21.28 -0.0025735
21.3 0.01229
21.32 0.0064855
21.34 -0.00092906
21.36 0.02082
21.38 0.044627
21.4 0.037065
21.42 0.0086677
21.44 -0.026134
21.46 -0.060145
21.48 -0.065618
21.5 -0.059719
21.52 -0.063795
21.54 -0.06106
21.56 -0.065441
21.58 -0.068797
21.6 -0.061063
21.62 -0.050677
21.64 -0.01653
21.66 0.028292
21.68 0.027151
21.7 0.0056232
21.72 0.0025124
21.74 0.010521
21.76 -0.013379
21.78 -0.029752
21.8 -0.0087289
21.82 0.011856
21.84 0.023661
21.86 0.035439
21.88 0.031039
21.9 0.02376
21.92 0.025818
21.94 0.022469
21.96 0.016235
21.98 0.021226
22 0.035733
22.02 0.030152
22.04 0.052051
22.06 0.053844
22.08 0.013712
22.1 -0.0099099
22.12 -0.016517
22.14 -0.024613
22.16 -0.029583
22.18 0.013473
22.2 0.043267
22.22 0.036378
22.24 0.02558
22.26 0.0057752
22.28 -0.0057153
22.3 0.00083566
22.32 0.0029889
22.34 -0.020128
22.36 -0.042579
22.38 -0.048022
22.4 -0.036114
22.42 -0.032291
22.44 -0.033119
22.46 -0.02112
22.48 -0.0046584
22.5 -0.0036594
22.52 -0.021209
22.54 -0.037695
22.56 -0.042056
22.58 -0.033759
22.6 -0.017583
22.62 0.00088324
22.64 0.032887
22.66 0.053437
22.68 0.05034
22.7 0.036126
22.72 0.015186
22.74 0.0022288
22.76 0.010145
22.78 0.030494
22.8 0.034523
22.82 0.017955
22.84 0.0049423
22.86 0.0041363
22.88 0.0040801
22.9 0.0136
22.92 0.021937
22.94 0.009762
22.96 0.0123
22.98 0.012547
23 0.012213
23.02 -0.010781
23.04 -0.042369
23.06 -0.02371
23.08 0.0026098
23.1 0.015208
23.12 0.021315
23.14 0.019905
23.16 -0.0028036
23.18 -0.034192
23.2 -0.04648
23.22 -0.037393
23.24 -0.036171
23.26 -0.040004
23.28 -0.03589
23.3 -0.039965
23.32 -0.038023
23.34 -0.034396
23.36 -0.034478
23.38 -0.039074
23.4 -0.0080464
23.42 0.015603
23.44 0.020877
23.46 0.012454
23.48 0.010097
23.5 0.016129
23.52 -0.00062753
23.54 -0.014023
23.56 -0.017557
23.58 -0.001163
23.6 0.014168
23.62 0.0030076
23.64 0.00053263
23.66 0.012036
23.68 0.027236
23.7 0.042112
23.72 0.046495
23.74 0.05343
23.76 0.061567
23.78 0.053202
23.8 0.041138
23.82 0.0094521
23.84 0.0018421
23.86 0.021927
23.88 0.0097112
23.9 -0.0024728
23.92 -0.0090123
23.94 -0.011912
23.96 -0.008528
23.98 -0.0015974
24 -0.011172
24.02 -0.024404
24.04 -0.0018266
24.06 -0.00085247
24.08 -0.01407
24.1 -0.0044624
24.12 0.01915
24.14 0.048498
24.16 0.029478
24.18 0.0021334
24.2 0.0042381
24.22 0.01002
24.24 0.0046899
24.26 0.0056154
24.28 -0.0038911
24.3 -0.028022
24.32 -0.047978
24.34 -0.064745
24.36 -0.077023
24.38 -0.057713
24.4 -0.017061
24.42 0.019789
24.44 0.045118
24.46 0.053831
24.48 0.043065
24.5 0.026367
24.52 0.014166
24.54 0.01009
24.56 0.0070229
24.58 0.0061996
24.6 0.022639
24.62 0.020636
24.64 -0.0054007
24.66 -0.026791
24.68 -0.046053
24.7 -0.058924
24.72 -0.064511
24.74 -0.056754
24.76 -0.040532
24.78 -0.013499
24.8 -0.0067094
24.82 -0.016214
24.84 -0.0024667
24.86 0.01855
24.88 0.029788
24.9 0.033364
24.92 0.029346
24.94 0.017008
24.96 0.014296
24.98 -0.00013478
25 -0.024411
25.02 -0.032028
25.04 -0.031475
25.06 -0.044815
25.08 -0.046448
25.1 -0.021912
25.12 0.0031375
25.14 0.024822
25.16 0.030613
25.18 0.031877
25.2 0.03532
25.22 0.025834
25.24 0.0060685
25.26 -0.0030441
25.28 0.0068415
25.3 0.026431
25.32 0.042547
25.34 0.059956
25.36 0.051197
25.38 0.010413
25.4 -0.023695
25.42 -0.028464
25.44 -0.023133
25.46 -0.016641
25.48 -0.0073831
25.5 0.0056075
25.52 0.023814
25.54 0.041379
25.56 0.038652
25.58 0.021289
25.6 0.0061788
25.62 0.0030615
25.64 -0.0074491
25.66 -0.028061
25.68 -0.042481
25.7 -0.039474
25.72 -0.023241
25.74 -0.01154
25.76 -0.0010954
25.78 0.003165
25.8 0.010014
25.82 0.01787
25.84 0.022609
25.86 0.010384
25.88 -0.0083396
25.9 -0.018102
25.92 -0.02162
25.94 -0.017028
25.96 -0.0066732
25.98 0.015189
26 0.026974
26.02 0.0099112
26.04 -0.010954
26.06 -0.018012
26.08 -0.02898
26.1 -0.03297
26.12 -0.015035
26.14 -0.00010066
26.16 0.0077585
26.18 0.013237
26.2 0.0092686
26.22 -0.01152
26.24 -0.025738
26.26 -0.018263
26.28 -0.0064597
26.3 -0.0099172
26.32 -0.036414
26.34 -0.041833
26.36 -0.021915
26.38 -0.0086329
26.4 -0.0078503
26.42 -0.009939
26.44 -0.010977
26.46 0.015111
26.48 0.033642
26.5 0.02195
26.52 0.0082066
26.54 -0.0063669
26.56 -0.013264
26.58 0.0032703
26.6 0.016858
26.62 0.017976
26.64 0.014868
26.66 0.015738
26.68 0.017839
26.7 0.026779
26.72 0.035318
26.74 0.02109
26.76 0.0023915
26.78 0.0069258
26.8 0.019481
26.82 0.013248
26.84 0.011532
26.86 0.0239
26.88 0.032085
26.9 0.030686
26.92 0.021164
26.94 -0.0033205
26.96 -0.027323
26.98 -0.038555
27 -0.020389
27.02 -0.0072151
27.04 -0.0074814
27.06 -0.00010743
27.08 0.0088155
27.1 0.0062447
27.12 0.012093
27.14 0.024828
27.16 0.023776
27.18 0.018859
27.2 0.0077166
27.22 -0.011763
27.24 -0.025079
27.26 -0.023825
27.28 -0.014047
27.3 -0.0074528
27.32 -0.0038994
27.34 -0.0053423
27.36 -0.0099642
27.38 -0.01345
27.4 -0.027824
27.42 -0.043341
27.44 -0.042831
27.46 -0.024119
27.48 -0.012134
27.5 1.5952e-005
27.52 0.018145
27.54 0.034059
27.56 0.035834
27.58 0.026846
27.6 0.019022
27.62 0.0089712
27.64 0.0010468
27.66 -0.0085439
27.68 -0.014097
27.7 -0.00072543
27.72 0.010966
27.74 0.0061507
27.76 -0.008918
27.78 -0.013134
27.8 -0.00069284
27.82 0.022598
27.84 0.026152
27.86 0.011744
27.88 -0.0088621
27.9 -0.017166
27.92 -0.012478
27.94 0.0057827
27.96 0.00312
27.98 -0.001423
28 -0.010094
28.02 -0.0072442
28.04 0.0091746
28.06 0.022381
28.08 0.027621
28.1 0.041387
28.12 0.04596
28.14 0.029825
28.16 -0.0012105
28.18 -0.034383
28.2 -0.051923
28.22 -0.052006
28.24 -0.041071
28.26 -0.028837
28.28 -0.025171
28.3 -0.028703
28.32 -0.031678
28.34 -0.025194
28.36 -0.013975
28.38 -0.0092871
28.4 -0.012558
28.42 -0.012388
28.44 -0.014511
28.46 -0.0177
28.48 -0.011362
28.5 -0.0050039
28.52 0.0049067
28.54 0.024687
28.56 0.037074
28.58 0.029934
28.6 0.020749
28.62 0.013121
28.64 0.00669
28.66 0.0021923
28.68 0.013626
28.7 0.029119
28.72 0.044651
28.74 0.045817
28.76 0.043084
28.78 0.030842
28.8 0.013253
28.82 -0.0057082
28.84 -0.0055614
28.86 -0.00025099
28.88 -0.0016369
28.9 -0.013997
28.92 -0.025256
28.94 -0.024047
28.96 -0.018287
28.98 -0.026803
29 -0.036614
29.02 -0.02647
29.04 -0.0084585
29.06 0.0044628
29.08 0.012145
29.1 0.009671
29.12 -0.005384
29.14 -0.013708
29.16 -0.0099709
29.18 -0.0021447
29.2 0.011889
29.22 0.011263
29.24 0.0008155
29.26 -0.0075214
29.28 -0.016736
29.3 -0.013584
29.32 -0.016024
29.34 -0.019169
29.36 -0.0035363
29.38 0.019041
29.4 0.028325
29.42 0.025403
29.44 0.014142
29.46 0.014867
29.48 0.016358
29.5 0.01433
29.52 0.015715
29.54 0.017216
29.56 0.014757
29.58 0.012447
29.6 0.0077068
29.62 -0.0092106
29.64 -0.012424
29.66 -0.0066105
29.68 -0.012448
29.7 -0.0075081
29.72 0.0076683
29.74 0.0173
29.76 0.0046408
29.78 -0.0074797
29.8 -0.019032
29.82 -0.033967
29.84 -0.027715
29.86 -0.016632
29.88 -0.0065916
29.9 -0.0014575
29.92 -0.00059109
29.94 0.0038717
29.96 0.0032697
29.98 0.004246
30 0.0035997
30.02 0.0056512
30.04 0.019118
30.06 0.023623
30.08 0.012746
30.1 0.00034604
30.12 -0.011866
30.14 -0.011883
30.16 0.00080052
30.18 0.014056
30.2 0.021661
30.22 0.014508
30.24 0.0074217
30.26 -0.004342
30.28 -0.011615
30.3 -0.01077
30.32 -0.014776
30.34 -0.012202
30.36 -0.0062733
30.38 -0.0023259
30.4 0.0053743
30.42 0.0012926
30.44 -0.0068439
30.46 -0.001196
30.48 -0.002142
30.5 -0.007233
30.52 -0.01003
30.54 -0.0090038
30.56 -0.0034422
30.58 -0.0085629
30.6 -0.012005
30.62 -0.0079984
30.64 0.0020758
30.66 0.0033815
30.68 -0.0079878
30.7 -0.015886
30.72 -0.011488
30.74 -0.011382
30.76 -0.0052649
30.78 0.003624
30.8 0.015199
30.82 0.019438
30.84 0.012351
30.86 0.014954
30.88 0.023109
30.9 0.028099
30.92 0.030459
30.94 0.029758
30.96 0.025787
30.98 0.0063479
31 -0.013337
31.02 -0.025371
31.04 -0.029651
31.06 -0.023279
31.08 -0.014007
31.1 -0.0058041
31.12 0.0056329
31.14 0.018446
31.16 0.025343
31.18 0.018474
31.2 0.007977
31.22 -0.0042526
31.24 -0.0010537
31.26 -0.0065876
31.28 -0.016867
31.3 -0.012911
31.32 -0.013447
31.34 -0.022085
31.36 -0.02888
31.38 -0.028567
31.4 -0.025881
31.42 -0.025701
31.44 -0.025283
31.46 -0.024067
31.48 -0.022153
31.5 -0.011083
31.52 0.0050549
31.54 0.023698
31.56 0.029913
31.58 0.027229
31.6 0.014366
31.62 0.0013978
31.64 -0.0092316
31.66 -0.009931
31.68 0.0035779
31.7 0.018948
31.72 0.020703
31.74 0.029407
31.76 0.033819
31.78 0.024432
31.8 0.011499
31.82 0.0078176
31.84 0.014564
31.86 0.022935
31.88 0.021458
31.9 0.015598
31.92 0.010769
31.94 0.014389
31.96 0.0098973
31.98 0.0058839
32 0.0064002
32.02 0.006326
32.04 0.0057778
32.06 0.0032814
32.08 -0.0068613
32.1 -0.016757
32.12 -0.016926
32.14 -0.0036234
32.16 -0.0054809
32.18 -0.0053848
32.2 0.0091906
32.22 0.015061
32.24 0.011624
32.26 0.0038416
32.28 -0.011069
32.3 -0.019987
32.32 -0.026449
32.34 -0.023269
32.36 -0.027029
32.38 -0.021059
32.4 -0.017574
32.42 -0.011038
32.44 -0.0073299
32.46 0.0011135
32.48 0.00058273
32.5 -0.0025918
32.52 -0.012409
32.54 -0.021723
32.56 -0.032586
32.58 -0.028473
32.6 -0.020858
32.62 -0.0059384
32.64 0.0058175
32.66 0.0097971
32.68 0.0042559
32.7 -0.00012845
32.72 -0.0078659
32.74 -0.014496
32.76 -0.015144
32.78 -0.0012827
32.8 0.012524
32.82 0.012078
32.84 -4.3962e-005
32.86 -0.0053847
32.88 -0.011692
32.9 -0.0078312
32.92 0.017063
32.94 0.036551
32.96 0.036173
32.98 0.022951
33 0.013319
33.02 0.006507
33.04 0.0090047
33.06 0.0087218
33.08 0.0063365
33.1 0.0028099
33.12 -0.00065599
33.14 0.00030576
33.16 -0.0013217
33.18 -0.0091256
33.2 -0.015351
33.22 -0.012846
33.24 0.0017971
33.26 0.0099818
33.28 0.0096473
33.3 0.012122
33.32 0.014175
33.34 0.013997
33.36 0.012123
33.38 0.011012
33.4 0.0039106
33.42 -0.0021369
33.44 -0.0040609
33.46 -0.00036829
33.48 -0.0069704
33.5 -0.013533
33.52 -0.008008
33.54 -0.0074314
33.56 -0.0092012
33.58 -0.011602
33.6 -0.0080011
33.62 -0.0028527
33.64 0.0055783
33.66 0.0081244
33.68 0.0077257
33.7 0.007372
33.72 0.0072772
33.74 0.006795
33.76 0.0078207
33.78 0.012253
33.8 0.010581
33.82 -0.00076584
33.84 -0.0062293
33.86 -0.012062
33.88 -0.016143
33.9 -0.016489
33.92 -0.020053
33.94 -0.016581
33.96 -0.0042475
33.98 0.0094686
34 0.014407
34.02 0.0057627
34.04 0.00097332
34.06 0.0040227
34.08 0.0096715
34.1 0.010708
34.12 0.0062398
34.14 0.008548
34.16 0.00011018
34.18 -0.0060387
34.2 -0.0082654
34.22 -0.0059387
34.24 0.006009
34.26 0.01558
34.28 0.0078698
34.3 -0.0020423
34.32 -0.0078407
34.34 -0.0059728
34.36 -0.00059197
34.38 0.0019383
34.4 0.0045759
34.42 0.0075267
34.44 0.0086583
34.46 0.0086387
34.48 -0.0011514
34.5 -0.012615
34.52 -0.010059
34.54 -0.0076326
34.56 -0.0090568
34.58 -0.0072171
34.6 -0.003518
34.62 -0.010181
34.64 -0.0077898
34.66 -0.0052422
34.68 -0.0089751
34.7 -0.0087971
34.72 -0.0040024
34.74 -0.0032696
34.76 -0.0034955
34.78 -0.0031828
34.8 -0.0041766
34.82 -0.010016
34.84 -0.0086107
34.86 -0.0043696
34.88 0.002719
34.9 0.0033113
34.92 0.0011624
34.94 -0.0021962
34.96 -0.0033906
34.98 -0.0034617
35 -0.0039613
35.02 -0.0066324
35.04 -0.0042808
35.06 0.00048015
35.08 -0.00032305
35.1 0.0036537
35.12 0.0080633
35.14 0.0098397
35.16 0.0038855
35.18 0.0051283
35.2 0.0099335
35.22 0.0078806
35.24 0.0026727
35.26 0.0045647
35.28 0.001142
35.3 -0.0023549
35.32 0.00053699
35.34 0.0070528
35.36 0.012123
35.38 0.015132
35.4 0.012966
35.42 0.0071262
35.44 0.0067895
35.46 0.0068996
35.48 0.0028922
35.5 0.00089961
35.52 0.0031249
35.54 0.0019303
35.56 0.0039316
35.58 0.0045242
35.6 0.0032499
35.62 0.00083845
35.64 -0.00021907
35.66 0.0022197
35.68 0.0045796
35.7 0.0048006
35.72 0.0029033
35.74 -0.0013272
35.76 -0.0049051
35.78 -0.0044707
35.8 -0.0052539
35.82 -0.0051704
35.84 -0.003817
35.86 -0.0029928
35.88 -0.0018133
35.9 -0.00073184
35.92 0.00024031
35.94 0.00090511
35.96 -0.00118
35.98 -0.00096472
36 -0.0019899
36.02 -0.0047109
36.04 -0.0048759
36.06 -0.004632
36.08 -0.0064291
36.1 -0.0085112
36.12 -0.0089556
36.14 -0.0083063
36.16 -0.0078183
36.18 -0.0065408
36.2 -0.0045252
36.22 -0.0038187
36.24 -0.002132
36.26 -0.00051302
36.28 0.00052469
36.3 0.00080767
36.32 0.00064756
36.34 0.0010499
36.36 0.0014071
36.38 0.0022578
36.4 0.0021929
36.42 0.0020309
36.44 0.0021887
36.46 0.002502
36.48 0.0017487
36.5 0.0014094
36.52 0.0014335
36.54 0.0014136
36.56 0.001161
36.58 0.0011135
36.6 0.001041
36.62 0.0009964
36.64 0.0011162
36.66 0.0012899
36.68 0.0010957
36.7 0.00077981
36.72 0.00054406
36.74 0.00034602
36.76 0.00016561
36.78 0.00016389
36.8 0.0002449
36.82 0.00031079
36.84 0.00038681
36.86 0.00045795
36.88 0.00038919
36.9 0.00028853
36.92 0.00021884
36.94 0.00017164
36.96 0.0001501
36.98 0.00012707
37 0.00010553
37.02 8.3661e-005
37.04 6.4225e-005
37.06 4.9021e-005
37.08 2.966e-005
37.1 1.3696e-005
37.12 2.2772e-006
37.14 -8.7346e-006
37.16 -2.0992e-005
37.18 -3.1878e-005
37.2 -4.0481e-005
37.22 -4.754e-005
37.24 -5.3365e-005
37.26 -5.7846e-005
37.28 -6.1035e-005
37.3 -6.2845e-005
