0.01 -1.9353e-006
0.02 1.8165e-005
0.03 -5.654e-006
0.04 2.4864e-005
0.05 1.2076e-005
0.06 4.1832e-005
0.07 1.714e-005
0.08 3.126e-005
0.09 -1.973e-006
0.1 3.7537e-005
0.11 2.4677e-005
0.12 8.241e-005
0.13 6.2508e-005
0.14 5.1401e-005
0.15 -7.1946e-006
0.16 -3.2597e-005
0.17 -7.5513e-005
0.18 -1.3783e-005
0.19 3.9248e-005
0.2 0.00012754
0.21 0.00023703
0.22 0.00028211
0.23 0.00013318
0.24 -2.1076e-005
0.25 -0.00010464
0.26 0.00010486
0.27 0.00047348
0.28 0.00061889
0.29 0.00055107
0.3 0.00038935
0.31 0.00010648
0.32 0.00022274
0.33 0.00050944
0.34 0.00078053
0.35 0.0010123
0.36 0.0013978
0.37 0.0014156
0.38 0.00088408
0.39 -1.025e-005
0.4 -0.00071541
0.41 -0.0014634
0.42 -0.0016955
0.43 -0.0017675
0.44 -0.0019831
0.45 -0.0015698
0.46 -0.00067464
0.47 -0.00034553
0.48 0.00069999
0.49 0.0019704
0.5 0.0031036
0.51 0.0035548
0.52 0.0023969
0.53 3.1531e-005
0.54 -0.0025465
0.55 -0.0041532
0.56 -0.0041582
0.57 -0.0034475
0.58 -0.0026141
0.59 -0.00076889
0.6 0.0019365
0.61 0.0029015
0.62 0.00304
0.63 0.0025841
0.64 0.0024491
0.65 0.0025188
0.66 0.0032788
0.67 0.0036005
0.68 0.0022752
0.69 0.00078366
0.7 -0.00062652
0.71 -0.00098957
0.72 -0.0014616
0.73 -0.0025918
0.74 -0.0035268
0.75 -0.0023364
0.76 -0.001548
0.77 -0.002024
0.78 -0.0031502
0.79 -0.0052092
0.8 -0.0056742
0.81 -0.0037365
0.82 2.2274e-005
0.83 0.0022607
0.84 0.0021421
0.85 2.0427e-005
0.86 -0.00098011
0.87 -0.0024239
0.88 -0.001761
0.89 0.00080012
0.9 0.0049286
0.91 0.0077003
0.92 0.0092884
0.93 0.010185
0.94 0.010048
0.95 0.0058786
0.96 -0.0012542
0.97 -0.0087003
0.98 -0.01217
0.99 -0.01208
1 -0.009197
1.01 -0.0069348
1.02 -0.0064828
1.03 -0.0049292
1.04 -0.0010428
1.05 0.0020703
1.06 0.0028819
1.07 0.0022687
1.08 0.0030467
1.09 0.0056274
1.1 0.0079965
1.11 0.0086611
1.12 0.0054647
1.13 0.00066209
1.14 -0.0057479
1.15 -0.011562
1.16 -0.014547
1.17 -0.015265
1.18 -0.012608
1.19 -0.0082368
1.2 -0.0042013
1.21 -0.00078162
1.22 0.0039478
1.23 0.010768
1.24 0.016026
1.25 0.015201
1.26 0.010043
1.27 0.0064246
1.28 0.0065405
1.29 0.0046896
1.3 -0.0024409
1.31 -0.0080733
1.32 -0.0083004
1.33 -0.0046339
1.34 -0.001515
1.35 -0.0015671
1.36 0.00095448
1.37 0.0053634
1.38 0.0090205
1.39 0.0053853
1.4 -0.0036239
1.41 -0.012905
1.42 -0.01646
1.43 -0.018714
1.44 -0.015898
1.45 -0.0096583
1.46 -0.0022368
1.47 0.0018524
1.48 0.0038192
1.49 0.0038683
1.5 0.0045704
1.51 0.0028049
1.52 -0.0025325
1.53 -0.0066386
1.54 -0.010087
1.55 -0.0066487
1.56 0.0026218
1.57 0.010834
1.58 0.015057
1.59 0.018625
1.6 0.020298
1.61 0.016421
1.62 0.0080387
1.63 -0.0053956
1.64 -0.018225
1.65 -0.022599
1.66 -0.015264
1.67 -0.0076131
1.68 -0.0034287
1.69 -0.0021594
1.7 -0.0016639
1.71 -0.00088913
1.72 0.00065534
1.73 0.002538
1.74 0.0046365
1.75 0.0054
1.76 0.0063619
1.77 0.0038836
1.78 -0.00092778
1.79 -0.0061738
1.8 -0.0069991
1.81 -0.00054107
1.82 0.0064045
1.83 0.01105
1.84 0.011901
1.85 0.0079126
1.86 0.0026764
1.87 -0.0035409
1.88 -0.0088013
1.89 -0.0082071
1.9 -0.004549
1.91 0.0010083
1.92 0.0042145
1.93 0.004151
1.94 0.0026751
1.95 -0.00077863
1.96 -0.0054258
1.97 -0.01017
1.98 -0.0087977
1.99 -0.00034661
2 0.0071408
2.01 0.0092626
2.02 0.0090526
2.03 0.0093407
2.04 0.0086092
2.05 0.0065862
2.06 0.0011695
2.07 -0.0079521
2.08 -0.015817
2.09 -0.016971
2.1 -0.012788
2.11 -0.0058364
2.12 0.0019178
2.13 0.0084937
2.14 0.013932
2.15 0.013506
2.16 0.011824
2.17 0.010619
2.18 0.0099503
2.19 0.0080147
2.2 0.006998
2.21 0.0074163
2.22 0.0060341
2.23 0.003223
2.24 -0.00070746
2.25 -0.0053169
2.26 -0.0106
2.27 -0.012648
2.28 -0.011454
2.29 -0.0089834
2.3 -0.0045748
2.31 0.0060461
2.32 0.016361
2.33 0.0211
2.34 0.01844
2.35 0.014364
2.36 0.013341
2.37 0.014525
2.38 0.0179
2.39 0.018005
2.4 0.010735
2.41 0.0010122
2.42 -0.0074897
2.43 -0.012306
2.44 -0.012991
2.45 -0.010143
2.46 -0.0039912
2.47 0.0046659
2.48 0.0098753
2.49 0.012116
2.5 0.009568
2.51 0.0006721
2.52 -0.01193
2.53 -0.023207
2.54 -0.030705
2.55 -0.031996
2.56 -0.028939
2.57 -0.019127
2.58 -0.0094579
2.59 -0.0025682
2.6 0.001258
2.61 0.0045486
2.62 0.0075318
2.63 0.0079597
2.64 0.010759
2.65 0.014508
2.66 0.018117
2.67 0.019199
2.68 0.012498
2.69 0.0024944
2.7 -0.0028629
2.71 -0.0021826
2.72 -0.0035047
2.73 -0.0042588
2.74 -0.00053945
2.75 0.0084362
2.76 0.018188
2.77 0.023326
2.78 0.022022
2.79 0.012552
2.8 0.0011813
2.81 -0.0095398
2.82 -0.016626
2.83 -0.020173
2.84 -0.018695
2.85 -0.013329
2.86 -0.006807
2.87 0.00012238
2.88 0.0055255
2.89 0.0083558
2.9 0.0091134
2.91 0.0088175
2.92 0.00596
2.93 0.0039855
2.94 0.0026105
2.95 0.0013841
2.96 -0.0013778
2.97 -0.0038103
2.98 -0.0011838
2.99 0.003184
3 0.0077833
3.01 0.011522
3.02 0.016541
3.03 0.021806
3.04 0.02483
3.05 0.021451
3.06 0.015794
3.07 0.011104
3.08 0.010353
3.09 0.014446
3.1 0.014799
3.11 0.011516
3.12 0.0024595
3.13 -0.0080122
3.14 -0.017558
3.15 -0.023087
3.16 -0.021864
3.17 -0.017768
3.18 -0.01098
3.19 -0.0065025
3.2 -0.0068491
3.21 -0.010415
3.22 -0.014586
3.23 -0.018911
3.24 -0.017224
3.25 -0.01257
3.26 -0.00521
3.27 0.0038325
3.28 0.0063718
3.29 0.00044
3.3 -0.0048671
3.31 -0.0055867
3.32 -0.0062902
3.33 -0.0035574
3.34 0.00091128
3.35 0.0027151
3.36 -0.00037506
3.37 -0.0025374
3.38 -0.0060798
3.39 -0.0093124
3.4 -0.010086
3.41 -0.0075297
3.42 -0.0068288
3.43 -0.010318
3.44 -0.013141
3.45 -0.016751
3.46 -0.021903
3.47 -0.021883
3.48 -0.014533
3.49 -0.001512
3.5 0.010392
3.51 0.014646
3.52 0.010547
3.53 0.0036953
3.54 -0.0037672
3.55 -0.0062131
3.56 -0.003988
3.57 -0.0020662
3.58 0.0002424
3.59 -0.00013886
3.6 -0.0025009
3.61 -0.0056215
3.62 -0.0052723
3.63 -0.0039585
3.64 0.00089586
3.65 0.0062741
3.66 0.012546
3.67 0.015132
3.68 0.015171
3.69 0.016706
3.7 0.017984
3.71 0.014811
3.72 0.012446
3.73 0.0097054
3.74 0.002951
3.75 -0.0076444
3.76 -0.016992
3.77 -0.023061
3.78 -0.024507
3.79 -0.018493
3.8 -0.004042
3.81 0.0098328
3.82 0.016416
3.83 0.014509
3.84 0.010546
3.85 0.0059249
3.86 0.00093972
3.87 0.0036093
3.88 0.006966
3.89 0.0065215
3.9 0.0022861
3.91 -0.0069645
3.92 -0.016718
3.93 -0.021658
3.94 -0.020412
3.95 -0.0051133
3.96 0.0094071
3.97 0.021445
3.98 0.028924
3.99 0.027178
4 0.022376
4.01 0.014207
4.02 0.0031767
4.03 -0.0048794
4.04 -0.0073609
4.05 -0.0045451
4.06 -0.0033848
4.07 -0.0061588
4.08 -0.013917
4.09 -0.020907
4.1 -0.031572
4.11 -0.03772
4.12 -0.037163
4.13 -0.026014
4.14 -0.0073179
4.15 0.010265
4.16 0.024661
4.17 0.034015
4.18 0.038977
4.19 0.036452
4.2 0.028999
4.21 0.014149
4.22 -0.001232
4.23 -0.010806
4.24 -0.015144
4.25 -0.018517
4.26 -0.02173
4.27 -0.024221
4.28 -0.024186
4.29 -0.024925
4.3 -0.026482
4.31 -0.023853
4.32 -0.016155
4.33 -0.0097857
4.34 -0.0076902
4.35 -0.0099689
4.36 -0.00962
4.37 -0.0055286
4.38 0.0036084
4.39 0.011768
4.4 0.014651
4.41 0.012392
4.42 0.0050652
4.43 -0.0032907
4.44 -0.0074446
4.45 -0.00442
4.46 0.0056303
4.47 0.012208
4.48 0.0070776
4.49 -0.0065292
4.5 -0.018198
4.51 -0.020605
4.52 -0.01138
4.53 0.0064994
4.54 0.015792
4.55 0.014037
4.56 0.01075
4.57 0.010549
4.58 0.017619
4.59 0.024659
4.6 0.0285
4.61 0.031579
4.62 0.034253
4.63 0.03019
4.64 0.016097
4.65 -0.0093362
4.66 -0.023745
4.67 -0.021789
4.68 -0.0082565
4.69 0.0015965
4.7 0.0039048
4.71 0.0060981
4.72 0.012594
4.73 0.019002
4.74 0.015472
4.75 0.010294
4.76 0.0090812
4.77 0.0098388
4.78 0.00671
4.79 -0.004611
4.8 -0.015831
4.81 -0.023426
4.82 -0.030511
4.83 -0.033925
4.84 -0.026232
4.85 -0.0038188
4.86 0.027605
4.87 0.049954
4.88 0.064834
4.89 0.082076
4.9 0.099844
4.91 0.10065
4.92 0.081827
4.93 0.031873
4.94 -0.020878
4.95 -0.047144
4.96 -0.07396
4.97 -0.11249
4.98 -0.14731
4.99 -0.16173
5 -0.1663
5.01 -0.1682
5.02 -0.17033
5.03 -0.16732
5.04 -0.15614
5.05 -0.11847
5.06 -0.057666
5.07 -0.0004811
5.08 0.056172
5.09 0.11144
5.1 0.16746
5.11 0.19821
5.12 0.19555
5.13 0.18041
5.14 0.15473
5.15 0.12469
5.16 0.097264
5.17 0.062901
5.18 0.032242
5.19 0.011487
5.2 0.0032546
5.21 0.0028275
5.22 0.0073962
5.23 0.0034488
5.24 -0.025493
5.25 -0.07327
5.26 -0.091703
5.27 -0.07938
5.28 -0.031307
5.29 0.024911
5.3 0.053785
5.31 0.054858
5.32 0.042524
5.33 -0.0025863
5.34 -0.069663
5.35 -0.12154
5.36 -0.13394
5.37 -0.11507
5.38 -0.057937
5.39 0.022816
5.4 0.068324
5.41 0.074474
5.42 0.062709
5.43 0.031525
5.44 -0.009071
5.45 -0.061654
5.46 -0.10463
5.47 -0.11339
5.48 -0.10449
5.49 -0.082661
5.5 -0.065769
5.51 -0.055616
5.52 -0.031392
5.53 0.017113
5.54 0.047082
5.55 0.053744
5.56 0.051832
5.57 0.04717
5.58 0.045814
5.59 0.059584
5.6 0.078381
5.61 0.08361
5.62 0.074867
5.63 0.05997
5.64 0.026149
5.65 -0.019646
5.66 -0.073615
5.67 -0.11231
5.68 -0.11811
5.69 -0.10578
5.7 -0.063149
5.71 -0.0087614
5.72 0.042003
5.73 0.080333
5.74 0.083434
5.75 0.070043
5.76 0.046784
5.77 0.025717
5.78 0.0072272
5.79 -0.020893
5.8 -0.052991
5.81 -0.064581
5.82 -0.030926
5.83 0.038739
5.84 0.10365
5.85 0.1658
5.86 0.19978
5.87 0.19573
5.88 0.15357
5.89 0.047809
5.9 -0.060455
5.91 -0.14674
5.92 -0.17383
5.93 -0.16756
5.94 -0.15619
5.95 -0.12564
5.96 -0.069531
5.97 -0.0020981
5.98 0.055669
5.99 0.079201
6 0.072395
6.01 0.064511
6.02 0.055754
6.03 0.039789
6.04 0.0030657
6.05 -0.060482
6.06 -0.11583
6.07 -0.14395
6.08 -0.15665
6.09 -0.098236
6.1 0.018053
6.11 0.13267
6.12 0.17389
6.13 0.14645
6.14 0.063437
6.15 -0.03215
6.16 -0.11283
6.17 -0.12714
6.18 -0.10334
6.19 -0.069573
6.2 -0.019268
6.21 0.04044
6.22 0.10039
6.23 0.16066
6.24 0.18824
6.25 0.18151
6.26 0.13393
6.27 0.059742
6.28 0.0019483
6.29 -0.01703
6.3 -0.014903
6.31 -0.01456
6.32 -0.026432
6.33 -0.038022
6.34 -0.028182
6.35 -0.0022034
6.36 0.013294
6.37 0.001434
6.38 -0.022428
6.39 -0.038173
6.4 -0.039942
6.41 -0.033245
6.42 -0.012612
6.43 0.022948
6.44 0.059638
6.45 0.072978
6.46 0.059568
6.47 0.025528
6.48 -0.03031
6.49 -0.076492
6.5 -0.08232
6.51 -0.064425
6.52 -0.037881
6.53 -0.02023
6.54 0.0074878
6.55 0.051941
6.56 0.10554
6.57 0.15221
6.58 0.17729
6.59 0.17739
6.6 0.16356
6.61 0.13161
6.62 0.09132
6.63 0.047119
6.64 0.0037906
6.65 -0.036552
6.66 -0.069693
6.67 -0.09006
6.68 -0.10749
6.69 -0.1227
6.7 -0.13653
6.71 -0.14356
6.72 -0.14109
6.73 -0.10512
6.74 -0.037433
6.75 0.027662
6.76 0.086453
6.77 0.11577
6.78 0.11131
6.79 0.077953
6.8 0.02463
6.81 -0.0060685
6.82 -0.0091968
6.83 0.0097586
6.84 0.032068
6.85 0.041346
6.86 0.039066
6.87 0.02748
6.88 -0.022585
6.89 -0.086539
6.9 -0.14741
6.91 -0.18259
6.92 -0.18627
6.93 -0.17276
6.94 -0.15051
6.95 -0.095807
6.96 -0.024391
6.97 0.041416
6.98 0.073085
6.99 0.070004
7 0.032814
7.01 -0.019585
7.02 -0.075303
7.03 -0.11805
7.04 -0.13187
7.05 -0.12292
7.06 -0.086121
7.07 -0.026633
7.08 0.033419
7.09 0.082435
7.1 0.10248
7.11 0.10071
7.12 0.084984
7.13 0.057631
7.14 0.046255
7.15 0.052554
7.16 0.070802
7.17 0.077324
7.18 0.047974
7.19 0.00092913
7.2 -0.0098443
7.21 0.0069365
7.22 0.028715
7.23 0.033595
7.24 0.017508
7.25 -0.016138
7.26 -0.055437
7.27 -0.075276
7.28 -0.077872
7.29 -0.066916
7.3 -0.044478
7.31 -0.01528
7.32 0.016133
7.33 0.037335
7.34 0.037442
7.35 0.021848
7.36 -0.029395
7.37 -0.085743
7.38 -0.1264
7.39 -0.14056
7.4 -0.13028
7.41 -0.10069
7.42 -0.059882
7.43 -0.021141
7.44 0.023686
7.45 0.079652
7.46 0.14419
7.47 0.17378
7.48 0.17296
7.49 0.15997
7.5 0.14884
7.51 0.11855
7.52 0.07294
7.53 -0.0051223
7.54 -0.079794
7.55 -0.1149
7.56 -0.12717
7.57 -0.135
7.58 -0.14144
7.59 -0.14767
7.6 -0.1495
7.61 -0.13793
7.62 -0.084814
7.63 -0.0050623
7.64 0.040686
7.65 0.044977
7.66 0.032419
7.67 0.012302
7.68 -0.0094768
7.69 -0.02295
7.7 -0.037763
7.71 -0.052933
7.72 -0.05389
7.73 -0.031817
7.74 0.0026603
7.75 0.01713
7.76 0.020567
7.77 0.041505
7.78 0.073108
7.79 0.081722
7.8 0.061906
7.81 -0.006312
7.82 -0.10097
7.83 -0.15616
7.84 -0.1553
7.85 -0.11546
7.86 -0.041969
7.87 0.032536
7.88 0.10154
7.89 0.14378
7.9 0.15354
7.91 0.15319
7.92 0.14124
7.93 0.11235
7.94 0.068212
7.95 0.037319
7.96 0.024738
7.97 0.014503
7.98 -0.0038728
7.99 -0.03528
8 -0.063703
8.01 -0.081523
8.02 -0.08545
8.03 -0.074796
8.04 -0.067972
8.05 -0.077752
8.06 -0.099451
8.07 -0.10547
8.08 -0.083031
8.09 -0.034002
8.1 0.0069754
8.11 0.0085823
8.12 -0.011762
8.13 -0.047204
8.14 -0.05738
8.15 -0.042038
8.16 0.0075006
8.17 0.080323
8.18 0.14324
8.19 0.20863
8.2 0.23139
8.21 0.20991
8.22 0.14277
8.23 0.059738
8.24 -0.0065597
8.25 -0.014078
8.26 0.017909
8.27 0.045525
8.28 0.049388
8.29 0.037465
8.3 0.011791
8.31 -0.021876
8.32 -0.053873
8.33 -0.073396
8.34 -0.070547
8.35 -0.027216
8.36 0.047865
8.37 0.10222
8.38 0.10904
8.39 0.094176
8.4 0.063656
8.41 0.012898
8.42 -0.022071
8.43 -0.026395
8.44 -0.014374
8.45 0.040202
8.46 0.11274
8.47 0.17996
8.48 0.20813
8.49 0.20243
8.5 0.15168
8.51 0.055169
8.52 -0.035902
8.53 -0.12782
8.54 -0.16483
8.55 -0.15758
8.56 -0.14239
8.57 -0.090753
8.58 -0.009589
8.59 0.075089
8.6 0.12643
8.61 0.12545
8.62 0.07239
8.63 -0.013438
8.64 -0.08652
8.65 -0.16227
8.66 -0.20526
8.67 -0.21325
8.68 -0.21103
8.69 -0.19122
8.7 -0.13522
8.71 -0.06609
8.72 -0.0044747
8.73 0.060607
8.74 0.10544
8.75 0.11185
8.76 0.09707
8.77 0.046248
8.78 -0.042116
8.79 -0.13024
8.8 -0.179
8.81 -0.17929
8.82 -0.13623
8.83 -0.06973
8.84 0.00044225
8.85 0.031986
8.86 0.021451
8.87 -0.014005
8.88 -0.044477
8.89 -0.046186
8.9 0.0066351
8.91 0.091263
8.92 0.16982
8.93 0.24711
8.94 0.29458
8.95 0.27507
8.96 0.21759
8.97 0.14081
8.98 0.060466
8.99 -0.012911
9 -0.073441
9.01 -0.096233
9.02 -0.10206
9.03 -0.10155
9.04 -0.07486
9.05 -0.014803
9.06 0.022041
9.07 0.02113
9.08 -0.010138
9.09 -0.073473
9.1 -0.12952
9.11 -0.13835
9.12 -0.11147
9.13 -0.0313
9.14 0.071004
9.15 0.1619
9.16 0.24347
9.17 0.25941
9.18 0.22461
9.19 0.16026
9.2 0.092504
9.21 0.051532
9.22 0.022981
9.23 -0.011688
9.24 -0.042898
9.25 -0.063953
9.26 -0.070398
9.27 -0.064763
9.28 -0.056874
9.29 -0.065135
9.3 -0.1056
9.31 -0.16664
9.32 -0.1903
9.33 -0.17071
9.34 -0.089061
9.35 0.0027891
9.36 0.092314
9.37 0.14787
9.38 0.1488
9.39 0.11183
9.4 0.029809
9.41 -0.050374
9.42 -0.13388
9.43 -0.17144
9.44 -0.15991
9.45 -0.13112
9.46 -0.073034
9.47 -0.013347
9.48 0.045999
9.49 0.082726
9.5 0.09836
9.51 0.11184
9.52 0.13087
9.53 0.14517
9.54 0.15008
9.55 0.13983
9.56 0.11202
9.57 0.059689
9.58 0.0093501
9.59 -0.022756
9.6 -0.044393
9.61 -0.061095
9.62 -0.084137
9.63 -0.10435
9.64 -0.10768
9.65 -0.096093
9.66 -0.053758
9.67 0.0011143
9.68 0.051561
9.69 0.089695
9.7 0.094984
9.71 0.08301
9.72 0.052931
9.73 0.019965
9.74 -0.012716
9.75 -0.03374
9.76 -0.040188
9.77 -0.037354
9.78 -0.033954
9.79 -0.042864
9.8 -0.085624
9.81 -0.14678
9.82 -0.15924
9.83 -0.14248
9.84 -0.10634
9.85 -0.087325
9.86 -0.098275
9.87 -0.12656
9.88 -0.13522
9.89 -0.096427
9.9 -0.011602
9.91 0.075277
9.92 0.15804
9.93 0.22486
9.94 0.22851
9.95 0.2118
9.96 0.14
9.97 0.052892
9.98 0.035825
9.99 0.043068
10 0.063754
10.01 0.090386
10.02 0.089196
10.03 0.075453
10.04 0.0063995
10.05 -0.063038
10.06 -0.075711
10.07 -0.066677
10.08 -0.029042
10.09 0.012999
10.1 0.019879
10.11 0.0023654
10.12 -0.056529
10.13 -0.11388
10.14 -0.11932
10.15 -0.10353
10.16 -0.039429
10.17 0.054129
10.18 0.12257
10.19 0.14722
10.2 0.14339
10.21 0.11149
10.22 0.012671
10.23 -0.10644
10.24 -0.21388
10.25 -0.3251
10.26 -0.4135
10.27 -0.44488
10.28 -0.42948
10.29 -0.39064
10.3 -0.28255
10.31 -0.1508
10.32 -0.040163
10.33 0.010487
10.34 0.024911
10.35 0.027403
10.36 0.0041259
10.37 -0.039908
10.38 -0.12922
10.39 -0.21574
10.4 -0.26679
10.41 -0.28748
10.42 -0.25744
10.43 -0.066685
10.44 0.17754
10.45 0.38388
10.46 0.60784
10.47 0.76684
10.48 0.76483
10.49 0.67155
10.5 0.53926
10.51 0.40563
10.52 0.27309
10.53 0.14199
10.54 0.023588
10.55 -0.098067
10.56 -0.22094
10.57 -0.33828
10.58 -0.4487
10.59 -0.48503
10.6 -0.33168
10.61 -0.056958
10.62 0.19018
10.63 0.381
10.64 0.35285
10.65 0.21276
10.66 0.095213
10.67 -0.029032
10.68 -0.14525
10.69 -0.26907
10.7 -0.32849
10.71 -0.32744
10.72 -0.32277
10.73 -0.28798
10.74 -0.2381
10.75 -0.16568
10.76 -0.064629
10.77 0.032922
10.78 0.13084
10.79 0.22196
10.8 0.31145
10.81 0.34642
10.82 0.33192
10.83 0.31435
10.84 0.27792
10.85 0.22356
10.86 0.16727
10.87 0.11598
10.88 0.062619
10.89 0.019486
10.9 -0.0072197
10.91 -0.030484
10.92 -0.063962
10.93 -0.12566
10.94 -0.18934
10.95 -0.21774
10.96 -0.18351
10.97 -0.10061
10.98 -0.039631
10.99 -0.031411
11 -0.046648
11.01 -0.055333
11.02 -0.043629
11.03 0.019205
11.04 0.10682
11.05 0.18273
11.06 0.26601
11.07 0.32488
11.08 0.32686
11.09 0.2733
11.1 0.20562
11.11 0.14133
11.12 0.076502
11.13 0.036675
11.14 -0.011526
11.15 -0.083584
11.16 -0.11759
11.17 -0.11967
11.18 -0.11583
11.19 -0.11501
11.2 -0.11743
11.21 -0.1298
11.22 -0.15704
11.23 -0.20513
11.24 -0.22396
11.25 -0.20761
11.26 -0.12319
11.27 -0.010743
11.28 0.092718
11.29 0.15414
11.3 0.1566
11.31 0.13719
11.32 0.095752
11.33 0.036036
11.34 -0.019655
11.35 -0.033969
11.36 -0.032907
11.37 -0.034133
11.38 -0.045937
11.39 -0.082687
11.4 -0.11364
11.41 -0.10826
11.42 -0.054596
11.43 0.050101
11.44 0.095391
11.45 0.072651
11.46 0.0034042
11.47 -0.080341
11.48 -0.1462
11.49 -0.16114
11.5 -0.14081
11.51 -0.10643
11.52 -0.065643
11.53 -0.036323
11.54 -0.010754
11.55 0.019145
11.56 0.077314
11.57 0.13131
11.58 0.14237
11.59 0.1305
11.6 0.10468
11.61 0.066398
11.62 0.033678
11.63 0.016473
11.64 0.010841
11.65 0.012044
11.66 0.022328
11.67 0.030751
11.68 0.023447
11.69 -0.017846
11.7 -0.095532
11.71 -0.16663
11.72 -0.22655
11.73 -0.24637
11.74 -0.22209
11.75 -0.15511
11.76 -0.072015
11.77 0.0064976
11.78 0.076877
11.79 0.11016
11.8 0.11548
11.81 0.1086
11.82 0.064903
11.83 -0.0097925
11.84 -0.083725
11.85 -0.12952
11.86 -0.12275
11.87 -0.079719
11.88 -0.021431
11.89 0.039057
11.9 0.077326
11.91 0.082749
11.92 0.079205
11.93 0.061811
11.94 0.024327
11.95 -0.004809
11.96 -0.013067
11.97 -0.013203
11.98 -0.0096265
11.99 -0.0017791
12 0.0063717
12.01 0.0109
12.02 0.0088163
12.03 0.00098446
12.04 -0.0048935
12.05 0.0004969
12.06 0.015558
12.07 0.034506
12.08 0.042236
12.09 0.037987
12.1 0.02695
12.11 0.017361
12.12 0.0098983
12.13 -0.00087676
12.14 -0.013501
12.15 -0.034526
12.16 -0.048316
12.17 -0.046461
12.18 -0.032402
12.19 -0.015523
12.2 -0.0089836
12.21 -0.01183
12.22 -0.014768
12.23 -0.015003
12.24 -0.020508
12.25 -0.039106
12.26 -0.074784
12.27 -0.099886
12.28 -0.097608
12.29 -0.065818
12.3 0.029686
12.31 0.14596
12.32 0.18345
12.33 0.17084
12.34 0.14162
12.35 0.090447
12.36 0.034314
12.37 -0.013332
12.38 -0.040779
12.39 -0.045406
12.4 -0.041608
12.41 -0.042667
12.42 -0.054653
12.43 -0.075493
12.44 -0.08394
12.45 -0.076036
12.46 -0.051707
12.47 -0.022096
12.48 -0.0022619
12.49 -0.001539
12.5 -0.011833
12.51 -0.032691
12.52 -0.045861
12.53 -0.039312
12.54 -0.011533
12.55 0.036488
12.56 0.086312
12.57 0.12174
12.58 0.13599
12.59 0.12879
12.6 0.11084
12.61 0.069886
12.62 0.022919
12.63 -0.041998
12.64 -0.097011
12.65 -0.12591
12.66 -0.14334
12.67 -0.15343
12.68 -0.15556
12.69 -0.14617
12.7 -0.12483
12.71 -0.089032
12.72 -0.039643
12.73 0.0074445
12.74 0.030667
12.75 0.034752
12.76 0.029822
12.77 0.024962
12.78 0.028129
12.79 0.043898
12.8 0.06569
12.81 0.09167
12.82 0.10786
12.83 0.10764
12.84 0.093123
12.85 0.067092
12.86 0.039166
12.87 0.018731
12.88 0.0033885
12.89 -0.010744
12.9 -0.024007
12.91 -0.038752
12.92 -0.057671
12.93 -0.076617
12.94 -0.085448
12.95 -0.078193
12.96 -0.052518
12.97 -0.0029104
12.98 0.046465
12.99 0.069022
13 0.06725
13.01 0.042869
13.02 0.016434
13.03 0.012993
13.04 0.029441
13.05 0.057535
13.06 0.065938
13.07 0.055748
13.08 0.04008
13.09 0.030078
13.1 0.028298
13.11 0.023685
13.12 0.012646
13.13 -0.0066516
13.14 -0.037676
13.15 -0.097918
13.16 -0.14845
13.17 -0.16429
13.18 -0.15811
13.19 -0.13065
13.2 -0.057548
13.21 0.025789
13.22 0.06511
13.23 0.07345
13.24 0.07352
13.25 0.068923
13.26 0.058979
13.27 0.048678
13.28 0.039583
13.29 0.030261
13.3 0.020954
13.31 0.017289
13.32 0.013658
13.33 0.01111
13.34 0.01221
13.35 0.020847
13.36 0.034126
13.37 0.045876
13.38 0.047035
13.39 0.044729
13.4 0.042032
13.41 0.041584
13.42 0.044503
13.43 0.05198
13.44 0.063154
13.45 0.079058
13.46 0.093922
13.47 0.097197
13.48 0.089123
13.49 0.072675
13.5 0.048271
13.51 0.018874
13.52 -0.01154
13.53 -0.034229
13.54 -0.043812
13.55 -0.041129
13.56 -0.027361
13.57 -0.01212
13.58 -0.0029681
13.59 -0.005161
13.6 -0.021764
13.61 -0.056964
13.62 -0.092699
13.63 -0.11602
13.64 -0.12226
13.65 -0.11735
13.66 -0.10738
13.67 -0.095402
13.68 -0.08493
13.69 -0.073822
13.7 -0.05476
13.71 -0.028151
13.72 -0.0050069
13.73 0.020949
13.74 0.050967
13.75 0.096323
13.76 0.13528
13.77 0.15748
13.78 0.15788
13.79 0.13844
13.8 0.10503
13.81 0.075708
13.82 0.062775
13.83 0.055657
13.84 0.048595
13.85 0.041618
13.86 0.030204
13.87 0.012021
13.88 -0.020771
13.89 -0.060903
13.9 -0.10074
13.91 -0.12741
13.92 -0.13721
13.93 -0.14126
13.94 -0.14027
13.95 -0.13241
13.96 -0.1131
13.97 -0.077654
13.98 -0.027557
13.99 0.021691
14 0.058386
14.01 0.076829
14.02 0.08763
14.03 0.092357
14.04 0.086452
14.05 0.067331
14.06 0.040082
14.07 0.01488
14.08 -0.0074041
14.09 -0.027919
14.1 -0.039405
14.11 -0.042219
14.12 -0.03736
14.13 -0.027064
14.14 -0.022522
14.15 -0.022998
14.16 -0.024546
14.17 -0.020912
14.18 -0.0098984
14.19 0.011929
14.2 0.034524
14.21 0.055883
14.22 0.077445
14.23 0.091834
14.24 0.088579
14.25 0.067859
14.26 0.02065
14.27 -0.012462
14.28 -0.020005
14.29 -0.016367
14.3 0.0058481
14.31 0.039456
14.32 0.066645
14.33 0.083135
14.34 0.089239
14.35 0.084766
14.36 0.078711
14.37 0.073392
14.38 0.078209
14.39 0.091196
14.4 0.10054
14.41 0.092325
14.42 0.07008
14.43 0.014172
14.44 -0.051775
14.45 -0.11392
14.46 -0.14242
14.47 -0.13662
14.48 -0.11104
14.49 -0.079155
14.5 -0.051699
14.51 -0.043434
14.52 -0.046757
14.53 -0.056905
14.54 -0.07041
14.55 -0.084353
14.56 -0.091944
14.57 -0.093546
14.58 -0.084722
14.59 -0.067369
14.6 -0.042619
14.61 -0.023908
14.62 -0.013099
14.63 -0.0011907
14.64 0.017065
14.65 0.030097
14.66 0.035434
14.67 0.034041
14.68 0.030648
14.69 0.029256
14.7 0.030818
14.71 0.034303
14.72 0.035448
14.73 0.036726
14.74 0.035891
14.75 0.03301
14.76 0.032972
14.77 0.034935
14.78 0.041292
14.79 0.050572
14.8 0.066977
14.81 0.078628
14.82 0.079323
14.83 0.070815
14.84 0.053523
14.85 0.025266
14.86 -0.017748
14.87 -0.059422
14.88 -0.087029
14.89 -0.10385
14.9 -0.10207
14.91 -0.086474
14.92 -0.059128
14.93 -0.03828
14.94 -0.032605
14.95 -0.037803
14.96 -0.050266
14.97 -0.068968
14.98 -0.080235
14.99 -0.079983
15 -0.068873
15.01 -0.053585
15.02 -0.047205
15.03 -0.054176
15.04 -0.074062
15.05 -0.10876
15.06 -0.13975
15.07 -0.15904
15.08 -0.15864
15.09 -0.13907
15.1 -0.091689
15.11 -0.034295
15.12 0.01879
15.13 0.066567
15.14 0.083865
15.15 0.080494
15.16 0.073754
15.17 0.057412
15.18 0.022804
15.19 -0.015635
15.2 -0.045062
15.21 -0.056633
15.22 -0.058091
15.23 -0.058902
15.24 -0.058171
15.25 -0.059613
15.26 -0.058018
15.27 -0.053448
15.28 -0.038886
15.29 -0.020605
15.3 0.022456
15.31 0.049626
15.32 0.032694
15.33 0.028078
15.34 0.038091
15.35 0.035074
15.36 0.019991
15.37 0.0076523
15.38 0.0072307
15.39 0.023796
15.4 0.05238
15.41 0.080986
15.42 0.095922
15.43 0.098511
15.44 0.097632
15.45 0.095984
15.46 0.097207
15.47 0.10426
15.48 0.11997
15.49 0.14226
15.5 0.16523
15.51 0.17996
15.52 0.18506
15.53 0.17833
15.54 0.16545
15.55 0.15188
15.56 0.14062
15.57 0.12869
15.58 0.11217
15.59 0.087126
15.6 0.050758
15.61 0.013975
15.62 -0.0080592
15.63 -0.013829
15.64 -0.0088525
15.65 0.010382
15.66 0.035387
15.67 0.046891
15.68 0.047471
15.69 0.041448
15.7 0.029654
15.71 0.014534
15.72 -0.0050999
15.73 -0.030215
15.74 -0.063639
15.75 -0.10114
15.76 -0.12776
15.77 -0.137
15.78 -0.13314
15.79 -0.11618
15.8 -0.089267
15.81 -0.058505
15.82 -0.02914
15.83 0.00069391
15.84 0.029795
15.85 0.049929
15.86 0.054926
15.87 0.051091
15.88 0.04012
15.89 0.026723
15.9 0.010841
15.91 -0.0065629
15.92 -0.029887
15.93 -0.056639
15.94 -0.088298
15.95 -0.11517
15.96 -0.14381
15.97 -0.1701
15.98 -0.18564
15.99 -0.18878
16 -0.18319
16.01 -0.1647
16.02 -0.14027
16.03 -0.10778
16.04 -0.072093
16.05 -0.047541
16.06 -0.037055
16.07 -0.032971
16.08 -0.030064
16.09 -0.025415
16.1 -0.017092
16.11 -0.0079302
16.12 -0.00052473
16.13 0.0090142
16.14 0.021309
16.15 0.037469
16.16 0.050565
16.17 0.051163
16.18 0.046881
16.19 0.041666
16.2 0.043913
16.21 0.053402
16.22 0.067927
16.23 0.072514
16.24 0.066712
16.25 0.043326
16.26 0.008504
16.27 -0.020522
16.28 -0.036535
16.29 -0.041216
16.3 -0.032359
16.31 -0.01451
16.32 0.013242
16.33 0.041087
16.34 0.049878
16.35 0.044164
16.36 0.029408
16.37 0.007052
16.38 -0.0081797
16.39 -0.013661
16.4 -0.0065968
16.41 0.012222
16.42 0.038384
16.43 0.056355
16.44 0.057759
16.45 0.047375
16.46 0.030192
16.47 0.005719
16.48 -0.018288
16.49 -0.041499
16.5 -0.059689
16.51 -0.065455
16.52 -0.059479
16.53 -0.039893
16.54 -0.015397
16.55 -0.0047131
16.56 -0.0064061
16.57 -0.012656
16.58 -0.021779
16.59 -0.031012
16.6 -0.038942
16.61 -0.042154
16.62 -0.041846
16.63 -0.040857
16.64 -0.040725
16.65 -0.041419
16.66 -0.044954
16.67 -0.048746
16.68 -0.055386
16.69 -0.068718
16.7 -0.082196
16.71 -0.086855
16.72 -0.08026
16.73 -0.061494
16.74 -0.039604
16.75 -0.028559
16.76 -0.025221
16.77 -0.024009
16.78 -0.02642
16.79 -0.034077
16.8 -0.044039
16.81 -0.05218
16.82 -0.056632
16.83 -0.058985
16.84 -0.057503
16.85 -0.050295
16.86 -0.038038
16.87 -0.015256
16.88 0.0097092
16.89 0.025726
16.9 0.035322
16.91 0.04262
16.92 0.045215
16.93 0.043226
16.94 0.040648
16.95 0.036468
16.96 0.034492
16.97 0.034745
16.98 0.04215
16.99 0.049369
17 0.063061
17.01 0.076482
17.02 0.079898
17.03 0.072179
17.04 0.050474
17.05 0.022957
17.06 0.003803
17.07 -0.0047236
17.08 -0.0045824
17.09 -0.00097192
17.1 0.0035067
17.11 0.0059652
17.12 0.0058693
17.13 0.007024
17.14 0.010082
17.15 0.01139
17.16 0.017354
17.17 0.026921
17.18 0.039137
17.19 0.049168
17.2 0.05189
17.21 0.046925
17.22 0.037353
17.23 0.028554
17.24 0.024443
17.25 0.027689
17.26 0.036845
17.27 0.049587
17.28 0.058504
17.29 0.061814
17.3 0.058681
17.31 0.050754
17.32 0.037389
17.33 0.020824
17.34 0.0063244
17.35 -0.00087724
17.36 0.00038402
17.37 0.0063093
17.38 0.014095
17.39 0.022688
17.4 0.026739
17.41 0.025275
17.42 0.021489
17.43 0.017418
17.44 0.013389
17.45 0.011932
17.46 0.0076115
17.47 0.00068909
17.48 -0.0033907
17.49 -0.0073987
17.5 -0.0099718
17.51 -0.0064315
17.52 -0.002952
17.53 -0.002343
17.54 -0.006122
17.55 -0.016747
17.56 -0.034492
17.57 -0.049682
17.58 -0.05719
17.59 -0.055593
17.6 -0.045955
17.61 -0.032754
17.62 -0.020794
17.63 -0.014527
17.64 -0.015881
17.65 -0.016948
17.66 -0.015321
17.67 -0.0098793
17.68 -0.0058983
17.69 -0.0029673
17.7 -0.0019418
17.71 -0.0022901
17.72 -0.004819
17.73 -0.0046805
17.74 -0.0016026
17.75 0.0054259
17.76 0.017448
17.77 0.031408
17.78 0.040858
17.79 0.041607
17.8 0.038577
17.81 0.031852
17.82 0.01791
17.83 0.00039585
17.84 -0.014418
17.85 -0.022123
17.86 -0.019812
17.87 -0.0051806
17.88 0.020503
17.89 0.040392
17.9 0.046134
17.91 0.044584
17.92 0.03584
17.93 0.019448
17.94 0.00083354
17.95 -0.014397
17.96 -0.024084
17.97 -0.025116
17.98 -0.016996
17.99 -0.0042906
18 0.0086397
18.01 0.016381
18.02 0.018082
18.03 0.012708
18.04 0.0039825
18.05 -0.0052805
18.06 -0.013766
18.07 -0.017077
18.08 -0.010526
18.09 0.0041466
18.1 0.020819
18.11 0.031284
18.12 0.033507
18.13 0.032912
18.14 0.031576
18.15 0.02577
18.16 0.020788
18.17 0.018471
18.18 0.015405
18.19 0.014622
18.2 0.012616
18.21 0.0099316
18.22 0.0096059
18.23 0.011128
18.24 0.014808
18.25 0.021332
18.26 0.026031
18.27 0.021674
18.28 0.012564
18.29 -0.010582
18.3 -0.032555
18.31 -0.03974
18.32 -0.038104
18.33 -0.027651
18.34 -0.014051
18.35 -0.0084433
18.36 -0.0097672
18.37 -0.014311
18.38 -0.019117
18.39 -0.019533
18.4 -0.011517
18.41 0.0069399
18.42 0.028039
18.43 0.035391
18.44 0.032993
18.45 0.029189
18.46 0.02835
18.47 0.026972
18.48 0.023499
18.49 0.019897
18.5 0.012025
18.51 -0.0045767
18.52 -0.024637
18.53 -0.039382
18.54 -0.041557
18.55 -0.029765
18.56 -0.0022007
18.57 0.025684
18.58 0.04319
18.59 0.04773
18.6 0.042993
18.61 0.03189
18.62 0.022568
18.63 0.01799
18.64 0.020657
18.65 0.033122
18.66 0.056154
18.67 0.075632
18.68 0.085697
18.69 0.08624
18.7 0.080963
18.71 0.06443
18.72 0.036802
18.73 0.0071654
18.74 -0.015112
18.75 -0.02703
18.76 -0.030647
18.77 -0.029016
18.78 -0.024204
18.79 -0.020857
18.8 -0.016697
18.81 -0.010623
18.82 -0.0044494
18.83 0.00034436
18.84 0.0071139
18.85 0.014677
18.86 0.019626
18.87 0.02036
18.88 0.015885
18.89 0.0084506
18.9 -0.0046148
18.91 -0.020522
18.92 -0.037837
18.93 -0.05807
18.94 -0.073401
18.95 -0.081952
18.96 -0.083181
18.97 -0.075443
18.98 -0.061279
18.99 -0.045715
19 -0.03244
19.01 -0.0255
19.02 -0.024039
19.03 -0.026539
19.04 -0.029901
19.05 -0.038204
19.06 -0.046978
19.07 -0.055802
19.08 -0.061606
19.09 -0.064746
19.1 -0.064115
19.11 -0.061214
19.12 -0.053231
19.13 -0.040239
19.14 -0.030748
19.15 -0.02884
19.16 -0.033457
19.17 -0.038864
19.18 -0.043886
19.19 -0.043662
19.2 -0.038562
19.21 -0.033616
19.22 -0.027547
19.23 -0.02451
19.24 -0.025075
19.25 -0.028142
19.26 -0.031291
19.27 -0.026066
19.28 -0.012163
19.29 0.0059986
19.3 0.02389
19.31 0.03784
19.32 0.041816
19.33 0.035656
19.34 0.021121
19.35 0.0045747
19.36 -0.0016129
19.37 0.0032074
19.38 0.022253
19.39 0.049383
19.4 0.076384
19.41 0.088896
19.42 0.086967
19.43 0.075492
19.44 0.05379
19.45 0.026837
19.46 0.0062144
19.47 -0.0063775
19.48 -0.013504
19.49 -0.014691
19.5 -0.012068
19.51 -0.0099133
19.52 -0.01023
19.53 -0.0096821
19.54 -0.010164
19.55 -0.0064314
19.56 0.002475
19.57 0.013968
19.58 0.025568
19.59 0.03469
19.6 0.035829
19.61 0.029207
19.62 0.014765
19.63 -0.0026221
19.64 -0.016724
19.65 -0.024187
19.66 -0.022287
19.67 -0.011235
19.68 0.0038017
19.69 0.017373
19.7 0.027865
19.71 0.036537
19.72 0.044127
19.73 0.047265
19.74 0.044958
19.75 0.037745
19.76 0.023198
19.77 0.0078483
19.78 -0.0042328
19.79 -0.012929
19.8 -0.017744
19.81 -0.020519
19.82 -0.022
19.83 -0.018806
19.84 -0.015545
19.85 -0.016076
19.86 -0.019299
19.87 -0.022873
19.88 -0.024733
19.89 -0.022095
19.9 -0.015647
19.91 -0.0075812
19.92 0.00056427
19.93 0.010577
19.94 0.017778
19.95 0.021386
19.96 0.02219
19.97 0.018752
19.98 0.0182
19.99 0.018029
20 0.017393
20.01 0.017047
20.02 0.014721
20.03 0.0073896
20.04 -0.0015193
20.05 -0.0086591
20.06 -0.0072783
20.07 -0.00087704
20.08 0.0075427
20.09 0.012399
20.1 0.012076
20.11 0.011475
20.12 0.0098068
20.13 0.0059481
20.14 0.0021284
20.15 -3.8603e-005
20.16 0.0019202
20.17 0.0054015
20.18 0.0075233
20.19 0.0071291
20.2 0.007281
20.21 0.0071437
20.22 0.010422
20.23 0.017205
20.24 0.027648
20.25 0.034436
20.26 0.038557
20.27 0.040326
20.28 0.038487
20.29 0.030513
20.3 0.02097
20.31 0.010157
20.32 -0.0012419
20.33 -0.010455
20.34 -0.01496
20.35 -0.014647
20.36 -0.0085594
20.37 0.0044445
20.38 0.020963
20.39 0.033979
20.4 0.038944
20.41 0.039363
20.42 0.034732
20.43 0.028604
20.44 0.023933
20.45 0.020118
20.46 0.018515
20.47 0.019144
20.48 0.022859
20.49 0.030294
20.5 0.03815
20.51 0.043917
20.52 0.045925
20.53 0.044877
20.54 0.043368
20.55 0.042125
20.56 0.044237
20.57 0.048608
20.58 0.051269
20.59 0.052552
20.6 0.048166
20.61 0.040043
20.62 0.026744
20.63 0.0094735
20.64 -0.0059494
20.65 -0.021093
20.66 -0.031507
20.67 -0.033634
20.68 -0.032416
20.69 -0.02637
20.7 -0.017402
20.71 -0.0044045
20.72 0.011339
20.73 0.027127
20.74 0.036922
20.75 0.037192
20.76 0.030006
20.77 0.019318
20.78 0.004744
20.79 -0.013359
20.8 -0.033966
20.81 -0.047602
20.82 -0.055143
20.83 -0.057649
20.84 -0.056657
20.85 -0.056027
20.86 -0.05485
20.87 -0.054115
20.88 -0.050758
20.89 -0.043019
20.9 -0.031004
20.91 -0.017318
20.92 -0.0093609
20.93 -0.0094708
20.94 -0.013208
20.95 -0.018328
20.96 -0.020486
20.97 -0.02054
20.98 -0.020873
20.99 -0.023218
21 -0.023729
21.01 -0.025303
21.02 -0.027062
21.03 -0.031615
21.04 -0.039065
21.05 -0.045658
21.06 -0.046578
21.07 -0.045358
21.08 -0.042586
21.09 -0.038637
21.1 -0.031812
21.11 -0.018432
21.12 -0.00069406
21.13 0.015478
21.14 0.027811
21.15 0.034896
21.16 0.034252
21.17 0.028115
21.18 0.011452
21.19 -0.011015
21.2 -0.02733
21.21 -0.036082
21.22 -0.038688
21.23 -0.038459
21.24 -0.035988
21.25 -0.030854
21.26 -0.024499
21.27 -0.018362
21.28 -0.013918
21.29 -0.014833
21.3 -0.017105
21.31 -0.014843
21.32 -0.0066934
21.33 0.0020399
21.34 0.0056975
21.35 0.0027665
21.36 -0.0035953
21.37 -0.015015
21.38 -0.024235
21.39 -0.029509
21.4 -0.028745
21.41 -0.024187
21.42 -0.019152
21.43 -0.015335
21.44 -0.014688
21.45 -0.014221
21.46 -0.014899
21.47 -0.018575
21.48 -0.023187
21.49 -0.027992
21.5 -0.034671
21.51 -0.040198
21.52 -0.044811
21.53 -0.045979
21.54 -0.043089
21.55 -0.037849
21.56 -0.03166
21.57 -0.0255
21.58 -0.018355
21.59 -0.011389
21.6 -0.0066262
21.61 -0.0047052
21.62 -0.0074886
21.63 -0.014965
21.64 -0.026244
21.65 -0.036993
21.66 -0.041809
21.67 -0.043847
21.68 -0.042963
21.69 -0.039783
21.7 -0.032612
21.71 -0.023823
21.72 -0.017071
21.73 -0.013313
21.74 -0.01197
21.75 -0.011554
21.76 -0.010217
21.77 -0.009379
21.78 -0.010755
21.79 -0.013734
21.8 -0.015723
21.81 -0.01752
21.82 -0.021515
21.83 -0.024533
21.84 -0.025941
21.85 -0.02735
21.86 -0.026687
21.87 -0.025756
21.88 -0.027744
21.89 -0.027774
21.9 -0.02593
21.91 -0.021737
21.92 -0.013757
21.93 -0.00052347
21.94 0.014351
21.95 0.026611
21.96 0.03311
21.97 0.034771
21.98 0.032394
21.99 0.024374
22 0.011092
22.01 -0.0020861
22.02 -0.0090901
22.03 -0.014373
22.04 -0.014357
22.05 -0.0078618
22.06 0.0026389
22.07 0.014177
22.08 0.028494
22.09 0.03785
22.1 0.042423
22.11 0.042202
22.12 0.04132
22.13 0.035773
22.14 0.026623
22.15 0.016849
22.16 0.014036
22.17 0.012707
22.18 0.012429
22.19 0.013423
22.2 0.017808
22.21 0.023949
22.22 0.029032
22.23 0.031606
22.24 0.031252
22.25 0.026311
22.26 0.020159
22.27 0.014403
22.28 0.0092682
22.29 0.0035155
22.3 0.0015151
22.31 0.0016804
22.32 0.0045889
22.33 0.0073766
22.34 0.0099179
22.35 0.0099649
22.36 0.0098373
22.37 0.010334
22.38 0.010945
22.39 0.0093586
22.4 0.0064979
22.41 0.0021791
22.42 -0.0012413
22.43 -0.0049436
22.44 -0.004624
22.45 -0.0030589
22.46 0.0030688
22.47 0.0084835
22.48 0.015547
22.49 0.018882
22.5 0.022762
22.51 0.025799
22.52 0.030119
22.53 0.034729
22.54 0.041535
22.55 0.048303
22.56 0.056357
22.57 0.055793
22.58 0.051013
22.59 0.041545
22.6 0.040404
22.61 0.067828
22.62 0.079055
22.63 -0.017734
22.64 -0.039294
22.65 0.0014908
22.66 0.0082023
22.67 0.015628
22.68 0.029526
22.69 0.040454
22.7 0.04195
22.71 0.041692
22.72 0.037819
22.73 0.03524
22.74 0.032725
22.75 0.034307
22.76 0.037417
22.77 0.040788
22.78 0.042594
22.79 0.044449
22.8 0.043018
22.81 0.040242
22.82 0.033012
22.83 0.020905
22.84 0.0056661
22.85 -0.0053137
22.86 -0.014182
22.87 -0.016772
22.88 -0.013761
22.89 -0.0091295
22.9 -0.0033615
22.91 0.0031781
22.92 0.0076688
22.93 0.0073026
22.94 -4.297e-005
22.95 -0.0088205
22.96 -0.015581
22.97 -0.020983
22.98 -0.022003
22.99 -0.021031
23 -0.01782
23.01 -0.011342
23.02 -0.0052232
23.03 0.00025093
23.04 0.0013604
23.05 0.0012829
23.06 0.00097616
23.07 0.0011529
23.08 0.001112
23.09 0.0040602
23.1 0.0055857
23.11 0.0072811
23.12 0.01004
23.13 0.011103
23.14 0.0083746
23.15 0.0028835
23.16 -0.0015086
23.17 -0.006043
23.18 -0.0093019
23.19 -0.010027
23.2 -0.0084237
23.21 -0.0015669
23.22 0.0074024
23.23 0.016232
23.24 0.021417
23.25 0.021982
23.26 0.019091
23.27 0.012142
23.28 0.00083055
23.29 -0.0062704
23.3 -0.0090326
23.31 -0.0050261
23.32 -0.0017128
23.33 -0.0016979
23.34 -0.0016592
23.35 0.00016625
23.36 0.00045226
23.37 -0.00098672
23.38 -0.0020221
23.39 -0.0021363
23.4 -0.0038043
23.41 -0.0014013
23.42 0.0013144
23.43 0.0055006
23.44 0.0081009
23.45 0.010057
23.46 0.013081
23.47 0.013665
23.48 0.013021
23.49 0.010946
23.5 0.0070904
23.51 -0.0028057
23.52 -0.013556
23.53 -0.01978
23.54 -0.024631
23.55 -0.026487
23.56 -0.026043
23.57 -0.024241
23.58 -0.020639
23.59 -0.017258
23.6 -0.015868
23.61 -0.016158
23.62 -0.01815
23.63 -0.023508
23.64 -0.028889
23.65 -0.02964
23.66 -0.025448
23.67 -0.01954
23.68 -0.013478
23.69 -0.0090114
23.7 -0.0060516
23.71 -0.0078924
23.72 -0.015109
23.73 -0.026447
23.74 -0.040181
23.75 -0.047501
23.76 -0.051013
23.77 -0.053467
23.78 -0.054807
23.79 -0.053094
23.8 -0.049336
23.81 -0.043532
23.82 -0.038344
23.83 -0.032398
23.84 -0.027217
23.85 -0.022528
23.86 -0.017409
23.87 -0.011973
23.88 -0.0081055
23.89 -0.0035022
23.9 -0.00067787
23.91 0.0017378
23.92 0.0027049
23.93 -2.055e-005
23.94 -0.001677
23.95 -0.0012911
23.96 -0.0013766
23.97 -0.0010837
23.98 0.0028593
23.99 0.0075739
24 0.0094855
24.01 0.010987
24.02 0.010267
24.03 0.0075762
24.04 0.0022315
24.05 -0.00048571
24.06 -0.0048393
24.07 -0.010624
24.08 -0.012872
24.09 -0.013695
24.1 -0.012435
24.11 -0.0081763
24.12 -0.0067384
24.13 -0.007008
24.14 -0.0065776
24.15 -0.0089797
24.16 -0.011982
24.17 -0.011995
24.18 -0.01077
24.19 -0.007358
24.2 -0.0027114
24.21 0.0017373
24.22 0.004256
24.23 0.0043363
24.24 0.0026858
24.25 -0.0031335
24.26 -0.0079967
24.27 -0.011741
24.28 -0.016339
24.29 -0.019933
24.3 -0.022048
24.31 -0.020688
24.32 -0.016592
24.33 -0.013493
24.34 -0.01009
24.35 -0.0072103
24.36 -0.0064121
24.37 -0.0059218
24.38 -0.0067909
24.39 -0.0063643
24.4 -0.0042235
24.41 -0.00093035
24.42 0.0061637
24.43 0.014829
24.44 0.022261
24.45 0.027769
24.46 0.025065
24.47 0.018598
24.48 0.010336
24.49 0.0015229
24.5 -0.0061335
24.51 -0.0125
24.52 -0.015793
24.53 -0.014908
24.54 -0.014544
24.55 -0.011448
24.56 -0.009476
24.57 -0.0069704
24.58 -0.0038655
24.59 0.00027068
24.6 0.0056834
24.61 0.011893
24.62 0.017337
24.63 0.020222
24.64 0.01972
24.65 0.01947
24.66 0.019208
24.67 0.021235
24.68 0.02042
24.69 0.01504
24.7 0.0082592
24.71 0.0010114
24.72 -0.0052318
24.73 -0.0082318
24.74 -0.0080573
24.75 -0.0078806
24.76 -0.0077739
24.77 -0.0071672
24.78 -0.0063301
24.79 -0.0067216
24.8 -0.0067207
24.81 -0.0075477
24.82 -0.0084248
24.83 -0.009289
24.84 -0.0099187
24.85 -0.011323
24.86 -0.015622
24.87 -0.020459
24.88 -0.023615
24.89 -0.026051
24.9 -0.025732
24.91 -0.022773
24.92 -0.015484
24.93 -0.0076621
24.94 2.3239e-005
24.95 0.0059886
24.96 0.0098082
24.97 0.0092917
24.98 0.004483
24.99 -0.0010344
25 -0.0070795
25.01 -0.012733
25.02 -0.015202
25.03 -0.01565
25.04 -0.013381
25.05 -0.0083973
25.06 -0.0038061
25.07 0.0048759
25.08 0.010132
25.09 0.015335
25.1 0.019294
25.11 0.023346
25.12 0.024857
25.13 0.025941
25.14 0.024188
25.15 0.01841
25.16 0.011246
25.17 0.0063534
25.18 0.0023304
25.19 -0.00098807
25.2 -0.0030339
25.21 -0.0053706
25.22 -0.0054654
25.23 -0.0043703
25.24 -0.00086618
25.25 0.0031773
25.26 0.0049243
25.27 0.0078643
25.28 0.010515
25.29 0.011486
25.3 0.010358
25.31 0.012333
25.32 0.012035
25.33 0.0099988
25.34 0.007382
25.35 0.0040303
25.36 0.0020563
25.37 0.00016232
25.38 -0.00011113
25.39 0.0032471
25.4 0.0037368
25.41 0.0045323
25.42 0.0079004
25.43 0.010251
25.44 0.0076206
25.45 0.0040775
25.46 -0.0006865
25.47 -0.0043587
25.48 -0.0045435
25.49 -0.0010835
25.5 0.004947
25.51 0.010637
25.52 0.016746
25.53 0.018545
25.54 0.014638
25.55 0.0077584
25.56 -0.00051208
25.57 -0.0072681
25.58 -0.010353
25.59 -0.0086273
25.6 -0.00085107
25.61 0.01113
25.62 0.020955
25.63 0.028119
25.64 0.029419
25.65 0.027498
25.66 0.026038
25.67 0.0261
25.68 0.025845
25.69 0.025003
25.7 0.024768
25.71 0.023651
25.72 0.024447
25.73 0.027382
25.74 0.028806
25.75 0.032502
25.76 0.037251
25.77 0.042612
25.78 0.048486
25.79 0.049334
25.8 0.044742
25.81 0.039293
25.82 0.032787
25.83 0.025113
25.84 0.020726
25.85 0.019451
25.86 0.022023
25.87 0.026079
25.88 0.027348
25.89 0.024034
25.9 0.018704
25.91 0.011914
25.92 0.0080373
25.93 0.0067128
25.94 0.0059192
25.95 0.0057794
25.96 0.0054853
25.97 0.00794
25.98 0.0087975
25.99 0.0082351
26 0.0086125
26.01 0.0078858
26.02 0.0038398
26.03 -0.0018452
26.04 -0.010729
26.05 -0.01978
26.06 -0.024773
26.07 -0.025003
26.08 -0.021548
26.09 -0.013617
26.1 -0.0044119
26.11 0.0033861
26.12 0.0080424
26.13 0.0086549
26.14 0.0068552
26.15 0.004609
26.16 0.0071345
26.17 0.013176
26.18 0.019261
26.19 0.023088
26.2 0.024618
26.21 0.021466
26.22 0.013741
26.23 0.0049707
26.24 -0.00261
26.25 -0.0067117
26.26 -0.0070751
26.27 -0.0045605
26.28 0.00035943
26.29 0.0047878
26.3 0.0088098
26.31 0.014058
26.32 0.018632
26.33 0.021529
26.34 0.023294
26.35 0.022857
26.36 0.02214
26.37 0.021523
26.38 0.020636
26.39 0.020623
26.4 0.022559
26.41 0.024263
26.42 0.024442
26.43 0.021838
26.44 0.016598
26.45 0.0088839
26.46 0.00061645
26.47 -0.0072615
26.48 -0.013278
26.49 -0.01978
26.5 -0.023397
26.51 -0.025837
26.52 -0.025555
26.53 -0.02316
26.54 -0.019746
26.55 -0.015719
26.56 -0.010602
26.57 -0.0063628
26.58 -0.0027548
26.59 0.0016793
26.6 0.0042625
26.61 0.0037742
26.62 0.0029423
26.63 -0.0015329
26.64 -0.0054781
26.65 -0.0076656
26.66 -0.0083
26.67 -0.0079919
26.68 -0.0073947
26.69 -0.0083895
26.7 -0.011152
26.71 -0.016223
26.72 -0.021938
26.73 -0.026621
26.74 -0.030184
26.75 -0.032595
26.76 -0.031567
26.77 -0.025809
26.78 -0.020335
26.79 -0.016334
26.8 -0.01853
26.81 -0.021632
26.82 -0.026785
26.83 -0.031916
26.84 -0.035242
26.85 -0.035942
26.86 -0.034041
26.87 -0.030003
26.88 -0.026883
26.89 -0.02413
26.9 -0.024852
26.91 -0.028035
26.92 -0.03408
26.93 -0.037693
26.94 -0.038597
26.95 -0.035925
26.96 -0.031042
26.97 -0.022989
26.98 -0.019417
26.99 -0.019808
27 -0.022097
27.01 -0.026155
27.02 -0.029562
27.03 -0.033262
27.04 -0.036288
27.05 -0.038366
27.06 -0.040545
27.07 -0.039889
27.08 -0.038733
27.09 -0.035963
27.1 -0.032792
27.11 -0.029903
27.12 -0.024584
27.13 -0.020336
27.14 -0.018146
27.15 -0.018064
27.16 -0.018283
27.17 -0.016105
27.18 -0.012423
27.19 -0.007008
27.2 -0.00067687
27.21 0.0063309
27.22 0.0084478
27.23 0.0085945
27.24 0.0055814
27.25 -0.00031151
27.26 -0.0045853
27.27 -0.0053411
27.28 -0.0015091
27.29 0.0041497
27.3 0.0097351
27.31 0.014257
27.32 0.017213
27.33 0.016886
27.34 0.014093
27.35 0.010274
27.36 0.0059041
27.37 0.0032072
27.38 0.0042175
27.39 0.0088339
27.4 0.014413
27.41 0.019521
27.42 0.020329
27.43 0.019763
27.44 0.017035
27.45 0.016743
27.46 0.019474
27.47 0.024485
27.48 0.030285
27.49 0.034369
27.5 0.03535
27.51 0.033097
27.52 0.029513
27.53 0.023908
27.54 0.019029
27.55 0.015464
27.56 0.014214
27.57 0.015594
27.58 0.017224
27.59 0.021425
27.6 0.025145
27.61 0.027951
27.62 0.027712
27.63 0.023632
27.64 0.018142
27.65 0.012794
27.66 0.0089075
27.67 0.0084155
27.68 0.0070781
27.69 0.0042266
27.7 0.0052479
27.71 0.0070797
27.72 0.0083121
27.73 0.0096468
27.74 0.01043
27.75 0.010267
27.76 0.011477
27.77 0.012953
27.78 0.015202
27.79 0.015281
27.8 0.014588
27.81 0.015532
27.82 0.015979
27.83 0.01298
27.84 0.0079036
27.85 0.0032456
27.86 -0.00036153
27.87 -0.002197
27.88 -0.0017919
27.89 0.00019304
27.9 0.0010779
27.91 0.00075722
27.92 -0.0014378
27.93 -0.0050461
27.94 -0.011844
27.95 -0.019581
27.96 -0.024456
27.97 -0.026986
27.98 -0.02707
27.99 -0.02672
28 -0.025551
28.01 -0.02447
28.02 -0.023366
28.03 -0.020569
28.04 -0.015421
28.05 -0.0098587
28.06 -0.0047165
28.07 0.00026028
28.08 0.0038831
28.09 0.0055355
28.1 0.0062584
28.11 0.0054343
28.12 0.0018062
28.13 -0.0024597
28.14 -0.0069054
28.15 -0.011479
28.16 -0.013814
28.17 -0.013067
28.18 -0.013833
28.19 -0.014536
28.2 -0.013115
28.21 -0.010841
28.22 -0.010384
28.23 -0.010032
28.24 -0.0089735
28.25 -0.0062176
28.26 -0.0039858
28.27 -0.0018006
28.28 -0.00076504
28.29 -0.0010249
28.3 -0.0025258
28.31 -0.0033581
28.32 -0.0029424
28.33 -0.0030775
28.34 -0.0027139
28.35 -0.00188
28.36 -0.00057141
28.37 0.00098377
28.38 0.0024987
28.39 0.0029734
28.4 0.0031292
28.41 0.0038882
28.42 0.0035966
28.43 0.0034408
28.44 0.0020334
28.45 0.00053221
28.46 -0.0025305
28.47 -0.0056722
28.48 -0.008199
28.49 -0.010102
28.5 -0.010039
28.51 -0.0073529
28.52 -0.0027162
28.53 0.0018133
28.54 0.0062196
28.55 0.0070095
28.56 0.0059794
28.57 0.0025346
28.58 -0.0021515
28.59 -0.005611
28.6 -0.0082816
28.61 -0.0088859
28.62 -0.0075886
28.63 -0.0048338
28.64 -0.0025056
28.65 -0.0014643
28.66 -0.00079768
28.67 0.00037341
28.68 0.00035892
28.69 -0.00018078
28.7 -0.0011814
28.71 -0.0018483
28.72 -0.0015601
28.73 -0.00094479
28.74 0.00020113
28.75 0.001504
28.76 0.0020393
28.77 0.0021795
28.78 0.0023242
28.79 0.0021667
28.8 0.00084115
28.81 -0.00037493
28.82 -0.0012035
28.83 -0.00097344
28.84 -0.00017226
28.85 0.0015219
28.86 0.0030024
28.87 0.0038539
28.88 0.0040571
28.89 0.003743
28.9 0.0028358
28.91 0.0019563
28.92 0.001495
28.93 0.0019098
28.94 0.0032725
28.95 0.0043
28.96 0.0049926
28.97 0.0051253
28.98 0.0051493
28.99 0.0053243
29 0.0052008
29.01 0.0050077
29.02 0.0048803
29.03 0.004869
29.04 0.0051072
29.05 0.0049228
29.06 0.0047376
29.07 0.0045429
29.08 0.004453
29.09 0.0045092
29.1 0.0046271
29.11 0.0047031
29.12 0.0046002
29.13 0.0042935
29.14 0.0041889
29.15 0.0037205
29.16 0.0033417
29.17 0.0030588
29.18 0.0024602
29.19 0.0018046
29.2 0.0011869
29.21 0.00069762
29.22 0.00037855
29.23 0.00022716
29.24 0.00011384
29.25 0.00015206
29.26 0.00026441
29.27 0.00034173
29.28 0.00040093
29.29 0.00031486
29.3 0.00031016
29.31 0.00037737
29.32 0.00049177
29.33 0.00053528
29.34 0.0006427
29.35 0.00072334
29.36 0.00075595
29.37 0.00078737
29.38 0.00079984
29.39 0.0007371
29.4 0.00072947
29.41 0.00076945
29.42 0.00076419
29.43 0.00083403
29.44 0.00087998
29.45 0.00087824
29.46 0.0008401
29.47 0.00077242
29.48 0.00069547
29.49 0.00062882
29.5 0.00058647
29.51 0.00058694
29.52 0.00064567
29.53 0.00070451
29.54 0.00073257
29.55 0.00073344
29.56 0.00069039
29.57 0.00062624
29.58 0.00054973
29.59 0.0004758
29.6 0.00039007
29.61 0.00031496
29.62 0.00024362
29.63 0.00018239
29.64 0.00012222
29.65 7.3162e-005
29.66 2.742e-005
29.67 -1.0122e-005
29.68 -4.9324e-005
29.69 -8.5847e-005
29.7 -0.00012029
29.71 -0.00015606
29.72 -0.00019439
29.73 -0.00023424
29.74 -0.00027353
29.75 -0.00031204
29.76 -0.00034855
29.77 -0.00038005
29.78 -0.00040914
29.79 -0.00043465
29.8 -0.00045613
29.81 -0.00047418
29.82 -0.00049002
29.83 -0.00050349
29.84 -0.00051467
29.85 -0.00052391
29.86 -0.00053079
29.87 -0.0005353
29.88 -0.00053771
29.89 -0.00053792
29.9 -0.00053619
29.91 -0.00053257
29.92 -0.00052717
29.93 -0.00052007
29.94 -0.00051135
29.95 -0.00050108
