0.01 -5.8727e-005
0.02 -5.3316e-005
0.03 -2.3551e-006
0.04 -5.4931e-005
0.05 -0.00017691
0.06 -0.00044351
0.07 -0.00070902
0.08 -0.00092577
0.09 -0.00098798
0.1 -0.00079175
0.11 -0.00018176
0.12 0.00053471
0.13 0.0012093
0.14 0.0016829
0.15 0.0018203
0.16 0.0017556
0.17 0.0017763
0.18 0.0015336
0.19 0.00057994
0.2 -0.00090597
0.21 -0.0029644
0.22 -0.0041182
0.23 -0.0023142
0.24 0.0016128
0.25 0.0043483
0.26 0.0035999
0.27 0.0011576
0.28 -0.0014542
0.29 -0.001548
0.3 -0.00019864
0.31 0.0016531
0.32 0.0021402
0.33 0.0012991
0.34 0.00035401
0.35 0.00059009
0.36 0.0013881
0.37 0.0023857
0.38 0.0027313
0.39 0.0010305
0.4 -0.0018446
0.41 -0.002645
0.42 -0.0015659
0.43 0.0021283
0.44 0.0052319
0.45 0.0067078
0.46 0.0070409
0.47 0.0078846
0.48 0.0041949
0.49 -0.0094634
0.5 -0.024424
0.51 -0.031385
0.52 -0.030003
0.53 -0.023709
0.54 -0.018789
0.55 -0.016237
0.56 -0.01435
0.57 -0.006287
0.58 0.001845
0.59 0.0044738
0.6 0.004882
0.61 0.0045684
0.62 -0.0030863
0.63 -0.014244
0.64 -0.018118
0.65 -0.012514
0.66 -0.0030071
0.67 0.0029319
0.68 0.0036137
0.69 0.0013754
0.7 0.0029873
0.71 0.0066003
0.72 0.0020651
0.73 -0.014287
0.74 -0.048699
0.75 -0.076433
0.76 -0.076662
0.77 -0.062602
0.78 -0.043936
0.79 -0.026803
0.8 -0.01089
0.81 0.0098343
0.82 0.030661
0.83 0.063187
0.84 0.086624
0.85 0.081409
0.86 0.046956
0.87 -0.00099277
0.88 -0.035112
0.89 -0.045655
0.9 -0.047833
0.91 -0.050438
0.92 -0.051217
0.93 -0.046208
0.94 -0.028457
0.95 -0.0028879
0.96 0.018258
0.97 0.037978
0.98 0.049457
0.99 0.043863
1 0.029484
1.01 0.022241
1.02 0.036364
1.03 0.054093
1.04 0.048586
1.05 0.033025
1.06 0.032034
1.07 0.03834
1.08 0.044952
1.09 0.046321
1.1 0.04639
1.11 0.045264
1.12 0.039191
1.13 0.011277
1.14 -0.015703
1.15 -0.017682
1.16 -0.014267
1.17 -0.013878
1.18 -0.0081198
1.19 0.00053764
1.2 -0.00041213
1.21 -0.015733
1.22 -0.027617
1.23 -0.029247
1.24 -0.026577
1.25 -0.019991
1.26 -0.0025671
1.27 0.015121
1.28 0.021932
1.29 0.029662
1.3 0.033825
1.31 0.01151
1.32 -0.018999
1.33 -0.027116
1.34 -0.010253
1.35 0.014533
1.36 0.030075
1.37 0.031384
1.38 0.02944
1.39 0.021782
1.4 0.0056596
1.41 0.0021437
1.42 0.013843
1.43 0.025513
1.44 0.031084
1.45 0.028787
1.46 0.020755
1.47 0.013359
1.48 0.011151
1.49 0.0094641
1.5 0.0035034
1.51 -0.013923
1.52 -0.024815
1.53 -0.012191
1.54 0.026413
1.55 0.048749
1.56 0.045632
1.57 0.043446
1.58 0.049552
1.59 0.074298
1.6 0.10908
1.61 0.14079
1.62 0.15406
1.63 0.14223
1.64 0.114
1.65 0.055028
1.66 0.0065808
1.67 -0.0088557
1.68 0.0024245
1.69 0.025778
1.7 0.043089
1.71 0.062452
1.72 0.077904
1.73 0.079404
1.74 0.073973
1.75 0.071943
1.76 0.071262
1.77 0.06462
1.78 0.051461
1.79 0.044289
1.8 0.046276
1.81 0.05069
1.82 0.063553
1.83 0.090493
1.84 0.11245
1.85 0.11794
1.86 0.12669
1.87 0.13226
1.88 0.11594
1.89 0.084463
1.9 0.029873
1.91 -0.037805
1.92 -0.11409
1.93 -0.19897
1.94 -0.25482
1.95 -0.27341
1.96 -0.27997
1.97 -0.26997
1.98 -0.24441
1.99 -0.22263
2 -0.20796
2.01 -0.19579
2.02 -0.18463
2.03 -0.18427
2.04 -0.20607
2.05 -0.24399
2.06 -0.25207
2.07 -0.24523
2.08 -0.22112
2.09 -0.18315
2.1 -0.14611
2.11 -0.11133
2.12 -0.07477
2.13 -0.042825
2.14 -0.011034
2.15 0.022844
2.16 0.04822
2.17 0.048317
2.18 0.0086999
2.19 -0.069751
2.2 -0.1456
2.21 -0.20779
2.22 -0.23341
2.23 -0.21557
2.24 -0.17774
2.25 -0.10788
2.26 -0.023769
2.27 0.049224
2.28 0.12302
2.29 0.18986
2.3 0.23127
2.31 0.25448
2.32 0.25519
2.33 0.25594
2.34 0.27095
2.35 0.25174
2.36 0.16172
2.37 0.066325
2.38 -0.011988
2.39 -0.088512
2.4 -0.15492
2.41 -0.21668
2.42 -0.26848
2.43 -0.28231
2.44 -0.27309
2.45 -0.23784
2.46 -0.17957
2.47 -0.1236
2.48 -0.048156
2.49 0.040807
2.5 0.11262
2.51 0.17209
2.52 0.20223
2.53 0.21101
2.54 0.20636
2.55 0.17761
2.56 0.13445
2.57 0.10594
2.58 0.088141
2.59 0.078553
2.6 0.090706
2.61 0.12998
2.62 0.16401
2.63 0.17807
2.64 0.17684
2.65 0.16141
2.66 0.098729
2.67 0.0085143
2.68 -0.05138
2.69 -0.085225
2.7 -0.10231
2.71 -0.099038
2.72 -0.073985
2.73 -0.039056
2.74 -0.02458
2.75 -0.028418
2.76 -0.03144
2.77 -0.022734
2.78 -0.00022205
2.79 0.048174
2.8 0.10163
2.81 0.14215
2.82 0.14714
2.83 0.12204
2.84 0.08333
2.85 0.012404
2.86 -0.069972
2.87 -0.13997
2.88 -0.15929
2.89 -0.15421
2.9 -0.12651
2.91 -0.10504
2.92 -0.11293
2.93 -0.12176
2.94 -0.1011
2.95 -0.046766
2.96 0.039835
2.97 0.087042
2.98 0.079734
2.99 0.051738
3 0.032549
3.01 0.023685
3.02 0.014623
3.03 0.026017
3.04 0.066303
3.05 0.107
3.06 0.10688
3.07 0.096205
3.08 0.08433
3.09 0.074625
3.1 0.080657
3.11 0.089769
3.12 0.078408
3.13 0.042718
3.14 0.025029
3.15 0.023379
3.16 0.012629
3.17 -0.016771
3.18 -0.044803
3.19 -0.04329
3.2 -0.019372
3.21 0.02425
3.22 0.072606
3.23 0.10944
3.24 0.13667
3.25 0.14437
3.26 0.13354
3.27 0.057179
3.28 -0.060981
3.29 -0.15061
3.3 -0.21468
3.31 -0.25019
3.32 -0.2811
3.33 -0.31253
3.34 -0.31201
3.35 -0.27265
3.36 -0.23582
3.37 -0.21293
3.38 -0.18265
3.39 -0.14912
3.4 -0.12198
3.41 -0.10102
3.42 -0.082718
3.43 -0.039029
3.44 0.055645
3.45 0.15339
3.46 0.23129
3.47 0.30127
3.48 0.35735
3.49 0.37898
3.5 0.35741
3.51 0.28146
3.52 0.16238
3.53 0.065191
3.54 -0.032953
3.55 -0.10427
3.56 -0.17668
3.57 -0.2361
3.58 -0.24365
3.59 -0.22401
3.6 -0.18147
3.61 -0.11219
3.62 -0.053714
3.63 -0.03014
3.64 -0.025798
3.65 -0.028647
3.66 -0.026974
3.67 -0.0057982
3.68 0.033964
3.69 0.07526
3.7 0.12643
3.71 0.19581
3.72 0.25002
3.73 0.28127
3.74 0.29288
3.75 0.29309
3.76 0.28288
3.77 0.26331
3.78 0.19366
3.79 0.086433
3.8 -0.03222
3.81 -0.11945
3.82 -0.18663
3.83 -0.24616
3.84 -0.30435
3.85 -0.32039
3.86 -0.26369
3.87 -0.12762
3.88 0.026761
3.89 0.1516
3.9 0.24426
3.91 0.29371
3.92 0.30633
3.93 0.29724
3.94 0.26329
3.95 0.217
3.96 0.13483
3.97 -0.0018405
3.98 -0.13603
3.99 -0.24711
4 -0.30227
4.01 -0.31354
4.02 -0.28032
4.03 -0.22119
4.04 -0.11945
4.05 -0.01295
4.06 0.071687
4.07 0.1277
4.08 0.15168
4.09 0.13971
4.1 0.088817
4.11 0.038948
4.12 0.025467
4.13 0.045573
4.14 0.074128
4.15 0.086808
4.16 0.077793
4.17 0.044701
4.18 -0.017248
4.19 -0.047372
4.2 -0.025736
4.21 0.040605
4.22 0.086913
4.23 0.077069
4.24 0.02502
4.25 -0.036319
4.26 -0.10399
4.27 -0.16957
4.28 -0.21973
4.29 -0.23145
4.3 -0.19688
4.31 -0.13879
4.32 -0.10188
4.33 -0.095358
4.34 -0.097848
4.35 -0.10178
4.36 -0.077573
4.37 -0.031648
4.38 0.0035616
4.39 0.012446
4.4 -0.0022778
4.41 -0.028163
4.42 -0.041516
4.43 -0.049699
4.44 -0.076496
4.45 -0.10776
4.46 -0.1162
4.47 -0.10999
4.48 -0.086685
4.49 -0.066393
4.5 -0.058289
4.51 -0.034339
4.52 0.024965
4.53 0.086617
4.54 0.13541
4.55 0.19204
4.56 0.23886
4.57 0.27573
4.58 0.3131
4.59 0.33398
4.6 0.32387
4.61 0.25613
4.62 0.088237
4.63 -0.045985
4.64 -0.10626
4.65 -0.12773
4.66 -0.10887
4.67 -0.058728
4.68 -0.012618
4.69 -0.0044666
4.7 -0.025952
4.71 -0.076461
4.72 -0.10084
4.73 -0.086983
4.74 -0.032796
4.75 0.045479
4.76 0.10559
4.77 0.12048
4.78 0.10639
4.79 0.07774
4.8 0.041613
4.81 -0.01417
4.82 -0.067098
4.83 -0.095737
4.84 -0.10768
4.85 -0.1043
4.86 -0.076404
4.87 -0.039128
4.88 -0.0047027
4.89 0.013835
4.9 0.021618
4.91 0.012657
4.92 -0.018074
4.93 -0.10577
4.94 -0.1891
4.95 -0.24218
4.96 -0.28536
4.97 -0.28692
4.98 -0.27421
4.99 -0.19632
5 -0.060041
5.01 0.069126
5.02 0.18968
5.03 0.30136
5.04 0.34956
5.05 0.33844
5.06 0.28292
5.07 0.20929
5.08 0.14349
5.09 0.096022
5.1 0.054291
5.11 0.026777
5.12 0.011528
5.13 0.0011166
5.14 -0.0022624
5.15 0.00018672
5.16 0.025751
5.17 0.073891
5.18 0.12206
5.19 0.1523
5.2 0.15738
5.21 0.13689
5.22 0.10264
5.23 0.044057
5.24 -0.026878
5.25 -0.1065
5.26 -0.17758
5.27 -0.23321
5.28 -0.25674
5.29 -0.26235
5.3 -0.2595
5.31 -0.23538
5.32 -0.21515
5.33 -0.20716
5.34 -0.21285
5.35 -0.15789
5.36 -0.024353
5.37 0.10369
5.38 0.18046
5.39 0.20662
5.4 0.20826
5.41 0.17581
5.42 0.10569
5.43 0.053844
5.44 0.049294
5.45 0.076362
5.46 0.11159
5.47 0.12276
5.48 0.10172
5.49 0.026772
5.5 -0.06548
5.51 -0.13609
5.52 -0.16236
5.53 -0.15384
5.54 -0.12679
5.55 -0.095751
5.56 -0.085108
5.57 -0.093299
5.58 -0.10274
5.59 -0.096604
5.6 -0.070685
5.61 -0.036086
5.62 -0.019892
5.63 -0.020139
5.64 -0.017823
5.65 -0.0046122
5.66 0.018182
5.67 0.046626
5.68 0.067017
5.69 0.086377
5.7 0.11477
5.71 0.15801
5.72 0.20447
5.73 0.23007
5.74 0.22913
5.75 0.22006
5.76 0.21471
5.77 0.21661
5.78 0.20038
5.79 0.14452
5.8 0.09612
5.81 0.079161
5.82 0.063166
5.83 0.0096488
5.84 -0.075867
5.85 -0.1575
5.86 -0.21595
5.87 -0.21822
5.88 -0.17402
5.89 -0.10091
5.9 -0.050815
5.91 -0.019636
5.92 0.0087371
5.93 0.019364
5.94 0.019214
5.95 0.022652
5.96 0.032724
5.97 0.032001
5.98 0.015172
5.99 -0.023194
6 -0.075942
6.01 -0.122
6.02 -0.1359
6.03 -0.10782
6.04 -0.044287
6.05 0.012862
6.06 0.04099
6.07 0.046672
6.08 0.038177
6.09 0.010698
6.1 -0.0197
6.11 -0.049253
6.12 -0.069844
6.13 -0.071921
6.14 -0.056124
6.15 -0.027355
6.16 -0.0053187
6.17 0.004226
6.18 0.0070048
6.19 0.001449
6.2 -0.0060163
6.21 -0.0055938
6.22 0.0027865
6.23 0.013851
6.24 0.02668
6.25 0.037534
6.26 0.037274
6.27 0.017049
6.28 -0.026584
6.29 -0.069462
6.3 -0.09375
6.31 -0.10791
6.32 -0.11887
6.33 -0.13196
6.34 -0.15439
6.35 -0.16897
6.36 -0.16135
6.37 -0.12339
6.38 -0.065756
6.39 -0.020075
6.4 0.0044814
6.41 0.019926
6.42 0.03348
6.43 0.055435
6.44 0.090614
6.45 0.11626
6.46 0.14343
6.47 0.1776
6.48 0.2106
6.49 0.23833
6.5 0.24793
6.51 0.25604
6.52 0.27336
6.53 0.28409
6.54 0.28222
6.55 0.27569
6.56 0.26772
6.57 0.24322
6.58 0.19436
6.59 0.1508
6.6 0.13349
6.61 0.13915
6.62 0.15461
6.63 0.16445
6.64 0.14069
6.65 0.089958
6.66 0.047107
6.67 0.018722
6.68 -0.016339
6.69 -0.068132
6.7 -0.13893
6.71 -0.21688
6.72 -0.29579
6.73 -0.37098
6.74 -0.43808
6.75 -0.47516
6.76 -0.4837
6.77 -0.48219
6.78 -0.46241
6.79 -0.40145
6.8 -0.29891
6.81 -0.1976
6.82 -0.10419
6.83 -0.036948
6.84 0.013812
6.85 0.07135
6.86 0.12643
6.87 0.16449
6.88 0.16669
6.89 0.12387
6.9 0.046456
6.91 -0.022465
6.92 -0.069458
6.93 -0.11346
6.94 -0.16352
6.95 -0.21313
6.96 -0.2723
6.97 -0.2945
6.98 -0.28146
6.99 -0.22351
7 -0.16317
7.01 -0.1103
7.02 -0.057779
7.03 -0.0046752
7.04 0.047246
7.05 0.075918
7.06 0.079258
7.07 0.05322
7.08 0.0032346
7.09 -0.033844
7.1 -0.041163
7.11 -0.028568
7.12 0.0012055
7.13 0.037224
7.14 0.07655
7.15 0.10763
7.16 0.11037
7.17 0.092304
7.18 0.068343
7.19 0.047626
7.2 0.029099
7.21 0.015092
7.22 0.017797
7.23 0.037704
7.24 0.060397
7.25 0.084983
7.26 0.10668
7.27 0.11839
7.28 0.12035
7.29 0.1088
7.3 0.053332
7.31 -0.02486
7.32 -0.0931
7.33 -0.14972
7.34 -0.18786
7.35 -0.19675
7.36 -0.18302
7.37 -0.16092
7.38 -0.13764
7.39 -0.13006
7.4 -0.12641
7.41 -0.11558
7.42 -0.086578
7.43 -0.063157
7.44 -0.058272
7.45 -0.077429
7.46 -0.10258
7.47 -0.12432
7.48 -0.12616
7.49 -0.10135
7.5 -0.0314
7.51 0.054276
7.52 0.13328
7.53 0.20954
7.54 0.25798
7.55 0.2877
7.56 0.30607
7.57 0.30749
7.58 0.30707
7.59 0.31454
7.6 0.32373
7.61 0.31855
7.62 0.27324
7.63 0.1788
7.64 0.079427
7.65 0.027396
7.66 0.0091687
7.67 -0.0055936
7.68 -0.0085833
7.69 0.0062054
7.7 0.026416
7.71 0.037173
7.72 0.046001
7.73 0.063317
7.74 0.088696
7.75 0.11006
7.76 0.13033
7.77 0.14712
7.78 0.16677
7.79 0.18442
7.8 0.20295
7.81 0.21828
7.82 0.23422
7.83 0.24028
7.84 0.23862
7.85 0.14205
7.86 -0.011406
7.87 -0.14262
7.88 -0.27865
7.89 -0.3609
7.9 -0.38491
7.91 -0.4004
7.92 -0.40159
7.93 -0.38978
7.94 -0.35667
7.95 -0.29832
7.96 -0.18254
7.97 -0.058704
7.98 0.04504
7.99 0.08366
8 0.070351
8.01 0.030855
8.02 -0.0067418
8.03 -0.012951
8.04 0.0023174
8.05 0.031735
8.06 0.054778
8.07 0.059298
8.08 0.050709
8.09 0.027649
8.1 -0.0065013
8.11 -0.027199
8.12 -0.051603
8.13 -0.079915
8.14 -0.10341
8.15 -0.11298
8.16 -0.098433
8.17 -0.054686
8.18 -0.003586
8.19 0.031932
8.2 0.053925
8.21 0.070381
8.22 0.091686
8.23 0.12468
8.24 0.16689
8.25 0.20906
8.26 0.24153
8.27 0.26308
8.28 0.27211
8.29 0.2559
8.3 0.21626
8.31 0.1486
8.32 0.078739
8.33 0.02393
8.34 -0.015871
8.35 -0.03799
8.36 -0.048432
8.37 -0.041815
8.38 -0.020174
8.39 0.0075178
8.4 0.02841
8.41 0.040433
8.42 0.048724
8.43 0.055926
8.44 0.064865
8.45 0.07626
8.46 0.084411
8.47 0.089445
8.48 0.089283
8.49 0.08552
8.5 0.078716
8.51 0.063634
8.52 0.031785
8.53 -0.014381
8.54 -0.053208
8.55 -0.077008
8.56 -0.098502
8.57 -0.10925
8.58 -0.11239
8.59 -0.10962
8.6 -0.10774
8.61 -0.11168
8.62 -0.12131
8.63 -0.13178
8.64 -0.14531
8.65 -0.15497
8.66 -0.162
8.67 -0.17822
8.68 -0.19032
8.69 -0.18646
8.7 -0.17479
8.71 -0.15186
8.72 -0.12015
8.73 -0.086792
8.74 -0.053903
8.75 -0.017836
8.76 0.018669
8.77 0.042977
8.78 0.059741
8.79 0.072428
8.8 0.077164
8.81 0.075504
8.82 0.066954
8.83 0.058623
8.84 0.058622
8.85 0.070776
8.86 0.086567
8.87 0.10225
8.88 0.12442
8.89 0.16393
8.9 0.19676
8.91 0.22193
8.92 0.24115
8.93 0.24256
8.94 0.21165
8.95 0.14624
8.96 0.073972
8.97 0.015516
8.98 -0.041435
8.99 -0.09306
9 -0.12849
9.01 -0.16463
9.02 -0.1932
9.03 -0.20916
9.04 -0.21766
9.05 -0.22299
9.06 -0.22451
9.07 -0.22113
9.08 -0.21299
9.09 -0.18958
9.1 -0.15124
9.11 -0.12021
9.12 -0.093705
9.13 -0.065259
9.14 -0.030584
9.15 0.0030468
9.16 0.034026
9.17 0.045578
9.18 0.046615
9.19 0.047433
9.2 0.0528
9.21 0.063282
9.22 0.081666
9.23 0.10923
9.24 0.14007
9.25 0.14774
9.26 0.13893
9.27 0.11375
9.28 0.074342
9.29 0.039638
9.3 0.020238
9.31 0.0078779
9.32 -0.013947
9.33 -0.052879
9.34 -0.10654
9.35 -0.1605
9.36 -0.20102
9.37 -0.22077
9.38 -0.22588
9.39 -0.21538
9.4 -0.17966
9.41 -0.13331
9.42 -0.087283
9.43 -0.036691
9.44 0.013103
9.45 0.046929
9.46 0.067597
9.47 0.07987
9.48 0.077553
9.49 0.067711
9.5 0.061254
9.51 0.060178
9.52 0.063026
9.53 0.06434
9.54 0.061526
9.55 0.053507
9.56 0.045208
9.57 0.037203
9.58 0.029486
9.59 0.025549
9.6 0.029336
9.61 0.039892
9.62 0.061748
9.63 0.090043
9.64 0.11965
9.65 0.14455
9.66 0.17068
9.67 0.18264
9.68 0.17035
9.69 0.1257
9.7 0.065199
9.71 0.018625
9.72 -0.021417
9.73 -0.046335
9.74 -0.052957
9.75 -0.05329
9.76 -0.058456
9.77 -0.067236
9.78 -0.078807
9.79 -0.086942
9.8 -0.086099
9.81 -0.084722
9.82 -0.087599
9.83 -0.10339
9.84 -0.13041
9.85 -0.17018
9.86 -0.21375
9.87 -0.23609
9.88 -0.23144
9.89 -0.21205
9.9 -0.16307
9.91 -0.09824
9.92 -0.042618
9.93 -0.0207
9.94 -0.023553
9.95 -0.035055
9.96 -0.056638
9.97 -0.084043
9.98 -0.10737
9.99 -0.12533
10 -0.13793
10.01 -0.1377
10.02 -0.12688
10.03 -0.097806
10.04 -0.064522
10.05 -0.036343
10.06 -0.017843
10.07 -0.013291
10.08 -0.011079
10.09 0.00038461
10.1 0.022229
10.11 0.046474
10.12 0.071604
10.13 0.095486
10.14 0.10988
10.15 0.11539
10.16 0.1181
10.17 0.11663
10.18 0.11089
10.19 0.09705
10.2 0.070682
10.21 0.034474
10.22 0.0053213
10.23 -0.0018835
10.24 0.0043755
10.25 0.016682
10.26 0.03858
10.27 0.053754
10.28 0.060367
10.29 0.066154
10.3 0.07329
10.31 0.080044
10.32 0.084949
10.33 0.082747
10.34 0.073943
10.35 0.065455
10.36 0.065054
10.37 0.079716
10.38 0.1084
10.39 0.14218
10.4 0.17038
10.41 0.18874
10.42 0.19421
10.43 0.18951
10.44 0.17375
10.45 0.14662
10.46 0.12811
10.47 0.11606
10.48 0.099799
10.49 0.085351
10.5 0.076124
10.51 0.067904
10.52 0.056013
10.53 0.042774
10.54 0.025078
10.55 0.0063074
10.56 -0.0025392
10.57 -0.0027982
10.58 0.0057892
10.59 0.019922
10.6 0.04195
10.61 0.064844
10.62 0.090216
10.63 0.11477
10.64 0.12777
10.65 0.13009
10.66 0.12786
10.67 0.11338
10.68 0.08551
10.69 0.053847
10.7 0.020745
10.71 -0.0040003
10.72 -0.013556
10.73 -0.011656
10.74 -0.0015131
10.75 0.014782
10.76 0.034106
10.77 0.050854
10.78 0.059836
10.79 0.060098
10.8 0.05527
10.81 0.045368
10.82 0.02582
10.83 0.0018645
10.84 -0.024102
10.85 -0.052533
10.86 -0.080187
10.87 -0.10719
10.88 -0.13094
10.89 -0.15015
10.9 -0.16414
10.91 -0.17358
10.92 -0.18411
10.93 -0.19414
10.94 -0.1995
10.95 -0.20117
10.96 -0.20037
10.97 -0.19633
10.98 -0.18728
10.99 -0.16843
11 -0.14411
11.01 -0.11423
11.02 -0.088276
11.03 -0.078857
11.04 -0.081587
11.05 -0.097322
11.06 -0.12248
11.07 -0.14765
11.08 -0.16451
11.09 -0.17522
11.1 -0.18283
11.11 -0.18506
11.12 -0.18061
11.13 -0.16261
11.14 -0.1287
11.15 -0.086448
11.16 -0.052608
11.17 -0.031734
11.18 -0.02416
11.19 -0.021619
11.2 -0.019522
11.21 -0.017104
11.22 -0.015461
11.23 -0.011371
11.24 -0.0079661
11.25 -0.00072754
11.26 0.014776
11.27 0.032827
11.28 0.048039
11.29 0.05407
11.3 0.053779
11.31 0.045605
11.32 0.02759
11.33 0.010787
11.34 0.0042072
11.35 0.00066718
11.36 -0.00333
11.37 -0.0075111
11.38 -0.0024168
11.39 0.014188
11.4 0.0351
11.41 0.050629
11.42 0.060335
11.43 0.075652
11.44 0.093418
11.45 0.11288
11.46 0.13456
11.47 0.15094
11.48 0.15591
11.49 0.15196
11.5 0.14106
11.51 0.12704
11.52 0.11406
11.53 0.10427
11.54 0.097203
11.55 0.090713
11.56 0.083336
11.57 0.075208
11.58 0.071675
11.59 0.073763
11.6 0.079801
11.61 0.087137
11.62 0.091347
11.63 0.095297
11.64 0.099417
11.65 0.10141
11.66 0.10552
11.67 0.10389
11.68 0.09385
11.69 0.07931
11.7 0.058776
11.71 0.034223
11.72 0.019927
11.73 0.010229
11.74 -0.0015286
11.75 -0.016002
11.76 -0.028155
11.77 -0.033757
11.78 -0.037971
11.79 -0.041448
11.8 -0.042098
11.81 -0.044303
11.82 -0.050605
11.83 -0.057541
11.84 -0.062063
11.85 -0.063164
11.86 -0.058779
11.87 -0.056071
11.88 -0.055654
11.89 -0.05529
11.9 -0.055461
11.91 -0.057055
11.92 -0.062667
11.93 -0.073096
11.94 -0.082903
11.95 -0.085687
11.96 -0.085678
11.97 -0.082825
11.98 -0.08005
11.99 -0.074954
12 -0.066355
12.01 -0.051295
12.02 -0.033788
12.03 -0.017144
12.04 -0.0057817
12.05 -0.003811
12.06 -0.006719
12.07 -0.015249
12.08 -0.024973
12.09 -0.032298
12.1 -0.039124
12.11 -0.045732
12.12 -0.054198
12.13 -0.063272
12.14 -0.067075
12.15 -0.065149
12.16 -0.061365
12.17 -0.053075
12.18 -0.047803
12.19 -0.04673
12.2 -0.048828
12.21 -0.04827
12.22 -0.048399
12.23 -0.045759
12.24 -0.045278
12.25 -0.046616
12.26 -0.048556
12.27 -0.046018
12.28 -0.04204
12.29 -0.039731
12.3 -0.035436
12.31 -0.031517
12.32 -0.030928
12.33 -0.02989
12.34 -0.031047
12.35 -0.03276
12.36 -0.035257
12.37 -0.038846
12.38 -0.037216
12.39 -0.028005
12.4 -0.015252
12.41 -0.0025998
12.42 0.0088627
12.43 0.015751
12.44 0.020281
12.45 0.021961
12.46 0.023648
12.47 0.026377
12.48 0.024025
12.49 0.020854
12.5 0.018851
12.51 0.018905
12.52 0.024034
12.53 0.037797
12.54 0.055286
12.55 0.068081
12.56 0.078805
12.57 0.086875
12.58 0.092755
12.59 0.096947
12.6 0.098113
12.61 0.10058
12.62 0.10241
12.63 0.10346
12.64 0.10034
12.65 0.085426
12.66 0.059467
12.67 0.034293
12.68 0.015256
12.69 0.0066411
12.7 0.0037146
12.71 0.00086852
12.72 0.00087995
12.73 0.0021241
12.74 0.0091511
12.75 0.017329
12.76 0.030888
12.77 0.044883
12.78 0.057972
12.79 0.069368
12.8 0.079151
12.81 0.08556
12.82 0.0829
12.83 0.076553
12.84 0.067069
12.85 0.056286
12.86 0.043123
12.87 0.024029
12.88 0.0034608
12.89 -0.014753
12.9 -0.024106
12.91 -0.025199
12.92 -0.022756
12.93 -0.018459
12.94 -0.017984
12.95 -0.02028
12.96 -0.022901
12.97 -0.023508
12.98 -0.021853
12.99 -0.014909
13 -0.0070787
13.01 -0.0011287
13.02 -0.0030308
13.03 -0.0055777
13.04 -0.009475
13.05 -0.0146
13.06 -0.017815
13.07 -0.020105
13.08 -0.021955
13.09 -0.024492
13.1 -0.027456
13.11 -0.032534
13.12 -0.037571
13.13 -0.037192
13.14 -0.033235
13.15 -0.02553
13.16 -0.01391
13.17 -0.0065314
13.18 -0.00085964
13.19 0.0060569
13.2 0.015584
13.21 0.028462
13.22 0.040357
13.23 0.05014
13.24 0.054128
13.25 0.050493
13.26 0.031964
13.27 0.011722
13.28 0.0030033
13.29 0.0025113
13.3 0.013935
13.31 0.033829
13.32 0.054668
13.33 0.075788
13.34 0.089463
13.35 0.096392
13.36 0.095062
13.37 0.088658
13.38 0.073211
13.39 0.049119
13.4 0.026604
13.41 0.013982
13.42 0.01533
13.43 0.025497
13.44 0.044243
13.45 0.062067
13.46 0.077054
13.47 0.084946
13.48 0.092275
13.49 0.099433
13.5 0.10433
13.51 0.10493
13.52 0.10329
13.53 0.09814
13.54 0.083473
13.55 0.058104
13.56 0.033952
13.57 0.0117
13.58 0.0012062
13.59 -6.8731e-005
13.6 0.0039895
13.61 0.0062204
13.62 0.0026085
13.63 -0.0045287
13.64 -0.010682
13.65 -0.01185
13.66 -0.0049257
13.67 0.0059723
13.68 0.010184
13.69 0.010514
13.7 0.0062105
13.71 -0.0039209
13.72 -0.014113
13.73 -0.018977
13.74 -0.01998
13.75 -0.016507
13.76 -0.013288
13.77 -0.013094
13.78 -0.014556
13.79 -0.015282
13.8 -0.013849
13.81 -0.010125
13.82 -0.0093628
13.83 -0.010197
13.84 -0.014222
13.85 -0.02443
13.86 -0.034506
13.87 -0.045797
13.88 -0.052723
13.89 -0.055427
13.9 -0.055177
13.91 -0.054308
13.92 -0.055401
13.93 -0.055474
13.94 -0.054167
13.95 -0.048817
13.96 -0.036876
13.97 -0.024234
13.98 -0.015737
13.99 -0.015438
14 -0.020778
14.01 -0.028969
14.02 -0.035991
14.03 -0.038592
14.04 -0.038655
14.05 -0.036784
14.06 -0.036479
14.07 -0.039362
14.08 -0.044393
14.09 -0.050063
14.1 -0.053389
14.11 -0.053299
14.12 -0.051188
14.13 -0.051552
14.14 -0.055604
14.15 -0.05899
14.16 -0.060187
14.17 -0.059155
14.18 -0.055776
14.19 -0.046026
14.2 -0.029125
14.21 -0.011641
14.22 0.00010929
14.23 0.0094855
14.24 0.016368
14.25 0.021903
14.26 0.027154
14.27 0.029465
14.28 0.031235
14.29 0.035843
14.3 0.041112
14.31 0.041866
14.32 0.037444
14.33 0.024725
14.34 0.0004773
14.35 -0.024379
14.36 -0.048358
14.37 -0.070408
14.38 -0.078901
14.39 -0.073437
14.4 -0.061707
14.41 -0.050132
14.42 -0.041771
14.43 -0.033084
14.44 -0.0227
14.45 -0.011174
14.46 0.0051796
14.47 0.023585
14.48 0.037909
14.49 0.045778
14.5 0.04618
14.51 0.039068
14.52 0.032866
14.53 0.024344
14.54 0.014817
14.55 -0.00079245
14.56 -0.021873
14.57 -0.041516
14.58 -0.061386
14.59 -0.076951
14.6 -0.087594
14.61 -0.098191
14.62 -0.10687
14.63 -0.10798
14.64 -0.10662
14.65 -0.098167
14.66 -0.085246
14.67 -0.067243
14.68 -0.052763
14.69 -0.044034
14.7 -0.039416
14.71 -0.039052
14.72 -0.039271
14.73 -0.043473
14.74 -0.053043
14.75 -0.06293
14.76 -0.06993
14.77 -0.077842
14.78 -0.086232
14.79 -0.093736
14.8 -0.098087
14.81 -0.10214
14.82 -0.10747
14.83 -0.11174
14.84 -0.11413
14.85 -0.1146
14.86 -0.11136
14.87 -0.10477
14.88 -0.096528
14.89 -0.086955
14.9 -0.07711
14.91 -0.070747
14.92 -0.067836
14.93 -0.06489
14.94 -0.059265
14.95 -0.049638
14.96 -0.037924
14.97 -0.02197
14.98 -0.010147
14.99 0.00071584
15 0.012624
15.01 0.022201
15.02 0.029995
15.03 0.034474
15.04 0.034476
15.05 0.030428
15.06 0.023237
15.07 0.015943
15.08 0.011424
15.09 0.0090646
15.1 0.0095539
15.11 0.012045
15.12 0.015789
15.13 0.022349
15.14 0.032946
15.15 0.044026
15.16 0.059685
15.17 0.077403
15.18 0.092412
15.19 0.09792
15.2 0.097808
15.21 0.095193
15.22 0.088751
15.23 0.081475
15.24 0.076265
15.25 0.075809
15.26 0.079902
15.27 0.086994
15.28 0.093524
15.29 0.098133
15.3 0.1002
15.31 0.10068
15.32 0.099404
15.33 0.096141
15.34 0.094232
15.35 0.094716
15.36 0.092794
15.37 0.089011
15.38 0.085006
15.39 0.081747
15.4 0.076101
15.41 0.067873
15.42 0.056885
15.43 0.051526
15.44 0.050065
15.45 0.052721
15.46 0.058929
15.47 0.065874
15.48 0.069652
15.49 0.070551
15.5 0.071239
15.51 0.070333
15.52 0.067418
15.53 0.06589
15.54 0.067145
15.55 0.07195
15.56 0.079481
15.57 0.086519
15.58 0.090369
15.59 0.090938
15.6 0.089062
15.61 0.085312
15.62 0.079301
15.63 0.071837
15.64 0.065879
15.65 0.061167
15.66 0.057814
15.67 0.048536
15.68 0.035095
15.69 0.026473
15.7 0.024827
15.71 0.020263
15.72 0.01682
15.73 0.015344
15.74 0.010591
15.75 -0.00039444
15.76 -0.011127
15.77 -0.02178
15.78 -0.027637
15.79 -0.028283
15.8 -0.022723
15.81 -0.01317
15.82 -0.0046893
15.83 0.0043985
15.84 0.014436
15.85 0.020553
15.86 0.023529
15.87 0.024835
15.88 0.025106
15.89 0.02551
15.9 0.026153
15.91 0.024435
15.92 0.021796
15.93 0.016026
15.94 0.0097294
15.95 0.0028742
15.96 -0.0051486
15.97 -0.014101
15.98 -0.026487
15.99 -0.039035
16 -0.054114
16.01 -0.071894
16.02 -0.089114
16.03 -0.10095
16.04 -0.11009
16.05 -0.11831
16.06 -0.12145
16.07 -0.12267
16.08 -0.11888
16.09 -0.11272
16.1 -0.10587
16.11 -0.10043
16.12 -0.099064
16.13 -0.099012
16.14 -0.10009
16.15 -0.10048
16.16 -0.10017
16.17 -0.10034
16.18 -0.10012
16.19 -0.093417
16.2 -0.081363
16.21 -0.064195
16.22 -0.046627
16.23 -0.02766
16.24 -0.010053
16.25 -0.0009165
16.26 0.0011673
16.27 -0.0019056
16.28 -0.011965
16.29 -0.024318
16.3 -0.038535
16.31 -0.045369
16.32 -0.041178
16.33 -0.032755
16.34 -0.017763
16.35 -0.0021109
16.36 0.0090492
16.37 0.011306
16.38 0.0055258
16.39 -0.0021214
16.4 -0.0091378
16.41 -0.010013
16.42 -0.0072465
16.43 0.00098433
16.44 0.013155
16.45 0.025272
16.46 0.036515
16.47 0.048063
16.48 0.056263
16.49 0.061184
16.5 0.060552
16.51 0.054553
16.52 0.04441
16.53 0.028101
16.54 0.013838
16.55 0.0034244
16.56 -0.0065262
16.57 -0.014101
16.58 -0.020635
16.59 -0.023554
16.6 -0.024972
16.61 -0.026127
16.62 -0.029342
16.63 -0.032871
16.64 -0.035375
16.65 -0.037453
16.66 -0.032271
16.67 -0.023578
16.68 -0.015224
16.69 -0.0020118
16.7 0.010512
16.71 0.015547
16.72 0.016926
16.73 0.015412
16.74 0.012786
16.75 0.0075607
16.76 0.0027711
16.77 -0.0012658
16.78 -0.004283
16.79 -0.0054086
16.8 -0.0032557
16.81 0.001525
16.82 0.0061175
16.83 0.010693
16.84 0.015856
16.85 0.019434
16.86 0.021463
16.87 0.021267
16.88 0.015571
16.89 0.0084733
16.9 0.0011353
16.91 -0.0028922
16.92 -0.0023101
16.93 0.0017479
16.94 0.0075317
16.95 0.012247
16.96 0.012403
16.97 0.013077
16.98 0.012596
16.99 0.013111
17 0.015014
17.01 0.016114
17.02 0.017531
17.03 0.017612
17.04 0.017357
17.05 0.016062
17.06 0.01125
17.07 0.0032906
17.08 -0.0065183
17.09 -0.014699
17.1 -0.019136
17.11 -0.02027
17.12 -0.017261
17.13 -0.01059
17.14 -0.0013959
17.15 0.0099419
17.16 0.020139
17.17 0.026805
17.18 0.027575
17.19 0.02381
17.2 0.018387
17.21 0.015039
17.22 0.015775
17.23 0.018844
17.24 0.029316
17.25 0.04329
17.26 0.057808
17.27 0.071677
17.28 0.080415
17.29 0.088301
17.3 0.094296
17.31 0.095624
17.32 0.094596
17.33 0.092186
17.34 0.087729
17.35 0.085438
17.36 0.084168
17.37 0.08372
17.38 0.084169
17.39 0.082236
17.4 0.082121
17.41 0.079761
17.42 0.076756
17.43 0.075305
17.44 0.073751
17.45 0.071982
17.46 0.070303
17.47 0.06721
17.48 0.061095
17.49 0.055736
17.5 0.051322
17.51 0.045353
17.52 0.040566
17.53 0.034836
17.54 0.024935
17.55 0.015691
17.56 0.0072885
17.57 -8.0142e-005
17.58 -0.0079819
17.59 -0.017512
17.6 -0.026441
17.61 -0.033674
17.62 -0.040177
17.63 -0.044033
17.64 -0.041823
17.65 -0.037481
17.66 -0.033324
17.67 -0.030754
17.68 -0.032743
17.69 -0.03662
17.7 -0.038823
17.71 -0.042226
17.72 -0.046585
17.73 -0.053813
17.74 -0.061784
17.75 -0.067164
17.76 -0.069125
17.77 -0.066585
17.78 -0.060337
17.79 -0.052458
17.8 -0.042772
17.81 -0.034922
17.82 -0.032071
17.83 -0.031095
17.84 -0.027642
17.85 -0.02314
17.86 -0.020334
17.87 -0.011734
17.88 -0.0042473
17.89 0.0092446
17.9 0.028527
17.91 0.045461
17.92 0.062356
17.93 0.075922
17.94 0.085134
17.95 0.091321
17.96 0.093547
17.97 0.092522
17.98 0.090687
17.99 0.088636
18 0.088083
18.01 0.086403
18.02 0.084487
18.03 0.085028
18.04 0.087088
18.05 0.090234
18.06 0.094045
18.07 0.097331
18.08 0.10041
18.09 0.10384
18.1 0.10719
18.11 0.10695
18.12 0.10616
18.13 0.10293
18.14 0.096097
18.15 0.086552
18.16 0.079162
18.17 0.069419
18.18 0.057351
18.19 0.04717
18.2 0.036346
18.21 0.025188
18.22 0.015563
18.23 0.0089251
18.24 0.0051402
18.25 0.0016416
18.26 -0.0023568
18.27 -0.007281
18.28 -0.013451
18.29 -0.019788
18.3 -0.026229
18.31 -0.032491
18.32 -0.039274
18.33 -0.048821
18.34 -0.060646
18.35 -0.066785
18.36 -0.069619
18.37 -0.073227
18.38 -0.076627
18.39 -0.080788
18.4 -0.085569
18.41 -0.093966
18.42 -0.10335
18.43 -0.11099
18.44 -0.11636
18.45 -0.12167
18.46 -0.12743
18.47 -0.13279
18.48 -0.14072
18.49 -0.14697
18.5 -0.15266
18.51 -0.1556
18.52 -0.1575
18.53 -0.15813
18.54 -0.15916
18.55 -0.16013
18.56 -0.16011
18.57 -0.15865
18.58 -0.15452
18.59 -0.14956
18.6 -0.14317
18.61 -0.13944
18.62 -0.1403
18.63 -0.14231
18.64 -0.14362
18.65 -0.14635
18.66 -0.14791
18.67 -0.14783
18.68 -0.15288
18.69 -0.15592
18.7 -0.15499
18.71 -0.15315
18.72 -0.14946
18.73 -0.1431
18.74 -0.13512
18.75 -0.12691
18.76 -0.11953
18.77 -0.11464
18.78 -0.11067
18.79 -0.10731
18.8 -0.10473
18.81 -0.1036
18.82 -0.10331
18.83 -0.10404
18.84 -0.10178
18.85 -0.095454
18.86 -0.089712
18.87 -0.082488
18.88 -0.075614
18.89 -0.069955
18.9 -0.065883
18.91 -0.0604
18.92 -0.053014
18.93 -0.045087
18.94 -0.038046
18.95 -0.032538
18.96 -0.027798
18.97 -0.024913
18.98 -0.023166
18.99 -0.019246
19 -0.01675
19.01 -0.016642
19.02 -0.015838
19.03 -0.013426
19.04 -0.0109
19.05 -0.0078791
19.06 -0.0024049
19.07 0.002576
19.08 0.0087201
19.09 0.013706
19.1 0.020839
19.11 0.031595
19.12 0.040416
19.13 0.046508
19.14 0.049021
19.15 0.046955
19.16 0.042221
19.17 0.032734
19.18 0.019794
19.19 0.0083606
19.2 -0.0069103
19.21 -0.019086
19.22 -0.023242
19.23 -0.024378
19.24 -0.02009
19.25 -0.011923
19.26 -0.0012139
19.27 0.0071367
19.28 0.013186
19.29 0.016754
19.3 0.021894
19.31 0.023782
19.32 0.023701
19.33 0.022108
19.34 0.019257
19.35 0.015638
19.36 0.011433
19.37 0.010049
19.38 0.010984
19.39 0.012635
19.4 0.014863
19.41 0.016521
19.42 0.02014
19.43 0.02262
19.44 0.027544
19.45 0.032251
19.46 0.037424
19.47 0.042765
19.48 0.045738
19.49 0.0472
19.5 0.047714
19.51 0.04759
19.52 0.047109
19.53 0.048026
19.54 0.050549
19.55 0.051829
19.56 0.053348
19.57 0.054796
19.58 0.056219
19.59 0.05667
19.6 0.054242
19.61 0.052467
19.62 0.049035
19.63 0.047036
19.64 0.045744
19.65 0.043847
19.66 0.045663
19.67 0.045799
19.68 0.043399
19.69 0.041616
19.7 0.04186
19.71 0.041608
19.72 0.040612
19.73 0.040695
19.74 0.054907
19.75 0.056728
19.76 0.059309
19.77 0.060479
19.78 0.061535
19.79 0.063243
19.8 0.064242
19.81 0.065242
19.82 0.063485
19.83 0.061748
19.84 0.060513
19.85 0.060592
19.86 0.060454
19.87 0.062235
19.88 0.067108
19.89 0.07489
19.9 0.083225
19.91 0.091596
19.92 0.10227
19.93 0.10992
19.94 0.11344
19.95 0.11731
19.96 0.11732
19.97 0.11488
19.98 0.10797
19.99 0.099177
20 0.08869
20.01 0.078854
20.02 0.0705
20.03 0.064837
20.04 0.061129
20.05 0.057052
20.06 0.055166
20.07 0.055848
20.08 0.057216
20.09 0.057818
20.1 0.061567
20.11 0.063707
20.12 0.065175
20.13 0.064511
20.14 0.062479
20.15 0.060569
20.16 0.05676
20.17 0.0526
20.18 0.046283
20.19 0.040258
20.2 0.034457
20.21 0.031519
20.22 0.028713
20.23 0.029792
20.24 0.033211
20.25 0.037378
20.26 0.041512
20.27 0.046164
20.28 0.048709
20.29 0.047989
20.3 0.045838
20.31 0.042719
20.32 0.037436
20.33 0.030016
20.34 0.022231
20.35 0.013807
20.36 0.0085672
20.37 0.0048266
20.38 0.0025506
20.39 0.0014856
20.4 -0.00042872
20.41 -0.0023932
20.42 -0.0045344
20.43 -0.0044624
20.44 -0.003671
20.45 -0.0011689
20.46 0.0017218
20.47 0.0048167
20.48 0.0074147
20.49 0.011398
20.5 0.016226
20.51 0.02216
20.52 0.026622
20.53 0.029308
20.54 0.029169
20.55 0.02796
20.56 0.026023
20.57 0.023571
20.58 0.021122
20.59 0.017884
20.6 0.015756
20.61 0.014543
20.62 0.013291
20.63 0.013306
20.64 0.012066
20.65 0.0093773
20.66 0.0074046
20.67 0.0031679
20.68 -0.0014134
20.69 -0.0033059
20.7 -0.002244
20.71 0.00020363
20.72 0.0022895
20.73 0.0029467
20.74 0.003256
20.75 0.0029298
20.76 0.0025096
20.77 0.0011136
20.78 -0.0011276
20.79 -0.0044448
20.8 -0.0079884
20.81 -0.012038
20.82 -0.016901
20.83 -0.0212
20.84 -0.024495
20.85 -0.028239
20.86 -0.032503
20.87 -0.037597
20.88 -0.043221
20.89 -0.047782
20.9 -0.051061
20.91 -0.053931
20.92 -0.055854
20.93 -0.057112
20.94 -0.058589
20.95 -0.059167
20.96 -0.059151
20.97 -0.057375
20.98 -0.055198
20.99 -0.052166
21 -0.050176
21.01 -0.048305
21.02 -0.047318
21.03 -0.046337
21.04 -0.045303
21.05 -0.044415
21.06 -0.043286
21.07 -0.042421
21.08 -0.041457
21.09 -0.040596
21.1 -0.039625
21.11 -0.038839
21.12 -0.038037
21.13 -0.037338
21.14 -0.036393
21.15 -0.035381
21.16 -0.033909
21.17 -0.032493
21.18 -0.031188
21.19 -0.029975
21.2 -0.028908
21.21 -0.027624
21.22 -0.026489
21.23 -0.025321
21.24 -0.024006
21.25 -0.023134
21.26 -0.022304
21.27 -0.021866
21.28 -0.021594
21.29 -0.021421
21.3 -0.021134
21.31 -0.020644
21.32 -0.020437
21.33 -0.020491
21.34 -0.020256
21.35 -0.019871
21.36 -0.019248
21.37 -0.018547
21.38 -0.017777
21.39 -0.016972
21.4 -0.016194
21.41 -0.01528
21.42 -0.014308
21.43 -0.013396
21.44 -0.012357
21.45 -0.011411
21.46 -0.010571
21.47 -0.0097368
21.48 -0.0088987
21.49 -0.0080882
21.5 -0.0073574
21.51 -0.0066653
21.52 -0.0060203
21.53 -0.0053912
21.54 -0.0047361
21.55 -0.0040413
21.56 -0.0032971
21.57 -0.0025842
21.58 -0.0019235
21.59 -0.0013178
21.6 -0.00074989
21.61 -0.00023034
21.62 0.00024128
21.63 0.00067615
21.64 0.0010945
21.65 0.0014879
21.66 0.0018699
21.67 0.0022508
21.68 0.0026226
21.69 0.0029974
21.7 0.0033707
21.71 0.0037383
21.72 0.0040929
21.73 0.0044352
21.74 0.0047667
21.75 0.0050859
21.76 0.0053907
21.77 0.0056807
21.78 0.0059542
21.79 0.0062117
21.8 0.0064523
21.81 0.0066753
21.82 0.0068799
21.83 0.0070663
21.84 0.0072346
21.85 0.0073849
21.86 0.0075174
21.87 0.0076324
21.88 0.00773
21.89 0.0078104
21.9 0.0078737
