0.02 -5.054e-006
0.04 1.7573e-005
0.06 2.1389e-006
0.08 3.5135e-005
0.1 1.0292e-006
0.12 7.0934e-005
0.14 2.6472e-007
0.16 -8.9914e-005
0.18 6.272e-005
0.2 0.00026255
0.22 -0.00020747
0.24 -0.00021687
0.26 0.00049915
0.28 0.00033956
0.3 -0.00016954
0.32 0.00039411
0.34 0.00038907
0.36 -0.00031636
0.38 0.00026023
0.4 0.00024513
0.42 -0.00017581
0.44 -0.00055674
0.46 -0.00020703
0.48 0.00023544
0.5 0.00067214
0.52 -0.00048257
0.54 -0.00029914
0.56 0.0013778
0.58 0.00045674
0.6 -0.0017847
0.62 -0.0029654
0.64 -0.0014036
0.66 0.0024419
0.68 0.00013744
0.7 -0.0028223
0.72 -0.0023398
0.74 0.0030829
0.76 0.0065087
0.78 -0.0056199
0.8 -0.0093221
0.82 0.0073721
0.84 0.0041013
0.86 -0.0045179
0.88 -0.00044666
0.9 0.0035741
0.92 -0.0055753
0.94 0.0034422
0.96 0.011791
0.98 -0.009149
1 0.00065123
1.02 0.0025769
1.04 0.0026161
1.06 0.0071968
1.08 -0.017353
1.1 -0.010405
1.12 0.015894
1.14 0.015716
1.16 -0.026213
1.18 -0.016542
1.2 0.029403
1.22 0.013845
1.24 -0.024043
1.26 -0.0032255
1.28 0.014258
1.3 -0.004428
1.32 -0.0065867
1.34 0.0040637
1.36 0.00052709
1.38 -0.0049664
1.4 0.011563
1.42 0.022495
1.44 -0.012126
1.46 -0.023527
1.48 0.0022284
1.5 0.018572
1.52 -0.012366
1.54 -0.02722
1.56 0.019925
1.58 0.023608
1.6 -0.0025902
1.62 -0.017697
1.64 -0.013489
1.66 -0.0043238
1.68 -0.0038224
1.7 0.018323
1.72 0.0095547
1.74 -0.0084703
1.76 0.014957
1.78 0.020745
1.8 -0.0053047
1.82 -0.0073668
1.84 -0.013362
1.86 -0.0053338
1.88 0.00049504
1.9 -0.0050685
1.92 -0.023843
1.94 0.0098708
1.96 0.03818
1.98 0.0055812
2 -0.01942
2.02 -0.0023749
2.04 -0.0016507
2.06 0.00075569
2.08 -0.0050631
2.1 0.00034484
2.12 0.018286
2.14 -0.011756
2.16 -0.0021328
2.18 0.010759
2.2 -0.0070774
2.22 -0.013366
2.24 -0.0063456
2.26 0.0034515
2.28 0.0046447
2.3 0.01452
2.32 -0.016052
2.34 -0.0049133
2.36 0.012285
2.38 0.0010261
2.4 -0.0048779
2.42 0.0076175
2.44 -0.013961
2.46 -0.012985
2.48 0.012604
2.5 0.017511
2.52 -0.0069872
2.54 -0.00083908
2.56 -0.00097331
2.58 -0.0085594
2.6 -0.0059981
2.62 0.0032558
2.64 0.022473
2.66 -0.00027243
2.68 -0.038322
2.7 0.013673
2.72 0.013152
2.74 -0.0077874
2.76 0.010059
2.78 0.01071
2.8 0.017895
2.82 -0.027983
2.84 -0.014367
2.86 0.012357
2.88 0.024856
2.9 0.0095564
2.92 0.0026476
2.94 0.0081764
2.96 -0.0073885
2.98 -0.044765
3 -0.0086312
3.02 0.039705
3.04 -0.00056525
3.06 -0.019743
3.08 0.013485
3.1 -0.019672
3.12 -0.03619
3.14 0.027278
3.16 0.03048
3.18 0.0076795
3.2 0.0050182
3.22 -0.037894
3.24 -0.021086
3.26 0.034138
3.28 0.018335
3.3 0.0010327
3.32 -0.025172
3.34 -0.010284
3.36 0.01219
3.38 0.0013659
3.4 0.0027766
3.42 0.024764
3.44 0.0085465
3.46 -0.038215
3.48 -0.043073
3.5 0.01905
3.52 0.021305
3.54 0.015902
3.56 -0.011341
3.58 -0.016654
3.6 0.020252
3.62 0.01797
3.64 0.0082201
3.66 0.015177
3.68 0.01746
3.7 0.026923
3.72 0.020289
3.74 0.037549
3.76 0.049949
3.78 -0.00043088
3.8 -0.067826
3.82 -0.013462
3.84 0.099712
3.86 0.12419
3.88 0.091741
3.9 0.047469
3.92 -0.085029
3.94 -0.26058
3.96 -0.28271
3.98 -0.18329
4 0.040645
4.02 0.20972
4.04 0.14426
4.06 -0.12294
4.08 -0.26361
4.1 -0.070434
4.12 0.17727
4.14 0.25873
4.16 0.11409
4.18 -0.088274
4.2 -0.27528
4.22 -0.26536
4.24 -0.051032
4.26 0.32408
4.28 0.42
4.3 0.27238
4.32 0.11019
4.34 0.018189
4.36 0.046157
4.38 0.10829
4.4 0.11036
4.42 0.10485
4.44 0.022957
4.46 -0.13152
4.48 -0.19873
4.5 -0.22391
4.52 -0.28378
4.54 -0.36572
4.56 -0.38852
4.58 -0.30845
4.6 -0.078168
4.62 0.2634
4.64 0.30476
4.66 0.087061
4.68 -0.15996
4.7 -0.2813
4.72 -0.29077
4.74 -0.18464
4.76 0.099223
4.78 0.34416
4.8 0.37056
4.82 0.31929
4.84 0.0035122
4.86 -0.21856
4.88 0.0054251
4.9 0.22918
4.92 0.12461
4.94 0.08744
4.96 0.032669
4.98 -0.034938
5 -0.091776
5.02 -0.12188
5.04 -0.11927
5.06 -0.090478
5.08 -0.072781
5.1 -0.053405
5.12 -0.030882
5.14 -0.0085901
5.16 0.015273
5.18 0.088725
5.2 0.1453
5.22 0.10272
5.24 0.087525
5.26 0.080269
5.28 0.028354
5.3 -0.011516
5.32 0.0089544
5.34 0.051892
5.36 0.073267
5.38 0.07847
5.4 0.062136
5.42 0.03956
5.44 0.001047
5.46 -0.082888
5.48 -0.14944
5.5 -0.16707
5.52 -0.041108
5.54 0.19979
5.56 0.19251
5.58 0.023175
5.6 -0.15297
5.62 -0.24358
5.64 -0.23066
5.66 -0.14232
5.68 -0.044298
5.7 0.00049331
5.72 -0.034386
5.74 -0.073955
5.76 -0.03446
5.78 -0.0053435
5.8 0.052086
5.82 0.18499
5.84 0.28411
5.86 0.29411
5.88 0.19229
5.9 -0.053534
5.92 -0.18025
5.94 -0.068022
5.96 0.12323
5.98 0.1979
6 0.16108
6.02 0.016052
6.04 -0.17708
6.06 -0.19858
6.08 -0.12878
6.1 -0.010767
6.12 0.062584
6.14 -0.023715
6.16 -0.084824
6.18 -0.031636
6.2 0.12318
6.22 0.17163
6.24 0.09094
6.26 -0.05105
6.28 -0.10277
6.3 -0.044827
6.32 -0.014079
6.34 -0.00073151
6.36 0.023021
6.38 0.038822
6.4 0.037296
6.42 -0.028355
6.44 -0.068905
6.46 -0.041668
6.48 0.0045131
6.5 -0.015904
6.52 -0.048492
6.54 -0.043045
6.56 0.014683
6.58 0.067884
6.6 0.070059
6.62 0.064511
6.64 -0.0013749
6.66 -0.075561
6.68 -0.040389
6.7 -0.0010526
6.72 -0.018797
6.74 -0.07573
6.76 -0.11919
6.78 -0.11299
6.8 -0.074929
6.82 -0.068522
6.84 -0.023961
6.86 0.073416
6.88 0.083392
6.9 0.048715
6.92 0.018375
6.94 0.016086
6.96 0.015606
6.98 0.012665
7 0.023178
7.02 -0.0038831
7.04 -0.040441
7.06 -0.043107
7.08 -0.0079487
7.1 0.027844
7.12 0.0064622
7.14 -0.00047911
7.16 0.010716
7.18 0.029495
7.2 0.060272
7.22 0.037928
7.24 -0.023265
7.26 -0.0442
7.28 -0.030315
7.3 -0.044787
7.32 -0.032789
7.34 -0.029484
7.36 0.01451
7.38 0.070111
7.4 0.045332
7.42 0.024093
7.44 0.020923
7.46 -0.0021844
7.48 -0.011647
7.5 0.024295
7.52 0.047552
7.54 0.016123
7.56 0.0048522
7.58 0.017364
7.6 -0.0021129
7.62 -0.016652
7.64 0.0038577
7.66 -0.0053139
7.68 -0.038638
7.7 -0.060848
7.72 -0.033366
7.74 0.028248
7.76 0.058957
7.78 0.058146
7.8 0.019504
7.82 -0.024861
7.84 -0.049081
7.86 -0.059598
7.88 -0.039907
7.9 0.0043737
7.92 0.015126
7.94 -0.018767
7.96 -0.03206
7.98 -0.027759
8 -0.017989
8.02 0.0009075
8.04 0.019263
8.06 0.062986
8.08 0.083851
8.1 0.060015
8.12 0.031559
8.14 0.0046708
8.16 -0.011355
8.18 -0.018643
8.2 -0.054855
8.22 -0.069908
8.24 -0.030596
8.26 -0.0065966
8.28 -0.022686
8.3 -0.019
8.32 -0.012571
8.34 0.0089932
8.36 0.055859
8.38 0.063872
8.4 0.024041
8.42 -0.012141
8.44 -0.026582
8.46 0.0088643
8.48 0.036368
8.5 -0.0070676
8.52 -0.044312
8.54 -0.022556
8.56 -0.01906
8.58 -0.0067949
8.6 0.003003
8.62 0.018485
8.64 0.041679
8.66 0.046905
8.68 0.058462
8.7 0.055061
8.72 0.039961
8.74 0.035824
8.76 0.015555
8.78 0.0032097
8.8 0.0019091
8.82 -0.019961
8.84 -0.040635
8.86 -0.047985
8.88 -0.038193
8.9 -0.037952
8.92 -0.078516
8.94 -0.095816
8.96 -0.071133
8.98 0.00086764
9 0.084795
9.02 0.10068
9.04 0.056953
9.06 0.016611
9.08 0.0089721
9.1 -0.0022846
9.12 -0.035949
9.14 -0.056734
9.16 -0.041139
9.18 -0.035768
9.2 -0.037419
9.22 -0.033518
9.24 -0.022201
9.26 0.0063176
9.28 0.011362
9.3 0.011802
9.32 0.023792
9.34 0.032953
9.36 0.039772
9.38 0.04971
9.4 0.041814
9.42 0.0097846
9.44 -0.016643
9.46 -0.015617
9.48 0.017649
9.5 0.026495
9.52 -0.0063793
9.54 -0.03295
9.56 -0.0098638
9.58 0.0065335
9.6 -0.011583
9.62 -0.022548
9.64 -0.016307
9.66 -0.013418
9.68 -0.0076752
9.7 -0.0011127
9.72 0.0051529
9.74 0.017337
9.76 0.015236
9.78 -0.016663
9.8 -0.047305
9.82 -0.023232
9.84 0.032974
9.86 0.056998
9.88 0.030729
9.9 -0.013444
9.92 -0.035038
9.94 -0.038576
9.96 -0.057215
9.98 -0.064498
10 -0.049538
10.02 -0.030608
10.04 -0.022099
10.06 -0.0016909
10.08 0.019456
10.1 0.019103
10.12 0.011011
10.14 -0.0076448
10.16 -0.01477
10.18 0.0090416
10.2 0.06547
10.22 0.11787
10.24 0.12982
10.26 0.11373
10.28 0.088858
10.3 0.076957
10.32 0.077795
10.34 0.078724
10.36 0.064084
10.38 0.027422
10.4 -0.01388
10.42 -0.027364
10.44 -0.028782
10.46 -0.024479
10.48 -0.012989
10.5 -0.015271
10.52 -0.036985
10.54 -0.078403
10.56 -0.12279
10.58 -0.13552
10.6 -0.1183
10.62 -0.098295
10.64 -0.085248
10.66 -0.073031
10.68 -0.054688
10.7 -0.024707
10.72 0.01066
10.74 0.032474
10.76 0.048615
10.78 0.045861
10.8 0.037994
10.82 0.029692
10.84 0.022453
10.86 0.0317
10.88 0.049777
10.9 0.056133
10.92 0.033488
10.94 0.010436
10.96 0.0044041
10.98 -0.0044954
11 -0.031098
11.02 -0.048289
11.04 -0.034952
11.06 0.0069676
11.08 0.037803
11.1 0.028224
11.12 0.0096295
11.14 0.016823
11.16 0.034673
11.18 0.052209
11.2 0.063015
11.22 0.065286
11.24 0.04544
11.26 0.02778
11.28 0.021952
11.3 0.0087449
11.32 -0.015502
11.34 -0.016412
11.36 -0.0082116
11.38 -0.018067
11.4 -0.024286
11.42 -0.025233
11.44 -0.036542
11.46 -0.04794
11.48 -0.049446
11.5 -0.041329
11.52 -0.043879
11.54 -0.051701
11.56 -0.050847
11.58 -0.052115
11.6 -0.049494
11.62 -0.037444
11.64 -0.036339
11.66 -0.03531
11.68 -0.015244
11.7 0.0048285
11.72 0.0067529
11.74 0.010725
11.76 0.021315
11.78 0.01484
11.8 -0.0026871
11.82 -0.012992
11.84 -0.0054664
11.86 0.0053286
11.88 0.0091055
11.9 0.024504
11.92 0.049578
11.94 0.063999
11.96 0.058089
11.98 0.036748
12 0.022458
12.02 0.01157
12.04 -0.0076225
12.06 -0.010029
12.08 -0.013745
12.1 -0.013994
12.12 -0.004011
12.14 0.0011977
12.16 -0.00016987
12.18 -0.00084762
12.2 0.0051424
12.22 -0.012858
12.24 -0.041431
12.26 -0.038491
12.28 -0.0085223
12.3 0.016868
12.32 0.02852
12.34 0.043158
12.36 0.041403
12.38 0.032633
12.4 0.019439
12.42 -0.0036433
12.44 -0.015032
12.46 -0.010301
12.48 -0.018435
12.5 -0.035989
12.52 -0.0401
12.54 -0.033599
12.56 -0.024517
12.58 -0.017056
12.6 -0.0019553
12.62 0.024913
12.64 0.039395
12.66 0.012171
12.68 -0.010371
12.7 -0.002425
12.72 0.015128
12.74 0.040467
12.76 0.055678
12.78 0.042519
12.8 0.012298
12.82 -0.014371
12.84 -0.023609
12.86 -0.017769
12.88 -0.0041776
12.9 0.01287
12.92 0.028081
12.94 0.034593
12.96 0.037029
12.98 0.034754
13 0.019534
13.02 0.0092308
13.04 0.01292
13.06 0.01708
13.08 0.0050529
13.1 -0.0033248
13.12 -0.002019
13.14 0.00047308
13.16 -0.0052775
13.18 -0.01098
13.2 -0.006064
13.22 -0.01234
13.24 -0.025965
13.26 -0.034835
13.28 -0.033586
13.3 -0.034244
13.32 -0.027922
13.34 -0.014856
13.36 -0.011983
13.38 -0.015502
13.4 -0.021913
13.42 -0.034336
13.44 -0.03336
13.46 -0.013313
13.48 0.015243
13.5 0.034748
13.52 0.051405
13.54 0.063221
13.56 0.049685
13.58 0.019261
13.6 0.0096963
13.62 0.01134
13.64 0.0021849
13.66 0.0106
13.68 0.021108
13.7 0.0089583
13.72 -0.0092263
13.74 -0.011715
13.76 -5.1052e-006
13.78 0.0015072
13.8 -0.0024505
13.82 0.0074278
13.84 0.01364
13.86 0.0059449
13.88 -0.016951
13.9 -0.033568
13.92 -0.034735
13.94 -0.042892
13.96 -0.050532
13.98 -0.04287
14 -0.030656
14.02 -0.024972
14.04 -0.022706
14.06 -0.015232
14.08 -0.0076253
14.1 0.0012478
14.12 0.024672
14.14 0.024284
14.16 -0.0049331
14.18 -0.0039796
14.2 -0.0068021
14.22 -0.023364
14.24 -0.030545
14.26 -0.026588
14.28 -0.015358
14.3 -0.01101
14.32 -0.010323
14.34 -0.011392
14.36 -0.012483
14.38 -0.0063078
14.4 0.011151
14.42 0.02946
14.44 0.032108
14.46 0.027355
14.48 0.033757
14.5 0.039018
14.52 0.032831
14.54 0.018559
14.56 0.0032499
14.58 -0.0043704
14.6 -0.005667
14.62 0.012041
14.64 0.016013
14.66 0.0011449
14.68 -0.0024596
14.7 -0.0095793
14.72 -0.032586
14.74 -0.048274
14.76 -0.042362
14.78 -0.022132
14.8 -0.0033353
14.82 0.010948
14.84 0.017166
14.86 0.019331
14.88 0.021955
14.9 0.02814
14.92 0.032951
14.94 0.022771
14.96 -0.0015903
14.98 -0.01213
15 0.0026579
15.02 0.0099923
15.04 9.4975e-005
15.06 -0.0092948
15.08 0.0011776
15.1 0.027403
15.12 0.04081
15.14 0.030573
15.16 0.019891
15.18 0.016149
15.2 0.01128
15.22 0.00017473
15.24 -0.0024096
15.26 0.013086
15.28 0.014036
15.3 -0.0073443
15.32 -0.025428
15.34 -0.019087
15.36 -0.0059523
15.38 -0.0046191
15.4 -0.011722
15.42 -0.016179
15.44 -0.022867
15.46 -0.035106
15.48 -0.03928
15.5 -0.03198
15.52 -0.019216
15.54 -0.0034428
15.56 0.0067328
15.58 0.0093499
15.6 0.004654
15.62 0.0047973
15.64 0.015551
15.66 0.029823
15.68 0.03718
15.7 0.028656
15.72 0.0097914
15.74 -0.011484
15.76 -0.011641
15.78 0.0032056
15.8 0.012023
15.82 0.019747
15.84 0.036106
15.86 0.041142
15.88 0.027811
15.9 0.0083206
15.92 -0.016856
15.94 -0.032995
15.96 -0.025642
15.98 -0.014893
16 -0.0089648
16.02 -0.0012474
16.04 0.0064015
16.06 0.017479
16.08 0.018377
16.1 0.0093072
16.12 0.011354
16.14 0.017494
16.16 0.01347
16.18 -0.0081379
16.2 -0.032164
16.22 -0.042181
16.24 -0.054454
16.26 -0.055905
16.28 -0.043875
16.3 -0.026149
16.32 -0.010239
16.34 0.0042435
16.36 0.016222
16.38 0.029126
16.4 0.03605
16.42 0.034594
16.44 0.031777
16.46 0.028456
16.48 0.019744
16.5 0.0040322
16.52 -0.010769
16.54 -0.018561
16.56 -0.016678
16.58 -0.024003
16.6 -0.038643
16.62 -0.056355
16.64 -0.063996
16.66 -0.059538
16.68 -0.046112
16.7 -0.024888
16.72 -0.0034346
16.74 0.01175
16.76 0.014912
16.78 0.016907
16.8 0.029167
16.82 0.047287
16.84 0.058416
16.86 0.049185
16.88 0.023635
16.9 -0.0026505
16.92 -0.0073518
16.94 0.00068764
16.96 0.0021954
16.98 -0.0017539
17 -0.0038269
17.02 -0.011803
17.04 -0.019683
17.06 -0.018154
17.08 -0.0054714
17.1 0.015166
17.12 0.026168
17.14 0.02218
17.16 0.01949
17.18 0.019682
17.2 0.018717
17.22 0.013991
17.24 0.019669
17.26 0.025895
17.28 0.018667
17.3 0.0016367
17.32 -0.014851
17.34 -0.022758
17.36 -0.019769
17.38 -0.020243
17.4 -0.016159
17.42 -0.010493
17.44 -0.016324
17.46 -0.028196
17.48 -0.023287
17.5 -0.0044858
17.52 0.0085938
17.54 0.011841
17.56 0.006634
17.58 -0.0037875
17.6 -0.0028285
17.62 0.0012563
17.64 0.013626
17.66 0.026573
17.68 0.029484
17.7 0.02406
17.72 0.0039076
17.74 -0.017297
17.76 -0.019234
17.78 -0.013599
17.8 -0.0067534
17.82 -0.0078533
17.84 -0.014639
17.86 -0.019658
17.88 -0.022006
17.9 -0.020218
17.92 -0.010147
17.94 -0.0020138
17.96 0.0036573
17.98 0.010665
18 0.007193
18.02 -0.0016535
18.04 -0.0054772
18.06 -0.0098273
18.08 -0.010347
18.1 -0.0038005
18.12 -0.00044732
18.14 -0.002458
18.16 -0.0055459
18.18 -0.0072948
18.2 0.0016465
18.22 0.016756
18.24 0.02858
18.26 0.037199
18.28 0.039981
18.3 0.04017
18.32 0.039792
18.34 0.037935
18.36 0.029914
18.38 0.025769
18.4 0.020196
18.42 0.0034698
18.44 -0.012191
18.46 -0.011807
18.48 -0.01103
18.5 -0.017381
18.52 -0.022638
18.54 -0.026733
18.56 -0.033627
18.58 -0.041657
18.6 -0.040999
18.62 -0.03896
18.64 -0.033662
18.66 -0.025301
18.68 -0.021465
18.7 -0.016126
18.72 -0.0088899
18.74 0.005916
18.76 0.014482
18.78 0.01182
18.8 0.014526
18.82 0.022961
18.84 0.021878
18.86 0.016087
18.88 0.014413
18.9 0.013471
18.92 0.0038921
18.94 -0.0083809
18.96 -0.013603
18.98 -0.0082882
19 0.011066
19.02 0.027518
19.04 0.026709
19.06 0.022456
19.08 0.015481
19.1 0.0099747
19.12 0.00037765
19.14 0.00032243
19.16 0.0011906
19.18 -0.0010628
19.2 0.0041956
19.22 0.014083
19.24 0.017133
19.26 0.012282
19.28 0.0078284
19.3 0.0057481
19.32 0.0043968
19.34 0.0052907
19.36 0.0034462
19.38 -0.0054693
19.4 -0.020886
19.42 -0.023232
19.44 -0.023242
19.46 -0.025801
19.48 -0.025522
19.5 -0.022879
19.52 -0.017986
19.54 -0.012621
19.56 -0.0066927
19.58 -0.0052477
19.6 -0.003917
19.62 0.0065767
19.64 0.010706
19.66 0.008994
19.68 0.0065966
19.7 0.0025349
19.72 -0.0031571
19.74 -0.0090976
19.76 -0.0096254
19.78 -0.0022404
19.8 0.0060128
19.82 0.01172
19.84 0.010155
19.86 0.001795
19.88 -0.0036044
19.9 -0.0021895
19.92 -0.00056967
19.94 0.0023165
19.96 0.009753
19.98 0.014167
20 0.011693
20.02 0.00683
20.04 0.0060753
20.06 0.0048999
20.08 0.0031983
20.1 0.011067
20.12 0.01218
20.14 0.008122
20.16 -0.00097537
20.18 -0.020101
20.2 -0.032072
20.22 -0.033575
20.24 -0.029402
20.26 -0.02341
20.28 -0.021412
20.3 -0.017821
20.32 -0.01057
20.34 -0.00075119
20.36 0.0044582
20.38 0.0050306
20.4 0.0011352
20.42 0.0025785
20.44 0.0064441
20.46 0.0070579
20.48 0.0085423
20.5 0.0073257
20.52 0.00061713
20.54 -0.0011544
20.56 -0.0029172
20.58 -0.0030568
20.6 0.0027515
20.62 0.0090802
20.64 0.014909
20.66 0.015398
20.68 0.011979
20.7 0.016233
20.72 0.017175
20.74 0.0094067
20.76 -0.006543
20.78 -0.022891
20.8 -0.025497
20.82 -0.018039
20.84 -0.013477
20.86 -0.011933
20.88 -0.0095224
20.9 -0.012275
20.92 -0.013409
20.94 -0.0059412
20.96 0.0021059
20.98 0.0065518
21 0.0070523
21.02 0.010581
21.04 0.012392
21.06 0.0033612
21.08 -0.0016883
21.1 0.001175
21.12 0.0052841
21.14 0.010732
21.16 0.012135
21.18 0.014427
21.2 0.018176
21.22 0.017259
21.24 0.013164
21.26 0.0034845
21.28 -0.0078899
21.3 -0.016729
21.32 -0.019754
21.34 -0.01813
21.36 -0.017472
21.38 -0.017225
21.4 -0.014172
21.42 -0.0043045
21.44 0.0075383
21.46 0.016803
21.48 0.025159
21.5 0.030608
21.52 0.031496
21.54 0.028764
21.56 0.023292
21.58 0.026152
21.6 0.028898
21.62 0.027514
21.64 0.020963
21.66 0.0056621
21.68 -0.0044801
21.7 -0.0075139
21.72 -0.0078273
21.74 -0.0080367
21.76 -0.012959
21.78 -0.017834
21.8 -0.015319
21.82 -0.0073702
21.84 -0.0046044
21.86 -0.011651
21.88 -0.02011
21.9 -0.021238
21.92 -0.017123
21.94 -0.011771
21.96 -0.0039629
21.98 -0.0018137
22 -0.0052415
22.02 -0.0053038
22.04 0.0003666
22.06 0.0066721
22.08 0.0094272
22.1 0.0079172
22.12 0.0092113
22.14 0.011882
22.16 0.012564
22.18 0.01394
22.2 0.016082
22.22 0.017053
22.24 0.011554
22.26 0.0010005
22.28 -0.007943
22.3 -0.0092282
22.32 -0.0078295
22.34 -0.0092811
22.36 -0.0094653
22.38 -0.010368
22.4 -0.013582
22.42 -0.01575
22.44 -0.013951
22.46 -0.011502
22.48 -0.0084516
22.5 -0.0096752
22.52 -0.0088516
22.54 -0.0076738
22.56 -0.010567
22.58 -0.010099
22.6 -0.0059962
22.62 0.0033418
22.64 0.013724
22.66 0.020547
22.68 0.027172
22.7 0.030568
22.72 0.031979
22.74 0.028769
22.76 0.021664
22.78 0.015778
22.8 0.010136
22.82 0.0047233
22.84 -0.0043039
22.86 -0.014313
22.88 -0.025119
22.9 -0.031532
22.92 -0.033079
22.94 -0.035657
22.96 -0.03767
22.98 -0.032402
23 -0.0185
23.02 0.00017077
23.04 0.0058201
23.06 -0.00043455
23.08 -0.0052689
23.1 -0.0038838
23.12 0.0022366
23.14 0.0021057
23.16 -0.0023294
23.18 -0.0030729
23.2 -0.001676
23.22 -0.0010416
23.24 -2.4841e-005
23.26 0.0043598
23.28 0.0085365
23.3 0.01311
23.32 0.010779
23.34 0.0066609
23.36 0.008896
23.38 0.011408
23.4 0.010137
23.42 0.0094851
23.44 0.0086344
23.46 0.006698
23.48 0.0011954
23.5 -0.0054004
23.52 -0.0079981
23.54 -0.0075781
23.56 -0.013358
23.58 -0.014965
23.6 -0.012911
23.62 -0.0081854
23.64 -0.0061492
23.66 -0.0056268
23.68 -0.0014646
23.7 0.00046947
23.72 0.0011007
23.74 0.0047992
23.76 0.0046066
23.78 -0.0014515
23.8 -0.0074123
23.82 -0.0079425
23.84 -0.0047828
23.86 -0.0028391
23.88 0.0018308
23.9 0.0079701
23.92 0.015875
23.94 0.016905
23.96 0.021293
23.98 0.022782
24 0.026963
24.02 0.031787
24.04 0.030812
24.06 0.028777
24.08 0.029663
24.1 0.02212
24.12 0.0083481
24.14 -0.011855
24.16 -0.022466
24.18 -0.027264
24.2 -0.02666
24.22 -0.02122
24.24 -0.013837
24.26 -0.0086457
24.28 -0.0024225
24.3 -0.0013985
24.32 0.00037869
24.34 0.0011655
24.36 0.0016222
24.38 -0.0039186
24.4 -0.0095456
24.42 -0.011411
24.44 -0.007082
24.46 -0.0031587
24.48 -0.0031418
24.5 -0.0047064
24.52 -0.0048983
24.54 -0.0052654
24.56 -0.0021015
24.58 0.0031235
24.6 0.013495
24.62 0.017509
24.64 0.015906
24.66 0.017376
24.68 0.012058
24.7 0.009969
24.72 0.0054452
24.74 0.0021888
24.76 -0.0057061
24.78 -0.01699
24.8 -0.02414
24.82 -0.02547
24.84 -0.025433
24.86 -0.026209
24.88 -0.025855
24.9 -0.021979
24.92 -0.022372
24.94 -0.021784
24.96 -0.017509
24.98 -0.010475
25 0.0033051
25.02 0.014277
25.04 0.016569
25.06 0.01691
25.08 0.012173
25.1 0.0095961
25.12 0.0078037
25.14 0.002869
25.16 -0.0027499
25.18 -0.0097143
25.2 -0.013508
25.22 -0.012414
25.24 -0.0069746
25.26 -0.005403
25.28 -0.0059791
25.3 -0.0027953
25.32 0.0017714
25.34 0.0050447
25.36 0.0096869
25.38 0.015414
25.4 0.018991
25.42 0.017763
25.44 0.014354
25.46 0.013715
25.48 0.017187
25.5 0.022404
25.52 0.027191
25.54 0.024867
25.56 0.019146
25.58 0.011431
25.6 0.009992
25.62 0.0043544
25.64 -0.00090392
25.66 -0.00068279
25.68 -0.00088151
25.7 -0.0021621
25.72 -0.0060252
25.74 -0.0064935
25.76 -0.0057252
25.78 -0.00512
25.8 -0.0085732
25.82 -0.0090507
25.84 -0.0079301
25.86 -0.00727
25.88 -0.0039848
25.9 -0.0036073
25.92 -0.0071215
25.94 -0.0071847
25.96 -0.0081545
25.98 -0.0073199
26 -0.0022807
26.02 0.00144
26.04 0.0017237
26.06 0.0042188
26.08 0.0032748
26.1 0.0043056
26.12 0.00037026
26.14 0.0011664
26.16 0.0062765
26.18 0.0073537
26.2 0.0071712
26.22 0.0090851
26.24 0.0089862
26.26 0.0064424
26.28 5.6168e-005
26.3 -0.0025222
26.32 -0.0043631
26.34 -0.0075643
26.36 -0.006938
26.38 -0.0033396
26.4 0.001051
26.42 0.0037362
26.44 0.00079072
26.46 -0.0059395
26.48 -0.012252
26.5 -0.0091959
26.52 -0.0046977
26.54 -0.00032458
26.56 0.0036858
26.58 0.0050554
26.6 0.0040592
26.62 0.0035282
26.64 0.0011342
26.66 -0.003799
26.68 -0.0046509
26.7 -0.0015901
26.72 0.0018122
26.74 0.0031917
26.76 0.0023545
26.78 0.0022463
26.8 0.0040861
26.82 0.0061077
26.84 0.0044973
26.86 0.001924
26.88 -0.00017382
26.9 -0.0019296
26.92 -0.0054245
26.94 -0.0043926
26.96 -0.0028561
26.98 -0.0029551
27 -0.0026544
27.02 -0.0028851
27.04 -0.0042955
27.06 -0.0076363
27.08 -0.009622
27.1 -0.0069897
27.12 -0.0041377
27.14 -0.000588
27.16 0.0019508
27.18 0.0032453
27.2 0.0055672
27.22 0.0078294
27.24 0.0048735
27.26 -4.637e-005
27.28 -0.0034599
27.3 -0.0047977
27.32 -0.0057151
27.34 -0.0062133
27.36 -0.0059898
27.38 -0.0054773
27.4 -0.0033901
27.42 -0.0019419
27.44 -0.00059344
27.46 -0.00099931
27.48 -0.0011285
27.5 3.9031e-005
27.52 0.00024658
27.54 -0.00038483
27.56 0.00044745
27.58 0.00097923
27.6 0.0010493
27.62 0.0015862
27.64 0.0026548
27.66 0.0029485
27.68 0.0030421
27.7 0.0021953
27.72 0.0014742
27.74 0.0014255
27.76 0.0012504
27.78 0.0015212
27.8 0.0013671
27.82 0.00086149
27.84 0.0001484
27.86 -0.00036758
27.88 -0.00029448
27.9 -0.00021387
27.92 4.7561e-005
27.94 0.00028371
27.96 0.00023223
27.98 0.0001177
28 0.00023873
28.02 0.00034715
28.04 0.00048685
28.06 0.00059801
28.08 0.00058547
28.1 0.00065387
28.12 0.00060979
28.14 0.00049394
28.16 0.00043312
28.18 0.00045175
28.2 0.000487
28.22 0.00046033
28.24 0.00044384
28.26 0.00041398
28.28 0.00037627
28.3 0.00031563
28.32 0.00027056
28.34 0.00023518
28.36 0.00021199
28.38 0.00018309
28.4 0.00014702
28.42 0.00011466
28.44 8.8485e-005
28.46 6.35e-005
28.48 3.7629e-005
28.5 9.9848e-006
28.52 -1.8824e-005
28.54 -4.7211e-005
28.56 -7.4903e-005
28.58 -0.00010147
28.6 -0.00012664
