0.005 6.7396e-005
0.01 6.6663e-005
0.015 6.6209e-005
0.02 6.5602e-005
0.025 6.5028e-005
0.03 6.3763e-005
0.035 6.1834e-005
0.04 5.86e-005
0.045 5.4394e-005
0.05 5.0116e-005
0.055 4.8824e-005
0.06 5.3066e-005
0.065 6.4315e-005
0.07 8.0466e-005
0.075 9.7305e-005
0.08 0.00010912
0.085 0.00011345
0.09 0.000111
0.095 0.00010538
0.1 0.00010164
0.105 0.00010489
0.11 0.0001164
0.115 0.00013346
0.12 0.00014809
0.125 0.00014947
0.13 0.00012639
0.135 7.345e-005
0.14 -9.2689e-006
0.145 -0.00011259
0.15 -0.00021966
0.155 -0.00030952
0.16 -0.00035519
0.165 -0.00032997
0.17 -0.00022318
0.175 -4.7276e-005
0.18 0.00016036
0.185 0.00034899
0.19 0.00046981
0.195 0.00049385
0.2 0.00041823
0.205 0.00026933
0.21 9.7e-005
0.215 -3.8311e-005
0.22 -9.6568e-005
0.225 -6.3426e-005
0.23 5.4661e-005
0.235 0.00022457
0.24 0.00038961
0.245 0.00047272
0.25 0.00039866
0.255 0.00012848
0.26 -0.00034017
0.265 -0.00094447
0.27 -0.0015535
0.275 -0.0020218
0.28 -0.0022292
0.285 -0.0020881
0.29 -0.0015623
0.295 -0.0007001
0.3 0.00035818
0.305 0.0014181
0.31 0.0022898
0.315 0.0028159
0.32 0.0029328
0.325 0.002702
0.33 0.0022902
0.335 0.0018941
0.34 0.0016912
0.345 0.0017746
0.35 0.0021354
0.355 0.0027038
0.36 0.0033267
0.365 0.003799
0.37 0.0038981
0.375 0.0034518
0.38 0.0024111
0.385 0.00088786
0.39 -0.00084392
0.395 -0.0024352
0.4 -0.0035661
0.405 -0.0039736
0.41 -0.0034632
0.415 -0.0020662
0.42 -4.9693e-005
0.425 0.0021834
0.43 0.00422
0.435 0.0057595
0.44 0.0066465
0.445 0.0069174
0.45 0.0067541
0.455 0.0064029
0.46 0.0061033
0.465 0.0059936
0.47 0.0060856
0.475 0.0062985
0.48 0.0064604
0.485 0.0063441
0.49 0.0058042
0.495 0.0047467
0.5 0.0031522
0.505 0.0010816
0.51 -0.0013234
0.515 -0.0037909
0.52 -0.0060388
0.525 -0.0078383
0.53 -0.0090172
0.535 -0.0094688
0.54 -0.0092
0.545 -0.008266
0.55 -0.006728
0.555 -0.0045569
0.56 -0.0016562
0.565 0.0020402
0.57 0.0064456
0.575 0.011231
0.58 0.015842
0.585 0.019665
0.59 0.022178
0.595 0.023057
0.6 0.022133
0.605 0.01951
0.61 0.015568
0.615 0.010899
0.62 0.0062313
0.625 0.0021327
0.63 -0.001012
0.635 -0.0031213
0.64 -0.0042955
0.645 -0.004865
0.65 -0.0053142
0.655 -0.0061219
0.66 -0.0075518
0.665 -0.0094548
0.67 -0.011371
0.675 -0.012683
0.68 -0.012874
0.685 -0.011643
0.69 -0.0091151
0.695 -0.0058126
0.7 -0.0025006
0.705 8.2707e-005
0.71 0.0015318
0.715 0.0019293
0.72 0.0018067
0.725 0.0018817
0.73 0.0026975
0.735 0.0043386
0.74 0.0064264
0.745 0.0078542
0.75 0.0071334
0.755 0.0031745
0.76 -0.0044062
0.765 -0.015258
0.77 -0.028193
0.775 -0.041571
0.78 -0.053686
0.785 -0.06289
0.79 -0.067301
0.795 -0.065014
0.8 -0.055356
0.805 -0.039155
0.81 -0.018505
0.815 0.0033379
0.82 0.022774
0.825 0.036627
0.83 0.042619
0.835 0.039633
0.84 0.028242
0.845 0.010499
0.85 -0.010397
0.855 -0.030723
0.86 -0.047145
0.865 -0.057385
0.87 -0.060236
0.875 -0.055134
0.88 -0.042454
0.885 -0.023712
0.89 -0.001516
0.895 0.021027
0.9 0.040993
0.905 0.056178
0.91 0.06527
0.915 0.067381
0.92 0.061947
0.925 0.049243
0.93 0.030663
0.935 0.0086652
0.94 -0.013139
0.945 -0.030959
0.95 -0.041949
0.955 -0.044302
0.96 -0.03709
0.965 -0.021462
0.97 -0.00056655
0.975 0.021237
0.98 0.039524
0.985 0.049631
0.99 0.048231
0.995 0.034677
1 0.011485
1.005 -0.016369
1.01 -0.043408
1.015 -0.06458
1.02 -0.076691
1.025 -0.077942
1.03 -0.068685
1.035 -0.051461
1.04 -0.030032
1.045 -0.0080422
1.05 0.011649
1.055 0.02713
1.06 0.037821
1.065 0.043896
1.07 0.045479
1.075 0.04274
1.08 0.036286
1.085 0.027336
1.09 0.016928
1.095 0.005958
1.1 -0.0044763
1.105 -0.013332
1.11 -0.019683
1.115 -0.022825
1.12 -0.022235
1.125 -0.017564
1.13 -0.0091623
1.135 0.0022693
1.14 0.016626
1.145 0.033107
1.15 0.049749
1.155 0.063981
1.16 0.07308
1.165 0.074995
1.17 0.069522
1.175 0.05803
1.18 0.042809
1.185 0.02659
1.19 0.011797
1.195 0.00017742
1.2 -0.0076663
1.205 -0.012011
1.21 -0.013823
1.215 -0.014359
1.22 -0.014766
1.225 -0.015823
1.23 -0.0178
1.235 -0.020419
1.24 -0.022884
1.245 -0.024193
1.25 -0.023566
1.255 -0.020563
1.26 -0.015228
1.265 -0.0077486
1.27 0.0013731
1.275 0.011142
1.28 0.02041
1.285 0.028123
1.29 0.033657
1.295 0.036907
1.3 0.03826
1.305 0.038524
1.31 0.038394
1.315 0.03817
1.32 0.037756
1.325 0.03611
1.33 0.031747
1.335 0.02359
1.34 0.011785
1.345 -0.0023588
1.35 -0.017102
1.355 -0.030294
1.36 -0.039703
1.365 -0.043717
1.37 -0.041658
1.375 -0.034014
1.38 -0.022676
1.385 -0.010203
1.39 0.00082801
1.395 0.0086147
1.4 0.012217
1.405 0.011707
1.41 0.0078141
1.415 0.0017001
1.42 -0.005007
1.425 -0.010732
1.43 -0.014353
1.435 -0.015296
1.44 -0.013662
1.445 -0.010115
1.45 -0.005819
1.455 -0.0020899
1.46 -1.6049e-005
1.465 3.0417e-006
1.47 -0.001961
1.475 -0.0051722
1.48 -0.0082274
1.485 -0.0096342
1.49 -0.0085613
1.495 -0.005052
1.5 0.0003702
1.505 0.0068004
1.51 0.013042
1.515 0.01777
1.52 0.01986
1.525 0.018806
1.53 0.014762
1.535 0.0083883
1.54 0.00062521
1.545 -0.0074013
1.55 -0.014489
1.555 -0.019548
1.56 -0.021804
1.565 -0.020972
1.57 -0.017488
1.575 -0.012172
1.58 -0.0060883
1.585 -0.00016546
1.59 0.0046352
1.595 0.0073372
1.6 0.0073816
1.605 0.00483
1.61 0.00016819
1.615 -0.00577
1.62 -0.011979
1.625 -0.017208
1.63 -0.020186
1.635 -0.019873
1.64 -0.015678
1.645 -0.0073124
1.65 0.0045552
1.655 0.01805
1.66 0.030862
1.665 0.040995
1.67 0.046939
1.675 0.04774
1.68 0.043036
1.685 0.033564
1.69 0.021165
1.695 0.0083152
1.7 -0.0025828
1.705 -0.0098563
1.71 -0.012821
1.715 -0.011659
1.72 -0.0079841
1.725 -0.004071
1.73 -0.0016794
1.735 -0.0018596
1.74 -0.0045341
1.745 -0.0087845
1.75 -0.013069
1.755 -0.015961
1.76 -0.016555
1.765 -0.014664
1.77 -0.01102
1.775 -0.0071519
1.78 -0.0047755
1.785 -0.0052078
1.79 -0.0088868
1.795 -0.01553
1.8 -0.024143
1.805 -0.033271
1.81 -0.041705
1.815 -0.048589
1.82 -0.053156
1.825 -0.054806
1.83 -0.053157
1.835 -0.048044
1.84 -0.03953
1.845 -0.028005
1.85 -0.014566
1.855 -0.00094469
1.86 0.011085
1.865 0.020017
1.87 0.025011
1.875 0.026044
1.88 0.023785
1.885 0.01915
1.89 0.013133
1.895 0.0064994
1.9 -0.00010574
1.905 -0.0060039
1.91 -0.010646
1.915 -0.01359
1.92 -0.014555
1.925 -0.013625
1.93 -0.01119
1.935 -0.0078632
1.94 -0.0043482
1.945 -0.0012934
1.95 0.00099535
1.955 0.0024088
1.96 0.0030686
1.965 0.0032555
1.97 0.0032742
1.975 0.0031414
1.98 0.002492
1.985 0.0010968
1.99 -0.0011738
1.995 -0.004376
2 -0.0086919
2.005 -0.013804
2.01 -0.018636
2.015 -0.021761
2.02 -0.021781
2.025 -0.01766
2.03 -0.0093264
2.035 0.002068
2.04 0.014478
2.045 0.025277
2.05 0.031277
2.055 0.028835
2.06 0.016248
2.065 -0.0054018
2.07 -0.032425
2.075 -0.059547
2.08 -0.08157
2.085 -0.094571
2.09 -0.095993
2.095 -0.085585
2.1 -0.065797
2.105 -0.040599
2.11 -0.014614
2.115 0.0080614
2.12 0.024709
2.125 0.03426
2.13 0.037183
2.135 0.034828
2.14 0.029419
2.145 0.023836
2.15 0.020532
2.155 0.021659
2.16 0.028817
2.165 0.041893
2.17 0.058682
2.175 0.075635
2.18 0.089028
2.185 0.095671
2.19 0.093852
2.195 0.08402
2.2 0.068487
2.205 0.050576
2.21 0.033484
2.215 0.01989
2.22 0.011321
2.225 0.0079691
2.23 0.0089786
2.235 0.012747
2.24 0.01738
2.245 0.021188
2.25 0.022776
2.255 0.021263
2.26 0.016574
2.265 0.0094262
2.27 0.00090124
2.275 -0.0078214
2.28 -0.015867
2.285 -0.022839
2.29 -0.028482
2.295 -0.032649
2.3 -0.035316
2.305 -0.036843
2.31 -0.037644
2.315 -0.037758
2.32 -0.036957
2.325 -0.034902
2.33 -0.031422
2.335 -0.026657
2.34 -0.020921
2.345 -0.014669
2.35 -0.0086823
2.355 -0.0042012
2.36 -0.0025384
2.365 -0.0046008
2.37 -0.010596
2.375 -0.019715
2.38 -0.030272
2.385 -0.039958
2.39 -0.046659
2.395 -0.049088
2.4 -0.047035
2.405 -0.041563
2.41 -0.03464
2.415 -0.02817
2.42 -0.02354
2.425 -0.021319
2.43 -0.021245
2.435 -0.022457
2.44 -0.023873
2.445 -0.0242
2.45 -0.022318
2.455 -0.017608
2.46 -0.010031
2.465 0.00044377
2.47 0.013347
2.475 0.0279
2.48 0.043367
2.485 0.059423
2.49 0.075888
2.495 0.092243
2.5 0.10758
2.505 0.12074
2.51 0.13031
2.515 0.13466
2.52 0.13229
2.525 0.12241
2.53 0.10511
2.535 0.081752
2.54 0.054806
2.545 0.027348
2.55 0.0025177
2.555 -0.017222
2.56 -0.030621
2.565 -0.037689
2.57 -0.039471
2.575 -0.03745
2.58 -0.033313
2.585 -0.028663
2.59 -0.024992
2.595 -0.023433
2.6 -0.024544
2.605 -0.028039
2.61 -0.033568
2.615 -0.040392
2.62 -0.046987
2.625 -0.051486
2.63 -0.052219
2.635 -0.047751
2.64 -0.037333
2.645 -0.021724
2.65 -0.0030702
2.655 0.015947
2.66 0.032553
2.665 0.044274
2.67 0.049211
2.675 0.046767
2.68 0.037706
2.685 0.024496
2.69 0.010582
2.695 -0.0006051
2.7 -0.006686
2.705 -0.005853
2.71 0.0022789
2.715 0.016713
2.72 0.035094
2.725 0.053973
2.73 0.069398
2.735 0.078051
2.74 0.077789
2.745 0.068118
2.75 0.049331
2.755 0.023458
2.76 -0.005225
2.765 -0.031681
2.77 -0.05097
2.775 -0.059732
2.78 -0.056901
2.785 -0.043158
2.79 -0.020467
2.795 0.0078987
2.8 0.038002
2.805 0.065471
2.81 0.086427
2.815 0.098425
2.82 0.099567
2.825 0.0889
2.83 0.067854
2.835 0.039582
2.84 0.0082603
2.845 -0.0216
2.85 -0.046087
2.855 -0.062701
2.86 -0.070651
2.865 -0.070591
2.87 -0.064335
2.875 -0.054694
2.88 -0.044728
2.885 -0.037537
2.89 -0.036345
2.895 -0.043026
2.9 -0.057153
2.905 -0.077325
2.91 -0.10099
2.915 -0.12481
2.92 -0.14556
2.925 -0.16022
2.93 -0.16572
2.935 -0.15945
2.94 -0.14088
2.945 -0.11096
2.95 -0.072138
2.955 -0.028412
2.96 0.015687
2.965 0.055913
2.97 0.088815
2.975 0.11196
2.98 0.12438
2.985 0.12523
2.99 0.11428
2.995 0.092543
3 0.061555
3.005 0.024109
3.01 -0.016784
3.015 -0.057947
3.02 -0.095925
3.025 -0.12744
3.03 -0.14999
3.035 -0.16225
3.04 -0.16464
3.045 -0.15857
3.05 -0.14595
3.055 -0.12892
3.06 -0.10955
3.065 -0.089693
3.07 -0.070288
3.075 -0.051417
3.08 -0.032631
3.085 -0.013387
3.09 0.0066326
3.095 0.027798
3.1 0.050276
3.105 0.072963
3.11 0.09369
3.115 0.11002
3.12 0.11912
3.125 0.11814
3.13 0.10534
3.135 0.080549
3.14 0.045692
3.145 0.0051162
3.15 -0.035404
3.155 -0.069987
3.16 -0.094368
3.165 -0.10538
3.17 -0.10202
3.175 -0.085667
3.18 -0.059914
3.185 -0.02934
3.19 0.0019941
3.195 0.030548
3.2 0.053529
3.205 0.068067
3.21 0.070678
3.215 0.05855
3.22 0.031087
3.225 -0.0087139
3.23 -0.055324
3.235 -0.10259
3.24 -0.14527
3.245 -0.18002
3.25 -0.2058
3.255 -0.2231
3.26 -0.23322
3.265 -0.23752
3.27 -0.23714
3.275 -0.23161
3.28 -0.2207
3.285 -0.20296
3.29 -0.17654
3.295 -0.14211
3.3 -0.10257
3.305 -0.062473
3.31 -0.025969
3.315 0.0054853
3.32 0.033082
3.325 0.058526
3.33 0.082677
3.335 0.10437
3.34 0.1218
3.345 0.1331
3.35 0.13716
3.355 0.13431
3.36 0.12647
3.365 0.11605
3.37 0.10546
3.375 0.095917
3.38 0.087882
3.385 0.080235
3.39 0.071677
3.395 0.062386
3.4 0.053906
3.405 0.04851
3.41 0.048943
3.415 0.057544
3.42 0.075771
3.425 0.1043
3.43 0.14228
3.435 0.1863
3.44 0.23229
3.445 0.27557
3.45 0.31394
3.455 0.3469
3.46 0.37325
3.465 0.39077
3.47 0.39621
3.475 0.38553
3.48 0.35482
3.485 0.30216
3.49 0.22934
3.495 0.13826
3.5 0.035647
3.505 -0.067123
3.51 -0.16111
3.515 -0.23877
3.52 -0.29491
3.525 -0.32676
3.53 -0.33394
3.535 -0.31282
3.54 -0.25984
3.545 -0.17761
3.55 -0.073002
3.555 0.043264
3.56 0.15674
3.565 0.25224
3.57 0.31945
3.575 0.35347
3.58 0.3568
3.585 0.33013
3.59 0.27512
3.595 0.20043
3.6 0.11843
3.605 0.041014
3.61 -0.02491
3.615 -0.076858
3.62 -0.1153
3.625 -0.14155
3.63 -0.15772
3.635 -0.16628
3.64 -0.17013
3.645 -0.17192
3.65 -0.17394
3.655 -0.17737
3.66 -0.18243
3.665 -0.18849
3.67 -0.19427
3.675 -0.19769
3.68 -0.19624
3.685 -0.18705
3.69 -0.16852
3.695 -0.14156
3.7 -0.10936
3.705 -0.076821
3.71 -0.049534
3.715 -0.031668
3.72 -0.026608
3.725 -0.035922
3.73 -0.059436
3.735 -0.093916
3.74 -0.13301
3.745 -0.16911
3.75 -0.19565
3.755 -0.20673
3.76 -0.19813
3.765 -0.16759
3.77 -0.11659
3.775 -0.050946
3.78 0.021968
3.785 0.094344
3.79 0.15815
3.795 0.20787
3.8 0.24144
3.805 0.25932
3.81 0.26293
3.815 0.25399
3.82 0.23527
3.825 0.21033
3.83 0.18241
3.835 0.15345
3.84 0.12401
3.845 0.094704
3.85 0.067587
3.855 0.045802
3.86 0.03278
3.865 0.030225
3.87 0.037206
3.875 0.050904
3.88 0.068151
3.885 0.087214
3.89 0.1073
3.895 0.1273
3.9 0.14561
3.905 0.16005
3.91 0.16762
3.915 0.1652
3.92 0.15163
3.925 0.12783
3.93 0.096381
3.935 0.060997
3.94 0.025577
3.945 -0.0069162
3.95 -0.034504
3.955 -0.055977
3.96 -0.070958
3.965 -0.079643
3.97 -0.082429
3.975 -0.07981
3.98 -0.072472
3.985 -0.061283
3.99 -0.047872
3.995 -0.034702
4 -0.024475
4.005 -0.019708
4.01 -0.021853
4.015 -0.030376
4.02 -0.043977
4.025 -0.061027
4.03 -0.080546
4.035 -0.10215
4.04 -0.12554
4.045 -0.14988
4.05 -0.17354
4.055 -0.19476
4.06 -0.21178
4.065 -0.22326
4.07 -0.22825
4.075 -0.22531
4.08 -0.21278
4.085 -0.19046
4.09 -0.15949
4.095 -0.12221
4.1 -0.08142
4.105 -0.040662
4.11 -0.0030585
4.115 0.029358
4.12 0.055463
4.125 0.074592
4.13 0.086644
4.135 0.092316
4.14 0.09263
4.145 0.088839
4.15 0.082103
4.155 0.07337
4.16 0.063515
4.165 0.053112
4.17 0.042589
4.175 0.032773
4.18 0.024402
4.185 0.018007
4.19 0.013833
4.195 0.011753
4.2 0.011315
4.205 0.011856
4.21 0.012892
4.215 0.01437
4.22 0.016646
4.225 0.019916
4.23 0.023672
4.235 0.026844
4.24 0.027773
4.245 0.024316
4.25 0.015189
4.255 0.00072836
4.26 -0.017809
4.265 -0.038301
4.27 -0.058137
4.275 -0.074798
4.28 -0.085479
4.285 -0.087385
4.29 -0.078675
4.295 -0.059407
4.3 -0.0316
4.305 0.0015654
4.31 0.036246
4.315 0.068754
4.32 0.09602
4.325 0.11581
4.33 0.12587
4.335 0.12403
4.34 0.10949
4.345 0.083564
4.35 0.049617
4.355 0.012597
4.36 -0.022384
4.365 -0.051285
4.37 -0.070828
4.375 -0.078927
4.38 -0.074527
4.385 -0.057854
4.39 -0.03129
4.395 0.0014955
4.4 0.035973
4.405 0.067269
4.41 0.091362
4.415 0.10577
4.42 0.10821
4.425 0.097701
4.43 0.07546
4.435 0.044672
4.44 0.010185
4.445 -0.022741
4.45 -0.049274
4.455 -0.065425
4.46 -0.068127
4.465 -0.056173
4.47 -0.030218
4.475 0.0072895
4.48 0.052774
4.485 0.10253
4.49 0.15273
4.495 0.19947
4.5 0.23976
4.505 0.27148
4.51 0.29406
4.515 0.30717
4.52 0.31055
4.525 0.29904
4.53 0.26785
4.535 0.21775
4.54 0.15286
4.545 0.078629
4.55 0.0009312
4.555 -0.07427
4.56 -0.14271
4.565 -0.20184
4.57 -0.25085
4.575 -0.29008
4.58 -0.32096
4.585 -0.34463
4.59 -0.36106
4.595 -0.36799
4.6 -0.36318
4.605 -0.345
4.61 -0.31393
4.615 -0.27358
4.62 -0.2285
4.625 -0.18336
4.63 -0.14201
4.635 -0.10733
4.64 -0.080728
4.645 -0.061537
4.65 -0.04781
4.655 -0.037849
4.66 -0.030596
4.665 -0.025783
4.67 -0.023517
4.675 -0.02395
4.68 -0.026653
4.685 -0.030416
4.69 -0.033908
4.695 -0.037027
4.7 -0.042076
4.705 -0.052739
4.71 -0.070531
4.715 -0.093771
4.72 -0.11894
4.725 -0.14249
4.73 -0.16174
4.735 -0.17408
4.74 -0.17737
4.745 -0.17216
4.75 -0.16131
4.755 -0.14798
4.76 -0.1317
4.765 -0.10959
4.77 -0.078467
4.775 -0.037935
4.78 0.0075521
4.785 0.052413
4.79 0.091902
4.795 0.12367
4.8 0.14755
4.805 0.16436
4.81 0.17487
4.815 0.1794
4.82 0.17855
4.825 0.17372
4.83 0.16677
4.835 0.15941
4.84 0.15209
4.845 0.14419
4.85 0.13533
4.855 0.12565
4.86 0.11585
4.865 0.10682
4.87 0.099335
4.875 0.094015
4.88 0.091241
4.885 0.091022
4.89 0.092814
4.895 0.095527
4.9 0.098301
4.905 0.10077
4.91 0.10273
4.915 0.10359
4.92 0.10204
4.925 0.096083
4.93 0.085005
4.935 0.070257
4.94 0.054506
4.945 0.040466
4.95 0.030158
4.955 0.024689
4.96 0.02414
4.965 0.027719
4.97 0.034331
4.975 0.042649
4.98 0.051202
4.985 0.058462
4.99 0.063123
4.995 0.063363
5 0.057846
5.005 0.046361
5.01 0.029726
5.015 0.010262
5.02 -0.0090238
5.025 -0.025042
5.03 -0.035144
5.035 -0.037107
5.04 -0.029737
5.045 -0.012697
5.05 0.012391
5.055 0.042715
5.06 0.07426
5.065 0.10253
5.07 0.12464
5.075 0.13928
5.08 0.14635
5.085 0.14566
5.09 0.13764
5.095 0.1226
5.1 0.1008
5.105 0.073375
5.11 0.042019
5.115 0.0082998
5.12 -0.026678
5.125 -0.061537
5.13 -0.094676
5.135 -0.12485
5.14 -0.15042
5.145 -0.16958
5.15 -0.18067
5.155 -0.1824
5.16 -0.17388
5.165 -0.15577
5.17 -0.13038
5.175 -0.1004
5.18 -0.069103
5.185 -0.039163
5.19 -0.012355
5.195 0.0099353
5.2 0.027043
5.205 0.039169
5.21 0.046757
5.215 0.050431
5.22 0.051036
5.225 0.04948
5.23 0.046857
5.235 0.044365
5.24 0.043078
5.245 0.043786
5.25 0.046554
5.255 0.050776
5.26 0.055465
5.265 0.059655
5.27 0.062517
5.275 0.063598
5.28 0.062745
5.285 0.059902
5.29 0.053455
5.295 0.041762
5.3 0.025013
5.305 0.0047699
5.31 -0.016893
5.315 -0.037806
5.32 -0.056069
5.325 -0.070517
5.33 -0.080626
5.335 -0.086411
5.34 -0.088364
5.345 -0.087617
5.35 -0.085487
5.355 -0.083041
5.36 -0.080919
5.365 -0.079593
5.37 -0.079008
5.375 -0.07874
5.38 -0.078125
5.385 -0.076177
5.39 -0.071426
5.395 -0.062581
5.4 -0.048702
5.405 -0.029687
5.41 -0.0057582
5.415 0.022425
5.42 0.052992
5.425 0.083652
5.43 0.11193
5.435 0.13559
5.44 0.15284
5.445 0.16224
5.45 0.16211
5.455 0.15147
5.46 0.13042
5.465 0.10034
5.47 0.063891
5.475 0.024127
5.48 -0.015736
5.485 -0.052343
5.49 -0.083106
5.495 -0.10722
5.5 -0.12491
5.505 -0.1359
5.51 -0.13915
5.515 -0.1336
5.52 -0.11844
5.525 -0.095087
5.53 -0.066563
5.535 -0.036403
5.54 -0.0083496
5.545 0.014787
5.55 0.031387
5.555 0.041023
5.56 0.043677
5.565 0.039655
5.57 0.029901
5.575 0.01611
5.58 0.00029207
5.585 -0.015269
5.59 -0.02838
5.595 -0.037478
5.6 -0.041536
5.605 -0.040143
5.61 -0.033218
5.615 -0.020912
5.62 -0.004246
5.625 0.01478
5.63 0.033666
5.635 0.050022
5.64 0.062119
5.645 0.068947
5.65 0.07023
5.655 0.066383
5.66 0.058668
5.665 0.048575
5.67 0.037473
5.675 0.026476
5.68 0.016402
5.685 0.0079373
5.69 0.00156
5.695 -0.0025253
5.7 -0.0043408
5.705 -0.004142
5.71 -0.0022117
5.715 0.001187
5.72 0.0056636
5.725 0.010822
5.73 0.01633
5.735 0.022016
5.74 0.02778
5.745 0.033482
5.75 0.038884
5.755 0.043822
5.76 0.048095
5.765 0.051477
5.77 0.053779
5.775 0.054704
5.78 0.053893
5.785 0.051152
5.79 0.0466
5.795 0.040533
5.8 0.033178
5.805 0.02479
5.81 0.015846
5.815 0.0066782
5.82 -0.0025095
5.825 -0.011748
5.83 -0.021419
5.835 -0.031813
5.84 -0.043171
5.845 -0.055288
5.85 -0.067115
5.855 -0.07795
5.86 -0.087112
5.865 -0.09356
5.87 -0.096292
5.875 -0.094551
5.88 -0.087937
5.885 -0.076507
5.89 -0.061265
5.895 -0.044187
5.9 -0.027584
5.905 -0.013546
5.91 -0.0035996
5.915 0.0015052
5.92 0.0018114
5.925 -0.0021242
5.93 -0.0093054
5.935 -0.018584
5.94 -0.028618
5.945 -0.037791
5.95 -0.044533
5.955 -0.047315
5.96 -0.044934
5.965 -0.036848
5.97 -0.023064
5.975 -0.0043935
5.98 0.017232
5.985 0.039503
5.99 0.060046
5.995 0.076713
6 0.088019
6.005 0.093023
6.01 0.09109
6.015 0.082429
6.02 0.068067
6.025 0.04956
6.03 0.028696
6.035 0.0073771
6.04 -0.0127
6.045 -0.030055
6.05 -0.04358
6.055 -0.0528
6.06 -0.057688
6.065 -0.05865
6.07 -0.056387
6.075 -0.05157
6.08 -0.044757
6.085 -0.036587
6.09 -0.027638
6.095 -0.018323
6.1 -0.0090043
6.105 0.00011507
6.11 0.0087816
6.115 0.016757
6.12 0.023832
6.125 0.029849
6.13 0.034745
6.135 0.038415
6.14 0.040601
6.145 0.04102
6.15 0.039409
6.155 0.035834
6.16 0.031142
6.165 0.02661
6.17 0.02346
6.175 0.022406
6.18 0.023736
6.185 0.027282
6.19 0.032536
6.195 0.038445
6.2 0.043932
6.205 0.047745
6.21 0.048948
6.215 0.046983
6.22 0.04162
6.225 0.032888
6.23 0.021246
6.235 0.0078062
6.24 -0.0062511
6.245 -0.019735
6.25 -0.031552
6.255 -0.041197
6.26 -0.048464
6.265 -0.053097
6.27 -0.054962
6.275 -0.05411
6.28 -0.050675
6.285 -0.044904
6.29 -0.037447
6.295 -0.029072
6.3 -0.020442
6.305 -0.012193
6.31 -0.0047268
6.315 0.0019853
6.32 0.0079828
6.325 0.013246
6.33 0.017797
6.335 0.021681
6.34 0.024862
6.345 0.027265
6.35 0.028844
6.355 0.029322
6.36 0.028563
6.365 0.026883
6.37 0.024833
6.375 0.022943
6.38 0.021317
6.385 0.019735
6.39 0.017958
6.395 0.015735
6.4 0.012767
6.405 0.0087936
6.41 0.0035401
6.415 -0.0031129
6.42 -0.011116
6.425 -0.020373
6.43 -0.030487
6.435 -0.040836
6.44 -0.050896
6.445 -0.059971
6.45 -0.067148
6.455 -0.071535
6.46 -0.072369
6.465 -0.069038
6.47 -0.061462
6.475 -0.049927
6.48 -0.03522
6.485 -0.018629
6.49 -0.001736
6.495 0.013875
6.5 0.027027
6.505 0.037002
6.51 0.043632
6.515 0.047143
6.52 0.047636
6.525 0.045095
6.53 0.039602
6.535 0.031318
6.54 0.020604
6.545 0.0081405
6.55 -0.0047185
6.555 -0.016595
6.56 -0.026217
6.565 -0.032991
6.57 -0.036816
6.575 -0.037641
6.58 -0.03565
6.585 -0.031118
6.59 -0.024512
6.595 -0.016455
6.6 -0.0077714
6.605 0.00057881
6.61 0.0076051
6.615 0.0125
6.62 0.01468
6.625 0.013716
6.63 0.009601
6.635 0.0028756
6.64 -0.0058249
6.645 -0.01573
6.65 -0.025646
6.655 -0.034687
6.66 -0.042229
6.665 -0.047472
6.67 -0.049891
6.675 -0.049533
6.68 -0.046855
6.685 -0.042329
6.69 -0.036474
6.695 -0.029844
6.7 -0.022916
6.705 -0.015985
6.71 -0.0094203
6.715 -0.0035238
6.72 0.0015809
6.725 0.0059179
6.73 0.009636
6.735 0.012901
6.74 0.015821
6.745 0.018553
6.75 0.021408
6.755 0.024659
6.76 0.028517
6.765 0.033116
6.77 0.038438
6.775 0.044183
6.78 0.049818
6.785 0.054734
6.79 0.058451
6.795 0.060619
6.8 0.061007
6.805 0.059511
6.81 0.056138
6.815 0.051134
6.82 0.044992
6.825 0.038294
6.83 0.031844
6.835 0.026456
6.84 0.022778
6.845 0.021045
6.85 0.02122
6.855 0.022931
6.86 0.025447
6.865 0.027921
6.87 0.029701
6.875 0.030379
6.88 0.029719
6.885 0.027555
6.89 0.023697
6.895 0.018188
6.9 0.0113
6.905 0.0036419
6.91 -0.0038184
6.915 -0.010114
6.92 -0.0145
6.925 -0.016524
6.93 -0.016165
6.935 -0.013799
6.94 -0.0099905
6.945 -0.005328
6.95 -0.00037752
6.955 0.0042849
6.96 0.0082576
6.965 0.01134
6.97 0.013448
6.975 0.014634
6.98 0.015049
6.985 0.014901
6.99 0.014431
6.995 0.013873
7 0.01339
7.005 0.012945
7.01 0.012253
7.015 0.010746
7.02 0.0078917
7.025 0.0032577
7.03 -0.0035264
7.035 -0.01245
7.04 -0.023003
7.045 -0.034387
7.05 -0.04567
7.055 -0.056169
7.06 -0.065492
7.065 -0.073544
7.07 -0.080511
7.075 -0.086611
7.08 -0.091941
7.085 -0.096329
7.09 -0.099454
7.095 -0.10087
7.1 -0.10019
7.105 -0.097422
7.11 -0.093024
7.115 -0.087609
7.12 -0.081758
7.125 -0.075979
7.13 -0.07075
7.135 -0.066485
7.14 -0.063383
7.145 -0.061534
7.15 -0.060985
7.155 -0.061708
7.16 -0.063569
7.165 -0.066395
7.17 -0.069915
7.175 -0.073765
7.18 -0.077506
7.185 -0.080547
7.19 -0.082242
7.195 -0.082214
7.2 -0.080291
7.205 -0.076563
7.21 -0.071406
7.215 -0.065292
7.22 -0.058858
7.225 -0.052773
7.23 -0.047451
7.235 -0.04314
7.24 -0.039778
7.245 -0.037047
7.25 -0.034551
7.255 -0.03185
7.26 -0.028377
7.265 -0.023693
7.27 -0.017533
7.275 -0.009996
7.28 -0.0013631
7.285 0.00794
7.29 0.017189
7.295 0.025648
7.3 0.032732
7.305 0.038199
7.31 0.041971
7.315 0.043994
7.32 0.044213
7.325 0.04263
7.33 0.039257
7.335 0.034324
7.34 0.028218
7.345 0.02131
7.35 0.014011
7.355 0.0067574
7.36 -9.5761e-005
7.365 -0.006323
7.37 -0.011698
7.375 -0.016064
7.38 -0.019489
7.385 -0.022039
7.39 -0.023697
7.395 -0.024328
7.4 -0.023683
7.405 -0.021666
7.41 -0.018246
7.415 -0.013539
7.42 -0.0079382
7.425 -0.0018296
7.43 0.0044661
7.435 0.010637
7.44 0.016484
7.445 0.021983
7.45 0.027079
7.455 0.031374
7.46 0.034331
7.465 0.03571
7.47 0.03559
7.475 0.034338
7.48 0.032444
7.485 0.030294
7.49 0.028388
7.495 0.027143
7.5 0.026637
7.505 0.026721
7.51 0.027237
7.515 0.028117
7.52 0.029275
7.525 0.030727
7.53 0.032476
7.535 0.034419
7.54 0.036274
7.545 0.037675
7.55 0.038287
7.555 0.037744
7.56 0.035667
7.565 0.031745
7.57 0.025956
7.575 0.018834
7.58 0.011287
7.585 0.0041816
7.59 -0.0018352
7.595 -0.0063519
7.6 -0.0092309
7.605 -0.010465
7.61 -0.01007
7.615 -0.0081285
7.62 -0.0048043
7.625 -0.00035422
7.63 0.0047869
7.635 0.0099374
7.64 0.014289
7.645 0.017097
7.65 0.018002
7.655 0.017036
7.66 0.01454
7.665 0.011169
7.67 0.0075527
7.675 0.0042306
7.68 0.0015575
7.685 -0.00034763
7.69 -0.0014853
7.695 -0.0019772
7.7 -0.001959
7.705 -0.0014696
7.71 -0.00052472
7.715 0.00085456
7.72 0.002606
7.725 0.0045431
7.73 0.0064461
7.735 0.008113
7.74 0.0093823
7.745 0.010154
7.75 0.010346
7.755 0.0099469
7.76 0.0090019
7.765 0.0076016
7.77 0.0058477
7.775 0.0038551
7.78 0.0017134
7.785 -0.00042457
7.79 -0.0023849
7.795 -0.0039959
7.8 -0.0050383
7.805 -0.0052143
7.81 -0.0043566
7.815 -0.0025153
7.82 0.00022417
7.825 0.0038574
7.83 0.008249
7.835 0.013087
7.84 0.017947
7.845 0.022365
7.85 0.025866
7.855 0.028037
7.86 0.028611
7.865 0.027468
7.87 0.024606
7.875 0.020338
7.88 0.015177
7.885 0.0097027
7.89 0.0046012
7.895 0.00052406
7.9 -0.0020942
7.905 -0.0029783
7.91 -0.0020732
7.915 0.0003861
7.92 0.0040692
7.925 0.0085617
7.93 0.013267
7.935 0.017669
7.94 0.021376
7.945 0.024
7.95 0.025196
7.955 0.02462
7.96 0.022196
7.965 0.018102
7.97 0.012646
7.975 0.0063001
7.98 -0.00036371
7.985 -0.0067768
7.99 -0.012554
7.995 -0.017434
8 -0.021466
8.005 -0.024988
8.01 -0.028374
8.015 -0.031819
8.02 -0.035409
8.025 -0.039214
8.03 -0.043194
8.035 -0.047194
8.04 -0.051106
8.045 -0.054938
8.05 -0.058606
8.055 -0.061828
8.06 -0.06432
8.065 -0.065813
8.07 -0.066114
8.075 -0.065205
8.08 -0.063243
8.085 -0.060344
8.09 -0.056723
8.095 -0.052655
8.1 -0.048317
8.105 -0.043813
8.11 -0.039475
8.115 -0.035656
8.12 -0.032549
8.125 -0.030174
8.13 -0.02851
8.135 -0.027549
8.14 -0.027188
8.145 -0.027205
8.15 -0.027355
8.155 -0.027456
8.16 -0.027337
8.165 -0.026846
8.17 -0.025886
8.175 -0.024446
8.18 -0.022486
8.185 -0.019989
8.19 -0.016988
8.195 -0.013562
8.2 -0.0098901
8.205 -0.0062575
8.21 -0.0030096
8.215 -0.00042112
8.22 0.0012801
8.225 0.001971
8.23 0.0016519
8.235 0.00042049
8.24 -0.0015224
8.245 -0.003885
8.25 -0.0064461
8.255 -0.008898
8.26 -0.01084
8.265 -0.012024
8.27 -0.012293
8.275 -0.011531
8.28 -0.0097376
8.285 -0.0070776
8.29 -0.0037357
8.295 0.00030939
8.3 0.0049983
8.305 0.010115
8.31 0.015471
8.315 0.020788
8.32 0.025886
8.325 0.030671
8.33 0.035015
8.335 0.03875
8.34 0.041811
8.345 0.044221
8.35 0.046038
8.355 0.047384
8.36 0.048366
8.365 0.049111
8.37 0.049895
8.375 0.051039
8.38 0.052759
8.385 0.055194
8.39 0.058463
8.395 0.062586
8.4 0.067356
8.405 0.072367
8.41 0.077194
8.415 0.081392
8.42 0.084594
8.425 0.086451
8.43 0.086748
8.435 0.085387
8.44 0.082369
8.445 0.077944
8.45 0.072417
8.455 0.066103
8.46 0.059456
8.465 0.052958
8.47 0.047051
8.475 0.041932
8.48 0.03758
8.485 0.033822
8.49 0.030303
8.495 0.026769
8.5 0.023071
8.505 0.019133
8.51 0.014997
8.515 0.010744
8.52 0.0064608
8.525 0.0022315
8.53 -0.0018191
8.535 -0.0056322
8.54 -0.0091413
8.545 -0.012273
8.55 -0.014838
8.555 -0.016659
8.56 -0.017438
8.565 -0.016933
8.57 -0.015181
8.575 -0.012402
8.58 -0.0088836
8.585 -0.0049399
8.59 -0.00093013
8.595 0.0027845
8.6 0.0058185
8.605 0.0078898
8.61 0.0088019
8.615 0.0084434
8.62 0.0067311
8.625 0.0036587
8.63 -0.00044857
8.635 -0.00497
8.64 -0.00907
8.645 -0.011905
8.65 -0.012709
8.655 -0.011182
8.66 -0.0074068
8.665 -0.0017544
8.67 0.0049709
8.675 0.011849
8.68 0.018092
8.685 0.023063
8.69 0.026473
8.695 0.028321
8.7 0.028749
8.705 0.028119
8.71 0.026958
8.715 0.025843
8.72 0.025265
8.725 0.025513
8.73 0.026617
8.735 0.028279
8.74 0.030055
8.745 0.031588
8.75 0.03245
8.755 0.03226
8.76 0.030707
8.765 0.027713
8.77 0.023462
8.775 0.01845
8.78 0.013524
8.785 0.0094271
8.79 0.0066389
8.795 0.0053598
8.8 0.0054172
8.805 0.006238
8.81 0.0071439
8.815 0.0075485
8.82 0.0071443
8.825 0.005866
8.83 0.0038235
8.835 0.0012554
8.84 -0.0017517
8.845 -0.0052172
8.85 -0.0092314
8.855 -0.014071
8.86 -0.019856
8.865 -0.026642
8.87 -0.034252
8.875 -0.042287
8.88 -0.050193
8.885 -0.057304
8.89 -0.063048
8.895 -0.066955
8.9 -0.068866
8.905 -0.068874
8.91 -0.067248
8.915 -0.06438
8.92 -0.060578
8.925 -0.056103
8.93 -0.051242
8.935 -0.046244
8.94 -0.041304
8.945 -0.036489
8.95 -0.031862
8.955 -0.027471
8.96 -0.023397
8.965 -0.019548
8.97 -0.01574
8.975 -0.011912
8.98 -0.0081735
8.985 -0.0047098
8.99 -0.0017241
8.995 0.00065902
9 0.0024304
9.005 0.0036054
9.01 0.004302
9.015 0.0047903
9.02 0.005387
9.025 0.0063559
9.03 0.0077669
9.035 0.0094194
9.04 0.010944
9.045 0.011965
9.05 0.012234
9.055 0.011784
9.06 0.010815
9.065 0.0095013
9.07 0.0079529
9.075 0.0062724
9.08 0.0046448
9.085 0.0033627
9.09 0.0027264
9.095 0.0030175
9.1 0.0044271
9.105 0.0070743
9.11 0.010962
9.115 0.015955
9.12 0.021763
9.125 0.027918
9.13 0.033866
9.135 0.039079
9.14 0.043183
9.145 0.045998
9.15 0.047463
9.155 0.047679
9.16 0.046867
9.165 0.045374
9.17 0.043583
9.175 0.041787
9.18 0.040087
9.185 0.038416
9.19 0.036653
9.195 0.034653
9.2 0.032371
9.205 0.02978
9.21 0.027005
9.215 0.024203
9.22 0.021535
9.225 0.019077
9.23 0.016841
9.235 0.014757
9.24 0.012737
9.245 0.010891
9.25 0.0093843
9.255 0.008323
9.26 0.0076216
9.265 0.0070284
9.27 0.0062909
9.275 0.0051217
9.28 0.0033154
9.285 0.00088533
9.29 -0.0019616
9.295 -0.0049073
9.3 -0.0076874
9.305 -0.010155
9.31 -0.012256
9.315 -0.014026
9.32 -0.015443
9.325 -0.016468
9.33 -0.017097
9.335 -0.01735
9.34 -0.017265
9.345 -0.017003
9.35 -0.01683
9.355 -0.017071
9.36 -0.01793
9.365 -0.019445
9.37 -0.021521
9.375 -0.023832
9.38 -0.025962
9.385 -0.027425
9.39 -0.0278
9.395 -0.026823
9.4 -0.024491
9.405 -0.020965
9.41 -0.016715
9.415 -0.012431
9.42 -0.008833
9.425 -0.0065386
9.43 -0.0058461
9.435 -0.0068177
9.44 -0.0092621
9.445 -0.012768
9.45 -0.016797
9.455 -0.020751
9.46 -0.023949
9.465 -0.025753
9.47 -0.025678
9.475 -0.023503
9.48 -0.019483
9.485 -0.014203
9.49 -0.0085155
9.495 -0.0034078
9.5 9.8877e-005
9.505 0.0012028
9.51 -0.00063002
9.515 -0.0053827
9.52 -0.012389
9.525 -0.020651
9.53 -0.029115
9.535 -0.036808
9.54 -0.042779
9.545 -0.046403
9.55 -0.047339
9.555 -0.045532
9.56 -0.041387
9.565 -0.035726
9.57 -0.029617
9.575 -0.024301
9.58 -0.020832
9.585 -0.019801
9.59 -0.021224
9.595 -0.024656
9.6 -0.029358
9.605 -0.034239
9.61 -0.038153
9.615 -0.040134
9.62 -0.039509
9.625 -0.035977
9.63 -0.029764
9.635 -0.021499
9.64 -0.012035
9.645 -0.002223
9.65 0.0072442
9.655 0.015892
9.66 0.023466
9.665 0.02978
9.67 0.034887
9.675 0.038911
9.68 0.041927
9.685 0.043935
9.69 0.044924
9.695 0.044942
9.7 0.043959
9.705 0.041947
9.71 0.038775
9.715 0.034302
9.72 0.028605
9.725 0.021956
9.73 0.014938
9.735 0.0085016
9.74 0.0036816
9.745 0.00138
9.75 0.0022397
9.755 0.0064422
9.76 0.013568
9.765 0.022581
9.77 0.032032
9.775 0.04015
9.78 0.045278
9.785 0.046036
9.79 0.041787
9.795 0.032705
9.8 0.02039
9.805 0.0063319
9.81 -0.008139
9.815 -0.021182
9.82 -0.031109
9.825 -0.036575
9.83 -0.03671
9.835 -0.031085
9.84 -0.019971
9.845 -0.0044073
9.85 0.013689
9.855 0.032092
9.86 0.048698
9.865 0.061657
9.87 0.06971
9.875 0.072169
9.88 0.068646
9.885 0.059091
9.89 0.044465
9.895 0.02666
9.9 0.0078713
9.905 -0.0098599
9.91 -0.024699
9.915 -0.035129
9.92 -0.040447
9.925 -0.040613
9.93 -0.035996
9.935 -0.027199
9.94 -0.015207
9.945 -0.0015587
9.95 0.012027
9.955 0.023907
9.96 0.032652
9.965 0.037055
9.97 0.036564
9.975 0.031239
9.98 0.02184
9.985 0.0098032
9.99 -0.0031479
9.995 -0.015038
10 -0.024135
10.005 -0.029056
10.01 -0.028947
10.015 -0.023495
10.02 -0.013206
10.025 0.00084881
10.03 0.016912
10.035 0.032773
10.04 0.046263
10.045 0.055698
10.05 0.060103
10.055 0.059253
10.06 0.053623
10.065 0.04435
10.07 0.032858
10.075 0.020722
10.08 0.0094676
10.085 0.00044209
10.09 -0.0054256
10.095 -0.0077663
10.1 -0.0066944
10.105 -0.0027937
10.11 0.003085
10.115 0.010101
10.12 0.017409
10.125 0.024216
10.13 0.02993
10.135 0.03419
10.14 0.036861
10.145 0.037907
10.15 0.037234
10.155 0.034591
10.16 0.029525
10.165 0.021736
10.17 0.01119
10.175 -0.0015565
10.18 -0.015522
10.185 -0.029724
10.19 -0.042982
10.195 -0.054
10.2 -0.061526
10.205 -0.064581
10.21 -0.062567
10.215 -0.054875
10.22 -0.04208
10.225 -0.025868
10.23 -0.0082815
10.235 0.0086571
10.24 0.023215
10.245 0.03407
10.25 0.040441
10.255 0.041949
10.26 0.038629
10.265 0.031038
10.27 0.01997
10.275 0.0064428
10.28 -0.0083762
10.285 -0.023208
10.29 -0.03679
10.295 -0.048177
10.3 -0.056792
10.305 -0.062367
10.31 -0.064853
10.315 -0.064346
10.32 -0.061128
10.325 -0.055789
10.33 -0.049158
10.335 -0.042071
10.34 -0.035353
10.345 -0.029806
10.35 -0.026107
10.355 -0.024733
10.36 -0.025814
10.365 -0.029231
10.37 -0.034636
10.375 -0.041285
10.38 -0.04807
10.385 -0.053806
10.39 -0.057449
10.395 -0.058005
10.4 -0.054735
10.405 -0.047477
10.41 -0.036648
10.415 -0.023283
10.42 -0.0088406
10.425 0.0051618
10.43 0.017434
10.435 0.026974
10.44 0.03304
10.445 0.035185
10.45 0.033234
10.455 0.027299
10.46 0.017966
10.465 0.006234
10.47 -0.0066585
10.475 -0.019308
10.48 -0.030326
10.485 -0.038599
10.49 -0.04318
10.495 -0.043385
10.5 -0.039123
10.505 -0.030699
10.51 -0.019061
10.515 -0.0058576
10.52 0.0071518
10.525 0.018475
10.53 0.02704
10.535 0.032234
10.54 0.033926
10.545 0.032348
10.55 0.028197
10.555 0.022524
10.56 0.016446
10.565 0.010861
10.57 0.0065433
10.575 0.0039681
10.58 0.0031979
10.585 0.0039354
10.59 0.0055971
10.595 0.0074914
10.6 0.0089992
10.605 0.0095569
10.61 0.0088279
10.615 0.0067299
10.62 0.0032942
10.625 -0.0012224
10.63 -0.0063885
10.635 -0.011702
10.64 -0.016701
10.645 -0.021093
10.65 -0.024751
10.655 -0.027732
10.66 -0.030059
10.665 -0.031601
10.67 -0.032189
10.675 -0.031757
10.68 -0.030335
10.685 -0.02803
10.69 -0.025019
10.695 -0.021546
10.7 -0.017754
10.705 -0.013825
10.71 -0.0099638
10.715 -0.0063983
10.72 -0.003327
10.725 -0.00082352
10.73 0.0011955
10.735 0.0029983
10.74 0.0048963
10.745 0.0072418
10.75 0.010301
10.755 0.014109
10.76 0.018546
10.765 0.023369
10.77 0.028267
10.775 0.032747
10.78 0.036211
10.785 0.038018
10.79 0.037549
10.795 0.034423
10.8 0.028724
10.805 0.02106
10.81 0.012297
10.815 0.003351
10.82 -0.004742
10.825 -0.011078
10.83 -0.014905
10.835 -0.01579
10.84 -0.013464
10.845 -0.0079965
10.85 0.00019759
10.855 0.010294
10.86 0.021063
10.865 0.031057
10.87 0.038951
10.875 0.043704
10.88 0.044709
10.885 0.041846
10.89 0.035448
10.895 0.026272
10.9 0.015372
10.905 0.0037065
10.91 -0.0078348
10.915 -0.018273
10.92 -0.026798
10.925 -0.032857
10.93 -0.036266
10.935 -0.037013
10.94 -0.035268
10.945 -0.031388
10.95 -0.025765
10.955 -0.018618
10.96 -0.010337
10.965 -0.0015416
10.97 0.0070647
10.975 0.014767
10.98 0.020926
10.985 0.025014
10.99 0.026715
10.995 0.025925
11 0.022608
11.005 0.017015
11.01 0.009566
11.015 0.00099468
11.02 -0.0076911
11.025 -0.015452
11.03 -0.021298
11.035 -0.024613
11.04 -0.025158
11.045 -0.022965
11.05 -0.018244
11.055 -0.011541
11.06 -0.0037438
11.065 0.0040502
11.07 0.010745
11.075 0.0153
11.08 0.01694
11.085 0.015333
11.09 0.010583
11.095 0.0032819
11.1 -0.005623
11.105 -0.015002
11.11 -0.023661
11.115 -0.030517
11.12 -0.034826
11.125 -0.036283
11.13 -0.034923
11.135 -0.031142
11.14 -0.02563
11.145 -0.019186
11.15 -0.012543
11.155 -0.0062382
11.16 -0.00057778
11.165 0.0041901
11.17 0.0078047
11.175 0.010047
11.18 0.010743
11.185 0.0097201
11.19 0.0070208
11.195 0.0031488
11.2 -0.0010987
11.205 -0.0048409
11.21 -0.0074761
11.215 -0.0086753
11.22 -0.0082953
11.225 -0.0063504
11.23 -0.0029771
11.235 0.0014605
11.24 0.0063843
11.245 0.011106
11.25 0.015025
11.255 0.017668
11.26 0.018737
11.265 0.018201
11.27 0.01621
11.275 0.012987
11.28 0.0088514
11.285 0.004173
11.29 -0.0006919
11.295 -0.0053964
11.3 -0.0095676
11.305 -0.012808
11.31 -0.01481
11.315 -0.015462
11.32 -0.014817
11.325 -0.013011
11.33 -0.010084
11.335 -0.0061428
11.34 -0.001607
11.345 0.0030423
11.35 0.0075344
11.355 0.011689
11.36 0.015389
11.365 0.018602
11.37 0.021289
11.375 0.023376
11.38 0.024847
11.385 0.025789
11.39 0.02629
11.395 0.026362
11.4 0.026053
11.405 0.025443
11.41 0.024612
11.415 0.023623
11.42 0.022474
11.425 0.021152
11.43 0.019697
11.435 0.018152
11.44 0.016594
11.445 0.01505
11.45 0.013464
11.455 0.011747
11.46 0.0097953
11.465 0.0076008
11.47 0.0052912
11.475 0.0030276
11.48 0.0010565
11.485 -0.00043431
11.49 -0.0012558
11.495 -0.0013236
11.5 -0.00061104
11.505 0.00087379
11.51 0.0029794
11.515 0.0055679
11.52 0.0084185
11.525 0.011167
11.53 0.013291
11.535 0.014332
11.54 0.013805
11.545 0.011354
11.55 0.0069142
11.555 0.00075326
11.56 -0.0067782
11.565 -0.015096
11.57 -0.023326
11.575 -0.030392
11.58 -0.035284
11.585 -0.037174
11.59 -0.035429
11.595 -0.029717
11.6 -0.020279
11.605 -0.0080297
11.61 0.0057911
11.615 0.019894
11.62 0.03313
11.625 0.044412
11.63 0.052888
11.635 0.058023
11.64 0.059725
11.645 0.058287
11.65 0.054371
11.655 0.048882
11.66 0.042885
11.665 0.037441
11.67 0.033353
11.675 0.031005
11.68 0.030385
11.685 0.031088
11.69 0.032394
11.695 0.033462
11.7 0.033483
11.705 0.031832
11.71 0.028202
11.715 0.022419
11.72 0.014789
11.725 0.0059387
11.73 -0.0032727
11.735 -0.011833
11.74 -0.018824
11.745 -0.02345
11.75 -0.025215
11.755 -0.023894
11.76 -0.019609
11.765 -0.012975
11.77 -0.0050255
11.775 0.0030721
11.78 0.010172
11.785 0.015305
11.79 0.017876
11.795 0.017609
11.8 0.014562
11.805 0.0090225
11.81 0.0015247
11.815 -0.0071059
11.82 -0.016009
11.825 -0.024329
11.83 -0.031294
11.835 -0.036304
11.84 -0.039092
11.845 -0.039705
11.85 -0.038373
11.855 -0.035454
11.86 -0.031477
11.865 -0.027016
11.87 -0.022571
11.875 -0.018446
11.88 -0.014824
11.885 -0.011859
11.89 -0.0096925
11.895 -0.0084108
11.9 -0.0080364
11.905 -0.0085726
11.91 -0.010062
11.915 -0.012492
11.92 -0.015813
11.925 -0.019639
11.93 -0.023505
11.935 -0.02702
11.94 -0.029774
11.945 -0.03148
11.95 -0.031989
11.955 -0.031321
11.96 -0.029537
11.965 -0.026689
11.97 -0.022871
11.975 -0.018377
11.98 -0.013673
11.985 -0.0092639
11.99 -0.0054311
11.995 -0.0022344
12 0.00021987
12.005 0.0018117
12.01 0.0024277
12.015 0.0018971
12.02 0.00023991
12.025 -0.002404
12.03 -0.0057694
12.035 -0.00953
12.04 -0.013355
12.045 -0.01678
12.05 -0.019293
12.055 -0.020532
12.06 -0.020293
12.065 -0.018668
12.07 -0.016052
12.075 -0.012946
12.08 -0.0098684
12.085 -0.0073158
12.09 -0.0056116
12.095 -0.0050083
12.1 -0.0056832
12.105 -0.0075183
12.11 -0.010227
12.115 -0.013483
12.12 -0.016958
12.125 -0.020396
12.13 -0.023516
12.135 -0.02608
12.14 -0.027922
12.145 -0.028961
12.15 -0.029225
12.155 -0.028725
12.16 -0.02748
12.165 -0.02556
12.17 -0.023128
12.175 -0.020457
12.18 -0.017923
12.185 -0.015887
12.19 -0.01456
12.195 -0.014051
12.2 -0.014319
12.205 -0.015154
12.21 -0.016318
12.215 -0.017561
12.22 -0.01868
12.225 -0.019514
12.23 -0.019972
12.235 -0.019995
12.24 -0.019522
12.245 -0.018576
12.25 -0.01716
12.255 -0.015273
12.26 -0.012927
12.265 -0.010238
12.27 -0.0074365
12.275 -0.0047909
12.28 -0.0026013
12.285 -0.0011753
12.29 -0.00068154
12.295 -0.0012239
12.3 -0.0027082
12.305 -0.0048469
12.31 -0.0072101
12.315 -0.0093514
12.32 -0.010819
12.325 -0.011176
12.33 -0.010098
12.335 -0.0075206
12.34 -0.0034082
12.345 0.0019928
12.35 0.0082005
12.355 0.014706
12.36 0.020984
12.365 0.026637
12.37 0.03129
12.375 0.034741
12.38 0.036884
12.385 0.037603
12.39 0.036963
12.395 0.035199
12.4 0.032666
12.405 0.029735
12.41 0.026768
12.415 0.024035
12.42 0.02166
12.425 0.019707
12.43 0.018235
12.435 0.017312
12.44 0.016916
12.445 0.017068
12.45 0.017699
12.455 0.018606
12.46 0.019542
12.465 0.020224
12.47 0.020334
12.475 0.019611
12.48 0.017871
12.485 0.01515
12.49 0.011586
12.495 0.0074129
12.5 0.0029536
12.505 -0.0014433
12.51 -0.0053082
12.515 -0.0082823
12.52 -0.010026
12.525 -0.010368
12.53 -0.009325
12.535 -0.0071426
12.54 -0.0042518
12.545 -0.0011222
12.55 0.0017667
12.555 0.0040945
12.56 0.0057048
12.565 0.0065688
12.57 0.0066949
12.575 0.0062043
12.58 0.0052884
12.585 0.0041827
12.59 0.0030852
12.595 0.0022675
12.6 0.0020296
12.605 0.0026244
12.61 0.0040531
12.615 0.0061036
12.62 0.0084458
12.625 0.010781
12.63 0.012787
12.635 0.014116
12.64 0.01457
12.645 0.014096
12.65 0.012857
12.655 0.011032
12.66 0.008888
12.665 0.0068485
12.67 0.0053004
12.675 0.0044435
12.68 0.0043981
12.685 0.0051346
12.69 0.0065747
12.695 0.0086405
12.7 0.011166
12.705 0.013998
12.71 0.016983
12.715 0.019932
12.72 0.022638
12.725 0.024906
12.73 0.026658
12.735 0.027773
12.74 0.028078
12.745 0.027514
12.75 0.026098
12.755 0.023799
12.76 0.020687
12.765 0.016891
12.77 0.012639
12.775 0.0082242
12.78 0.0039351
12.785 5.4724e-005
12.79 -0.0032321
12.795 -0.0057472
12.8 -0.0073703
12.805 -0.0081618
12.81 -0.0082538
12.815 -0.0079231
12.82 -0.0074529
12.825 -0.007172
12.83 -0.0073251
12.835 -0.0080467
12.84 -0.0093617
12.845 -0.011087
12.85 -0.012922
12.855 -0.014562
12.86 -0.015714
12.865 -0.016182
12.87 -0.015837
12.875 -0.0145
12.88 -0.012132
12.885 -0.0087869
12.89 -0.0046516
12.895 -9.1025e-005
12.9 0.0044599
12.905 0.0085958
12.91 0.012041
12.915 0.014513
12.92 0.015684
12.925 0.015361
12.93 0.013531
12.935 0.010308
12.94 0.0059786
12.945 0.00083702
12.95 -0.0047795
12.955 -0.01042
12.96 -0.015719
12.965 -0.020443
12.97 -0.024489
12.975 -0.027707
12.98 -0.029933
12.985 -0.03107
12.99 -0.031065
12.995 -0.0299
13 -0.027673
13.005 -0.024698
13.01 -0.021325
13.015 -0.017941
13.02 -0.014915
13.025 -0.012543
13.03 -0.010989
13.035 -0.010373
13.04 -0.010699
13.045 -0.011762
13.05 -0.013135
13.055 -0.014324
13.06 -0.014872
13.065 -0.014414
13.07 -0.012873
13.075 -0.01039
13.08 -0.007141
13.085 -0.0033638
13.09 0.0007968
13.095 0.0053578
13.1 0.01017
13.105 0.014943
13.11 0.019357
13.115 0.023214
13.12 0.026413
13.125 0.028889
13.13 0.030634
13.135 0.03169
13.14 0.032071
13.145 0.03177
13.15 0.030797
13.155 0.029255
13.16 0.027351
13.165 0.025349
13.17 0.02345
13.175 0.021685
13.18 0.019974
13.185 0.018117
13.19 0.016043
13.195 0.013858
13.2 0.011741
13.205 0.0098644
13.21 0.0083451
13.215 0.0072199
13.22 0.0064531
13.225 0.0059846
13.23 0.0057672
13.235 0.0057589
13.24 0.005984
13.245 0.0065076
13.25 0.00736
13.255 0.0085125
13.26 0.00989
13.265 0.011363
13.27 0.012775
13.275 0.014002
13.28 0.014884
13.285 0.015264
13.29 0.015037
13.295 0.014174
13.3 0.012681
13.305 0.010557
13.31 0.0079497
13.315 0.0050677
13.32 0.0020693
13.325 -0.00087602
13.33 -0.0036046
13.335 -0.0061195
13.34 -0.0084155
13.345 -0.010512
13.35 -0.012478
13.355 -0.01432
13.36 -0.015989
13.365 -0.017417
13.37 -0.018549
13.375 -0.019267
13.38 -0.019558
13.385 -0.019475
13.39 -0.019055
13.395 -0.018307
13.4 -0.017241
13.405 -0.015864
13.41 -0.014206
13.415 -0.012349
13.42 -0.010435
13.425 -0.0086274
13.43 -0.0071056
13.435 -0.005956
13.44 -0.0052066
13.445 -0.0047905
13.45 -0.0045345
13.455 -0.0043612
13.46 -0.0043764
13.465 -0.0047626
13.47 -0.0056392
13.475 -0.0069931
13.48 -0.0087134
13.485 -0.010659
13.49 -0.012688
13.495 -0.014594
13.5 -0.016263
13.505 -0.01763
13.51 -0.018611
13.515 -0.019156
13.52 -0.019298
13.525 -0.019038
13.53 -0.018492
13.535 -0.017928
13.54 -0.017601
13.545 -0.017629
13.55 -0.017965
13.555 -0.018454
13.56 -0.018982
13.565 -0.019475
13.57 -0.019832
13.575 -0.020026
13.58 -0.020003
13.585 -0.019605
13.59 -0.018694
13.595 -0.017239
13.6 -0.015233
13.605 -0.012744
13.61 -0.0099359
13.615 -0.0071352
13.62 -0.0047313
13.625 -0.00297
13.63 -0.0020339
13.635 -0.0019752
13.64 -0.0027906
13.645 -0.0044482
13.65 -0.0067511
13.655 -0.0094329
13.66 -0.012063
13.665 -0.014218
13.67 -0.015491
13.675 -0.015628
13.68 -0.014696
13.685 -0.012916
13.69 -0.010567
13.695 -0.0079372
13.7 -0.0052992
13.705 -0.0028809
13.71 -0.00086712
13.715 0.0005988
13.72 0.0013367
13.725 0.0012226
13.73 0.00013348
13.735 -0.001838
13.74 -0.0045149
13.745 -0.0075828
13.75 -0.010623
13.755 -0.013259
13.76 -0.015168
13.765 -0.016153
13.77 -0.016181
13.775 -0.015308
13.78 -0.013677
13.785 -0.01163
13.79 -0.0095151
13.795 -0.0075753
13.8 -0.0061012
13.805 -0.0053869
13.81 -0.0055959
13.815 -0.0067654
13.82 -0.0087944
13.825 -0.011339
13.83 -0.014049
13.835 -0.0167
13.84 -0.019158
13.845 -0.021386
13.85 -0.023331
13.855 -0.024879
13.86 -0.025961
13.865 -0.026603
13.87 -0.026877
13.875 -0.026885
13.88 -0.026744
13.885 -0.02655
13.89 -0.026301
13.895 -0.025943
13.9 -0.025377
13.905 -0.024344
13.91 -0.022669
13.915 -0.020212
13.92 -0.016994
13.925 -0.013187
13.93 -0.0089638
13.935 -0.0046035
13.94 -0.00035332
13.945 0.003559
13.95 0.0070318
13.955 0.0099732
13.96 0.01229
13.965 0.013992
13.97 0.015094
13.975 0.015706
13.98 0.015945
13.985 0.015889
13.99 0.015568
13.995 0.015021
14 0.014232
14.005 0.013313
14.01 0.012444
14.015 0.011774
14.02 0.011354
14.025 0.011125
14.03 0.011042
14.035 0.01106
14.04 0.011209
14.045 0.011486
14.05 0.011922
14.055 0.012574
14.06 0.013427
14.065 0.014308
14.07 0.014987
14.075 0.015231
14.08 0.014942
14.085 0.01423
14.09 0.013318
14.095 0.012448
14.1 0.011909
14.105 0.01191
14.11 0.012582
14.115 0.014011
14.12 0.016144
14.125 0.01887
14.13 0.022041
14.135 0.025484
14.14 0.029005
14.145 0.032367
14.15 0.035348
14.155 0.037753
14.16 0.039585
14.165 0.04091
14.17 0.041785
14.175 0.042103
14.18 0.041649
14.185 0.040349
14.19 0.038357
14.195 0.035959
14.2 0.033489
14.205 0.031228
14.21 0.029352
14.215 0.02792
14.22 0.026935
14.225 0.026291
14.23 0.025827
14.235 0.025415
14.24 0.024908
14.245 0.024139
14.25 0.023037
14.255 0.021592
14.26 0.019755
14.265 0.017536
14.27 0.015008
14.275 0.012429
14.28 0.010078
14.285 0.0081382
14.29 0.0066696
14.295 0.0056833
14.3 0.0051889
14.305 0.0051583
14.31 0.0054672
14.315 0.0060329
14.32 0.006706
14.325 0.0073631
14.33 0.0079446
14.335 0.0084679
14.34 0.0090125
14.345 0.0097612
14.35 0.010875
14.355 0.012325
14.36 0.014062
14.365 0.015896
14.37 0.017657
14.375 0.01923
14.38 0.020564
14.385 0.021666
14.39 0.02248
14.395 0.022867
14.4 0.022782
14.405 0.022272
14.41 0.021488
14.415 0.020511
14.42 0.0194
14.425 0.018215
14.43 0.016988
14.435 0.015806
14.44 0.014672
14.445 0.013574
14.45 0.012555
14.455 0.011649
14.46 0.010872
14.465 0.010245
14.47 0.0097828
14.475 0.0094392
14.48 0.0091339
14.485 0.0088235
14.49 0.0084897
14.495 0.0081771
14.5 0.007962
14.505 0.0079415
14.51 0.0082455
14.515 0.0089872
14.52 0.010208
14.525 0.011828
14.53 0.013676
14.535 0.015443
14.54 0.016824
14.545 0.017683
14.55 0.018049
14.555 0.018064
14.56 0.017866
14.565 0.01752
14.57 0.017096
14.575 0.016569
14.58 0.015889
14.585 0.015035
14.59 0.014033
14.595 0.012975
14.6 0.011969
14.605 0.011023
14.61 0.010094
14.615 0.0091846
14.62 0.0082861
14.625 0.0073907
14.63 0.0064332
14.635 0.0053274
14.64 0.004099
14.645 0.0028461
14.65 0.0017435
14.655 0.00091661
14.66 0.0004043
14.665 0.00025887
14.67 0.00048361
14.675 0.00097769
14.68 0.0015616
14.685 0.0021168
14.69 0.0026125
14.695 0.003055
14.7 0.003474
14.705 0.0038641
14.71 0.0042268
14.715 0.0045227
14.72 0.0046969
14.725 0.0046865
14.73 0.0044355
14.735 0.0039499
14.74 0.003263
14.745 0.0024168
14.75 0.0015286
14.755 0.00073604
14.76 8.4313e-005
14.765 -0.00044017
14.77 -0.00075588
14.775 -0.00079939
14.78 -0.00058784
14.785 -0.00021777
14.79 0.00017898
14.795 0.00045766
14.8 0.00051221
14.805 0.00025543
14.81 -0.00036358
14.815 -0.0013109
14.82 -0.0025387
14.825 -0.0039536
14.83 -0.0054878
14.835 -0.0070609
14.84 -0.0085731
14.845 -0.0099293
14.85 -0.011009
14.855 -0.011756
14.86 -0.012118
14.865 -0.012058
14.87 -0.011643
14.875 -0.011007
14.88 -0.010266
14.885 -0.009549
14.89 -0.0088439
14.895 -0.0081654
14.9 -0.0075629
14.905 -0.0070674
14.91 -0.0066297
14.915 -0.0062241
14.92 -0.0058379
14.925 -0.0054521
14.93 -0.0050775
14.935 -0.0047644
14.94 -0.0045511
14.945 -0.0044443
14.95 -0.0044494
14.955 -0.0045613
14.96 -0.0048246
14.965 -0.0053034
14.97 -0.0059748
14.975 -0.0067637
14.98 -0.0075792
14.985 -0.0083139
14.99 -0.0089287
14.995 -0.0094165
15 -0.009787
15.005 -0.010062
15.01 -0.010228
15.015 -0.010288
15.02 -0.010354
15.025 -0.010525
15.03 -0.01086
15.035 -0.011356
15.04 -0.012033
15.045 -0.012859
15.05 -0.013754
15.055 -0.014595
15.06 -0.015245
15.065 -0.015607
15.07 -0.015755
15.075 -0.015832
15.08 -0.015968
15.085 -0.016127
15.09 -0.016157
15.095 -0.015971
15.1 -0.015485
15.105 -0.014632
15.11 -0.01338
15.115 -0.01171
15.12 -0.0096825
15.125 -0.0073385
15.13 -0.0047897
15.135 -0.0022141
15.14 0.00017795
15.145 0.0022071
15.15 0.0037843
15.155 0.004926
15.16 0.0058236
15.165 0.0066762
15.17 0.0075464
15.175 0.0083755
15.18 0.0089697
15.185 0.0091736
15.19 0.009007
15.195 0.0085563
15.2 0.0079881
15.205 0.0074492
15.21 0.0070629
15.215 0.0068343
15.22 0.0067152
15.225 0.0066344
15.23 0.0064808
15.235 0.0062041
15.24 0.0058578
15.245 0.005533
15.25 0.0052512
15.255 0.0049968
15.26 0.0047657
15.265 0.0045333
15.27 0.00422
15.275 0.0037301
15.28 0.0030481
15.285 0.0022632
15.29 0.0015025
15.295 0.00092533
15.3 0.00055389
15.305 0.00034549
15.31 0.00023617
15.315 0.00016833
15.32 9.662e-005
15.325 6.7264e-005
15.33 0.00012307
15.335 0.00027397
15.34 0.000466
15.345 0.0005858
15.35 0.00052565
15.355 0.00021085
15.36 -0.00037103
15.365 -0.0011368
15.37 -0.0019944
15.375 -0.0029085
15.38 -0.0037978
15.385 -0.0046379
15.39 -0.0054582
15.395 -0.0062921
15.4 -0.0070771
15.405 -0.0077921
15.41 -0.0085545
15.415 -0.0094513
15.42 -0.010499
15.425 -0.011631
15.43 -0.012791
15.435 -0.013967
15.44 -0.015068
15.445 -0.015964
15.45 -0.016555
15.455 -0.016773
15.46 -0.016526
15.465 -0.015743
15.47 -0.014429
15.475 -0.012619
15.48 -0.010403
15.485 -0.0079065
15.49 -0.0053064
15.495 -0.002812
15.5 -0.00048312
15.505 0.0016261
15.51 0.0034164
15.515 0.0048868
15.52 0.0060571
15.525 0.006982
15.53 0.007717
15.535 0.0082394
15.54 0.0085047
15.545 0.008472
15.55 0.0082698
15.555 0.0080192
15.56 0.007892
15.565 0.008
15.57 0.0083108
15.575 0.0086607
15.58 0.0088648
15.585 0.008796
15.59 0.0083412
15.595 0.0074153
15.6 0.0061154
15.605 0.0045158
15.61 0.002757
15.615 0.0010076
15.62 -0.00065327
15.625 -0.0021759
15.63 -0.0035774
15.635 -0.0050014
15.64 -0.0065302
15.645 -0.0081244
15.65 -0.0096198
15.655 -0.010821
15.66 -0.011592
15.665 -0.011849
15.67 -0.011563
15.675 -0.010798
15.68 -0.0096845
15.685 -0.0084969
15.69 -0.0074274
15.695 -0.0065367
15.7 -0.0058882
15.705 -0.0054955
15.71 -0.0053531
15.715 -0.0054587
15.72 -0.0057748
15.725 -0.0062833
15.73 -0.0069234
15.735 -0.0076572
15.74 -0.0084221
15.745 -0.0092208
15.75 -0.010084
15.755 -0.011018
15.76 -0.012025
15.765 -0.013118
15.77 -0.01421
15.775 -0.015345
15.78 -0.016378
15.785 -0.017205
15.79 -0.017883
15.795 -0.018424
15.8 -0.018795
15.805 -0.018949
15.81 -0.018857
15.815 -0.018574
15.82 -0.018162
15.825 -0.017701
15.83 -0.01732
15.835 -0.017093
15.84 -0.017052
15.845 -0.017208
15.85 -0.017548
15.855 -0.017995
15.86 -0.018476
15.865 -0.018962
15.87 -0.019429
15.875 -0.019794
15.88 -0.019986
15.885 -0.019962
15.89 -0.01976
15.895 -0.019455
15.9 -0.019126
15.905 -0.018804
15.91 -0.018491
15.915 -0.018242
15.92 -0.018106
15.925 -0.018089
15.93 -0.01817
15.935 -0.018312
15.94 -0.018424
15.945 -0.018454
15.95 -0.018468
15.955 -0.018542
15.96 -0.018707
15.965 -0.018987
15.97 -0.019419
15.975 -0.019956
15.98 -0.020506
15.985 -0.020974
15.99 -0.021319
15.995 -0.021557
16 -0.021697
16.005 -0.02173
16.01 -0.021693
16.015 -0.021549
16.02 -0.021238
16.025 -0.020676
16.03 -0.019805
16.035 -0.018659
16.04 -0.017375
16.045 -0.016077
16.05 -0.014722
16.055 -0.01319
16.06 -0.011465
16.065 -0.0096442
16.07 -0.0078725
16.075 -0.0063374
16.08 -0.0052205
16.085 -0.0045848
16.09 -0.0043504
16.095 -0.0044203
16.1 -0.0046724
16.105 -0.0049597
16.11 -0.0051488
16.115 -0.0051549
16.12 -0.0049658
16.125 -0.0046047
16.13 -0.0040979
16.135 -0.0034793
16.14 -0.0028477
16.145 -0.00229
16.15 -0.0019184
16.155 -0.0018018
16.16 -0.0019324
16.165 -0.0022437
16.17 -0.0027082
16.175 -0.0034294
16.18 -0.0044254
16.185 -0.0056443
16.19 -0.0069402
16.195 -0.0080793
16.2 -0.008905
16.205 -0.0094021
16.21 -0.0095361
16.215 -0.0093053
16.22 -0.0087329
16.225 -0.0079144
16.23 -0.0069644
16.235 -0.0059988
16.24 -0.0051789
16.245 -0.00462
16.25 -0.0043426
16.255 -0.0042886
16.26 -0.0043764
16.265 -0.0045013
16.27 -0.0046016
16.275 -0.0046527
16.28 -0.0046685
16.285 -0.0046676
16.29 -0.0047122
16.295 -0.0048203
16.3 -0.0050091
16.305 -0.005223
16.31 -0.0053963
16.315 -0.0055173
16.32 -0.0055718
16.325 -0.0056267
16.33 -0.0056768
16.335 -0.0056827
16.34 -0.0056561
16.345 -0.0056247
16.35 -0.0055821
16.355 -0.0054982
16.36 -0.0052877
16.365 -0.0048594
16.37 -0.0041621
16.375 -0.0032601
16.38 -0.0022636
16.385 -0.001291
16.39 -0.00044111
16.395 0.0002692
16.4 0.00098772
16.405 0.0017913
16.41 0.0025635
16.415 0.003271
16.42 0.003921
16.425 0.0045504
16.43 0.0051748
16.435 0.0058416
16.44 0.0065654
16.445 0.0072941
16.45 0.0079381
16.455 0.0084446
16.46 0.0088221
16.465 0.0091479
16.47 0.0095087
16.475 0.0099355
16.48 0.010404
16.485 0.010911
16.49 0.011397
16.495 0.011866
16.5 0.012419
16.505 0.013105
16.51 0.013918
16.515 0.014823
16.52 0.015777
16.525 0.016797
16.53 0.017843
16.535 0.018798
16.54 0.019541
16.545 0.019952
16.55 0.020099
16.555 0.020184
16.56 0.020425
16.565 0.020927
16.57 0.021626
16.575 0.022429
16.58 0.023113
16.585 0.023728
16.59 0.024225
16.595 0.024396
16.6 0.024213
16.605 0.023812
16.61 0.023382
16.615 0.022994
16.62 0.022678
16.625 0.02239
16.63 0.022085
16.635 0.021768
16.64 0.021431
16.645 0.021081
16.65 0.020767
16.655 0.020497
16.66 0.020289
16.665 0.020193
16.67 0.020221
16.675 0.02032
16.68 0.020366
16.685 0.020196
16.69 0.019711
16.695 0.018927
16.7 0.017958
16.705 0.016949
16.71 0.01604
16.715 0.015325
16.72 0.014754
16.725 0.014245
16.73 0.013631
16.735 0.012773
16.74 0.011601
16.745 0.010148
16.75 0.0085238
16.755 0.0069094
16.76 0.0055503
16.765 0.0045826
16.77 0.0040145
16.775 0.0037902
16.78 0.0038312
16.785 0.0040017
16.79 0.0041644
16.795 0.0041429
16.8 0.0038787
16.805 0.0034214
16.81 0.0028348
16.815 0.0021274
16.82 0.0013294
16.825 0.00056017
16.83 -0.00010516
16.835 -0.00056714
16.84 -0.00078166
16.845 -0.00076558
16.85 -0.0005259
16.855 -9.093e-005
16.86 0.00058581
16.865 0.001474
16.87 0.0023994
16.875 0.0032598
16.88 0.0040156
16.885 0.0046504
16.89 0.0051636
16.895 0.0054995
16.9 0.0055549
16.905 0.0053094
16.91 0.0048193
16.915 0.004046
16.92 0.0029955
16.925 0.0017516
16.93 0.00038586
16.935 -0.0010164
16.94 -0.0023622
16.945 -0.0035846
16.95 -0.0046199
16.955 -0.005457
16.96 -0.0060702
16.965 -0.0064012
16.97 -0.0063128
16.975 -0.0058012
16.98 -0.0050292
16.985 -0.0041879
16.99 -0.0034215
16.995 -0.002829
17 -0.0024139
17.005 -0.0021419
17.01 -0.0019435
17.015 -0.0017566
17.02 -0.0015374
17.025 -0.0012768
17.03 -0.00094959
17.035 -0.00066181
17.04 -0.00053918
17.045 -0.00064415
17.05 -0.00093165
17.055 -0.0012263
17.06 -0.0014079
17.065 -0.0014368
17.07 -0.0012866
17.075 -0.00098246
17.08 -0.00067235
17.085 -0.00048509
17.09 -0.00043924
17.095 -0.00050952
17.1 -0.00063992
17.105 -0.00069741
17.11 -0.00053723
17.115 -0.00012722
17.12 0.00043001
17.125 0.0010428
17.13 0.0016529
17.135 0.002101
17.14 0.0022869
17.145 0.0021361
17.15 0.0016118
17.155 0.00075642
17.16 -0.00024847
17.165 -0.0011923
17.17 -0.0020429
17.175 -0.0028312
17.18 -0.0035741
17.185 -0.0042857
17.19 -0.0049694
17.195 -0.0055813
17.2 -0.0060615
17.205 -0.0062918
17.21 -0.0061703
17.215 -0.0057667
17.22 -0.0052498
17.225 -0.0047131
17.23 -0.0042179
17.235 -0.0037577
17.24 -0.0033313
17.245 -0.0029392
17.25 -0.0025661
17.255 -0.0021355
17.26 -0.0015903
17.265 -0.00081696
17.27 0.00028114
17.275 0.0017153
17.28 0.0034188
17.285 0.005307
17.29 0.0073655
17.295 0.0095347
17.3 0.011722
17.305 0.013756
17.31 0.015444
17.315 0.016649
17.32 0.017295
17.325 0.017491
17.33 0.017406
17.335 0.017256
17.34 0.017178
17.345 0.017238
17.35 0.017394
17.355 0.017534
17.36 0.017589
17.365 0.017554
17.37 0.017449
17.375 0.017311
17.38 0.017162
17.385 0.016969
17.39 0.016697
17.395 0.016214
17.4 0.015378
17.405 0.014192
17.41 0.012795
17.415 0.0113
17.42 0.0098043
17.425 0.0084754
17.43 0.0074628
17.435 0.0068713
17.44 0.0067134
17.445 0.0069645
17.45 0.007553
17.455 0.0084432
17.46 0.0095274
17.465 0.0107
17.47 0.011889
17.475 0.013068
17.48 0.014166
17.485 0.015125
17.49 0.015917
17.495 0.016553
17.5 0.017013
17.505 0.017238
17.51 0.017203
17.515 0.016935
17.52 0.016527
17.525 0.01607
17.53 0.015578
17.535 0.015033
17.54 0.0145
17.545 0.014054
17.55 0.013746
17.555 0.01365
17.56 0.013756
17.565 0.014001
17.57 0.014225
17.575 0.014258
17.58 0.013959
17.585 0.013169
17.59 0.011904
17.595 0.010286
17.6 0.0084856
17.605 0.0068009
17.61 0.0054702
17.615 0.0045601
17.62 0.0039684
17.625 0.0036215
17.63 0.0035797
17.635 0.003876
17.64 0.0044737
17.645 0.0053149
17.65 0.0062209
17.655 0.0070272
17.66 0.0076665
17.665 0.0081076
17.67 0.0081819
17.675 0.0078088
17.68 0.0069707
17.685 0.0056455
17.69 0.0038825
17.695 0.0019089
17.7 1.1681e-005
17.705 -0.0016311
17.71 -0.0028601
17.715 -0.0035676
17.72 -0.0037377
17.725 -0.0033755
17.73 -0.0025662
17.735 -0.0015388
17.74 -0.00048187
17.745 0.0003796
17.75 0.00087751
17.755 0.00089179
17.76 0.00031951
17.765 -0.00084725
17.77 -0.0025311
17.775 -0.0046168
17.78 -0.0069525
17.785 -0.0093531
17.79 -0.011605
17.795 -0.013587
17.8 -0.015234
17.805 -0.016403
17.81 -0.016948
17.815 -0.016755
17.82 -0.015845
17.825 -0.0143
17.83 -0.012304
17.835 -0.010122
17.84 -0.0080901
17.845 -0.006508
17.85 -0.0055338
17.855 -0.0052427
17.86 -0.0055263
17.865 -0.0062359
17.87 -0.0072601
17.875 -0.0084095
17.88 -0.0095375
17.885 -0.010572
17.89 -0.011402
17.895 -0.011871
17.9 -0.011974
17.905 -0.011756
17.91 -0.011277
17.915 -0.010659
17.92 -0.009964
17.925 -0.0093076
17.93 -0.0087818
17.935 -0.0084436
17.94 -0.0083647
17.945 -0.0085927
17.95 -0.0090542
17.955 -0.0096513
17.96 -0.010314
17.965 -0.010937
17.97 -0.011442
17.975 -0.011884
17.98 -0.012316
17.985 -0.012767
17.99 -0.013288
17.995 -0.013877
18 -0.014447
18.005 -0.014945
18.01 -0.015331
18.015 -0.015579
18.02 -0.015736
18.025 -0.015849
18.03 -0.015911
18.035 -0.015991
18.04 -0.016175
18.045 -0.01645
18.05 -0.016687
18.055 -0.016763
18.06 -0.016566
18.065 -0.016087
18.07 -0.015399
18.075 -0.014614
18.08 -0.013816
18.085 -0.013034
18.09 -0.012273
18.095 -0.011461
18.1 -0.010601
18.105 -0.0096647
18.11 -0.00858
18.115 -0.0073479
18.12 -0.0060313
18.125 -0.0047232
18.13 -0.0035173
18.135 -0.0024697
18.14 -0.0016365
18.145 -0.00094935
18.15 -0.00029773
18.155 0.00037567
18.16 0.0011862
18.165 0.0022129
18.17 0.0033601
18.175 0.0044326
18.18 0.0052451
18.185 0.0056788
18.19 0.0057032
18.195 0.0053894
18.2 0.0049273
18.205 0.0044567
18.21 0.0041072
18.215 0.003983
18.22 0.004095
18.225 0.0044217
18.23 0.0050089
18.235 0.0058514
18.24 0.0069148
18.245 0.0080558
18.25 0.0091115
18.255 0.010033
18.26 0.010675
18.265 0.010876
18.27 0.01059
18.275 0.0097954
18.28 0.0084343
18.285 0.0065524
18.29 0.0043331
18.295 0.0019909
18.3 -0.00024127
18.305 -0.0021558
18.31 -0.0035944
18.315 -0.0043758
18.32 -0.0043658
18.325 -0.0036237
18.33 -0.0022941
18.335 -0.00061651
18.34 0.0011463
18.345 0.0028362
18.35 0.0042893
18.355 0.00536
18.36 0.0059256
18.365 0.0058553
18.37 0.0050558
18.375 0.0035271
18.38 0.0013698
18.385 -0.00113
18.39 -0.0037463
18.395 -0.0063395
18.4 -0.0087806
18.405 -0.010989
18.41 -0.012914
18.415 -0.014515
18.42 -0.015748
18.425 -0.016613
18.43 -0.017146
18.435 -0.017439
18.44 -0.017566
18.445 -0.017668
18.45 -0.017898
18.455 -0.018326
18.46 -0.018911
18.465 -0.019526
18.47 -0.020053
18.475 -0.020413
18.48 -0.020561
18.485 -0.020503
18.49 -0.020269
18.495 -0.019836
18.5 -0.019149
18.505 -0.018239
18.51 -0.01713
18.515 -0.015892
18.52 -0.014609
18.525 -0.013332
18.53 -0.012198
18.535 -0.011469
18.54 -0.011315
18.545 -0.011681
18.55 -0.012386
18.555 -0.013159
18.56 -0.013779
18.565 -0.014156
18.57 -0.014275
18.575 -0.014285
18.58 -0.014295
18.585 -0.01431
18.59 -0.014347
18.595 -0.014399
18.6 -0.014468
18.605 -0.01455
18.61 -0.014609
18.615 -0.014574
18.62 -0.014436
18.625 -0.014188
18.63 -0.013853
18.635 -0.01348
18.64 -0.01306
18.645 -0.012564
18.65 -0.011905
18.655 -0.011019
18.66 -0.0097938
18.665 -0.00818
18.67 -0.0062388
18.675 -0.0041673
18.68 -0.0022378
18.685 -0.00061052
18.69 0.00071801
18.695 0.0018917
18.7 0.0031387
18.705 0.0045013
18.71 0.0059414
18.715 0.007418
18.72 0.0087376
18.725 0.0097202
18.73 0.010205
18.735 0.010073
18.74 0.0093311
18.745 0.0081006
18.75 0.0065281
18.755 0.0047692
18.76 0.0029359
18.765 0.0010809
18.77 -0.0007053
18.775 -0.0023856
18.78 -0.0039697
18.785 -0.0054462
18.79 -0.0067991
18.795 -0.0080167
18.8 -0.0091136
18.805 -0.010136
18.81 -0.01109
18.815 -0.011984
18.82 -0.012779
18.825 -0.01348
18.83 -0.014173
18.835 -0.014914
18.84 -0.015654
18.845 -0.016268
18.85 -0.016602
18.855 -0.016602
18.86 -0.016252
18.865 -0.015471
18.87 -0.014229
18.875 -0.012586
18.88 -0.010667
18.885 -0.0086668
18.89 -0.0067485
18.895 -0.0050321
18.9 -0.0035911
18.905 -0.002371
18.91 -0.0013819
18.915 -0.00063639
18.92 -0.00018911
18.925 -3.4716e-005
18.93 -0.00011006
18.935 -0.00037659
18.94 -0.00074014
18.945 -0.0011298
18.95 -0.0014507
18.955 -0.0015619
18.96 -0.0014681
18.965 -0.0012036
18.97 -0.000787
18.975 -0.00025155
18.98 0.00036368
18.985 0.0010594
18.99 0.0017393
18.995 0.0022869
19 0.0026598
19.005 0.002959
19.01 0.0032094
19.015 0.0033883
19.02 0.0034982
19.025 0.0034618
19.03 0.0032289
19.035 0.0027583
19.04 0.0020969
19.045 0.00139
19.05 0.00078719
19.055 0.00047284
19.06 0.00055875
19.065 0.00099518
19.07 0.0016555
19.075 0.0023772
19.08 0.002998
19.085 0.0034328
19.09 0.0036811
19.095 0.0037332
19.1 0.0036945
19.105 0.0036996
19.11 0.0037568
19.115 0.0038279
19.12 0.0038775
19.125 0.0039367
19.13 0.0040538
19.135 0.0042688
19.14 0.0045906
19.145 0.0049079
19.15 0.005135
19.155 0.0053156
19.16 0.0055515
19.165 0.0058702
19.17 0.0061817
19.175 0.0063299
19.18 0.0061152
19.185 0.0054397
19.19 0.0043402
19.195 0.0029548
19.2 0.0014377
19.205 -4.2466e-006
19.21 -0.0012288
19.215 -0.002127
19.22 -0.0026572
19.225 -0.0028468
19.23 -0.0027442
19.235 -0.0023931
19.24 -0.0017712
19.245 -0.00091176
19.25 0.00013647
19.255 0.0013188
19.26 0.0025333
19.265 0.0036691
19.27 0.0046169
19.275 0.0052915
19.28 0.0056385
19.285 0.005673
19.29 0.0054363
19.295 0.0050149
19.3 0.0045294
19.305 0.0040879
19.31 0.0038095
19.315 0.0037638
19.32 0.0039876
19.325 0.0044918
19.33 0.005272
19.335 0.0063596
19.34 0.0077386
19.345 0.0093332
19.35 0.011014
19.355 0.012639
19.36 0.014073
19.365 0.015206
19.37 0.015889
19.375 0.015963
19.38 0.015378
19.385 0.01422
19.39 0.012581
19.395 0.010568
19.4 0.0083765
19.405 0.006209
19.41 0.0042727
19.415 0.002801
19.42 0.0019775
19.425 0.0022675
19.43 0.0028098
19.435 0.0038379
19.44 0.0051572
19.445 0.0065895
19.45 0.0079721
19.455 0.0091624
19.46 0.010125
19.465 0.010849
19.47 0.011292
19.475 0.011473
19.48 0.011423
19.485 0.01121
19.49 0.0109
19.495 0.010556
19.5 0.010237
19.505 0.0099477
19.51 0.0096953
19.515 0.0094387
19.52 0.00909
19.525 0.0086426
19.53 0.0080679
19.535 0.0072814
19.54 0.0062353
19.545 0.0050285
19.55 0.0039184
19.555 0.00324
19.56 0.0032028
19.565 0.0038573
19.57 0.0051841
19.575 0.0070675
19.58 0.0092838
19.585 0.011571
19.59 0.013689
19.595 0.015425
19.6 0.016646
19.605 0.017306
19.61 0.017402
19.615 0.017002
19.62 0.016097
19.625 0.014744
19.63 0.013033
19.635 0.011068
19.64 0.0088527
19.645 0.0064873
19.65 0.0042192
19.655 0.0023237
19.66 0.0011338
19.665 0.00085618
19.67 0.001469
19.675 0.0027649
19.68 0.004463
19.685 0.0063004
19.69 0.008019
19.695 0.0093996
19.7 0.010345
19.705 0.010888
19.71 0.011119
19.715 0.011094
19.72 0.01082
19.725 0.010339
19.73 0.0096412
19.735 0.0086906
19.74 0.0075143
19.745 0.0063002
19.75 0.0052771
19.755 0.0045647
19.76 0.0041904
19.765 0.0041658
19.77 0.0044616
19.775 0.0049848
19.78 0.0056041
19.785 0.0061749
19.79 0.0066446
19.795 0.0069088
19.8 0.0069108
19.805 0.0065591
19.81 0.0057832
19.815 0.0047597
19.82 0.0037336
19.825 0.002858
19.83 0.0022707
19.835 0.0019803
19.84 0.0018399
19.845 0.0016997
19.85 0.0014891
19.855 0.001145
19.86 0.00068496
19.865 0.00017663
19.87 -0.00038172
19.875 -0.00095157
19.88 -0.0015298
19.885 -0.002144
19.89 -0.002734
19.895 -0.0032893
19.9 -0.0038199
19.905 -0.004327
19.91 -0.0048366
19.915 -0.0053549
19.92 -0.0058747
19.925 -0.0063042
19.93 -0.0065835
19.935 -0.0066708
19.94 -0.0064972
19.945 -0.0061181
19.95 -0.0056316
19.955 -0.0051439
19.96 -0.004803
19.965 -0.0046682
19.97 -0.0047535
19.975 -0.0050333
19.98 -0.0054726
19.985 -0.0060588
19.99 -0.0068093
19.995 -0.0076872
20 -0.008627
20.005 -0.0095754
20.01 -0.01048
20.015 -0.011212
20.02 -0.011717
20.025 -0.011967
20.03 -0.011876
20.035 -0.011459
20.04 -0.010868
20.045 -0.010241
20.05 -0.0095632
20.055 -0.0087721
20.06 -0.0078971
20.065 -0.0070002
20.07 -0.0062015
20.075 -0.0056378
20.08 -0.0053897
20.085 -0.0054608
20.09 -0.0057868
20.095 -0.0062592
20.1 -0.006726
20.105 -0.0070529
20.11 -0.0072125
20.115 -0.0071946
20.12 -0.0069538
20.125 -0.0065434
20.13 -0.0059866
20.135 -0.005321
20.14 -0.0046234
20.145 -0.0039325
20.15 -0.0033269
20.155 -0.0028772
20.16 -0.0025742
20.165 -0.0023594
20.17 -0.0022009
20.175 -0.0021645
20.18 -0.0023425
20.185 -0.0027119
20.19 -0.0032927
20.195 -0.0041111
20.2 -0.0050678
20.205 -0.0059778
20.21 -0.0067187
20.215 -0.0071789
20.22 -0.0073065
20.225 -0.0070967
20.23 -0.0066069
20.235 -0.0059068
20.24 -0.0051039
20.245 -0.0042131
20.25 -0.0031674
20.255 -0.0019995
20.26 -0.00078308
20.265 0.00037441
20.27 0.0013501
20.275 0.0020152
20.28 0.0023418
20.285 0.0024241
20.29 0.0023392
20.295 0.002129
20.3 0.001866
20.305 0.0015931
20.31 0.0013444
20.315 0.0011688
20.32 0.0010869
20.325 0.0010944
20.33 0.001138
20.335 0.0012146
20.34 0.0013784
20.345 0.0016107
20.35 0.0018605
20.355 0.0020781
20.36 0.0022336
20.365 0.0023532
20.37 0.0025071
20.375 0.0027306
20.38 0.0030468
20.385 0.0035083
20.39 0.0041264
20.395 0.0048632
20.4 0.005687
20.405 0.0065801
20.41 0.0075072
20.415 0.0084067
20.42 0.0092234
20.425 0.0098903
20.43 0.010366
20.435 0.010642
20.44 0.010682
20.445 0.010494
20.45 0.010116
20.455 0.0095782
20.46 0.008916
20.465 0.0081633
20.47 0.007397
20.475 0.0066685
20.48 0.006034
20.485 0.0055205
20.49 0.0051192
20.495 0.0048097
20.5 0.0045596
20.505 0.0043297
20.51 0.0040814
20.515 0.0037764
20.52 0.0033838
20.525 0.0029017
20.53 0.0023456
20.535 0.001714
20.54 0.001018
20.545 0.00030169
20.55 -0.0003432
20.555 -0.00084512
20.56 -0.0011327
20.565 -0.0011829
20.57 -0.0010352
20.575 -0.00076899
20.58 -0.00045779
20.585 -0.00014026
20.59 0.00015437
20.595 0.00040823
20.6 0.00062597
20.605 0.00080357
20.61 0.00088899
20.615 0.00085198
20.62 0.00067895
20.625 0.0003682
20.63 -3.8797e-005
20.635 -0.00047807
20.64 -0.00088961
20.645 -0.0012341
20.65 -0.0014935
20.655 -0.0016357
20.66 -0.0016235
20.665 -0.0014447
20.67 -0.0011225
20.675 -0.00072411
20.68 -0.00032303
20.685 1.9897e-005
20.69 0.00028563
20.695 0.00046746
20.7 0.00061315
20.705 0.00074804
20.71 0.00087748
20.715 0.00099392
20.72 0.0010769
20.725 0.0011256
20.73 0.0011213
20.735 0.0010673
20.74 0.00097105
20.745 0.00084375
20.75 0.00069733
20.755 0.00056014
20.76 0.00043657
20.765 0.00033552
20.77 0.00028709
20.775 0.00033127
20.78 0.00047622
20.785 0.00068392
20.79 0.00088023
20.795 0.0010121
20.8 0.0010836
20.805 0.0011138
20.81 0.0011089
20.815 0.0010494
20.82 0.00094056
20.825 0.00079942
20.83 0.00065799
20.835 0.00054075
20.84 0.00044808
20.845 0.00037328
20.85 0.00031752
20.855 0.00028952
20.86 0.00028863
20.865 0.00030951
20.87 0.00033893
20.875 0.00036047
20.88 0.00034655
20.885 0.00028142
20.89 0.00016444
20.895 -5.8524e-007
20.9 -0.00019423
20.905 -0.00039605
20.91 -0.00058862
20.915 -0.00075506
20.92 -0.00088875
20.925 -0.0009847
20.93 -0.0010438
20.935 -0.0010706
20.94 -0.0010644
20.945 -0.0010369
20.95 -0.0009939
20.955 -0.0009452
20.96 -0.0009017
20.965 -0.00087414
20.97 -0.00086769
20.975 -0.00088203
20.98 -0.00091509
20.985 -0.00096115
20.99 -0.0010104
20.995 -0.001062
21 -0.0011111
21.005 -0.0011513
21.01 -0.0011837
21.015 -0.0012109
21.02 -0.0012374
21.025 -0.0012692
21.03 -0.0013062
21.035 -0.0013451
21.04 -0.0013859
21.045 -0.0014288
21.05 -0.0014672
21.055 -0.0014845
21.06 -0.001468
21.065 -0.0014221
21.07 -0.0013551
21.075 -0.0012759
21.08 -0.0011991
21.085 -0.001138
21.09 -0.0010934
21.095 -0.0010609
21.1 -0.0010347
21.105 -0.0010106
21.11 -0.00098911
21.115 -0.00097326
21.12 -0.0009613
21.125 -0.00095089
21.13 -0.0009396
21.135 -0.00092374
21.14 -0.00090211
21.145 -0.00087438
21.15 -0.00083921
21.155 -0.0007978
21.16 -0.00075132
21.165 -0.0007026
21.17 -0.00065635
21.175 -0.0006151
21.18 -0.00058153
21.185 -0.00055837
21.19 -0.0005457
21.195 -0.00054092
21.2 -0.00054078
21.205 -0.00054357
21.21 -0.00054816
21.215 -0.00055305
21.22 -0.00055775
21.225 -0.00056103
21.23 -0.0005618
21.235 -0.00056168
21.24 -0.00056284
21.245 -0.00056659
21.25 -0.00057454
21.255 -0.00058616
21.26 -0.00059788
21.265 -0.0006064
21.27 -0.00061065
21.275 -0.00061032
21.28 -0.00060555
21.285 -0.00059736
21.29 -0.0005878
21.295 -0.00057899
21.3 -0.00057205
21.305 -0.00056713
21.31 -0.00056403
21.315 -0.00056183
21.32 -0.00055959
21.325 -0.00055697
21.33 -0.00055404
21.335 -0.00055126
21.34 -0.00054888
21.345 -0.0005471
21.35 -0.00054608
21.355 -0.00054589
21.36 -0.00054645
21.365 -0.00054761
21.37 -0.00054931
21.375 -0.00055144
21.38 -0.00055378
21.385 -0.00055613
21.39 -0.00055844
21.395 -0.0005607
21.4 -0.00056298
21.405 -0.00056532
21.41 -0.00056777
21.415 -0.00057038
21.42 -0.00057317
21.425 -0.00057615
21.43 -0.00057926
21.435 -0.00058244
21.44 -0.00058559
21.445 -0.00058869
21.45 -0.00059168
21.455 -0.00059455
21.46 -0.00059728
21.465 -0.0005999
21.47 -0.00060242
21.475 -0.00060487
21.48 -0.00060724
21.485 -0.00060954
21.49 -0.00061175
21.495 -0.00061388
21.5 -0.00061592
21.505 -0.00061786
21.51 -0.0006197
21.515 -0.00062144
21.52 -0.00062309
21.525 -0.00062465
21.53 -0.00062612
21.535 -0.00062752
21.54 -0.00062884
21.545 -0.0006301
21.55 -0.00063129
