0.01 -0.00034496
0.02 -0.00034497
0.03 -0.00034639
0.04 -0.00034218
0.05 -0.00034923
0.06 -0.0003408
0.07 -0.00034784
0.08 -0.00036052
0.09 -0.00016918
0.1 0.00052868
0.11 -2.2874e-005
0.12 -0.00030147
0.13 -0.00046751
0.14 -3.9725e-007
0.15 0.00068339
0.16 0.00034429
0.17 -0.00030012
0.18 -0.00030013
0.19 0.00010788
0.2 0.00018807
0.21 -4.9723e-005
0.22 0.00050462
0.23 0.0010505
0.24 0.00052852
0.25 -5.821e-005
0.26 -7.3699e-005
0.27 0.00032025
0.28 0.0004539
0.29 -3.5744e-005
0.3 -8.3593e-005
0.31 0.00074371
0.32 -0.00028763
0.33 -0.00040723
0.34 -0.00025529
0.35 -0.00049168
0.36 1.9052e-005
0.37 0.00010627
0.38 -0.0004087
0.39 -0.00033273
0.4 -0.00035103
0.41 0.00021457
0.42 0.0004031
0.43 0.00027223
0.44 -0.00016113
0.45 -0.0005143
0.46 1.6129e-005
0.47 0.00012868
0.48 -0.0004679
0.49 -8.9428e-005
0.5 0.00041427
0.51 0.00029325
0.52 0.0002046
0.53 -0.00059317
0.54 8.7801e-005
0.55 1.7441e-005
0.56 -0.0001303
0.57 0.00023691
0.58 -0.00057916
0.59 0.00059849
0.6 0.00045778
0.61 0.0003241
0.62 0.0001454
0.63 -0.00050745
0.64 -5.3002e-005
0.65 0.00038597
0.66 0.00028606
0.67 0.00040424
0.68 7.3587e-005
0.69 -0.00042028
0.7 0.00024803
0.71 -0.00017126
0.72 -0.00052865
0.73 5.9467e-005
0.74 1.3026e-005
0.75 -9.5322e-005
0.76 0.00014808
0.77 0.00014103
0.78 -3.3444e-005
0.79 0.0010795
0.8 7.2061e-005
0.81 -0.00010523
0.82 0.00011284
0.83 0.00039142
0.84 0.00040829
0.85 -0.00063571
0.86 -0.00012498
0.87 -0.00058929
0.88 8.8867e-005
0.89 2.2729e-005
0.9 0.00024925
0.91 -0.00029668
0.92 -0.00014051
0.93 0.00043072
0.94 0.00011976
0.95 -0.00055138
0.96 6.7687e-005
0.97 -1.265e-006
0.98 -7.8659e-005
0.99 0.00010143
1 -0.00017998
1.01 0.00023507
1.02 -0.00052331
1.03 -0.00024754
1.04 -0.00044594
1.05 -0.00011812
1.06 0.00047281
1.07 7.0852e-006
1.08 -0.00034186
1.09 -0.0004488
1.1 -2.5303e-005
1.11 0.00012664
1.12 -0.00043335
1.13 -0.00033768
1.14 -0.00033488
1.15 -0.00041368
1.16 0.0003081
1.17 -0.00031098
1.18 -0.00029692
1.19 -0.00049673
1.2 0.00059369
1.21 0.00079066
1.22 -0.00011827
1.23 0.00040512
1.24 0.00031085
1.25 0.00070902
1.26 -0.00031669
1.27 0.00016731
1.28 6.8809e-005
1.29 0.00011382
1.3 -0.00047712
1.31 -9.4428e-005
1.32 0.00082292
1.33 -0.00045745
1.34 0.0003797
1.35 -0.00041948
1.36 0.00056682
1.37 0.00026853
1.38 -0.0005391
1.39 0.00034871
1.4 -0.00032244
1.41 0.0002488
1.42 -0.00024788
1.43 0.00016014
1.44 1.3803e-005
1.45 0.00036554
1.46 0.00027127
1.47 0.00041477
1.48 1.9399e-005
1.49 0.00021496
1.5 -0.00027609
1.51 -0.00015931
1.52 0.00081854
1.53 -0.00039711
1.54 -0.00032958
1.55 -0.00021422
1.56 0.00053148
1.57 -4.68e-005
1.58 -0.00031132
1.59 -0.00049424
1.6 0.0005821
1.61 0.00022894
1.62 -0.00032542
1.63 0.00058489
1.64 -8.625e-005
1.65 0.00027393
1.66 -0.00028747
1.67 -0.00036064
1.68 0.00015854
1.69 7.411e-005
1.7 8.1137e-005
1.71 0.00013037
1.72 9.2358e-007
1.73 0.00040613
1.74 4.5933e-005
1.75 -0.0004015
1.76 -0.00038884
1.77 0.00027384
1.78 0.00024851
1.79 7.2629e-005
1.8 2.3377e-005
1.81 -0.00014125
1.82 0.0001711
1.83 9.7926e-005
1.84 -0.00015675
1.85 -0.00047051
1.86 -0.00029324
1.87 -0.00041284
1.88 -0.00032984
1.89 -0.00039034
1.9 -0.00033829
1.91 -0.00041287
1.92 -0.00012726
1.93 0.00025544
1.94 -0.00065771
1.95 0.00012317
1.96 -6.1155e-005
1.97 -6.9604e-005
1.98 0.00065781
1.99 -3.3036e-005
2 0.00013298
2.01 -0.00045374
2.02 -0.00036792
2.03 -0.00013296
2.04 0.00022019
2.05 -2.4634e-005
2.06 0.00020048
2.07 -4.9973e-005
2.08 -0.00014003
2.09 0.00039744
2.1 0.00011885
2.11 -0.00057059
2.12 4.567e-005
2.13 1.0489e-005
2.14 -0.00015414
2.15 0.00077166
2.16 -0.00035535
2.17 -0.0003835
2.18 -0.00031597
2.19 -0.00048059
2.2 -2.1917e-005
2.21 8.7822e-005
2.22 -0.00040182
2.23 -0.00044544
2.24 0.00051694
2.25 0.00043251
2.26 0.00093621
2.27 0.00015814
2.28 0.00029461
2.29 0.0012429
2.3 8.2139e-005
2.31 -0.00047644
2.32 0.00032272
2.33 -0.00037937
2.34 -6.1399e-005
2.35 0.00011306
2.36 -0.00043145
2.37 -0.00040472
2.38 -0.00010363
2.39 0.00074619
2.4 -0.00034565
2.41 0.00014257
2.42 0.0006519
2.43 0.00022839
2.44 -0.00052577
2.45 -0.00027111
2.46 9.0486e-005
2.47 0.00010596
2.48 3.7009e-005
2.49 0.00016926
2.5 -0.00021767
2.51 -0.00044279
2.52 -0.00032883
2.53 0.00015657
2.54 0.00041686
2.55 -0.00036965
2.56 -0.00030071
2.57 -0.00050614
2.58 0.00053784
2.59 0.00043653
2.6 0.00032115
2.61 7.2112e-005
2.62 -0.00044145
2.63 0.00017763
2.64 0.00059972
2.65 0.00044072
2.66 0.0002761
2.67 0.00085015
2.68 0.0011414
2.69 3.9708e-005
2.7 -0.00017979
2.71 0.00037034
2.72 0.00033375
2.73 4.8129e-005
2.74 -0.00027408
2.75 0.0011006
2.76 9.5952e-005
2.77 -0.00028957
2.78 0.00056025
2.79 -0.00013481
2.8 -6.4466e-005
2.81 0.00064887
2.82 0.00048707
2.83 0.0005349
2.84 0.00057992
2.85 -0.00027835
2.86 -0.00042469
2.87 -0.00034027
2.88 -0.00040781
2.89 -0.00034732
2.9 -0.00040641
2.91 -0.00034733
2.92 -0.00040924
2.93 -0.00034171
2.94 -0.00041769
2.95 -0.00033046
2.96 -0.00043599
2.97 -0.00030233
2.98 -0.0004965
2.99 -5.0488e-005
3 0.00012679
3.01 -0.00052606
3.02 -9.1304e-005
3.03 0.00034486
3.04 0.0008781
3.05 0.00029138
3.06 -0.00067804
3.07 9.8617e-005
3.08 -5.0529e-005
3.09 -0.00012932
3.1 0.00072612
3.11 0.00022241
3.12 -0.00022079
3.13 -0.00049094
3.14 0.00030401
3.15 0.0002027
3.16 6.6217e-005
3.17 1.6968e-005
3.18 0.00021254
3.19 -0.00034745
3.2 -8.4349e-005
3.21 5.7753e-005
3.22 0.00038136
3.23 0.00036025
3.24 -0.00065983
3.25 -1.2613e-005
3.26 0.00085972
3.27 0.001082
3.28 0.00015199
3.29 -0.0005304
3.3 -0.0002476
3.31 -0.00055152
3.32 -7.0138e-006
3.33 0.0006402
3.34 -0.00026591
3.35 -0.00051354
3.36 -4.924e-005
3.37 0.00068661
3.38 -0.00032643
3.39 -0.00043336
3.4 -0.00016744
3.41 0.00045304
3.42 -2.5344e-005
3.43 -0.00036584
3.44 -0.00048825
3.45 -2.8169e-005
3.46 4.2177e-005
3.47 0.00020398
3.48 -0.00035179
3.49 -7.4615e-005
3.5 4.4976e-005
3.51 -0.00016467
3.52 0.00011532
3.53 -0.00024206
3.54 0.00022365
3.55 6.9686e-006
3.56 -8.8711e-005
3.57 -0.00062478
3.58 0.00060352
3.59 0.00078783
3.6 -0.00037153
3.61 -0.00039405
3.62 0.00021799
3.63 -0.00026461
3.64 0.00014342
3.65 -0.00017738
3.66 -0.00055165
3.67 -1.8399e-005
3.68 7.868e-005
3.69 0.00011244
3.7 -0.00018021
3.71 3.3646e-005
3.72 0.00012932
3.73 4.0926e-006
3.74 -0.0003955
3.75 -0.00041379
3.76 -0.00032515
3.77 -0.0004757
3.78 -0.00010989
3.79 0.00037411
3.8 8.1455e-005
3.81 -0.00051511
3.82 -0.00026889
3.83 4.2049e-005
3.84 0.00015179
3.85 -6.0667e-005
3.86 -0.00012821
3.87 0.00016304
3.88 -0.00056438
3.89 -5.2238e-005
3.9 0.00069909
3.91 0.00022775
3.92 -0.00024219
3.93 0.000118
3.94 -0.00015215
3.95 -0.00057706
3.96 -1.6065e-006
3.97 7.9996e-005
3.98 -0.00049406
3.99 -0.00013809
4 0.00040922
4.01 0.00060901
4.02 -0.00029569
4.03 -0.00044202
4.04 -0.00031539
4.05 -0.00049267
4.06 0.00047956
4.07 0.00051754
4.08 2.5809e-006
4.09 -0.00045469
4.1 -0.00032103
4.11 -0.00046314
4.12 -0.00027742
4.13 -0.0005532
4.14 2.6484e-005
4.15 -2.6984e-005
4.16 -0.00012548
4.17 0.0001109
4.18 -0.00044909
4.19 0.00012215
4.2 0.00069338
4.21 7.8525e-005
4.22 0.00040495
4.23 0.00031067
4.24 -0.0005898
4.25 -0.00026198
4.26 -0.00048569
4.27 -0.00015505
4.28 0.001017
4.29 0.00069758
4.3 -0.00014239
4.31 0.00042321
4.32 2.6439e-005
4.33 -0.00046742
4.34 -0.00031546
4.35 -0.00048149
4.36 -9.4571e-005
4.37 0.00017979
4.38 -0.00063205
4.39 0.00062862
4.4 0.00013195
4.41 -0.00024372
4.42 0.00024591
4.43 -0.00063487
4.44 -1.7272e-006
4.45 0.00011505
4.46 -0.00058141
4.47 0.00057795
4.48 0.00021213
4.49 -0.00053499
4.5 -0.00014807
4.51 0.00047382
4.52 -0.00010586
4.53 -8.0538e-005
4.54 7.5637e-005
4.55 -0.00040837
4.56 -0.00047732
4.57 -2.708e-005
4.58 1.7942e-005
4.59 -0.00016919
4.6 0.00016567
4.61 -0.00051672
4.62 -0.00031552
4.63 -0.00042105
4.64 -0.00036477
4.65 -0.00039432
4.66 0.00016848
4.67 -1.3029e-005
4.68 0.00031058
4.69 0.00032605
4.7 9.3898e-005
4.71 -0.00054206
4.72 -5.2433e-005
4.73 0.00013751
4.74 -0.00055614
4.75 -6.088e-005
4.76 0.00030212
4.77 0.00090291
4.78 0.00042031
4.79 0.00066934
4.8 -0.00041686
4.81 -7.496e-005
4.82 8.5436e-005
4.83 0.00029367
4.84 0.0012124
4.85 0.00024161
4.86 0.00093807
4.87 0.0010126
4.88 0.00020361
4.89 -0.00057586
4.9 -5.1055e-005
4.91 0.00073827
4.92 0.00011919
4.93 0.0007045
4.94 0.0001023
4.95 0.00091132
4.96 0.0013419
4.97 0.00058067
4.98 -0.00020724
4.99 -0.0012484
5 -0.0012906
5.01 -0.0012949
5.02 -0.00056885
5.03 -2.1526e-005
5.04 0.00023595
5.05 0.00062147
5.06 0.00079453
5.07 0.00021625
5.08 0.00022751
5.09 -0.0015411
5.1 -0.0024641
5.11 5.5848e-005
5.12 0.0018695
5.13 0.0032188
5.14 0.0038575
5.15 0.0028403
5.16 0.0021579
5.17 -1.4508e-005
5.18 -0.0018366
5.19 -0.0022474
5.2 -0.0019238
5.21 -0.0015144
5.22 0.00045824
5.23 0.00030909
5.24 -0.00056746
5.25 -0.00026496
5.26 -0.00038737
5.27 -0.0011415
5.28 -0.0018436
5.29 -0.0024317
5.3 -0.0031943
5.31 -0.00054637
5.32 0.00088314
5.33 -0.0012836
5.34 -0.00085169
5.35 0.0021128
5.36 0.0044766
5.37 0.0027221
5.38 0.0010829
5.39 0.0024168
5.4 0.0029191
5.41 0.0023323
5.42 0.00089298
5.43 0.0012053
5.44 0.0032159
5.45 0.0022043
5.46 -0.0025837
5.47 -0.0043073
5.48 -0.0023319
5.49 -0.00478
5.5 -0.0074449
5.51 -0.0041441
5.52 -0.00021715
5.53 0.0010196
5.54 0.0015402
5.55 0.0011111
5.56 -0.0015777
5.57 -0.0022348
5.58 -0.0019126
5.59 -0.0047477
5.6 -0.0022615
5.61 0.0012138
5.62 0.0001951
5.63 0.0025194
5.64 0.0041853
5.65 0.0016541
5.66 0.00044272
5.67 0.0028459
5.68 4.0323e-005
5.69 -0.0021124
5.7 0.0030949
5.71 0.0049423
5.72 -0.00025233
5.73 -0.0042623
5.74 -0.0035531
5.75 -0.0028693
5.76 -0.0006477
5.77 0.0036619
5.78 0.0040882
5.79 0.0013699
5.8 -0.0013174
5.81 -0.0017114
5.82 -0.0050403
5.83 -0.0069468
5.84 -0.0031662
5.85 0.0038364
5.86 0.0063605
5.87 0.0027629
5.88 0.0025546
5.89 0.0038265
5.9 0.0028796
5.91 0.0016654
5.92 -0.00094036
5.93 -0.0030326
5.94 0.0030752
5.95 0.0086821
5.96 0.0072244
5.97 0.0026362
5.98 0.0025799
5.99 0.0011434
6 -0.0032436
6.01 -0.0062996
6.02 -0.0062883
6.03 0.00011066
6.04 0.0063619
6.05 0.0041881
6.06 -0.0047491
6.07 -0.0086226
6.08 -0.0058719
6.09 -0.0046689
6.1 -0.0062391
6.11 -0.0067048
6.12 -0.0037389
6.13 0.003389
6.14 0.0055613
6.15 2.4835e-005
6.16 -0.0019998
6.17 0.0024364
6.18 0.0058245
6.19 0.0076479
6.2 0.0083542
6.21 0.0019524
6.22 -0.0009277
6.23 0.0021142
6.24 -0.0017452
6.25 -0.007072
6.26 -0.0052866
6.27 -0.0044339
6.28 -0.0023952
6.29 0.0054882
6.3 0.010231
6.31 0.010529
6.32 0.010534
6.33 0.0036675
6.34 -0.010609
6.35 -0.013033
6.36 -0.008638
6.37 -0.0093654
6.38 -0.0064797
6.39 -0.001876
6.4 0.00089717
6.41 0.0074608
6.42 0.0087679
6.43 0.00050322
6.44 0.00039629
6.45 0.0030893
6.46 -0.0035447
6.47 -0.0063249
6.48 -0.0032619
6.49 -0.0072282
6.5 -0.0080189
6.51 0.0024955
6.52 0.0039799
6.53 0.00042865
6.54 0.00010223
6.55 -0.0027948
6.56 -0.004334
6.57 -0.00041836
6.58 0.0078168
6.59 0.012321
6.6 0.011025
6.61 0.01326
6.62 0.015099
6.63 0.0056022
6.64 -0.0031184
6.65 -0.00082498
6.66 0.00059468
6.67 -0.0038359
6.68 -0.0052809
6.69 -0.012302
6.7 -0.016438
6.71 -0.0081259
6.72 -0.0099634
6.73 -0.01705
6.74 -0.012303
6.75 -0.004863
6.76 -0.0035813
6.77 -0.0030691
6.78 -0.0030269
6.79 -0.0017916
6.8 0.005415
6.81 0.011036
6.82 0.013194
6.83 0.017985
6.84 0.020094
6.85 0.011243
6.86 0.00069037
6.87 -0.0023797
6.88 -0.0031099
6.89 -0.00035221
6.9 -0.002799
6.91 -0.011771
6.92 -0.010461
6.93 -0.0035939
6.94 -0.0047702
6.95 -0.0078036
6.96 -0.0037374
6.97 0.0012475
6.98 0.0078675
6.99 0.014047
7 0.01141
7.01 0.0088467
7.02 0.0095657
7.03 0.0036816
7.04 -0.0013132
7.05 0.0017456
7.06 0.0039701
7.07 0.0038308
7.08 0.0037323
7.09 0.0015923
7.1 -0.0021644
7.11 -0.0085775
7.12 -0.01438
7.13 -0.014982
7.14 -0.010509
7.15 -0.0051486
7.16 -0.0043171
7.17 -0.0072774
7.18 -0.0083721
7.19 0.00011353
7.2 0.013951
7.21 0.02174
7.22 0.021901
7.23 0.01442
7.24 0.0097683
7.25 0.0080799
7.26 -0.0028355
7.27 -0.021609
7.28 -0.030127
7.29 -0.018675
7.3 -0.006958
7.31 -0.003131
7.32 -0.0094568
7.33 -0.018716
7.34 -0.0072141
7.35 0.012304
7.36 0.01564
7.37 0.010017
7.38 0.011944
7.39 0.021635
7.4 0.018198
7.41 0.001854
7.42 -0.0058816
7.43 -0.0024359
7.44 0.0028079
7.45 0.0069121
7.46 0.0071513
7.47 0.009826
7.48 0.010582
7.49 -0.0015608
7.5 -0.015926
7.51 -0.015892
7.52 -0.0098339
7.53 -0.0098423
7.54 -0.0061138
7.55 -0.0028707
7.56 -0.0045928
7.57 -0.0014186
7.58 0.00052019
7.59 -0.0058197
7.6 -0.0056087
7.61 0.002649
7.62 0.0059892
7.63 0.0030809
7.64 0.0018948
7.65 -0.00079534
7.66 -0.0028692
7.67 -0.00063494
7.68 0.00090713
7.69 0.0061411
7.7 0.0095601
7.71 0.0077254
7.72 0.0022353
7.73 -0.0017873
7.74 -0.0013117
7.75 -0.00515
7.76 -0.011389
7.77 -0.0080456
7.78 0.0074679
7.79 0.011554
7.8 -0.0020799
7.81 -0.011543
7.82 -0.0073336
7.83 -0.002063
7.84 -0.0037261
7.85 -0.0066386
7.86 -0.0056748
7.87 0.00069329
7.88 0.0033863
7.89 -0.0026314
7.9 -0.0078894
7.91 -0.0024654
7.92 0.0080941
7.93 0.017887
7.94 0.020246
7.95 0.01789
7.96 0.012599
7.97 0.0053716
7.98 -0.0018815
7.99 -0.0030774
8 0.00011363
8.01 -0.00087689
8.02 -1.5814e-005
8.03 -0.001942
8.04 -0.0070212
8.05 -0.0027665
8.06 0.0052126
8.07 0.0019849
8.08 0.0030374
8.09 0.0062186
8.1 0.0048932
8.11 0.0064367
8.12 -0.0021657
8.13 -0.011518
8.14 -0.00081075
8.15 0.0091986
8.16 0.00024028
8.17 -0.011324
8.18 -0.01002
8.19 0.0012913
8.2 0.0077761
8.21 0.0046386
8.22 -0.0037401
8.23 -0.011037
8.24 -0.01325
8.25 -0.012106
8.26 -0.00057295
8.27 0.0091944
8.28 0.0037029
8.29 -0.00073052
8.3 0.0058781
8.31 0.012322
8.32 -0.00038721
8.33 -0.01401
8.34 -0.014112
8.35 -0.01047
8.36 -0.0068664
8.37 -0.0033377
8.38 -0.0061446
8.39 -0.012857
8.4 -0.010283
8.41 -0.0056254
8.42 -0.00029011
8.43 0.0016135
8.44 0.0021341
8.45 0.0074371
8.46 0.0036171
8.47 -0.0054622
8.48 -0.0028269
8.49 0.010074
8.5 0.020547
8.51 0.021053
8.52 0.020387
8.53 0.02457
8.54 0.021825
8.55 0.0048905
8.56 -0.011723
8.57 -0.014239
8.58 -0.012089
8.59 -0.014166
8.6 -0.010183
8.61 0.0011535
8.62 0.0090819
8.63 0.009656
8.64 0.0016403
8.65 -0.0061389
8.66 -0.00096543
8.67 0.0026393
8.68 0.004028
8.69 0.0056897
8.7 -0.002454
8.71 -0.012171
8.72 -0.017384
8.73 -0.01852
8.74 -0.022408
8.75 -0.020243
8.76 -0.0025173
8.77 0.019353
8.78 0.027471
8.79 0.017802
8.8 0.0073387
8.81 0.0044332
8.82 -0.0052272
8.83 -0.018247
8.84 -0.015103
8.85 -0.0016506
8.86 0.0092986
8.87 0.01805
8.88 0.016182
8.89 0.0085754
8.9 0.0037804
8.91 0.0026436
8.92 0.0043713
8.93 0.0018233
8.94 -0.0074235
8.95 -0.012226
8.96 -0.010623
8.97 -0.0084731
8.98 -0.00021544
8.99 0.0085698
9 0.013292
9.01 0.012456
9.02 0.005231
9.03 0.0036468
9.04 0.0078889
9.05 0.0044445
9.06 -0.0041803
9.07 -0.0066665
9.08 -0.00068113
9.09 -0.0061867
9.1 -0.018291
9.11 -0.016041
9.12 -0.008421
9.13 0.0010692
9.14 0.009037
9.15 0.0076412
9.16 0.0047485
9.17 0.0087682
9.18 0.016688
9.19 0.016443
9.2 0.0034878
9.21 -0.003481
9.22 0.0029025
9.23 0.00754
9.24 -0.00308
9.25 -0.014479
9.26 -0.0037948
9.27 0.013074
9.28 0.012999
9.29 0.0021216
9.3 -0.0040748
9.31 -0.0022063
9.32 -0.0031715
9.33 -0.01558
9.34 -0.027726
9.35 -0.028115
9.36 -0.022568
9.37 -0.028532
9.38 -0.03556
9.39 -0.022834
9.4 -0.0081339
9.41 -0.0017251
9.42 0.010752
9.43 0.023882
9.44 0.029316
9.45 0.028259
9.46 0.0258
9.47 0.02627
9.48 0.017082
9.49 -0.0020022
9.5 -0.021398
9.51 -0.02178
9.52 -0.005258
9.53 0.0012254
9.54 -0.0038411
9.55 -0.0054662
9.56 0.0026873
9.57 0.0099474
9.58 0.0086713
9.59 0.0059332
9.6 0.0075724
9.61 0.0016321
9.62 -0.0088303
9.63 -0.01558
9.64 -0.020051
9.65 -0.01171
9.66 0.013207
9.67 0.033738
9.68 0.037368
9.69 0.02592
9.7 0.0071109
9.71 -0.011273
9.72 -0.0232
9.73 -0.021818
9.74 -0.013241
9.75 -0.0094409
9.76 -0.0073698
9.77 0.0085137
9.78 0.017915
9.79 0.0061908
9.8 -0.0027633
9.81 -0.0041563
9.82 -0.0094986
9.83 -0.012979
9.84 -0.0062499
9.85 0.0052678
9.86 0.010886
9.87 0.01547
9.88 0.02177
9.89 0.022435
9.9 0.015079
9.91 0.0064694
9.92 -0.0026676
9.93 -0.012801
9.94 -0.015414
9.95 -0.010189
9.96 -0.010123
9.97 -0.0099615
9.98 -0.0011213
9.99 0.001635
10 0.0080157
10.01 0.023885
10.02 0.02906
10.03 0.020632
10.04 0.014305
10.05 0.011044
10.06 0.0063934
10.07 0.0011988
10.08 -0.0080465
10.09 -0.0090174
10.1 0.0014577
10.11 0.0045855
10.12 -0.0016743
10.13 -0.010797
10.14 -0.021108
10.15 -0.022548
10.16 -0.015406
10.17 -0.018983
10.18 -0.030453
10.19 -0.024033
10.2 -0.0053197
10.21 0.0026087
10.22 -0.0025114
10.23 -0.013523
10.24 -0.011235
10.25 0.0065933
10.26 0.019637
10.27 0.024718
10.28 0.026094
10.29 0.021607
10.3 0.014589
10.31 0.0027212
10.32 -0.013082
10.33 -0.014305
10.34 0.0017195
10.35 0.014557
10.36 0.0089106
10.37 -0.00041775
10.38 -0.0029996
10.39 -0.0049792
10.4 -0.013095
10.41 -0.030332
10.42 -0.041558
10.43 -0.034198
10.44 -0.011164
10.45 0.0070759
10.46 0.011001
10.47 0.016615
10.48 0.021944
10.49 0.010948
10.5 -0.003461
10.51 -0.0006161
10.52 0.011198
10.53 0.0079018
10.54 -0.020334
10.55 -0.050493
10.56 -0.049238
10.57 -0.023841
10.58 -0.0016249
10.59 0.0078779
10.6 0.0079398
10.61 0.013588
10.62 0.028414
10.63 0.031988
10.64 0.019421
10.65 0.023597
10.66 0.053487
10.67 0.083809
10.68 0.09166
10.69 0.07288
10.7 0.046441
10.71 0.032047
10.72 0.026542
10.73 0.016701
10.74 -0.00129
10.75 -0.018842
10.76 -0.016574
10.77 -0.0087485
10.78 -0.025535
10.79 -0.046875
10.8 -0.050661
10.81 -0.057218
10.82 -0.072447
10.83 -0.075478
10.84 -0.067016
10.85 -0.064477
10.86 -0.067374
10.87 -0.071284
10.88 -0.070282
10.89 -0.052154
10.9 -0.029492
10.91 -0.013141
10.92 0.0078639
10.93 0.032616
10.94 0.039372
10.95 0.014969
10.96 -0.0227
10.97 -0.055444
10.98 -0.066662
10.99 -0.046245
11 -0.010236
11.01 0.024406
11.02 0.053605
11.03 0.06652
11.04 0.055343
11.05 0.0359
11.06 0.040754
11.07 0.071893
11.08 0.11248
11.09 0.1445
11.1 0.13769
11.11 0.095905
11.12 0.050759
11.13 0.010625
11.14 -0.030686
11.15 -0.062943
11.16 -0.087865
11.17 -0.10182
11.18 -0.083419
11.19 -0.053302
11.2 -0.045018
11.21 -0.045485
11.22 -0.037074
11.23 -0.034145
11.24 -0.027816
11.25 -0.0059231
11.26 0.0098479
11.27 0.0018942
11.28 -0.015194
11.29 -0.030499
11.3 -0.043304
11.31 -0.048094
11.32 -0.054801
11.33 -0.058232
11.34 -0.035239
11.35 0.018051
11.36 0.077239
11.37 0.12732
11.38 0.16549
11.39 0.19428
11.4 0.20088
11.41 0.16495
11.42 0.10752
11.43 0.05739
11.44 0.018823
11.45 -0.0099752
11.46 -0.025131
11.47 -0.034333
11.48 -0.040868
11.49 -0.03919
11.5 -0.03593
11.51 -0.039581
11.52 -0.058802
11.53 -0.083664
11.54 -0.10518
11.55 -0.11777
11.56 -0.12342
11.57 -0.13259
11.58 -0.12424
11.59 -0.082818
11.6 -0.028101
11.61 0.0058043
11.62 0.0019153
11.63 -0.021676
11.64 -0.035021
11.65 -0.027734
11.66 -0.0052814
11.67 0.019788
11.68 0.035389
11.69 0.042528
11.7 0.048893
11.71 0.050848
11.72 0.046623
11.73 0.043793
11.74 0.03959
11.75 0.029708
11.76 0.01196
11.77 -0.010252
11.78 -0.014327
11.79 0.0067357
11.8 0.025335
11.81 0.024112
11.82 0.015835
11.83 0.012231
11.84 0.0053738
11.85 -0.014566
11.86 -0.053641
11.87 -0.089815
11.88 -0.084817
11.89 -0.048237
11.9 -0.0086033
11.91 0.034694
11.92 0.086208
11.93 0.12911
11.94 0.13652
11.95 0.10942
11.96 0.074405
11.97 0.051906
11.98 0.037545
11.99 0.016745
12 -0.017573
12.01 -0.057526
12.02 -0.075642
12.03 -0.046468
12.04 0.011055
12.05 0.059322
12.06 0.095189
12.07 0.11633
12.08 0.11324
12.09 0.076231
12.1 0.0013231
12.11 -0.074076
12.12 -0.11025
12.13 -0.11062
12.14 -0.097756
12.15 -0.085193
12.16 -0.073368
12.17 -0.065789
12.18 -0.064414
12.19 -0.069063
12.2 -0.067991
12.21 -0.0386
12.22 0.022795
12.23 0.077014
12.24 0.087596
12.25 0.070491
12.26 0.048514
12.27 0.023143
12.28 -0.018276
12.29 -0.062222
12.3 -0.063442
12.31 -0.019454
12.32 0.031589
12.33 0.068369
12.34 0.087169
12.35 0.09551
12.36 0.097886
12.37 0.095236
12.38 0.075345
12.39 0.044044
12.4 0.024999
12.41 0.013751
12.42 0.0095921
12.43 0.010536
12.44 0.0027907
12.45 -0.019217
12.46 -0.036494
12.47 -0.035395
12.48 -0.025483
12.49 -0.024243
12.5 -0.038597
12.51 -0.060299
12.52 -0.071849
12.53 -0.083768
12.54 -0.11512
12.55 -0.14448
12.56 -0.14612
12.57 -0.12375
12.58 -0.10443
12.59 -0.095337
12.6 -0.085014
12.61 -0.068146
12.62 -0.047937
12.63 -0.0251
12.64 0.0053754
12.65 0.038327
12.66 0.072037
12.67 0.11272
12.68 0.14723
12.69 0.14729
12.7 0.10116
12.71 0.042617
12.72 0.01897
12.73 0.035247
12.74 0.086103
12.75 0.16174
12.76 0.22394
12.77 0.24593
12.78 0.22031
12.79 0.15566
12.8 0.056766
12.81 -0.053959
12.82 -0.13722
12.83 -0.18853
12.84 -0.20286
12.85 -0.17134
12.86 -0.09341
12.87 -0.0036096
12.88 0.043031
12.89 0.022904
12.9 -0.042144
12.91 -0.11318
12.92 -0.17473
12.93 -0.21036
12.94 -0.216
12.95 -0.19359
12.96 -0.14893
12.97 -0.093874
12.98 -0.044366
12.99 -0.012032
13 0.014342
13.01 0.050162
13.02 0.098022
13.03 0.14557
13.04 0.17947
13.05 0.19324
13.06 0.17552
13.07 0.1165
13.08 0.044884
13.09 -0.0046747
13.1 -0.029287
13.11 -0.042789
13.12 -0.051342
13.13 -0.057725
13.14 -0.064148
13.15 -0.055172
13.16 -0.028667
13.17 0.00043413
13.18 0.018876
13.19 0.044524
13.2 0.082809
13.21 0.10359
13.22 0.09476
13.23 0.065277
13.24 0.019614
13.25 -0.038188
13.26 -0.080232
13.27 -0.092202
13.28 -0.08953
13.29 -0.082756
13.3 -0.06499
13.31 -0.039163
13.32 -0.024387
13.33 -0.027631
13.34 -0.03329
13.35 -0.032523
13.36 -0.018605
13.37 0.0049788
13.38 0.019279
13.39 0.024104
13.4 0.032363
13.41 0.048016
13.42 0.051735
13.43 0.029812
13.44 -0.002301
13.45 -0.022449
13.46 -0.023423
13.47 -0.0086339
13.48 0.018939
13.49 0.060589
13.5 0.10949
13.51 0.15196
13.52 0.16449
13.53 0.12967
13.54 0.068506
13.55 0.01225
13.56 -0.032026
13.57 -0.075949
13.58 -0.11363
13.59 -0.11277
13.6 -0.068279
13.61 -0.0091193
13.62 0.040891
13.63 0.073665
13.64 0.081038
13.65 0.04924
13.66 0.001602
13.67 -0.034214
13.68 -0.053447
13.69 -0.047987
13.7 -0.019817
13.71 0.023354
13.72 0.075575
13.73 0.12697
13.74 0.14414
13.75 0.11564
13.76 0.088701
13.77 0.089282
13.78 0.10756
13.79 0.12423
13.8 0.11256
13.81 0.062478
13.82 0.0090859
13.83 -0.019307
13.84 -0.043052
13.85 -0.075937
13.86 -0.098722
13.87 -0.08561
13.88 -0.042251
13.89 -0.0015172
13.9 0.015185
13.91 0.011828
13.92 -0.0006885
13.93 -0.026065
13.94 -0.066966
13.95 -0.10847
13.96 -0.13942
13.97 -0.15446
13.98 -0.14374
13.99 -0.10423
14 -0.054261
14.01 -0.023099
14.02 -0.039623
14.03 -0.092883
14.04 -0.13708
14.05 -0.14988
14.06 -0.11501
14.07 -0.026479
14.08 0.073312
14.09 0.12791
14.1 0.13279
14.11 0.13594
14.12 0.15999
14.13 0.18266
14.14 0.17214
14.15 0.11351
14.16 0.02615
14.17 -0.053621
14.18 -0.11207
14.19 -0.15215
14.2 -0.17832
14.21 -0.18214
14.22 -0.14783
14.23 -0.083459
14.24 -0.01007
14.25 0.042644
14.26 0.053419
14.27 0.031933
14.28 -0.0052738
14.29 -0.054585
14.3 -0.10966
14.31 -0.14307
14.32 -0.1316
14.33 -0.08147
14.34 -0.013557
14.35 0.046491
14.36 0.071383
14.37 0.058608
14.38 0.045268
14.39 0.048355
14.4 0.044987
14.41 0.024062
14.42 0.0050155
14.43 0.020415
14.44 0.073356
14.45 0.1291
14.46 0.15417
14.47 0.14048
14.48 0.10988
14.49 0.095862
14.5 0.087934
14.51 0.046504
14.52 -0.025896
14.53 -0.08564
14.54 -0.10663
14.55 -0.10656
14.56 -0.10622
14.57 -0.10221
14.58 -0.072265
14.59 -0.020963
14.6 0.023844
14.61 0.048397
14.62 0.050221
14.63 0.04029
14.64 0.027221
14.65 -0.00013402
14.66 -0.042091
14.67 -0.078713
14.68 -0.096741
14.69 -0.093083
14.7 -0.063565
14.71 -0.010992
14.72 0.047947
14.73 0.092556
14.74 0.10056
14.75 0.07858
14.76 0.065264
14.77 0.079429
14.78 0.10558
14.79 0.11606
14.8 0.091256
14.81 0.043329
14.82 -0.002675
14.83 -0.037865
14.84 -0.067018
14.85 -0.096471
14.86 -0.11021
14.87 -0.088479
14.88 -0.044468
14.89 0.00028249
14.9 0.045948
14.91 0.083533
14.92 0.076686
14.93 0.0064437
14.94 -0.08467
14.95 -0.1409
14.96 -0.14801
14.97 -0.12906
14.98 -0.1126
14.99 -0.11212
15 -0.11375
15.01 -0.093221
15.02 -0.052867
15.03 -0.012013
15.04 0.0090762
15.05 0.0064466
15.06 0.0013181
15.07 0.010251
15.08 0.036124
15.09 0.066172
15.1 0.090817
15.11 0.10972
15.12 0.11574
15.13 0.099931
15.14 0.066943
15.15 0.034533
15.16 0.012332
15.17 0.0024437
15.18 0.0098853
15.19 0.041157
15.2 0.092783
15.21 0.1557
15.22 0.21302
15.23 0.24456
15.24 0.22593
15.25 0.15326
15.26 0.064724
15.27 -0.0019954
15.28 -0.042914
15.29 -0.060384
15.3 -0.061904
15.31 -0.071449
15.32 -0.090627
15.33 -0.10983
15.34 -0.13408
15.35 -0.16491
15.36 -0.18758
15.37 -0.18074
15.38 -0.13617
15.39 -0.060507
15.4 0.02252
15.41 0.082521
15.42 0.11778
15.43 0.14423
15.44 0.16355
15.45 0.17037
15.46 0.1594
15.47 0.13538
15.48 0.10224
15.49 0.052377
15.5 -0.018118
15.51 -0.09202
15.52 -0.15046
15.53 -0.18871
15.54 -0.21246
15.55 -0.20981
15.56 -0.17585
15.57 -0.13881
15.58 -0.10169
15.59 -0.054096
15.6 0.0054195
15.61 0.061793
15.62 0.099476
15.63 0.11041
15.64 0.10347
15.65 0.10107
15.66 0.10486
15.67 0.10604
15.68 0.10264
15.69 0.095826
15.7 0.079001
15.71 0.051891
15.72 0.01936
15.73 -0.020003
15.74 -0.063257
15.75 -0.094913
15.76 -0.10226
15.77 -0.090286
15.78 -0.077945
15.79 -0.070358
15.8 -0.051023
15.81 0.0051339
15.82 0.087965
15.83 0.16146
15.84 0.19588
15.85 0.19711
15.86 0.18844
15.87 0.1635
15.88 0.11827
15.89 0.061629
15.9 0.010645
15.91 -0.02255
15.92 -0.037988
15.93 -0.04949
15.94 -0.067979
15.95 -0.094341
15.96 -0.12371
15.97 -0.14813
15.98 -0.16275
15.99 -0.16382
16 -0.15579
16.01 -0.13745
16.02 -0.10051
16.03 -0.058376
16.04 -0.030466
16.05 -0.019177
16.06 -0.023007
16.07 -0.04885
16.08 -0.094954
16.09 -0.13601
16.1 -0.14457
16.11 -0.11317
16.12 -0.047141
16.13 0.035974
16.14 0.10002
16.15 0.10413
16.16 0.044658
16.17 -0.028897
16.18 -0.08042
16.19 -0.11289
16.2 -0.14063
16.21 -0.15991
16.22 -0.16437
16.23 -0.15316
16.24 -0.12108
16.25 -0.07022
16.26 -0.013322
16.27 0.023086
16.28 0.016038
16.29 -0.020183
16.3 -0.045777
16.31 -0.054919
16.32 -0.064384
16.33 -0.062421
16.34 -0.020285
16.35 0.058401
16.36 0.13333
16.37 0.17738
16.38 0.19585
16.39 0.2126
16.4 0.24167
16.41 0.25549
16.42 0.22586
16.43 0.17964
16.44 0.16583
16.45 0.19016
16.46 0.21851
16.47 0.23078
16.48 0.2287
16.49 0.21604
16.5 0.1948
16.51 0.15046
16.52 0.062535
16.53 -0.060999
16.54 -0.18238
16.55 -0.27409
16.56 -0.32744
16.57 -0.33655
16.58 -0.30317
16.59 -0.25623
16.6 -0.21529
16.61 -0.17004
16.62 -0.11104
16.63 -0.054295
16.64 -0.028298
16.65 -0.033864
16.66 -0.046421
16.67 -0.034813
16.68 0.0053605
16.69 0.035155
16.7 0.020418
16.71 -0.0050751
16.72 0.015585
16.73 0.076098
16.74 0.14363
16.75 0.21096
16.76 0.28393
16.77 0.35126
16.78 0.3894
16.79 0.37952
16.8 0.32304
16.81 0.24776
16.82 0.17842
16.83 0.11868
16.84 0.061528
16.85 -0.012164
16.86 -0.10301
16.87 -0.16073
16.88 -0.14644
16.89 -0.084439
16.9 -0.032438
16.91 -0.016954
16.92 -0.025105
16.93 -0.036129
16.94 -0.041972
16.95 -0.053321
16.96 -0.066282
16.97 -0.070161
16.98 -0.077382
16.99 -0.10171
17 -0.14991
17.01 -0.21638
17.02 -0.28873
17.03 -0.34912
17.04 -0.37479
17.05 -0.36352
17.06 -0.33187
17.07 -0.28995
17.08 -0.23509
17.09 -0.16553
17.1 -0.083305
17.11 0.0079396
17.12 0.097744
17.13 0.17206
17.14 0.22996
17.15 0.27827
17.16 0.32038
17.17 0.35101
17.18 0.35831
17.19 0.33453
17.2 0.30171
17.21 0.28793
17.22 0.28296
17.23 0.25268
17.24 0.15099
17.25 -0.027809
17.26 -0.23277
17.27 -0.38661
17.28 -0.43632
17.29 -0.39536
17.3 -0.30805
17.31 -0.1934
17.32 -0.059661
17.33 0.052865
17.34 0.11168
17.35 0.1127
17.36 0.086616
17.37 0.073784
17.38 0.084761
17.39 0.10128
17.4 0.092096
17.41 0.062552
17.42 0.055452
17.43 0.073244
17.44 0.071678
17.45 0.029447
17.46 -0.037088
17.47 -0.090171
17.48 -0.10128
17.49 -0.078281
17.5 -0.043807
17.51 -0.012598
17.52 0.033462
17.53 0.095149
17.54 0.12583
17.55 0.08953
17.56 0.019886
17.57 -0.022072
17.58 -0.027422
17.59 -0.033447
17.6 -0.058275
17.61 -0.079754
17.62 -0.084735
17.63 -0.081722
17.64 -0.082409
17.65 -0.089582
17.66 -0.10742
17.67 -0.13802
17.68 -0.16951
17.69 -0.18579
17.7 -0.17872
17.71 -0.13453
17.72 -0.063531
17.73 0.0025832
17.74 0.042512
17.75 0.048454
17.76 0.030587
17.77 -0.0017292
17.78 -0.044398
17.79 -0.086131
17.8 -0.10583
17.81 -0.10149
17.82 -0.092167
17.83 -0.089291
17.84 -0.082038
17.85 -0.041433
17.86 0.046128
17.87 0.14612
17.88 0.21891
17.89 0.25711
17.9 0.25757
17.91 0.21369
17.92 0.12489
17.93 0.029596
17.94 -0.033294
17.95 -0.05937
17.96 -0.045314
17.97 0.0016855
17.98 0.064506
17.99 0.10705
18 0.10576
18.01 0.069313
18.02 0.017155
18.03 -0.035022
18.04 -0.074146
18.05 -0.086142
18.06 -0.066782
18.07 -0.033508
18.08 -0.0091849
18.09 0.0043335
18.1 0.012621
18.11 0.028756
18.12 0.053454
18.13 0.060166
18.14 0.031477
18.15 -0.019789
18.16 -0.063334
18.17 -0.081683
18.18 -0.07953
18.19 -0.055126
18.2 -0.011549
18.21 0.042414
18.22 0.084263
18.23 0.09233
18.24 0.070276
18.25 0.04562
18.26 0.052495
18.27 0.082759
18.28 0.11102
18.29 0.12187
18.3 0.1202
18.31 0.12763
18.32 0.14932
18.33 0.17261
18.34 0.1746
18.35 0.14701
18.36 0.10917
18.37 0.079951
18.38 0.057623
18.39 0.030193
18.4 -0.0039171
18.41 -0.034098
18.42 -0.056038
18.43 -0.0718
18.44 -0.078498
18.45 -0.066642
18.46 -0.024064
18.47 0.027773
18.48 0.060413
18.49 0.062687
18.5 0.042578
18.51 0.014585
18.52 -0.011806
18.53 -0.035946
18.54 -0.064127
18.55 -0.088386
18.56 -0.09408
18.57 -0.074185
18.58 -0.034393
18.59 0.013427
18.6 0.046823
18.61 0.05126
18.62 0.028368
18.63 -0.0042295
18.64 -0.029994
18.65 -0.050261
18.66 -0.072484
18.67 -0.090859
18.68 -0.099674
18.69 -0.11665
18.7 -0.14932
18.71 -0.17275
18.72 -0.16484
18.73 -0.12674
18.74 -0.073202
18.75 -0.018633
18.76 0.024576
18.77 0.044813
18.78 0.031754
18.79 -0.01354
18.8 -0.078309
18.81 -0.14808
18.82 -0.20268
18.83 -0.23094
18.84 -0.22541
18.85 -0.18344
18.86 -0.12748
18.87 -0.072099
18.88 -0.015149
18.89 0.039842
18.9 0.079997
18.91 0.093164
18.92 0.090775
18.93 0.08866
18.94 0.084118
18.95 0.066046
18.96 0.024182
18.97 -0.02919
18.98 -0.066462
18.99 -0.081352
19 -0.074972
19.01 -0.052311
19.02 -0.030107
19.03 -0.0094508
19.04 0.017825
19.05 0.047718
19.06 0.068045
19.07 0.072139
19.08 0.062269
19.09 0.051226
19.1 0.049688
19.11 0.052821
19.12 0.057906
19.13 0.070642
19.14 0.089884
19.15 0.10044
19.16 0.085933
19.17 0.05739
19.18 0.036006
19.19 0.027123
19.2 0.019371
19.21 -0.0074318
19.22 -0.058873
19.23 -0.11882
19.24 -0.1544
19.25 -0.13533
19.26 -0.066205
19.27 0.0067985
19.28 0.054377
19.29 0.082626
19.3 0.10116
19.31 0.11085
19.32 0.10926
19.33 0.09381
19.34 0.062418
19.35 0.020218
19.36 -0.016372
19.37 -0.022913
19.38 0.0025072
19.39 0.035954
19.4 0.06008
19.41 0.075024
19.42 0.083336
19.43 0.081513
19.44 0.064968
19.45 0.04468
19.46 0.033074
19.47 0.030565
19.48 0.030862
19.49 0.022823
19.5 -0.00041235
19.51 -0.036234
19.52 -0.066835
19.53 -0.079508
19.54 -0.068076
19.55 -0.044054
19.56 -0.025382
19.57 -0.012294
19.58 -0.005168
19.59 -0.0067509
19.6 -0.025692
19.61 -0.055339
19.62 -0.075802
19.63 -0.08703
19.64 -0.10195
19.65 -0.1258
19.66 -0.14423
19.67 -0.13561
19.68 -0.091166
19.69 -0.033603
19.7 0.011208
19.71 0.045446
19.72 0.07109
19.73 0.075754
19.74 0.040366
19.75 -0.021178
19.76 -0.06633
19.77 -0.063177
19.78 -0.01314
19.79 0.047266
19.8 0.093009
19.81 0.11939
19.82 0.1331
19.83 0.13865
19.84 0.13551
19.85 0.12865
19.86 0.12719
19.87 0.13155
19.88 0.11995
19.89 0.072523
19.9 0.0090778
19.91 -0.034325
19.92 -0.0384
19.93 -0.0078047
19.94 0.02833
19.95 0.048562
19.96 0.055088
19.97 0.047824
19.98 0.024127
19.99 -0.0036034
20 -0.022727
20.01 -0.033679
20.02 -0.045967
20.03 -0.055922
20.04 -0.05852
20.05 -0.056491
20.06 -0.050504
20.07 -0.04736
20.08 -0.05685
20.09 -0.072215
20.1 -0.070247
20.11 -0.04295
20.12 -0.0039622
20.13 0.032788
20.14 0.062712
20.15 0.082054
20.16 0.088435
20.17 0.07943
20.18 0.055124
20.19 0.019203
20.2 -0.019894
20.21 -0.049004
20.22 -0.065946
20.23 -0.078453
20.24 -0.088009
20.25 -0.084129
20.26 -0.04922
20.27 0.011162
20.28 0.060671
20.29 0.0838
20.3 0.086607
20.31 0.073372
20.32 0.045965
20.33 0.0097967
20.34 -0.027248
20.35 -0.049991
20.36 -0.042756
20.37 -0.014577
20.38 0.011025
20.39 0.014628
20.4 -0.0075304
20.41 -0.038819
20.42 -0.06122
20.43 -0.068553
20.44 -0.064692
20.45 -0.054635
20.46 -0.038228
20.47 -0.014733
20.48 0.0085276
20.49 0.018353
20.5 0.012805
20.51 0.0076243
20.52 0.011358
20.53 0.020529
20.54 0.034557
20.55 0.050301
20.56 0.058044
20.57 0.047607
20.58 0.02571
20.59 0.01002
20.6 0.0016938
20.61 -0.0065104
20.62 -0.017398
20.63 -0.027902
20.64 -0.032509
20.65 -0.029702
20.66 -0.017333
20.67 0.0015798
20.68 0.026035
20.69 0.052599
20.7 0.068955
20.71 0.070818
20.72 0.057101
20.73 0.031374
20.74 0.0098009
20.75 0.003392
20.76 0.0038746
20.77 0.00036701
20.78 -0.0023485
20.79 0.0013153
20.8 0.0047737
20.81 0.0015897
20.82 -0.0060025
20.83 -0.011417
20.84 -0.018139
20.85 -0.030183
20.86 -0.041388
20.87 -0.041211
20.88 -0.033658
20.89 -0.03187
20.9 -0.037246
20.91 -0.049348
20.92 -0.067231
20.93 -0.085851
20.94 -0.099296
20.95 -0.10281
20.96 -0.097011
20.97 -0.08252
20.98 -0.065788
20.99 -0.057027
21 -0.056118
21.01 -0.054503
21.02 -0.047313
21.03 -0.041625
21.04 -0.036823
21.05 -0.021799
21.06 -0.00093309
21.07 0.017068
21.08 0.026191
21.09 0.029182
21.1 0.0364
21.11 0.05653
21.12 0.084927
21.13 0.10909
21.14 0.12164
21.15 0.11802
21.16 0.096897
21.17 0.064021
21.18 0.035031
21.19 0.018523
21.2 0.016049
21.21 0.025026
21.22 0.037246
21.23 0.052044
21.24 0.068765
21.25 0.081611
21.26 0.084072
21.27 0.077822
21.28 0.072384
21.29 0.066867
21.3 0.057401
21.31 0.037368
21.32 0.011823
21.33 -0.007781
21.34 -0.02194
21.35 -0.031063
21.36 -0.029475
21.37 -0.012614
21.38 0.013121
21.39 0.030987
21.4 0.027492
21.41 0.0064325
21.42 -0.018225
21.43 -0.035652
21.44 -0.048052
21.45 -0.05461
21.46 -0.054755
21.47 -0.059035
21.48 -0.06846
21.49 -0.075014
21.5 -0.070731
21.51 -0.056875
21.52 -0.038085
21.53 -0.023742
21.54 -0.023071
21.55 -0.025743
21.56 -0.028014
21.57 -0.031818
21.58 -0.034413
21.59 -0.03458
21.6 -0.040292
21.61 -0.053166
21.62 -0.066106
21.63 -0.081246
21.64 -0.10042
21.65 -0.1151
21.66 -0.10869
21.67 -0.080442
21.68 -0.047679
21.69 -0.024233
21.7 -0.006571
21.71 0.0098613
21.72 0.026092
21.73 0.037433
21.74 0.03341
21.75 0.013795
21.76 -0.014703
21.77 -0.041429
21.78 -0.057897
21.79 -0.062924
21.8 -0.056501
21.81 -0.039689
21.82 -0.0082777
21.83 0.035474
21.84 0.07998
21.85 0.11989
21.86 0.14552
21.87 0.14784
21.88 0.12215
21.89 0.080802
21.9 0.044321
21.91 0.02292
21.92 0.019287
21.93 0.028797
21.94 0.051254
21.95 0.079893
21.96 0.10387
21.97 0.11253
21.98 0.10751
21.99 0.10011
22 0.091381
22.01 0.08238
22.02 0.073099
22.03 0.060471
22.04 0.040732
22.05 0.012115
22.06 -0.018642
22.07 -0.041291
22.08 -0.048922
22.09 -0.046483
22.1 -0.042767
22.11 -0.042012
22.12 -0.049598
22.13 -0.061545
22.14 -0.069241
22.15 -0.066875
22.16 -0.055944
22.17 -0.04782
22.18 -0.047289
22.19 -0.06114
22.2 -0.086397
22.21 -0.11386
22.22 -0.13233
22.23 -0.13721
22.24 -0.12687
22.25 -0.098521
22.26 -0.055727
22.27 -0.01009
22.28 0.023938
22.29 0.040833
22.3 0.039084
22.31 0.032816
22.32 0.034453
22.33 0.047169
22.34 0.059096
22.35 0.054585
22.36 0.033878
22.37 0.014044
22.38 0.0046834
22.39 -0.00034658
22.4 -0.0048349
22.41 -0.0099352
22.42 -0.018286
22.43 -0.030549
22.44 -0.042492
22.45 -0.046568
22.46 -0.039181
22.47 -0.027907
22.48 -0.020772
22.49 -0.015846
22.5 -0.011705
22.51 -0.011546
22.52 -0.018759
22.53 -0.032544
22.54 -0.04318
22.55 -0.044945
22.56 -0.034549
22.57 -0.023328
22.58 -0.023176
22.59 -0.027182
22.6 -0.019897
22.61 -0.00050842
22.62 0.015469
22.63 0.021926
22.64 0.026959
22.65 0.037237
22.66 0.052769
22.67 0.070452
22.68 0.082672
22.69 0.090366
22.7 0.093172
22.71 0.082105
22.72 0.059873
22.73 0.04205
22.74 0.034361
22.75 0.031162
22.76 0.025235
22.77 0.017837
22.78 0.015326
22.79 0.012619
22.8 0.009453
22.81 0.0076422
22.82 0.011554
22.83 0.016026
22.84 0.012285
22.85 -0.00086303
22.86 -0.0173
22.87 -0.027865
22.88 -0.026769
22.89 -0.013592
22.9 0.0012137
22.91 0.01784
22.92 0.034374
22.93 0.043792
22.94 0.040121
22.95 0.022928
22.96 0.00023159
22.97 -0.0197
22.98 -0.030372
22.99 -0.031524
23 -0.023427
23.01 -0.011157
23.02 -0.0046859
23.03 -0.0088281
23.04 -0.020153
23.05 -0.03187
23.06 -0.038096
23.07 -0.041764
23.08 -0.047177
23.09 -0.050225
23.1 -0.042205
23.11 -0.019243
23.12 0.00079295
23.13 0.0066446
23.14 -0.00097142
23.15 -0.01421
23.16 -0.024758
23.17 -0.030696
23.18 -0.032727
23.19 -0.038645
23.2 -0.046901
23.21 -0.052481
23.22 -0.052607
23.23 -0.044602
23.24 -0.030916
23.25 -0.01848
23.26 -0.0099241
23.27 -0.0017594
23.28 0.0070948
23.29 0.016449
23.3 0.023465
23.31 0.026534
23.32 0.030207
23.33 0.036598
23.34 0.043207
23.35 0.045407
23.36 0.044535
23.37 0.042142
23.38 0.03696
23.39 0.026839
23.4 0.017993
23.41 0.015894
23.42 0.017905
23.43 0.023772
23.44 0.027769
23.45 0.028525
23.46 0.031291
23.47 0.040078
23.48 0.054895
23.49 0.070262
23.5 0.079558
23.51 0.083531
23.52 0.081198
23.53 0.066951
23.54 0.043015
23.55 0.019282
23.56 0.0025572
23.57 -0.0063392
23.58 -0.0053177
23.59 0.0022646
23.6 0.011857
23.61 0.017149
23.62 0.013205
23.63 -7.5261e-005
23.64 -0.016617
23.65 -0.029252
23.66 -0.040607
23.67 -0.044597
23.68 -0.03713
23.69 -0.026005
23.7 -0.015056
23.71 -0.0017566
23.72 0.016461
23.73 0.030344
23.74 0.029366
23.75 0.0080501
23.76 -0.020094
23.77 -0.041197
23.78 -0.050721
23.79 -0.047757
23.8 -0.043287
23.81 -0.042322
23.82 -0.044671
23.83 -0.041417
23.84 -0.029225
23.85 -0.015609
23.86 -0.006781
23.87 0.00013996
23.88 0.0090772
23.89 0.018102
23.9 0.020674
23.91 0.014435
23.92 0.0072298
23.93 0.0089717
23.94 0.019689
23.95 0.030089
23.96 0.037349
23.97 0.038375
23.98 0.032028
23.99 0.021553
24 0.0074873
24.01 -0.010107
24.02 -0.028083
24.03 -0.037227
24.04 -0.030185
24.05 -0.016864
24.06 -0.0056189
24.07 0.0020197
24.08 0.0038375
24.09 0.0015455
24.1 -0.0043611
24.11 -0.0094375
24.12 -0.0059003
24.13 0.0027077
24.14 0.0087985
24.15 0.010913
24.16 0.013262
24.17 0.017326
24.18 0.018847
24.19 0.01217
24.2 -0.0043287
24.21 -0.017886
24.22 -0.022046
24.23 -0.017588
24.24 -0.0085173
24.25 -0.0019678
24.26 0.003224
24.27 0.0087254
24.28 0.011687
24.29 0.01147
24.3 0.0070412
24.31 0.00073503
24.32 -0.0050688
24.33 -0.0090647
24.34 -0.009619
24.35 -0.0030399
24.36 0.0054752
24.37 0.0066894
24.38 0.00084476
24.39 -0.012021
24.4 -0.024485
24.41 -0.029553
24.42 -0.027655
24.43 -0.024656
24.44 -0.017424
24.45 -0.010089
24.46 -0.0064984
24.47 -0.0098836
24.48 -0.017141
24.49 -0.019745
24.5 -0.019032
24.51 -0.017476
24.52 -0.01618
24.53 -0.010981
24.54 -0.003524
24.55 0.0073872
24.56 0.020021
24.57 0.028142
24.58 0.035049
24.59 0.047223
24.6 0.061862
24.61 0.070387
24.62 0.064418
24.63 0.037725
24.64 -0.00066781
24.65 -0.034748
24.66 -0.058761
24.67 -0.068913
24.68 -0.070781
24.69 -0.070013
24.7 -0.068023
24.71 -0.056755
24.72 -0.036664
24.73 -0.017629
24.74 -0.002722
24.75 0.0087829
24.76 0.018014
24.77 0.026289
24.78 0.032727
24.79 0.032107
24.8 0.025599
24.81 0.016593
24.82 0.010913
24.83 0.0098311
24.84 0.015092
24.85 0.022944
24.86 0.025367
24.87 0.014837
24.88 -0.0065829
24.89 -0.027335
24.9 -0.04068
24.91 -0.036298
24.92 -0.010553
24.93 0.024429
24.94 0.053615
24.95 0.072635
24.96 0.082756
24.97 0.083192
24.98 0.079232
24.99 0.07754
25 0.077685
25.01 0.076774
25.02 0.07183
25.03 0.061041
25.04 0.04838
25.05 0.034674
25.06 0.015202
25.07 -0.0041882
25.08 -0.014535
25.09 -0.011706
25.1 -0.0038182
25.11 -0.0048481
25.12 -0.012252
25.13 -0.014894
25.14 -0.0056346
25.15 0.01249
25.16 0.022383
25.17 0.017586
25.18 0.0050951
25.19 -0.0092661
25.2 -0.023364
25.21 -0.037972
25.22 -0.046533
25.23 -0.045052
25.24 -0.037564
25.25 -0.027157
25.26 -0.015357
25.27 -0.00056242
25.28 0.01243
25.29 0.0239
25.3 0.033221
25.31 0.037961
25.32 0.035403
25.33 0.022449
25.34 0.0038668
25.35 -0.011495
25.36 -0.014862
25.37 -0.0058063
25.38 0.012168
25.39 0.035271
25.4 0.0545
25.41 0.05901
25.42 0.046776
25.43 0.023683
25.44 -0.00096485
25.45 -0.021918
25.46 -0.035383
25.47 -0.042584
25.48 -0.042516
25.49 -0.036346
25.5 -0.031519
25.51 -0.033841
25.52 -0.036511
25.53 -0.034143
25.54 -0.029071
25.55 -0.024636
25.56 -0.021819
25.57 -0.017942
25.58 -0.017801
25.59 -0.022849
25.6 -0.030461
25.61 -0.03621
25.62 -0.036455
25.63 -0.034325
25.64 -0.031338
25.65 -0.029884
25.66 -0.032829
25.67 -0.037256
25.68 -0.036075
25.69 -0.027011
25.7 -0.017102
25.71 -0.013247
25.72 -0.014502
25.73 -0.01656
25.74 -0.016595
25.75 -0.016891
25.76 -0.017656
25.77 -0.014815
25.78 -0.012063
25.79 -0.012173
25.8 -0.011757
25.81 -0.0082363
25.82 -0.0041982
25.83 -0.0017866
25.84 -0.00028957
25.85 0.00021272
25.86 0.00022679
25.87 0.0021065
25.88 0.0065217
25.89 0.0090261
25.9 0.0046673
25.91 -0.007129
25.92 -0.022696
25.93 -0.035417
25.94 -0.04831
25.95 -0.060379
25.96 -0.070749
25.97 -0.077016
25.98 -0.074058
25.99 -0.064937
26 -0.050218
26.01 -0.037132
26.02 -0.029977
26.03 -0.028487
26.04 -0.027243
26.05 -0.020459
26.06 -0.012858
26.07 -0.0071135
26.08 -0.00035434
26.09 0.0070127
26.1 0.01419
26.11 0.021523
26.12 0.027966
26.13 0.029301
26.14 0.022671
26.15 0.012729
26.16 0.0029465
26.17 -0.0030079
26.18 -0.0041631
26.19 -0.0036425
26.2 -0.0060766
26.21 -0.013892
26.22 -0.024169
26.23 -0.029289
26.24 -0.025025
26.25 -0.020577
26.26 -0.021207
26.27 -0.023208
26.28 -0.01786
26.29 -0.0079873
26.3 0.0037428
26.31 0.014243
26.32 0.018747
26.33 0.014167
26.34 -0.0018711
26.35 -0.022
26.36 -0.040057
26.37 -0.048738
26.38 -0.043926
26.39 -0.027667
26.4 -0.010171
26.41 0.0006516
26.42 0.0084379
26.43 0.014575
26.44 0.018862
26.45 0.017353
26.46 0.011514
26.47 0.011312
26.48 0.01939
26.49 0.031409
26.5 0.038694
26.51 0.036284
26.52 0.028043
26.53 0.019698
26.54 0.015409
26.55 0.013354
26.56 0.012802
26.57 0.016048
26.58 0.022024
26.59 0.028032
26.6 0.030191
26.61 0.029261
26.62 0.031078
26.63 0.036018
26.64 0.039241
26.65 0.038503
26.66 0.034103
26.67 0.030547
26.68 0.026635
26.69 0.020349
26.7 0.010947
26.71 0.0041775
26.72 0.0039158
26.73 0.0082986
26.74 0.011499
26.75 0.011107
26.76 0.007626
26.77 0.0049457
26.78 0.0083928
26.79 0.01351
26.8 0.017993
26.81 0.019108
26.82 0.019166
26.83 0.02256
26.84 0.034653
26.85 0.053494
26.86 0.066455
26.87 0.06912
26.88 0.061507
26.89 0.044931
26.9 0.026862
26.91 0.010553
26.92 -0.0021709
26.93 -0.01125
26.94 -0.015105
26.95 -0.01126
26.96 -0.0049216
26.97 -0.005694
26.98 -0.016237
26.99 -0.029956
27 -0.036632
27.01 -0.037069
27.02 -0.030549
27.03 -0.016373
27.04 0.00092023
27.05 0.018311
27.06 0.032262
27.07 0.039406
27.08 0.038359
27.09 0.035877
27.1 0.032495
27.11 0.023349
27.12 0.010351
27.13 0.0034204
27.14 0.004812
27.15 0.0087572
27.16 0.0051356
27.17 -0.0045586
27.18 -0.011734
27.19 -0.015083
27.2 -0.014651
27.21 -0.010184
27.22 -0.0031924
27.23 0.00019279
27.24 -0.0011424
27.25 -0.0025157
27.26 0.0019361
27.27 0.0074852
27.28 0.0088402
27.29 0.0037905
27.3 -0.0011368
27.31 -0.00043333
27.32 0.0032797
27.33 0.0090132
27.34 0.013079
27.35 0.014394
27.36 0.015497
27.37 0.021132
27.38 0.031151
27.39 0.039538
27.4 0.043279
27.41 0.041695
27.42 0.034667
27.43 0.022878
27.44 0.01153
27.45 0.0030996
27.46 -0.0033866
27.47 -0.0094677
27.48 -0.011117
27.49 -0.0076709
27.5 -0.0045136
27.51 -0.0042322
27.52 -0.0072615
27.53 -0.014327
27.54 -0.023311
27.55 -0.030257
27.56 -0.036056
27.57 -0.039396
27.58 -0.043382
27.59 -0.044761
27.6 -0.040088
27.61 -0.029757
27.62 -0.014665
27.63 8.4396e-005
27.64 0.012654
27.65 0.019398
27.66 0.015387
27.67 -0.0015055
27.68 -0.023094
27.69 -0.03858
27.7 -0.044378
27.71 -0.042822
27.72 -0.038799
27.73 -0.030152
27.74 -0.019151
27.75 -0.010859
27.76 -0.0079974
27.77 -0.0084054
27.78 -0.0053382
27.79 0.0036272
27.8 0.018593
27.81 0.031685
27.82 0.038772
27.83 0.042386
27.84 0.043452
27.85 0.045007
27.86 0.042635
27.87 0.03494
27.88 0.026042
27.89 0.019377
27.9 0.013472
27.91 0.0029701
27.92 -0.0081198
27.93 -0.014336
27.94 -0.01512
27.95 -0.015355
27.96 -0.015763
27.97 -0.013403
27.98 -0.011335
27.99 -0.0077948
28 -0.0018629
28.01 0.0043827
28.02 0.0083687
28.03 0.010581
28.04 0.014758
28.05 0.017482
28.06 0.014136
28.07 0.0053507
28.08 -0.0058813
28.09 -0.017914
28.1 -0.027916
28.11 -0.034204
28.12 -0.037155
28.13 -0.037422
28.14 -0.033436
28.15 -0.029087
28.16 -0.030243
28.17 -0.033413
28.18 -0.033937
28.19 -0.027028
28.2 -0.017392
28.21 -0.0096943
28.22 -0.0017827
28.23 0.0081914
28.24 0.020123
28.25 0.024251
28.26 0.015443
28.27 0.0035399
28.28 -0.0051103
28.29 -0.0094087
28.3 -0.012836
28.31 -0.017129
28.32 -0.016407
28.33 -0.010696
28.34 -0.0062415
28.35 -0.01074
28.36 -0.022076
28.37 -0.03087
28.38 -0.030246
28.39 -0.024048
28.4 -0.018602
28.41 -0.013275
28.42 -0.0091315
28.43 0.00010401
28.44 0.01366
28.45 0.024563
28.46 0.025889
28.47 0.018477
28.48 0.01015
28.49 -0.00018161
28.5 -0.011255
28.51 -0.021105
28.52 -0.028185
28.53 -0.029326
28.54 -0.022682
28.55 -0.011951
28.56 -0.0061515
28.57 -0.0089401
28.58 -0.014586
28.59 -0.016579
28.6 -0.013856
28.61 -0.0085138
28.62 -0.004729
28.63 -0.0025158
28.64 0.0012605
28.65 0.0063131
28.66 0.011674
28.67 0.013438
28.68 0.013897
28.69 0.016835
28.7 0.022157
28.71 0.026869
28.72 0.028161
28.73 0.028552
28.74 0.026197
28.75 0.018166
28.76 0.0063285
28.77 -0.0063217
28.78 -0.015754
28.79 -0.017022
28.8 -0.013538
28.81 -0.0088318
28.82 -0.0056098
28.83 -0.0024413
28.84 0.0030165
28.85 0.0078453
28.86 0.01518
28.87 0.018999
28.88 0.016825
28.89 0.0068365
28.9 -0.0090612
28.91 -0.022931
28.92 -0.030924
28.93 -0.03065
28.94 -0.026967
28.95 -0.020164
28.96 -0.010609
28.97 -0.00067127
28.98 0.0059585
28.99 0.0046204
29 -0.0011961
29.01 -0.0079159
29.02 -0.01121
29.03 -0.0076837
29.04 0.0041153
29.05 0.018834
29.06 0.034066
29.07 0.0486
29.08 0.057557
29.09 0.059715
29.1 0.058648
29.11 0.054752
29.12 0.046191
29.13 0.033021
29.14 0.01394
29.15 -0.0084435
29.16 -0.029161
29.17 -0.038301
29.18 -0.033064
29.19 -0.018557
29.2 -0.0032193
29.21 0.0092832
29.22 0.016761
29.23 0.022161
29.24 0.023435
29.25 0.019416
29.26 0.013976
29.27 0.012891
29.28 0.01799
29.29 0.01777
29.3 0.012317
29.31 0.0034146
29.32 -0.0036485
29.33 -0.0067945
29.34 -0.0086377
29.35 -0.0073137
29.36 -0.0014198
29.37 0.010203
29.38 0.020667
29.39 0.027659
29.4 0.032741
29.41 0.033987
29.42 0.031857
29.43 0.025146
29.44 0.017182
29.45 0.0078016
29.46 -0.0020642
29.47 -0.010622
29.48 -0.015321
29.49 -0.015789
29.5 -0.014177
29.51 -0.01231
29.52 -0.014554
29.53 -0.022691
29.54 -0.031613
29.55 -0.034509
29.56 -0.027418
29.57 -0.017724
29.58 -0.011651
29.59 -0.0075135
29.6 -0.0029815
29.61 0.0046655
29.62 0.010837
29.63 0.013492
29.64 0.0099079
29.65 0.0046289
29.66 0.0014069
29.67 0.0014688
29.68 0.0038733
29.69 0.0034329
29.7 -0.00053056
29.71 -0.0052187
29.72 -0.0096155
29.73 -0.014339
29.74 -0.017689
29.75 -0.016183
29.76 -0.0087474
29.77 -0.00076131
29.78 0.0047879
29.79 0.0090145
29.8 0.013895
29.81 0.017043
29.82 0.016975
29.83 0.0086487
29.84 -0.0027606
29.85 -0.011052
29.86 -0.01518
29.87 -0.015383
29.88 -0.017326
29.89 -0.018964
29.9 -0.022456
29.91 -0.025959
29.92 -0.028209
29.93 -0.02848
29.94 -0.027617
29.95 -0.023802
29.96 -0.01716
29.97 -0.011356
29.98 -0.0072546
29.99 -0.0091526
30 -0.016836
30.01 -0.025159
30.02 -0.028855
30.03 -0.026243
30.04 -0.021434
30.05 -0.015642
30.06 -0.0083281
30.07 -0.0018855
30.08 0.0043137
30.09 0.0076596
30.1 0.0069856
30.11 0.0041421
30.12 0.001625
30.13 0.001058
30.14 0.0012887
30.15 0.0040408
30.16 0.0064397
30.17 0.00875
30.18 0.0094422
30.19 0.0092298
30.2 0.0093649
30.21 0.0093184
30.22 0.0084151
30.23 0.0063328
30.24 0.010544
30.25 0.0173
30.26 0.022039
30.27 0.025189
30.28 0.023165
30.29 0.019065
30.3 0.017359
30.31 0.015162
30.32 0.012262
30.33 0.0079325
30.34 0.0061217
30.35 0.010015
30.36 0.015435
30.37 0.017528
30.38 0.014246
30.39 0.0083153
30.4 0.002033
30.41 -0.0046783
30.42 -0.011826
30.43 -0.017697
30.44 -0.02294
30.45 -0.026104
30.46 -0.025949
30.47 -0.025399
30.48 -0.023311
30.49 -0.018799
30.5 -0.011929
30.51 -0.0042858
30.52 0.00061339
30.53 0.0068126
30.54 0.014724
30.55 0.018977
30.56 0.020701
30.57 0.022942
30.58 0.022932
30.59 0.02376
30.6 0.024652
30.61 0.026477
30.62 0.030544
30.63 0.035089
30.64 0.035711
30.65 0.031942
30.66 0.023958
30.67 0.012559
30.68 0.0067746
30.69 0.0052973
30.7 0.0053142
30.71 0.0061457
30.72 0.0088879
30.73 0.012041
30.74 0.014524
30.75 0.013587
30.76 0.0066537
30.77 -0.00045026
30.78 -0.0055379
30.79 -0.0091581
30.8 -0.0094114
30.81 -0.0050511
30.82 0.0015012
30.83 0.006513
30.84 0.0049343
30.85 0.0006444
30.86 -0.0019276
30.87 -0.001037
30.88 0.0034767
30.89 0.011236
30.9 0.020911
30.91 0.029547
30.92 0.034083
30.93 0.032789
30.94 0.027086
30.95 0.020166
30.96 0.01575
30.97 0.011328
30.98 0.0030082
30.99 -0.0070096
31 -0.013558
31.01 -0.01585
31.02 -0.020003
31.03 -0.026843
31.04 -0.032828
31.05 -0.038028
31.06 -0.040631
31.07 -0.041163
31.08 -0.037585
31.09 -0.03196
31.1 -0.02596
31.11 -0.017891
31.12 -0.0083082
31.13 -0.0011424
31.14 0.000954
31.15 -0.00077379
31.16 -0.0050187
31.17 -0.008736
31.18 -0.014344
31.19 -0.02213
31.2 -0.030309
31.21 -0.035912
31.22 -0.040112
31.23 -0.043853
31.24 -0.045435
31.25 -0.042543
31.26 -0.036911
31.27 -0.02946
31.28 -0.02102
31.29 -0.015183
31.3 -0.0094465
31.31 -0.0048526
31.32 -0.0024101
31.33 -0.0013633
31.34 0.0003209
31.35 0.0003814
31.36 0.0006628
31.37 0.0022105
31.38 0.0044068
31.39 0.0082606
31.4 0.010976
31.41 0.012301
31.42 0.011274
31.43 0.0076345
31.44 0.0042521
31.45 0.0019981
31.46 0.0034459
31.47 0.003481
31.48 0.0015141
31.49 -0.00085953
31.5 -0.0012239
31.51 0.00327
31.52 0.0091372
31.53 0.014584
31.54 0.014657
31.55 0.010364
31.56 0.0044927
31.57 -0.0029348
31.58 -0.011408
31.59 -0.018344
31.6 -0.020576
31.61 -0.019512
31.62 -0.015695
31.63 -0.014265
31.64 -0.01399
31.65 -0.011239
31.66 -0.0063285
31.67 -0.00056542
31.68 0.0013523
31.69 0.00071917
31.7 -0.0012844
31.71 -0.0025929
31.72 -0.0037748
31.73 -0.005715
31.74 -0.0068195
31.75 -0.0064804
31.76 -0.0028532
31.77 0.003612
31.78 0.010087
31.79 0.01238
31.8 0.008815
31.81 0.0028719
31.82 -0.0022313
31.83 -0.0041349
31.84 -0.0066154
31.85 -0.0079071
31.86 -0.0075187
31.87 -0.0058331
31.88 2.1364e-005
31.89 0.0080229
31.9 0.01671
31.91 0.021593
31.92 0.023058
31.93 0.019944
31.94 0.012506
31.95 0.0028424
31.96 -0.0032893
31.97 -0.0072907
31.98 -0.007136
31.99 0.00054058
32 0.009959
32.01 0.016926
32.02 0.020164
32.03 0.021954
32.04 0.02417
32.05 0.029357
32.06 0.037656
32.07 0.045132
32.08 0.04865
32.09 0.048069
32.1 0.045701
32.11 0.043471
32.12 0.041941
32.13 0.040679
32.14 0.039371
32.15 0.039735
32.16 0.040629
32.17 0.038967
32.18 0.034043
32.19 0.028658
32.2 0.025003
32.21 0.024485
32.22 0.026961
32.23 0.028565
32.24 0.029314
32.25 0.030265
32.26 0.031364
32.27 0.032823
32.28 0.030747
32.29 0.024268
32.3 0.01811
32.31 0.011469
32.32 0.0070804
32.33 0.0050839
32.34 0.0044451
32.35 0.0037219
32.36 -0.00083813
32.37 -0.0060735
32.38 -0.011427
32.39 -0.012795
32.4 -0.014137
32.41 -0.018181
32.42 -0.023154
32.43 -0.026898
32.44 -0.024636
32.45 -0.020743
32.46 -0.019047
32.47 -0.021719
32.48 -0.025342
32.49 -0.026006
32.5 -0.025718
32.51 -0.027012
32.52 -0.032072
32.53 -0.03985
32.54 -0.047152
32.55 -0.051377
32.56 -0.054727
32.57 -0.056825
32.58 -0.057785
32.59 -0.057101
32.6 -0.052255
32.61 -0.045458
32.62 -0.037978
32.63 -0.032011
32.64 -0.029074
32.65 -0.02863
32.66 -0.031183
32.67 -0.035126
32.68 -0.036929
32.69 -0.035765
32.7 -0.032944
32.71 -0.027114
32.72 -0.018352
32.73 -0.010345
32.74 -0.0073045
32.75 -0.0067811
32.76 -0.0062661
32.77 -0.003379
32.78 0.0012416
32.79 0.0050236
32.8 0.0069582
32.81 0.0049378
32.82 0.0012726
32.83 -0.0022365
32.84 -0.0029329
32.85 -0.0017595
32.86 0.0037714
32.87 0.010875
32.88 0.016947
32.89 0.024074
32.9 0.029548
32.91 0.02787
32.92 0.019769
32.93 0.0095598
32.94 -0.0021267
32.95 -0.0125
32.96 -0.022266
32.97 -0.030265
32.98 -0.034656
32.99 -0.03489
33 -0.031439
33.01 -0.027711
33.02 -0.023362
33.03 -0.016084
33.04 -0.0089125
33.05 -0.0068527
33.06 -0.010933
33.07 -0.018376
33.08 -0.024446
33.09 -0.025829
33.1 -0.023486
33.11 -0.019137
33.12 -0.012254
33.13 -0.0036067
33.14 0.0038236
33.15 0.0083105
33.16 0.010141
33.17 0.012551
33.18 0.014824
33.19 0.018171
33.2 0.023597
33.21 0.026744
33.22 0.02605
33.23 0.021026
33.24 0.018054
33.25 0.016668
33.26 0.0161
33.27 0.016802
33.28 0.016377
33.29 0.015282
33.3 0.014831
33.31 0.013864
33.32 0.011863
33.33 0.013179
33.34 0.01571
33.35 0.015537
33.36 0.013678
33.37 0.010559
33.38 0.0081869
33.39 0.0091732
33.4 0.013332
33.41 0.017203
33.42 0.019177
33.43 0.02019
33.44 0.020263
33.45 0.02026
33.46 0.019398
33.47 0.016004
33.48 0.010269
33.49 0.0037014
33.5 0.0011351
33.51 0.0036114
33.52 0.0061356
33.53 0.0067223
33.54 0.0058936
33.55 0.0039871
33.56 4.6111e-005
33.57 -0.0049135
33.58 -0.010257
33.59 -0.01417
33.6 -0.015387
33.61 -0.014709
33.62 -0.011434
33.63 -0.0062459
33.64 -0.0017745
33.65 0.0005541
33.66 0.0021679
33.67 0.001653
33.68 -0.0014902
33.69 -0.0053257
33.7 -0.0072336
33.71 -0.0085857
33.72 -0.0093806
33.73 -0.0066089
33.74 -0.0034431
33.75 -0.00025626
33.76 0.0034667
33.77 0.0070165
33.78 0.010504
33.79 0.0094182
33.8 0.0049806
33.81 -0.00061219
33.82 -0.0046277
33.83 -0.006402
33.84 -0.0064624
33.85 -0.004359
33.86 0.00034882
33.87 0.0052691
33.88 0.0088372
33.89 0.01166
33.9 0.011831
33.91 0.011063
33.92 0.0088527
33.93 0.0091637
33.94 0.012564
33.95 0.015656
33.96 0.016899
33.97 0.018347
33.98 0.018938
33.99 0.018102
34 0.018844
34.01 0.017793
34.02 0.015819
34.03 0.013994
34.04 0.013265
34.05 0.016728
34.06 0.022043
34.07 0.022091
34.08 0.018147
34.09 0.012397
34.1 0.0061205
34.11 0.0010398
34.12 -0.0054408
34.13 -0.011533
34.14 -0.015038
34.15 -0.013299
34.16 -0.0076258
34.17 -0.0018135
34.18 0.003519
34.19 0.0065497
34.2 0.0066018
34.21 0.0055831
34.22 0.00346
34.23 0.0019376
34.24 -0.0010311
34.25 -0.0064354
34.26 -0.014431
34.27 -0.023591
34.28 -0.029547
34.29 -0.030968
34.3 -0.028856
34.31 -0.024197
34.32 -0.015173
34.33 -0.0050874
34.34 0.0040482
34.35 0.0098689
34.36 0.012155
34.37 0.0078893
34.38 0.0027172
34.39 -0.0011281
34.4 -0.0027785
34.41 -0.0017345
34.42 -0.00050899
34.43 0.0043072
34.44 0.0078289
34.45 0.011775
34.46 0.015905
34.47 0.020559
34.48 0.024067
34.49 0.026324
34.5 0.027292
34.51 0.02824
34.52 0.028029
34.53 0.024326
34.54 0.017043
34.55 0.0072465
34.56 -0.0025434
34.57 -0.0094686
34.58 -0.013477
34.59 -0.015493
34.6 -0.014122
34.61 -0.011049
34.62 -0.0083387
34.63 -0.0089156
34.64 -0.012411
34.65 -0.017906
34.66 -0.025131
34.67 -0.030775
34.68 -0.033921
34.69 -0.034063
34.7 -0.029605
34.71 -0.024747
34.72 -0.021242
34.73 -0.020468
34.74 -0.018265
34.75 -0.013242
34.76 -0.0069823
34.77 -2.8889e-005
34.78 0.0060015
34.79 0.01029
34.8 0.013036
34.81 0.014702
34.82 0.01141
34.83 0.0055204
34.84 -4.8519e-005
34.85 -0.0022181
34.86 -0.0025093
34.87 -0.0038277
34.88 -0.0060704
34.89 -0.010519
34.9 -0.014096
34.91 -0.019803
34.92 -0.023405
34.93 -0.020921
34.94 -0.015869
34.95 -0.01198
34.96 -0.0096089
34.97 -0.0050531
34.98 0.0028824
34.99 0.010709
35 0.017155
35.01 0.023212
35.02 0.027737
35.03 0.032861
35.04 0.036328
35.05 0.037729
35.06 0.034744
35.07 0.030958
35.08 0.028075
35.09 0.027077
35.1 0.025233
35.11 0.02075
35.12 0.015294
35.13 0.010966
35.14 0.0073849
35.15 0.0048523
35.16 0.0029262
35.17 0.00078898
35.18 -0.0016732
35.19 -0.0042945
35.2 -0.0063965
35.21 -0.0080159
35.22 -0.0085309
35.23 -0.0075446
35.24 -0.0071506
35.25 -0.0086068
35.26 -0.010688
35.27 -0.013476
35.28 -0.01374
35.29 -0.011556
35.3 -0.0085575
35.31 -0.0044238
35.32 -0.0014564
35.33 -0.0026636
35.34 -0.0047319
35.35 -0.0081072
35.36 -0.012997
35.37 -0.016959
35.38 -0.01816
35.39 -0.017499
35.4 -0.014032
35.41 -0.0075922
35.42 -0.0033079
35.43 -0.00053471
35.44 0.0015265
35.45 0.0048428
35.46 0.010772
35.47 0.016241
35.48 0.019498
35.49 0.020444
35.5 0.019667
35.51 0.015988
35.52 0.010809
35.53 0.0055492
35.54 0.00033494
35.55 -0.0038495
35.56 -0.0043011
35.57 -0.0011438
35.58 0.0029421
35.59 0.0039088
35.6 0.0020712
35.61 0.0015971
35.62 0.0015028
35.63 0.0019095
35.64 0.003332
35.65 0.0049711
35.66 0.0068227
35.67 0.0080285
35.68 0.0069226
35.69 0.0049894
35.7 0.0030042
35.71 2.9823e-005
35.72 -0.002507
35.73 -0.0053885
35.74 -0.0079309
35.75 -0.011547
35.76 -0.015861
35.77 -0.020684
35.78 -0.023159
35.79 -0.02104
35.8 -0.017432
35.81 -0.01318
35.82 -0.010708
35.83 -0.0098091
35.84 -0.009795
35.85 -0.011376
35.86 -0.012298
35.87 -0.012598
35.88 -0.011244
35.89 -0.0070851
35.9 -0.003275
35.91 -0.00046097
35.92 0.0014244
35.93 0.0032591
35.94 0.0048322
35.95 0.0059592
35.96 0.0046296
35.97 0.0027921
35.98 0.00076462
35.99 -0.0023603
36 -0.0060663
36.01 -0.0070645
36.02 -0.0054066
36.03 -0.0018703
36.04 0.0020814
36.05 0.0054289
36.06 0.0073757
36.07 0.005758
36.08 0.0041236
36.09 0.0014576
36.1 0.0013095
36.11 0.0016288
36.12 0.0014898
36.13 0.0013985
36.14 -1.0963e-005
36.15 -0.0020725
36.16 -0.0043049
36.17 -0.0048871
36.18 -0.0037938
36.19 -0.001557
36.2 0.0020626
36.21 0.0041617
36.22 0.0051703
36.23 0.0070077
36.24 0.0085571
36.25 0.0082762
36.26 0.0076579
36.27 0.0086039
36.28 0.0099451
36.29 0.011177
36.3 0.0093914
36.31 0.0049571
36.32 0.0020413
36.33 -0.0014466
36.34 -0.0037176
36.35 -0.0063244
36.36 -0.0090552
36.37 -0.0091495
36.38 -0.0099164
36.39 -0.011648
36.4 -0.012274
36.41 -0.0097496
36.42 -0.007448
36.43 -0.0051829
36.44 -0.003001
36.45 -0.0014038
36.46 -0.0016316
36.47 -0.00045945
36.48 0.0019612
36.49 0.0033221
36.5 0.0037362
36.51 0.0014136
36.52 -0.000376
36.53 -0.002322
36.54 -0.0045915
36.55 -0.0066626
36.56 -0.008025
36.57 -0.0068179
36.58 -0.0043956
36.59 -0.0037407
36.6 -0.0047641
36.61 -0.0076023
36.62 -0.010442
36.63 -0.011309
36.64 -0.011336
36.65 -0.011224
36.66 -0.010386
36.67 -0.0064266
36.68 -0.0002019
36.69 0.0040708
36.7 0.0077816
36.71 0.01135
36.72 0.014277
36.73 0.017021
36.74 0.02076
36.75 0.024896
36.76 0.025799
36.77 0.024434
36.78 0.020145
36.79 0.0151
36.8 0.0090561
36.81 0.0024369
36.82 -0.0020187
36.83 -0.0031657
36.84 -0.0019901
36.85 0.00044587
36.86 0.0027003
36.87 0.0031755
36.88 0.0030285
36.89 0.0024339
36.9 0.0013871
36.91 0.00083462
36.92 -0.00042747
36.93 -0.002513
36.94 -0.0066168
36.95 -0.01251
36.96 -0.017808
36.97 -0.022916
36.98 -0.023169
36.99 -0.019728
37 -0.013617
37.01 -0.0086592
37.02 -0.0050743
37.03 -0.0030438
37.04 -0.0033212
37.05 -0.0029759
37.06 -0.0039925
37.07 -0.0054414
37.08 -0.0044786
37.09 -0.0040489
37.1 -0.0039142
37.11 -0.0047072
37.12 -0.0047079
37.13 -0.0026237
37.14 -8.3011e-005
37.15 0.0046541
37.16 0.0081486
37.17 0.011243
37.18 0.013084
37.19 0.013591
37.2 0.014945
37.21 0.017355
37.22 0.019844
37.23 0.020935
37.24 0.022128
37.25 0.020122
37.26 0.016136
37.27 0.012518
37.28 0.0070889
37.29 0.0034355
37.3 0.00066375
37.31 -0.0018713
37.32 -0.0039608
37.33 -0.0070126
37.34 -0.0099897
37.35 -0.012203
37.36 -0.012736
37.37 -0.013252
37.38 -0.014105
37.39 -0.015421
37.4 -0.016892
37.41 -0.016021
37.42 -0.013921
37.43 -0.011548
37.44 -0.010922
37.45 -0.011139
37.46 -0.011479
37.47 -0.011784
37.48 -0.011854
37.49 -0.011354
37.5 -0.0093756
37.51 -0.0080203
37.52 -0.0063792
37.53 -0.0043818
37.54 -0.0019112
37.55 0.00051077
37.56 0.0014364
37.57 -4.3323e-005
37.58 -0.0013231
37.59 -0.0019626
37.6 -0.0014086
37.61 -0.00030852
37.62 0.0021033
37.63 0.0056914
37.64 0.0085567
37.65 0.010808
37.66 0.012033
37.67 0.011282
37.68 0.0085133
37.69 0.0058879
37.7 0.0037411
37.71 0.0022873
37.72 0.0013336
37.73 0.0010558
37.74 0.0011389
37.75 0.0030007
37.76 0.0064788
37.77 0.0097343
37.78 0.011314
37.79 0.011699
37.8 0.0097601
37.81 0.0070823
37.82 0.0033647
37.83 0.0003993
37.84 -0.00048024
37.85 -0.0014906
37.86 -0.0015465
37.87 -0.0023523
37.88 -0.002408
37.89 -0.0016097
37.9 -0.00050743
37.91 -1.5504e-005
37.92 0.00063474
37.93 0.0012881
37.94 0.0012396
37.95 0.0011768
37.96 0.00045364
37.97 0.0010684
37.98 0.0023617
37.99 0.004505
38 0.0069026
38.01 0.0080643
38.02 0.008677
38.03 0.0082467
38.04 0.0077326
38.05 0.0075969
38.06 0.0074224
38.07 0.0068162
38.08 0.0062909
38.09 0.0051258
38.1 0.0041084
38.11 0.0026165
38.12 0.00024388
38.13 -0.0013144
38.14 -0.0026333
38.15 -0.0039998
38.16 -0.0058935
38.17 -0.006881
38.18 -0.006175
38.19 -0.0052071
38.2 -0.0040501
38.21 -0.0026698
38.22 -0.00075182
38.23 0.0010408
38.24 0.0022603
38.25 0.002991
38.26 0.0029618
38.27 0.0022647
38.28 0.0010964
38.29 0.00012244
38.3 -0.00045454
38.31 -0.00092655
38.32 -0.001279
38.33 -0.0012754
38.34 -0.0010044
38.35 -0.00050283
38.36 -6.1709e-005
38.37 0.0006872
38.38 0.00082062
38.39 0.00079628
38.4 0.00067382
38.41 0.00087378
38.42 0.0014887
38.43 0.0017961
38.44 0.0017761
38.45 0.0013719
38.46 0.00089246
38.47 0.00057183
38.48 0.00053496
38.49 -7.8245e-005
38.5 -0.00042024
38.51 -0.00076819
38.52 -0.00093701
38.53 -0.0006398
38.54 0.0001152
38.55 0.00093605
38.56 0.0005253
38.57 -0.00027228
38.58 -0.0011143
38.59 -0.0022191
38.6 -0.0032305
38.61 -0.003794
38.62 -0.0040665
38.63 -0.0040696
38.64 -0.0039091
38.65 -0.0037961
38.66 -0.0034751
38.67 -0.0029147
38.68 -0.0023801
38.69 -0.0018141
38.7 -0.00085945
38.71 -0.00010779
38.72 0.00012594
38.73 -0.00020059
38.74 -0.0009384
38.75 -0.0011761
38.76 -0.0013742
38.77 -0.0013849
38.78 -0.00073822
38.79 0.00029582
38.8 0.00089511
38.81 0.00086037
38.82 0.00075266
38.83 0.00050236
38.84 0.0004569
38.85 0.00030647
38.86 -0.0001047
38.87 -0.00064389
38.88 -0.00081963
38.89 -0.00079594
38.9 -0.00078499
38.91 -0.0011369
38.92 -0.0015291
38.93 -0.0021531
38.94 -0.0024608
38.95 -0.0020192
38.96 -0.0014737
38.97 -0.0011004
38.98 -0.00084358
38.99 -0.00058976
39 -0.00031356
39.01 6.4745e-005
39.02 0.00027211
39.03 0.0004192
39.04 0.00041989
39.05 0.000389
39.06 0.00043158
39.07 0.00044218
39.08 0.00033356
39.09 0.00010305
39.1 -6.6152e-005
39.11 -0.00020599
39.12 -0.00026076
39.13 -0.00037414
39.14 -0.00052728
39.15 -0.00075761
39.16 -0.00099372
39.17 -0.0010607
39.18 -0.0010617
39.19 -0.00083983
39.2 -0.00062477
39.21 -0.00026549
39.22 4.272e-005
39.23 0.00043165
39.24 0.00080184
39.25 0.0010757
39.26 0.0013573
39.27 0.0013978
39.28 0.0013459
39.29 0.0012785
39.3 0.0012287
39.31 0.0010815
39.32 0.000854
39.33 0.00048697
39.34 0.00027068
39.35 0.0001895
39.36 0.00020184
39.37 0.00032071
39.38 0.00045352
39.39 0.00059379
39.4 0.00068774
39.41 0.00067432
39.42 0.00064761
39.43 0.0005482
39.44 0.00041639
39.45 0.00037904
39.46 0.00033731
39.47 0.00032598
39.48 0.0002421
39.49 0.00013536
39.5 3.3536e-005
39.51 -2.7164e-006
39.52 1.2373e-005
39.53 6.2128e-005
39.54 8.9836e-005
39.55 9.0114e-005
39.56 6.8089e-005
39.57 4.4998e-005
39.58 6.2738e-005
39.59 9.1481e-005
39.6 0.00017064
39.61 0.00020709
39.62 0.00021377
39.63 0.00015057
39.64 8.8969e-005
39.65 5.2157e-005
39.66 1.8155e-005
39.67 -2.5173e-006
39.68 -1.5853e-005
39.69 -1.1963e-005
39.7 -2.3828e-005
39.71 -4.7366e-005
39.72 -9.2332e-005
39.73 -0.00014626
39.74 -0.00016695
39.75 -0.0001711
39.76 -0.0001551
39.77 -0.00013983
39.78 -0.00012823
39.79 -0.00011843
39.8 -0.00011434
39.81 -9.9588e-005
39.82 -8.2846e-005
39.83 -6.2537e-005
39.84 -4.5223e-005
39.85 -3.0119e-005
39.86 -1.9848e-005
39.87 -1.1049e-005
39.88 -5.1465e-006
39.89 -8.2188e-007
39.9 4.9119e-006
39.91 7.1726e-006
39.92 8.0245e-006
39.93 5.2261e-006
39.94 -1.0981e-006
39.95 -9.0743e-006
