0.01 0.00090561
0.02 0.00076533
0.03 0.0008726
0.04 0.00073927
0.05 0.00075387
0.06 0.00059632
0.07 0.00079736
0.08 0.00075471
0.09 0.00053041
0.1 -0.00017313
0.11 8.7622e-005
0.12 0.0013634
0.13 0.0024716
0.14 0.0021404
0.15 0.0016097
0.16 0.00092985
0.17 0.00069232
0.18 0.00056254
0.19 0.0010789
0.2 0.0014905
0.21 0.0024438
0.22 0.0027548
0.23 0.0028516
0.24 0.0015409
0.25 0.00020379
0.26 -0.00071424
0.27 -0.0015511
0.28 -0.003244
0.29 -0.0015571
0.3 0.0018659
0.31 0.0018598
0.32 -0.0014907
0.33 -0.0031256
0.34 -0.0019131
0.35 0.00093313
0.36 0.0037108
0.37 0.0068451
0.38 0.0083787
0.39 0.0060214
0.4 -0.00020866
0.41 -0.0042583
0.42 -0.0051765
0.43 -0.00046086
0.44 0.0055117
0.45 0.0088374
0.46 0.0060198
0.47 -0.0046948
0.48 -0.017134
0.49 -0.022977
0.5 -0.019398
0.51 -0.0031086
0.52 0.015091
0.53 0.025879
0.54 0.018933
0.55 0.0023124
0.56 -0.015452
0.57 -0.027983
0.58 -0.023727
0.59 -0.0070351
0.6 0.011084
0.61 0.027296
0.62 0.035794
0.63 0.031524
0.64 0.011416
0.65 -0.010711
0.66 -0.030629
0.67 -0.025422
0.68 -0.0026686
0.69 0.0051141
0.7 0.0076404
0.71 0.026714
0.72 0.04265
0.73 0.04414
0.74 0.025416
0.75 -0.0018827
0.76 -0.045473
0.77 -0.077254
0.78 -0.076812
0.79 -0.037188
0.8 0.017423
0.81 0.040957
0.82 0.038321
0.83 0.024244
0.84 0.0050619
0.85 -0.0045515
0.86 -0.006281
0.87 0.014012
0.88 0.037733
0.89 0.033771
0.9 0.007494
0.91 -0.009779
0.92 -0.012432
0.93 -0.011398
0.94 -0.0072956
0.95 -0.011445
0.96 -0.040007
0.97 -0.058858
0.98 -0.055205
0.99 -0.020371
1 0.046295
1.01 0.080099
1.02 0.045803
1.03 -0.016684
1.04 -0.05623
1.05 -0.05611
1.06 -0.047829
1.07 -0.024166
1.08 0.019906
1.09 0.062924
1.1 0.071205
1.11 0.05106
1.12 0.013945
1.13 -0.017191
1.14 -0.022841
1.15 -0.0031754
1.16 0.016331
1.17 0.022121
1.18 0.016201
1.19 0.0054517
1.2 -0.0045484
1.21 -0.013658
1.22 -0.012406
1.23 -0.010765
1.24 -0.023503
1.25 -0.037689
1.26 -0.033395
1.27 -0.0016374
1.28 0.023077
1.29 0.019528
1.3 0.00068944
1.31 -0.012918
1.32 -0.0090176
1.33 -0.0011632
1.34 -0.005283
1.35 -0.011971
1.36 -0.0040572
1.37 0.034315
1.38 0.070075
1.39 0.033639
1.4 -0.029844
1.41 -0.079443
1.42 -0.08904
1.43 0.010271
1.44 0.084301
1.45 0.051924
1.46 0.0024756
1.47 -0.028871
1.48 -0.018836
1.49 0.0069197
1.5 -0.012715
1.51 -0.057585
1.52 -0.088586
1.53 -0.053627
1.54 0.013932
1.55 0.060127
1.56 0.057118
1.57 0.01998
1.58 -0.021249
1.59 -0.036246
1.6 -0.0082054
1.61 0.038508
1.62 0.062971
1.63 0.06695
1.64 0.05784
1.65 0.031675
1.66 0.0096708
1.67 0.0054892
1.68 0.015928
1.69 0.016638
1.7 -0.028104
1.71 -0.091548
1.72 -0.11044
1.73 -0.04638
1.74 0.0060354
1.75 -0.00087383
1.76 -0.017859
1.77 -0.0054767
1.78 0.039034
1.79 0.067952
1.8 0.041984
1.81 -0.001928
1.82 -0.0050009
1.83 0.019519
1.84 0.061317
1.85 0.086428
1.86 0.075343
1.87 0.030034
1.88 -0.028022
1.89 -0.055487
1.9 -0.057992
1.91 -0.047145
1.92 -0.026487
1.93 -0.012555
1.94 -0.025347
1.95 -0.032116
1.96 -0.0088588
1.97 0.067744
1.98 0.11585
1.99 0.046127
2 -0.032232
2.01 -0.084283
2.02 -0.056418
2.03 0.00043745
2.04 0.0069889
2.05 -0.0031406
2.06 -0.017171
2.07 -0.017906
2.08 -0.0041106
2.09 0.005725
2.1 0.0051618
2.11 0.0083589
2.12 0.014884
2.13 0.023241
2.14 0.027548
2.15 0.0238
2.16 0.0091755
2.17 -0.013156
2.18 -0.032351
2.19 -0.049542
2.2 -0.038401
2.21 -0.02725
2.22 -0.045184
2.23 -0.090523
2.24 -0.11657
2.25 -0.10203
2.26 -0.087793
2.27 -0.08721
2.28 -0.085211
2.29 -0.07412
2.3 0.0057101
2.31 0.12858
2.32 0.13158
2.33 0.05223
2.34 -0.026488
2.35 -0.079022
2.36 -0.095225
2.37 -0.029969
2.38 0.061346
2.39 0.082264
2.4 0.069684
2.41 0.053148
2.42 0.029217
2.43 0.010523
2.44 0.01607
2.45 0.080504
2.46 0.1621
2.47 0.16556
2.48 0.12312
2.49 0.086796
2.5 0.041985
2.51 -0.017614
2.52 -0.078304
2.53 -0.11219
2.54 -0.12078
2.55 -0.12117
2.56 -0.097456
2.57 -0.046236
2.58 -0.028929
2.59 -0.039747
2.6 -0.071954
2.61 -0.11783
2.62 -0.16556
2.63 -0.19682
2.64 -0.21377
2.65 -0.16088
2.66 -0.035006
2.67 0.090661
2.68 0.10751
2.69 0.054845
2.7 -0.0066542
2.71 -0.035821
2.72 -0.025682
2.73 0.023887
2.74 0.070171
2.75 0.081526
2.76 0.073734
2.77 0.05611
2.78 0.058073
2.79 0.076194
2.8 0.099475
2.81 0.1241
2.82 0.15372
2.83 0.19768
2.84 0.22062
2.85 0.19714
2.86 0.14664
2.87 0.091597
2.88 0.062022
2.89 0.049896
2.9 0.033517
2.91 -0.020045
2.92 -0.095877
2.93 -0.1425
2.94 -0.17374
2.95 -0.17578
2.96 -0.13435
2.97 -0.10405
2.98 -0.073002
2.99 -0.064086
3 -0.08162
3.01 -0.10123
3.02 -0.11346
3.03 -0.12703
3.04 -0.12686
3.05 -0.11394
3.06 -0.054618
3.07 0.022366
3.08 0.071544
3.09 0.12112
3.1 0.18164
3.11 0.2135
3.12 0.2128
3.13 0.1803
3.14 0.10223
3.15 0.022731
3.16 -0.057337
3.17 -0.13539
3.18 -0.20965
3.19 -0.21866
3.2 -0.1773
3.21 -0.13486
3.22 -0.09321
3.23 -0.063809
3.24 -0.05373
3.25 -0.065478
3.26 -0.084567
3.27 -0.089089
3.28 -0.051018
3.29 -0.019889
3.3 0.010778
3.31 0.070286
3.32 0.14839
3.33 0.16711
3.34 0.17246
3.35 0.21991
3.36 0.29517
3.37 0.36578
3.38 0.3979
3.39 0.3983
3.4 0.39364
3.41 0.35331
3.42 0.28571
3.43 0.22147
3.44 0.16633
3.45 0.11576
3.46 0.055339
3.47 -0.0096645
3.48 -0.070948
3.49 -0.13252
3.5 -0.18676
3.51 -0.20964
3.52 -0.21714
3.53 -0.20097
3.54 -0.1458
3.55 -0.087673
3.56 -0.032778
3.57 0.025523
3.58 0.071556
3.59 0.083937
3.6 0.082278
3.61 0.060248
3.62 -0.014641
3.63 -0.10282
3.64 -0.18473
3.65 -0.23944
3.66 -0.2566
3.67 -0.26355
3.68 -0.25306
3.69 -0.21466
3.7 -0.17936
3.71 -0.16166
3.72 -0.12888
3.73 -0.086266
3.74 -0.053245
3.75 -0.020627
3.76 0.0058377
3.77 0.019282
3.78 0.01789
3.79 0.034043
3.8 0.079587
3.81 0.11041
3.82 0.12985
3.83 0.14789
3.84 0.17431
3.85 0.20451
3.86 0.19446
3.87 0.13238
3.88 0.065832
3.89 -0.011526
3.9 -0.077214
3.91 -0.11908
3.92 -0.11741
3.93 -0.076647
3.94 0.008507
3.95 0.069676
3.96 0.073733
3.97 0.044956
3.98 0.0086785
3.99 -0.043266
4 -0.099251
4.01 -0.15123
4.02 -0.19487
4.03 -0.23584
4.04 -0.24733
4.05 -0.22115
4.06 -0.18324
4.07 -0.16323
4.08 -0.14023
4.09 -0.092497
4.1 0.033453
4.11 0.21168
4.12 0.31001
4.13 0.35202
4.14 0.39828
4.15 0.41294
4.16 0.3964
4.17 0.35623
4.18 0.3098
4.19 0.24266
4.2 0.16464
4.21 0.059037
4.22 -0.065861
4.23 -0.18913
4.24 -0.30062
4.25 -0.41542
4.26 -0.4916
4.27 -0.5373
4.28 -0.56938
4.29 -0.57617
4.3 -0.56919
4.31 -0.5557
4.32 -0.51697
4.33 -0.41182
4.34 -0.24019
4.35 -0.016493
4.36 0.21055
4.37 0.33462
4.38 0.40923
4.39 0.48021
4.4 0.50558
4.41 0.50762
4.42 0.48083
4.43 0.44432
4.44 0.38504
4.45 0.3136
4.46 0.22002
4.47 0.11263
4.48 0.022975
4.49 -0.044316
4.5 -0.092676
4.51 -0.11794
4.52 -0.12051
4.53 -0.082471
4.54 -0.053142
4.55 -0.050775
4.56 -0.027635
4.57 0.022344
4.58 0.067013
4.59 0.074599
4.6 0.047989
4.61 0.012086
4.62 -0.036404
4.63 -0.10309
4.64 -0.15059
4.65 -0.15238
4.66 -0.11284
4.67 -0.036706
4.68 -0.0022186
4.69 -0.02519
4.7 -0.071442
4.71 -0.099257
4.72 -0.115
4.73 -0.14583
4.74 -0.18968
4.75 -0.22412
4.76 -0.22854
4.77 -0.14704
4.78 -0.008832
4.79 0.067786
4.8 0.1288
4.81 0.16011
4.82 0.14711
4.83 0.095631
4.84 0.041898
4.85 -0.028598
4.86 -0.10969
4.87 -0.15526
4.88 -0.15606
4.89 -0.095875
4.9 0.043526
4.91 0.13987
4.92 0.2304
4.93 0.33912
4.94 0.39049
4.95 0.42746
4.96 0.46591
4.97 0.47511
4.98 0.43254
4.99 0.32105
5 0.1938
5.01 0.08488
5.02 -0.029863
5.03 -0.13166
5.04 -0.21524
5.05 -0.30246
5.06 -0.40152
5.07 -0.43472
5.08 -0.41733
5.09 -0.36015
5.1 -0.2673
5.11 -0.2307
5.12 -0.19115
5.13 -0.11662
5.14 0.0020176
5.15 0.080448
5.16 0.11592
5.17 0.12986
5.18 0.12342
5.19 0.10492
5.2 0.093007
5.21 0.10312
5.22 0.12622
5.23 0.13966
5.24 0.13391
5.25 0.13023
5.26 0.12337
5.27 0.1159
5.28 0.087192
5.29 0.057684
5.3 0.022191
5.31 -0.012036
5.32 -0.055037
5.33 -0.10439
5.34 -0.16536
5.35 -0.21935
5.36 -0.23653
5.37 -0.23168
5.38 -0.22305
5.39 -0.17945
5.4 -0.16176
5.41 -0.15077
5.42 -0.085714
5.43 -0.01625
5.44 0.048048
5.45 0.075005
5.46 0.057711
5.47 0.013276
5.48 -0.040312
5.49 -0.079567
5.5 -0.072222
5.51 -0.03792
5.52 -0.01596
5.53 0.039922
5.54 0.091741
5.55 0.10596
5.56 0.10893
5.57 0.11344
5.58 0.11843
5.59 0.13896
5.6 0.15509
5.61 0.15736
5.62 0.15063
5.63 0.13698
5.64 0.111
5.65 0.084454
5.66 0.057998
5.67 0.032284
5.68 0.019849
5.69 0.023161
5.7 0.051361
5.71 0.10256
5.72 0.1302
5.73 0.098103
5.74 0.036383
5.75 -0.033883
5.76 -0.093671
5.77 -0.13113
5.78 -0.16031
5.79 -0.20829
5.8 -0.23719
5.81 -0.23934
5.82 -0.21739
5.83 -0.1426
5.84 -0.049884
5.85 0.027418
5.86 0.075106
5.87 0.083203
5.88 0.069725
5.89 0.034112
5.9 -0.0078005
5.91 -0.028613
5.92 -0.06081
5.93 -0.11083
5.94 -0.15081
5.95 -0.17284
5.96 -0.17117
5.97 -0.11962
5.98 -0.047128
5.99 0.00041975
6 0.026144
6.01 0.056687
6.02 0.075789
6.03 0.087502
6.04 0.10265
6.05 0.095967
6.06 0.064301
6.07 0.03451
6.08 0.0077541
6.09 -0.014843
6.1 -0.032754
6.11 -0.028901
6.12 -0.0090953
6.13 0.075944
6.14 0.15915
6.15 0.15743
6.16 0.10574
6.17 0.033424
6.18 -0.011152
6.19 -0.031393
6.2 -0.036217
6.21 -0.018851
6.22 0.00017332
6.23 0.0076256
6.24 0.0047954
6.25 -0.023055
6.26 -0.06653
6.27 -0.089171
6.28 -0.093932
6.29 -0.080215
6.3 -0.06705
6.31 -0.054969
6.32 -0.034498
6.33 0.01174
6.34 0.050118
6.35 0.059998
6.36 0.052185
6.37 0.031756
6.38 0.02105
6.39 0.017582
6.4 0.0049097
6.41 -0.030792
6.42 -0.07768
6.43 -0.094454
6.44 -0.081802
6.45 -0.050665
6.46 -0.022456
6.47 -0.018851
6.48 -0.025363
6.49 -0.040815
6.5 -0.053231
6.51 -0.060297
6.52 -0.071022
6.53 -0.083877
6.54 -0.08758
6.55 -0.074845
6.56 -0.047909
6.57 0.00012941
6.58 0.063243
6.59 0.11217
6.6 0.12601
6.61 0.1201
6.62 0.085933
6.63 0.051682
6.64 0.056105
6.65 0.10885
6.66 0.20267
6.67 0.26221
6.68 0.26731
6.69 0.25329
6.7 0.20949
6.71 0.12972
6.72 0.045533
6.73 -0.030222
6.74 -0.083318
6.75 -0.099615
6.76 -0.075106
6.77 -0.026051
6.78 -0.014001
6.79 -0.021237
6.8 -0.030705
6.81 -0.043135
6.82 -0.058613
6.83 -0.073263
6.84 -0.096564
6.85 -0.12534
6.86 -0.1517
6.87 -0.18857
6.88 -0.22098
6.89 -0.21013
6.9 -0.11267
6.91 0.0048022
6.92 0.17864
6.93 0.32937
6.94 0.31469
6.95 0.21457
6.96 0.11914
6.97 0.016852
6.98 -0.068197
6.99 -0.11136
7 -0.13264
7.01 -0.15217
7.02 -0.17396
7.03 -0.20095
7.04 -0.21539
7.05 -0.18405
7.06 -0.1159
7.07 -0.035004
7.08 0.11958
7.09 0.27408
7.1 0.32269
7.11 0.32903
7.12 0.32804
7.13 0.32607
7.14 0.31379
7.15 0.28991
7.16 0.24069
7.17 0.17313
7.18 0.093788
7.19 0.012129
7.2 -0.068208
7.21 -0.12814
7.22 -0.17271
7.23 -0.19673
7.24 -0.18758
7.25 -0.18088
7.26 -0.20214
7.27 -0.22839
7.28 -0.27555
7.29 -0.33745
7.3 -0.35879
7.31 -0.33766
7.32 -0.26586
7.33 -0.16356
7.34 -0.06568
7.35 0.028907
7.36 0.08431
7.37 0.096402
7.38 0.086861
7.39 0.083888
7.4 0.10011
7.41 0.12302
7.42 0.14118
7.43 0.1456
7.44 0.14361
7.45 0.14231
7.46 0.13931
7.47 0.11694
7.48 0.066139
7.49 -0.012075
7.5 -0.10011
7.51 -0.18183
7.52 -0.23902
7.53 -0.30191
7.54 -0.32925
7.55 -0.31843
7.56 -0.31795
7.57 -0.32609
7.58 -0.32575
7.59 -0.31764
7.6 -0.28172
7.61 -0.23254
7.62 -0.1962
7.63 -0.16918
7.64 -0.15122
7.65 -0.13921
7.66 -0.12624
7.67 -0.099234
7.68 -0.045735
7.69 0.021648
7.7 0.11823
7.71 0.26037
7.72 0.34589
7.73 0.41007
7.74 0.4478
7.75 0.45997
7.76 0.46994
7.77 0.46875
7.78 0.46277
7.79 0.45191
7.8 0.42738
7.81 0.38256
7.82 0.33308
7.83 0.28023
7.84 0.22367
7.85 0.1637
7.86 0.10762
7.87 0.058151
7.88 0.026883
7.89 0.0086647
7.9 0.00058015
7.91 -0.012247
7.92 -0.038417
7.93 -0.076444
7.94 -0.10353
7.95 -0.10812
7.96 -0.10259
7.97 -0.092742
7.98 -0.066582
7.99 -0.028052
8 -0.0049079
8.01 -0.007755
8.02 -0.042621
8.03 -0.086149
8.04 -0.12436
8.05 -0.15772
8.06 -0.19328
8.07 -0.22772
8.08 -0.26418
8.09 -0.29532
8.1 -0.29457
8.11 -0.25843
8.12 -0.21316
8.13 -0.15789
8.14 -0.10131
8.15 -0.045437
8.16 0.011415
8.17 0.065737
8.18 0.10558
8.19 0.13836
8.2 0.18096
8.21 0.21196
8.22 0.21617
8.23 0.20886
8.24 0.17513
8.25 0.11403
8.26 0.052396
8.27 -0.00721
8.28 -0.061539
8.29 -0.074703
8.3 -0.057743
8.31 -0.015231
8.32 0.029373
8.33 0.055175
8.34 0.066711
8.35 0.061837
8.36 0.025184
8.37 -0.028806
8.38 -0.082245
8.39 -0.11653
8.4 -0.12071
8.41 -0.093379
8.42 -0.034285
8.43 0.021996
8.44 0.08728
8.45 0.15904
8.46 0.2261
8.47 0.27521
8.48 0.28748
8.49 0.2796
8.5 0.25246
8.51 0.17763
8.52 0.087556
8.53 0.0268
8.54 -0.035237
8.55 -0.098199
8.56 -0.15708
8.57 -0.18256
8.58 -0.17136
8.59 -0.14075
8.6 -0.093497
8.61 -0.049819
8.62 -0.017087
8.63 0.026014
8.64 0.085902
8.65 0.13444
8.66 0.14418
8.67 0.12924
8.68 0.091816
8.69 0.049137
8.7 0.013072
8.71 -0.022376
8.72 -0.051872
8.73 -0.079041
8.74 -0.094343
8.75 -0.094464
8.76 -0.093182
8.77 -0.088022
8.78 -0.076859
8.79 -0.0532
8.8 -0.014414
8.81 0.023232
8.82 0.053933
8.83 0.072951
8.84 0.078567
8.85 0.072585
8.86 0.047469
8.87 0.0031442
8.88 -0.038016
8.89 -0.079032
8.9 -0.10323
8.91 -0.1061
8.92 -0.088384
8.93 -0.035166
8.94 0.022659
8.95 0.058201
8.96 0.065754
8.97 0.06682
8.98 0.067574
8.99 0.073862
9 0.076445
9.01 0.069168
9.02 0.03733
9.03 -0.01088
9.04 -0.068142
9.05 -0.13407
9.06 -0.18398
9.07 -0.2223
9.08 -0.23885
9.09 -0.23691
9.1 -0.23422
9.11 -0.20578
9.12 -0.14875
9.13 -0.078986
9.14 -0.0041512
9.15 0.058494
9.16 0.069372
9.17 0.045557
9.18 -0.017551
9.19 -0.086247
9.2 -0.14116
9.21 -0.18317
9.22 -0.21918
9.23 -0.22623
9.24 -0.21769
9.25 -0.18532
9.26 -0.1404
9.27 -0.10166
9.28 -0.065254
9.29 -0.041714
9.3 -0.026003
9.31 -0.01159
9.32 0.01497
9.33 0.050039
9.34 0.084663
9.35 0.11798
9.36 0.15304
9.37 0.17567
9.38 0.18957
9.39 0.21049
9.4 0.22841
9.41 0.24053
9.42 0.2457
9.43 0.23472
9.44 0.20666
9.45 0.17553
9.46 0.14833
9.47 0.13441
9.48 0.11806
9.49 0.09899
9.5 0.08103
9.51 0.055405
9.52 0.026767
9.53 -0.002035
9.54 -0.042102
9.55 -0.080682
9.56 -0.12678
9.57 -0.17282
9.58 -0.22007
9.59 -0.26908
9.6 -0.31323
9.61 -0.32139
9.62 -0.31339
9.63 -0.27355
9.64 -0.21631
9.65 -0.16916
9.66 -0.12341
9.67 -0.074487
9.68 -0.042945
9.69 -0.0085159
9.7 0.033752
9.71 0.073113
9.72 0.11259
9.73 0.15035
9.74 0.17176
9.75 0.1682
9.76 0.15125
9.77 0.11974
9.78 0.081917
9.79 0.054688
9.8 0.036839
9.81 0.0075562
9.82 -0.012408
9.83 -0.018939
9.84 -0.020794
9.85 -0.020342
9.86 -0.017478
9.87 -0.013912
9.88 -0.0089078
9.89 0.0083007
9.9 0.032022
9.91 0.060591
9.92 0.086325
9.93 0.094569
9.94 0.091518
9.95 0.079103
9.96 0.052846
9.97 0.022372
9.98 -0.0056452
9.99 -0.030402
10 -0.052277
10.01 -0.066996
10.02 -0.076585
10.03 -0.073775
10.04 -0.04729
10.05 0.00019472
10.06 0.045294
10.07 0.092093
10.08 0.1389
10.09 0.18411
10.1 0.20637
10.11 0.20732
10.12 0.19333
10.13 0.15858
10.14 0.11437
10.15 0.071592
10.16 0.029806
10.17 -0.013661
10.18 -0.048628
10.19 -0.075697
10.2 -0.099291
10.21 -0.11118
10.22 -0.10761
10.23 -0.094765
10.24 -0.076633
10.25 -0.066001
10.26 -0.059016
10.27 -0.06083
10.28 -0.068061
10.29 -0.082008
10.3 -0.10159
10.31 -0.11999
10.32 -0.13467
10.33 -0.14339
10.34 -0.13112
10.35 -0.09925
10.36 -0.059287
10.37 -0.03057
10.38 -0.0053944
10.39 0.024353
10.4 0.062197
10.41 0.10667
10.42 0.1427
10.43 0.15651
10.44 0.15629
10.45 0.14723
10.46 0.13404
10.47 0.11749
10.48 0.10014
10.49 0.083898
10.5 0.065788
10.51 0.053676
10.52 0.04798
10.53 0.045455
10.54 0.044737
10.55 0.047883
10.56 0.054558
10.57 0.059786
10.58 0.05889
10.59 0.054794
10.6 0.051754
10.61 0.049498
10.62 0.04383
10.63 0.030823
10.64 0.016077
10.65 0.0012484
10.66 -0.012328
10.67 -0.026079
10.68 -0.038784
10.69 -0.048585
10.7 -0.056758
10.71 -0.065677
10.72 -0.075199
10.73 -0.077943
10.74 -0.073931
10.75 -0.056535
10.76 -0.03069
10.77 -0.0067189
10.78 0.0060236
10.79 0.0095536
10.8 0.010541
10.81 0.0066388
10.82 0.0064762
10.83 0.018745
10.84 0.035378
10.85 0.046381
10.86 0.054639
10.87 0.052782
10.88 0.047353
10.89 0.043433
10.9 0.037825
10.91 0.032639
10.92 0.030899
10.93 0.030719
10.94 0.030294
10.95 0.029862
10.96 0.029734
10.97 0.026505
10.98 0.0098399
10.99 -0.017742
11 -0.044962
11.01 -0.07162
11.02 -0.098886
11.03 -0.1129
11.04 -0.11111
11.05 -0.10508
11.06 -0.099148
11.07 -0.098712
11.08 -0.10269
11.09 -0.10659
11.1 -0.10573
11.11 -0.098603
11.12 -0.09258
11.13 -0.084779
11.14 -0.074729
11.15 -0.064721
11.16 -0.060591
11.17 -0.052231
11.18 -0.031175
11.19 -0.0072712
11.2 0.015223
11.21 0.035946
11.22 0.043003
11.23 0.035767
11.24 0.023758
11.25 0.017215
11.26 0.019576
11.27 0.028189
11.28 0.045001
11.29 0.062928
11.3 0.075155
11.31 0.079139
11.32 0.086498
11.33 0.097029
11.34 0.1013
11.35 0.10036
11.36 0.093509
11.37 0.079588
11.38 0.065767
11.39 0.051941
11.4 0.036843
11.41 0.018942
11.42 0.0060497
11.43 -0.0013877
11.44 -0.0084213
11.45 -0.013731
11.46 -0.014772
11.47 -0.014237
11.48 -0.017555
11.49 -0.02067
11.5 -0.019709
11.51 -0.010286
11.52 0.010545
11.53 0.031033
11.54 0.039308
11.55 0.035143
11.56 0.024868
11.57 0.012716
11.58 0.0044583
11.59 -0.0025126
11.6 -0.009918
11.61 -0.020329
11.62 -0.033605
11.63 -0.04556
11.64 -0.053856
11.65 -0.05829
11.66 -0.065902
11.67 -0.080013
11.68 -0.097135
11.69 -0.10757
11.7 -0.10688
11.71 -0.095539
11.72 -0.070253
11.73 -0.046343
11.74 -0.021937
11.75 -0.009838
11.76 -0.010039
11.77 -0.013462
11.78 -0.019952
11.79 -0.024931
11.8 -0.026206
11.81 -0.018765
11.82 0.0013893
11.83 0.024115
11.84 0.045063
11.85 0.067267
11.86 0.079577
11.87 0.081343
11.88 0.07667
11.89 0.057888
11.9 0.033703
11.91 0.011793
11.92 -0.011893
11.93 -0.035128
11.94 -0.053044
11.95 -0.055446
11.96 -0.044078
11.97 -0.027987
11.98 -0.01837
11.99 -0.012508
12 -0.0092724
12.01 -0.01444
12.02 -0.022847
12.03 -0.030079
12.04 -0.030892
12.05 -0.029819
12.06 -0.028133
12.07 -0.028002
12.08 -0.033165
12.09 -0.043612
12.1 -0.05901
12.11 -0.077693
12.12 -0.088359
12.13 -0.085851
12.14 -0.064287
12.15 -0.036645
12.16 -0.010794
12.17 0.016448
12.18 0.043533
12.19 0.055354
12.2 0.052229
12.21 0.041167
12.22 0.026905
12.23 0.022717
12.24 0.029311
12.25 0.046734
12.26 0.061044
12.27 0.068559
12.28 0.06787
12.29 0.058507
12.3 0.03928
12.31 0.023124
12.32 0.018352
12.33 0.016841
12.34 0.014122
12.35 0.010703
12.36 0.0064707
12.37 0.0019372
12.38 0.0028379
12.39 0.0097677
12.4 0.012305
12.41 0.0067514
12.42 -0.008135
12.43 -0.029232
12.44 -0.045051
12.45 -0.048499
12.46 -0.045306
12.47 -0.035539
12.48 -0.01901
12.49 -0.0049128
12.5 0.0022668
12.51 0.0011194
12.52 -0.011221
12.53 -0.023731
12.54 -0.029285
12.55 -0.025495
12.56 -0.0081633
12.57 0.018679
12.58 0.045164
12.59 0.067291
12.6 0.071926
12.61 0.063001
12.62 0.047412
12.63 0.032736
12.64 0.023432
12.65 0.010199
12.66 -0.0034078
12.67 -0.013743
12.68 -0.020566
12.69 -0.027008
12.7 -0.029547
12.71 -0.027082
12.72 -0.017194
12.73 -0.0098638
12.74 -0.002203
12.75 0.012171
12.76 0.029593
12.77 0.046664
12.78 0.060499
12.79 0.065451
12.8 0.066235
12.81 0.066242
12.82 0.065618
12.83 0.062103
12.84 0.056894
12.85 0.05214
12.86 0.048266
12.87 0.041599
12.88 0.029718
12.89 0.011024
12.9 -0.010504
12.91 -0.030687
12.92 -0.051647
12.93 -0.070187
12.94 -0.078932
12.95 -0.075344
12.96 -0.065702
12.97 -0.049993
12.98 -0.032003
12.99 -0.012252
13 0.0064438
13.01 0.025457
13.02 0.044286
13.03 0.062804
13.04 0.074949
13.05 0.078079
13.06 0.069399
13.07 0.052201
13.08 0.034604
13.09 0.017574
13.1 -0.00048488
13.11 -0.016472
13.12 -0.027564
13.13 -0.032218
13.14 -0.034366
13.15 -0.034985
13.16 -0.032103
13.17 -0.024698
13.18 -0.013776
13.19 -0.0057893
13.2 -0.0039135
13.21 -0.013329
13.22 -0.024636
13.23 -0.034304
13.24 -0.043739
13.25 -0.048612
13.26 -0.050181
13.27 -0.058016
13.28 -0.067687
13.29 -0.079157
13.3 -0.089273
13.31 -0.089885
13.32 -0.078807
13.33 -0.056813
13.34 -0.032256
13.35 -0.0079291
13.36 0.016559
13.37 0.037655
13.38 0.045219
13.39 0.044903
13.4 0.044369
13.41 0.036778
13.42 0.023196
13.43 0.01009
13.44 -0.0047158
13.45 -0.018922
13.46 -0.027177
13.47 -0.035408
13.48 -0.048467
13.49 -0.062796
13.5 -0.072582
13.51 -0.074287
13.52 -0.06819
13.53 -0.058926
13.54 -0.048704
13.55 -0.038599
13.56 -0.028723
13.57 -0.012575
13.58 0.0041796
13.59 0.019231
13.6 0.028054
13.61 0.032027
13.62 0.032058
13.63 0.03395
13.64 0.037528
13.65 0.040429
13.66 0.040719
13.67 0.035483
13.68 0.025593
13.69 0.014739
13.7 0.0056496
13.71 0.00043979
13.72 -4.5761e-005
13.73 0.0035646
13.74 0.0095083
13.75 0.016255
13.76 0.022287
13.77 0.024061
13.78 0.018757
13.79 0.0089823
13.8 -0.0045928
13.81 -0.01862
13.82 -0.03182
13.83 -0.048375
13.84 -0.064164
13.85 -0.073613
13.86 -0.075811
13.87 -0.071577
13.88 -0.059354
13.89 -0.041089
13.9 -0.020598
13.91 -0.00045439
13.92 0.019642
13.93 0.040061
13.94 0.060023
13.95 0.077403
13.96 0.086963
13.97 0.093915
13.98 0.095317
13.99 0.088649
14 0.077711
14.01 0.064577
14.02 0.050406
14.03 0.038186
14.04 0.025859
14.05 0.016017
14.06 0.0086107
14.07 0.0036834
14.08 -0.0030992
14.09 -0.0088637
14.1 -0.011136
14.11 -0.010191
14.12 -0.0084612
14.13 -0.0086466
14.14 -0.0061719
14.15 0.0053393
14.16 0.024
14.17 0.041416
14.18 0.059358
14.19 0.067582
14.2 0.068685
14.21 0.063729
14.22 0.05011
14.23 0.032849
14.24 0.015369
14.25 -1.3864e-005
14.26 -0.0092635
14.27 -0.017156
14.28 -0.024074
14.29 -0.028562
14.3 -0.032546
14.31 -0.036032
14.32 -0.03918
14.33 -0.042533
14.34 -0.045372
14.35 -0.045583
14.36 -0.044176
14.37 -0.03796
14.38 -0.026643
14.39 -0.015297
14.4 -0.0056523
14.41 -0.003187
14.42 -0.005396
14.43 -0.0076052
14.44 -0.0049491
14.45 0.0043845
14.46 0.018942
14.47 0.033382
14.48 0.040983
14.49 0.044918
14.5 0.045916
14.51 0.045686
14.52 0.045479
14.53 0.049124
14.54 0.055185
14.55 0.055813
14.56 0.054385
14.57 0.05235
14.58 0.049638
14.59 0.048538
14.6 0.047424
14.61 0.043484
14.62 0.037659
14.63 0.029194
14.64 0.013994
14.65 -0.0026457
14.66 -0.019094
14.67 -0.029141
14.68 -0.029458
14.69 -0.024364
14.7 -0.015933
14.71 -0.0080294
14.72 -0.003023
14.73 -0.0048787
14.74 -0.0062377
14.75 -0.0079153
14.76 -0.0061966
14.77 -0.0024788
14.78 0.00018519
14.79 0.00021092
14.8 0.00066473
14.81 0.0025831
14.82 0.0089387
14.83 0.02118
14.84 0.03286
14.85 0.041041
14.86 0.043153
14.87 0.039497
14.88 0.032868
14.89 0.028776
14.9 0.025202
14.91 0.023927
14.92 0.021812
14.93 0.016876
14.94 0.009955
14.95 -0.0013676
14.96 -0.016856
14.97 -0.034617
14.98 -0.049494
14.99 -0.058714
15 -0.063931
15.01 -0.067927
15.02 -0.064695
15.03 -0.059574
15.04 -0.054527
15.05 -0.047081
15.06 -0.036408
15.07 -0.022155
15.08 -0.01334
15.09 -0.013278
15.1 -0.016359
15.11 -0.020077
15.12 -0.021899
15.13 -0.0244
15.14 -0.027774
15.15 -0.033835
15.16 -0.036653
15.17 -0.035612
15.18 -0.020622
15.19 -0.0010577
15.2 0.016996
15.21 0.03535
15.22 0.053389
15.23 0.065388
15.24 0.073731
15.25 0.083486
15.26 0.091306
15.27 0.093745
15.28 0.091022
15.29 0.075702
15.3 0.052547
15.31 0.029935
15.32 0.0080049
15.33 -0.015614
15.34 -0.033438
15.35 -0.040589
15.36 -0.038889
15.37 -0.026664
15.38 -0.011367
15.39 -0.0024969
15.4 1.5419e-005
15.41 7.4739e-007
15.42 -0.0017437
15.43 -0.0079437
15.44 -0.019821
15.45 -0.03072
15.46 -0.041532
15.47 -0.048708
15.48 -0.052265
15.49 -0.053208
15.5 -0.052964
15.51 -0.052793
15.52 -0.053771
15.53 -0.055494
15.54 -0.054948
15.55 -0.054389
15.56 -0.049697
15.57 -0.042122
15.58 -0.03747
15.59 -0.036942
15.6 -0.03987
15.61 -0.043898
15.62 -0.043752
15.63 -0.037946
15.64 -0.028737
15.65 -0.015958
15.66 -0.0059799
15.67 -0.0043104
15.68 -0.0056477
15.69 -0.011145
15.7 -0.017346
15.71 -0.020313
15.72 -0.020991
15.73 -0.017274
15.74 -0.0079148
15.75 0.0055149
15.76 0.018417
15.77 0.02668
15.78 0.030476
15.79 0.031373
15.8 0.027827
15.81 0.021225
15.82 0.01464
15.83 0.010514
15.84 0.0082566
15.85 0.0049923
15.86 0.00047558
15.87 -0.0030038
15.88 -0.0027621
15.89 0.0017636
15.9 0.010529
15.91 0.017556
15.92 0.019431
15.93 0.0154
15.94 0.0089301
15.95 0.00034754
15.96 -0.0083813
15.97 -0.015634
15.98 -0.021074
15.99 -0.024106
16 -0.023758
16.01 -0.023997
16.02 -0.01972
16.03 -0.0099229
16.04 0.0036944
16.05 0.018623
16.06 0.030681
16.07 0.036062
16.08 0.038002
16.09 0.038141
16.1 0.036578
16.11 0.031442
16.12 0.027089
16.13 0.023041
16.14 0.018426
16.15 0.01212
16.16 0.0051455
16.17 -0.0027056
16.18 -0.0090255
16.19 -0.013407
16.2 -0.015524
16.21 -0.015087
16.22 -0.015552
16.23 -0.015612
16.24 -0.020754
16.25 -0.027687
16.26 -0.035374
16.27 -0.037952
16.28 -0.03764
16.29 -0.036234
16.3 -0.031462
16.31 -0.021527
16.32 -0.0097051
16.33 -0.0027398
16.34 0.0061074
16.35 0.013736
16.36 0.020229
16.37 0.029025
16.38 0.039848
16.39 0.048855
16.4 0.052346
16.41 0.049112
16.42 0.039865
16.43 0.025006
16.44 0.012486
16.45 0.0056955
16.46 0.00090627
16.47 0.0020426
16.48 0.0075975
16.49 0.01283
16.5 0.018778
16.51 0.023506
16.52 0.027337
16.53 0.027482
16.54 0.027304
16.55 0.02411
16.56 0.016168
16.57 0.0046553
16.58 -0.0087716
16.59 -0.022146
16.6 -0.031938
16.61 -0.041333
16.62 -0.047515
16.63 -0.047138
16.64 -0.043618
16.65 -0.033441
16.66 -0.018218
16.67 -0.0042725
16.68 0.0060689
16.69 0.011747
16.7 0.010752
16.71 0.0093285
16.72 0.0074972
16.73 0.0077818
16.74 0.012637
16.75 0.018284
16.76 0.023925
16.77 0.028029
16.78 0.030783
16.79 0.035007
16.8 0.038813
16.81 0.037635
16.82 0.028639
16.83 0.017096
16.84 0.0039366
16.85 -0.012801
16.86 -0.024714
16.87 -0.030835
16.88 -0.032507
16.89 -0.03041
16.9 -0.02754
16.91 -0.024577
16.92 -0.01848
16.93 -0.0093373
16.94 0.003303
16.95 0.01849
16.96 0.034385
16.97 0.044152
16.98 0.044986
16.99 0.035243
17 0.01787
17.01 0.0033834
17.02 -0.0043617
17.03 -0.0039047
17.04 -0.0023088
17.05 -0.0034813
17.06 -0.0089984
17.07 -0.01527
17.08 -0.017171
17.09 -0.015427
17.1 -0.0086999
17.11 0.00025825
17.12 0.0021828
17.13 -0.00041024
17.14 -0.0059827
17.15 -0.0096606
17.16 -0.013293
17.17 -0.014284
17.18 -0.014683
17.19 -0.012631
17.2 -0.013775
17.21 -0.014687
17.22 -0.014467
17.23 -0.012196
17.24 -0.010054
17.25 -0.0065516
17.26 -0.0073245
17.27 -0.0081322
17.28 -0.0059756
17.29 0.0016635
17.3 0.0093215
17.31 0.01509
17.32 0.016811
17.33 0.013564
17.34 0.0048026
17.35 -0.0073025
17.36 -0.019392
17.37 -0.026472
17.38 -0.033047
17.39 -0.035441
17.4 -0.034469
17.41 -0.035037
17.42 -0.031801
17.43 -0.026204
17.44 -0.018895
17.45 -0.012944
17.46 -0.0075231
17.47 -0.0059883
17.48 -0.0061009
17.49 -0.0058968
17.5 -0.0066108
17.51 -0.010012
17.52 -0.013239
17.53 -0.016988
17.54 -0.020933
17.55 -0.02388
17.56 -0.025341
17.57 -0.025713
17.58 -0.023661
17.59 -0.018746
17.6 -0.010691
17.61 -0.0039977
17.62 0.0042691
17.63 0.012903
17.64 0.019375
17.65 0.017067
17.66 0.0082743
17.67 -0.004323
17.68 -0.015987
17.69 -0.025243
17.7 -0.03019
17.71 -0.0338
17.72 -0.036249
17.73 -0.037153
17.74 -0.033112
17.75 -0.02633
17.76 -0.012134
17.77 0.0025991
17.78 0.015114
17.79 0.029655
17.8 0.040712
17.81 0.045267
17.82 0.044958
17.83 0.041968
17.84 0.029203
17.85 0.014412
17.86 0.0016606
17.87 -0.0091506
17.88 -0.015333
17.89 -0.018426
17.9 -0.018735
17.91 -0.0187
17.92 -0.018571
17.93 -0.014959
17.94 -0.010084
17.95 -0.0059569
17.96 -0.0012561
17.97 0.00012724
17.98 -0.0017949
17.99 -0.0017819
18 0.0011695
18.01 0.0076834
18.02 0.016717
18.03 0.024535
18.04 0.026663
18.05 0.019085
18.06 0.0041598
18.07 -0.009233
18.08 -0.018121
18.09 -0.024564
18.1 -0.023284
18.11 -0.015206
18.12 -0.0084675
18.13 -0.0025822
18.14 0.0016527
18.15 0.0058932
18.16 0.010517
18.17 0.013593
18.18 0.013917
18.19 0.013636
18.2 0.010999
18.21 0.0078883
18.22 0.0059906
18.23 0.0068552
18.24 0.011478
18.25 0.017205
18.26 0.020827
18.27 0.023524
18.28 0.027401
18.29 0.03017
18.3 0.033844
18.31 0.038325
18.32 0.040332
18.33 0.036558
18.34 0.030625
18.35 0.020141
18.36 0.0078209
18.37 -0.0031343
18.38 -0.0068253
18.39 -0.0064428
18.4 -0.0070948
18.41 -0.006259
18.42 -0.0021984
18.43 0.0011345
18.44 0.008031
18.45 0.017315
18.46 0.024661
18.47 0.02655
18.48 0.025099
18.49 0.01927
18.5 0.01097
18.51 0.0045582
18.52 0.0029261
18.53 0.0051943
18.54 0.0070976
18.55 0.0081461
18.56 0.0077087
18.57 0.0078696
18.58 0.0046054
18.59 -0.00043367
18.6 -0.0038091
18.61 -0.0063819
18.62 -0.0092581
18.63 -0.011054
18.64 -0.014717
18.65 -0.017461
18.66 -0.016533
18.67 -0.012854
18.68 -0.0057505
18.69 0.0029746
18.7 0.01486
18.71 0.026569
18.72 0.036203
18.73 0.045091
18.74 0.055707
18.75 0.056336
18.76 0.047946
18.77 0.031729
18.78 0.010899
18.79 -0.0082652
18.8 -0.027904
18.81 -0.045789
18.82 -0.052598
18.83 -0.051045
18.84 -0.04643
18.85 -0.038267
18.86 -0.030008
18.87 -0.016544
18.88 2.0165e-005
18.89 0.017598
18.9 0.028874
18.91 0.031112
18.92 0.024255
18.93 0.015918
18.94 0.0091837
18.95 0.0051561
18.96 0.0052613
18.97 0.010839
18.98 0.015813
18.99 0.017802
19 0.017632
19.01 0.017818
19.02 0.016754
19.03 0.013197
19.04 0.009648
19.05 0.0071259
19.06 0.0030915
19.07 0.00061498
19.08 -0.0028479
19.09 -0.0014079
19.1 0.0040426
19.11 0.010225
19.12 0.015542
19.13 0.01972
19.14 0.021284
19.15 0.021945
19.16 0.021902
19.17 0.019678
19.18 0.017739
19.19 0.017858
19.2 0.013518
19.21 0.01119
19.22 0.0084257
19.23 0.0031332
19.24 -0.00030877
19.25 -0.002386
19.26 -0.0034429
19.27 -0.0021596
19.28 -8.8009e-005
19.29 0.0037509
19.3 0.0055196
19.31 0.0055758
19.32 0.0036998
19.33 -0.0017597
19.34 -0.0090689
19.35 -0.012645
19.36 -0.011684
19.37 -0.005105
19.38 0.0041211
19.39 0.011394
19.4 0.01521
19.41 0.015396
19.42 0.012274
19.43 0.0065246
19.44 0.0014491
19.45 -0.0054727
19.46 -0.011796
19.47 -0.01576
19.48 -0.019622
19.49 -0.026341
19.5 -0.034873
19.51 -0.042127
19.52 -0.042084
19.53 -0.04078
19.54 -0.032945
19.55 -0.024085
19.56 -0.017199
19.57 -0.013204
19.58 -0.013146
19.59 -0.010474
19.6 -0.0098217
19.61 -0.0074946
19.62 -0.0039043
19.63 -0.0015305
19.64 -0.0018557
19.65 0.00011504
19.66 0.0036295
19.67 0.0078608
19.68 0.010444
19.69 0.010765
19.7 0.0067336
19.71 1.5947e-005
19.72 -0.0080247
19.73 -0.015874
19.74 -0.020839
19.75 -0.021043
19.76 -0.016885
19.77 -0.012696
19.78 -0.011226
19.79 -0.013267
19.8 -0.017775
19.81 -0.021319
19.82 -0.022342
19.83 -0.019526
19.84 -0.014685
19.85 -0.0073386
19.86 -0.0024169
19.87 0.002022
19.88 0.0031534
19.89 0.0031176
19.9 0.0010893
19.91 6.4909e-005
19.92 -0.0014062
19.93 -0.0028713
19.94 -0.0029465
19.95 -0.00051031
19.96 0.0056492
19.97 0.011252
19.98 0.01473
19.99 0.017989
20 0.0167
20.01 0.011537
20.02 0.0062046
20.03 8.5957e-005
20.04 -0.0067544
20.05 -0.010027
20.06 -0.0097436
20.07 -0.0087021
20.08 -0.0048547
20.09 -0.0020018
20.1 0.0023768
20.11 0.0056052
20.12 0.010535
20.13 0.01428
20.14 0.01741
20.15 0.020112
20.16 0.022819
20.17 0.02496
20.18 0.025803
20.19 0.022472
20.2 0.015558
20.21 0.0056921
20.22 -0.0062202
20.23 -0.015648
20.24 -0.024494
20.25 -0.032502
20.26 -0.038775
20.27 -0.041697
20.28 -0.043409
20.29 -0.042102
20.3 -0.039883
20.31 -0.034295
20.32 -0.027269
20.33 -0.021222
20.34 -0.016235
20.35 -0.01168
20.36 -0.0084267
20.37 -0.0081515
20.38 -0.00816
20.39 -0.0087263
20.4 -0.010937
20.41 -0.011025
20.42 -0.010826
20.43 -0.0088884
20.44 -0.0079206
20.45 -0.0083563
20.46 -0.0081916
20.47 -0.0082074
20.48 -0.0081821
20.49 -0.0082634
20.5 -0.008336
20.51 -0.007407
20.52 -0.0052998
20.53 -0.0053204
20.54 -0.0036624
20.55 -0.0012509
20.56 0.0016316
20.57 0.007604
20.58 0.015595
20.59 0.023815
20.6 0.030622
20.61 0.033533
20.62 0.033082
20.63 0.028257
20.64 0.022874
20.65 0.019353
20.66 0.01854
20.67 0.016772
20.68 0.01342
20.69 0.0088026
20.7 0.0025653
20.71 -0.0017072
20.72 -0.003625
20.73 -0.0024881
20.74 -0.00014927
20.75 0.0050381
20.76 0.0085602
20.77 0.0083823
20.78 0.0056866
20.79 -0.00065097
20.8 -0.0049642
20.81 -0.0061104
20.82 -0.0051083
20.83 -0.0016743
20.84 0.0012125
20.85 0.0021595
20.86 0.0015893
20.87 0.0022414
20.88 -0.00014844
20.89 -0.0036897
20.9 -0.007365
20.91 -0.010105
20.92 -0.012295
20.93 -0.010085
20.94 -0.00080896
20.95 0.013681
20.96 0.022707
20.97 0.030095
20.98 0.035044
20.99 0.034643
21 0.030569
21.01 0.026084
21.02 0.016522
21.03 0.0074305
21.04 0.0010517
21.05 -0.0027076
21.06 -0.0030732
21.07 -0.0029586
21.08 -0.00036849
21.09 0.0042109
21.1 0.0051806
21.11 0.0037523
21.12 -0.00028173
21.13 -0.005009
21.14 -0.0068924
21.15 -0.0065673
21.16 -0.0069447
21.17 -0.0051416
21.18 -0.0035759
21.19 -0.0019387
21.2 -0.001354
21.21 -0.0013775
21.22 0.0017569
21.23 0.0041987
21.24 0.0044979
21.25 0.0081425
21.26 0.013189
21.27 0.015133
21.28 0.014629
21.29 0.014772
21.3 0.012655
21.31 0.0071787
21.32 -6.8889e-005
21.33 -0.0080547
21.34 -0.013237
21.35 -0.016213
21.36 -0.019786
21.37 -0.020439
21.38 -0.018385
21.39 -0.015036
21.4 -0.0093309
21.41 -0.002927
21.42 0.0017046
21.43 0.0062836
21.44 0.0084412
21.45 0.0080152
21.46 0.004573
21.47 0.00027529
21.48 -2.1137e-005
21.49 0.00025128
21.5 -0.0049509
21.51 -0.011857
21.52 -0.017192
21.53 -0.020642
21.54 -0.02084
21.55 -0.023066
21.56 -0.02164
21.57 -0.01669
21.58 -0.011277
21.59 -0.0070115
21.6 0.00030677
21.61 0.0074724
21.62 0.012396
21.63 0.016241
21.64 0.017599
21.65 0.016036
21.66 0.014155
21.67 0.016316
21.68 0.017224
21.69 0.016384
21.7 0.014162
21.71 0.0095524
21.72 0.0055789
21.73 0.0046624
21.74 0.0047365
21.75 0.0061043
21.76 0.0070959
21.77 0.0028406
21.78 0.00028264
21.79 0.00071001
21.8 0.0051059
21.81 0.013593
21.82 0.017721
21.83 0.016808
21.84 0.015825
21.85 0.012311
21.86 0.010822
21.87 0.010923
21.88 0.013513
21.89 0.016632
21.9 0.020148
21.91 0.020453
21.92 0.018641
21.93 0.013764
21.94 0.0074057
21.95 -0.0013221
21.96 -0.011589
21.97 -0.020285
21.98 -0.023959
21.99 -0.023618
22 -0.023575
22.01 -0.023604
22.02 -0.021639
22.03 -0.018011
22.04 -0.016769
22.05 -0.013545
22.06 -0.0094873
22.07 -0.0037873
22.08 0.0057785
22.09 0.013921
22.1 0.021927
22.11 0.027528
22.12 0.033912
22.13 0.038587
22.14 0.040788
22.15 0.04048
22.16 0.038391
22.17 0.03423
22.18 0.028954
22.19 0.026846
22.2 0.023434
22.21 0.017644
22.22 0.012198
22.23 0.0055412
22.24 -0.0061744
22.25 -0.014582
22.26 -0.02097
22.27 -0.028173
22.28 -0.032429
22.29 -0.031633
22.3 -0.030146
22.31 -0.022746
22.32 -0.015165
22.33 -0.0059541
22.34 0.0047417
22.35 0.01469
22.36 0.022646
22.37 0.028171
22.38 0.028993
22.39 0.027554
22.4 0.027004
22.41 0.02372
22.42 0.017636
22.43 0.012445
22.44 0.005938
22.45 -0.00015601
22.46 -0.0067325
22.47 -0.012644
22.48 -0.015686
22.49 -0.018376
22.5 -0.017605
22.51 -0.015797
22.52 -0.014265
22.53 -0.014112
22.54 -0.013987
22.55 -0.013796
22.56 -0.013666
22.57 -0.013565
22.58 -0.014718
22.59 -0.016637
22.6 -0.017034
22.61 -0.017853
22.62 -0.017718
22.63 -0.017289
22.64 -0.017202
22.65 -0.018145
22.66 -0.018001
22.67 -0.018045
22.68 -0.019617
22.69 -0.020323
22.7 -0.020849
22.71 -0.021491
22.72 -0.022106
22.73 -0.022503
22.74 -0.022593
22.75 -0.020026
22.76 -0.016567
22.77 -0.01173
22.78 -0.0071908
22.79 -0.004269
22.8 -0.0020826
22.81 -0.00037014
22.82 0.00042082
22.83 0.0012185
22.84 0.0026518
22.85 0.0026181
22.86 0.0022165
22.87 0.0005132
22.88 -0.002074
22.89 -0.0044878
22.9 -0.0072471
22.91 -0.0089076
22.92 -0.0088572
22.93 -0.0083675
22.94 -0.0088564
22.95 -0.0094934
22.96 -0.009654
22.97 -0.010167
22.98 -0.0098641
22.99 -0.0087908
23 -0.0072092
23.01 -0.0052881
23.02 -0.00381
23.03 -0.0025915
23.04 -0.0023449
23.05 -0.0019893
23.06 -0.001431
23.07 -0.00067837
23.08 -5.2972e-005
23.09 0.00067525
23.1 0.0011001
23.11 0.0011762
23.12 0.0014332
23.13 0.0011733
23.14 0.0011596
23.15 0.0020485
23.16 0.0027968
23.17 0.0035713
23.18 0.0044873
23.19 0.0050571
23.2 0.0056645
23.21 0.0060746
23.22 0.0061959
23.23 0.0059466
23.24 0.0058415
23.25 0.0059126
23.26 0.0055238
23.27 0.0049489
23.28 0.0041852
23.29 0.0033858
23.3 0.0025844
23.31 0.0020452
23.32 0.0017085
23.33 0.0015595
23.34 0.0015289
23.35 0.0014784
23.36 0.0016524
23.37 0.0019783
23.38 0.0022614
23.39 0.0026663
23.4 0.0030933
23.41 0.0033575
23.42 0.0034681
23.43 0.0035077
23.44 0.0034604
23.45 0.0034622
23.46 0.0034025
23.47 0.0033507
23.48 0.0033478
23.49 0.0032906
23.5 0.003239
23.51 0.0031576
23.52 0.0030439
23.53 0.0028949
23.54 0.0027805
23.55 0.0025919
23.56 0.002386
23.57 0.0021891
23.58 0.0020561
23.59 0.0020012
23.6 0.0020113
23.61 0.0019684
23.62 0.0019404
23.63 0.0018875
23.64 0.0018453
23.65 0.0017973
23.66 0.0017377
23.67 0.0016725
23.68 0.0016064
23.69 0.0015389
23.7 0.0014775
23.71 0.0014208
23.72 0.0013826
23.73 0.0013424
23.74 0.0012997
23.75 0.0012521
23.76 0.001201
23.77 0.0011448
23.78 0.0010891
23.79 0.001033
23.8 0.00097679
23.81 0.00091894
23.82 0.00086204
23.83 0.00080546
23.84 0.000751
23.85 0.00069759
23.86 0.00064675
23.87 0.00059579
23.88 0.00054509
23.89 0.00049373
23.9 0.00044268
23.91 0.00039129
23.92 0.00033988
23.93 0.00028819
23.94 0.00023649
23.95 0.00018469
