0.02 -3.3564e-006
0.04 -1.2668e-006
0.06 -6.9299e-006
0.08 1.2371e-005
0.1 6.4649e-006
0.12 -2.7391e-005
0.14 -3.8021e-005
0.16 4.8128e-005
0.18 0.00015775
0.2 0.00012316
0.22 7.7516e-005
0.24 -2.7747e-005
0.26 -7.1095e-005
0.28 -3.9455e-005
0.3 0.00014039
0.32 0.0002295
0.34 1.5685e-005
0.36 3.7459e-005
0.38 -0.0001581
0.4 0.00016556
0.42 0.00050664
0.44 -0.00015402
0.46 -0.00125
0.48 5.8789e-005
0.5 -5.5439e-005
0.52 0.0010777
0.54 0.0014777
0.56 -0.00017136
0.58 -0.0013591
0.6 0.00011471
0.62 0.0023117
0.64 0.0012962
0.66 -2.6383e-005
0.68 -0.0045405
0.7 -0.0045354
0.72 -0.00038273
0.74 -0.00036501
0.76 0.0011627
0.78 0.0043033
0.8 0.00062644
0.82 -0.00035835
0.84 0.00068026
0.86 -0.005824
0.88 -0.0078443
0.9 0.00028501
0.92 0.0023988
0.94 0.0081172
0.96 0.0042613
0.98 -0.0092785
1 -0.0074915
1.02 0.0076634
1.04 0.010515
1.06 0.01165
1.08 0.006418
1.1 -0.0079156
1.12 -0.011785
1.14 0.0016485
1.16 0.0013608
1.18 0.0024328
1.2 0.0023175
1.22 -0.0059563
1.24 -0.015616
1.26 -0.0094024
1.28 -0.014039
1.3 -9.9385e-005
1.32 0.026257
1.34 0.016599
1.36 0.0087865
1.38 0.0064583
1.4 0.0019033
1.42 0.0078867
1.44 0.013993
1.46 0.0028719
1.48 -0.0075724
1.5 -0.025809
1.52 -0.031963
1.54 -0.013768
1.56 -0.0018817
1.58 0.019825
1.6 0.001821
1.62 -0.020213
1.64 -0.0185
1.66 -0.011305
1.68 0.00094988
1.7 0.020196
1.72 0.031241
1.74 0.022081
1.76 0.014178
1.78 -0.0050401
1.8 -0.014534
1.82 -0.019914
1.84 -0.01034
1.86 0.009147
1.88 0.028031
1.9 0.01308
1.92 -0.0089627
1.94 -0.010001
1.96 -0.011007
1.98 0.010923
2 0.00015118
2.02 -0.015408
2.04 -0.0017602
2.06 0.0034983
2.08 0.014065
2.1 0.011619
2.12 -0.014048
2.14 -0.01004
2.16 0.0076056
2.18 0.0019697
2.2 0.0087993
2.22 -0.0030842
2.24 -0.00092467
2.26 -0.0098728
2.28 -0.0029642
2.3 0.0017515
2.32 -0.0012294
2.34 -0.012512
2.36 -0.010283
2.38 0.0014608
2.4 -0.0032203
2.42 -0.0034438
2.44 0.011521
2.46 -0.0031892
2.48 0.00074421
2.5 0.0041745
2.52 0.0076026
2.54 0.0081661
2.56 0.0088453
2.58 0.018754
2.6 0.0037686
2.62 -0.014711
2.64 -0.017017
2.66 -0.0049045
2.68 0.011512
2.7 0.011815
2.72 0.00071735
2.74 0.0070754
2.76 2.6329e-005
2.78 -0.020833
2.8 -0.029644
2.82 -0.027928
2.84 0.0018718
2.86 0.024097
2.88 0.0060885
2.9 0.0045571
2.92 0.011743
2.94 -0.00041043
2.96 0.0032691
2.98 0.00010575
3 0.00071532
3.02 0.0074338
3.04 -0.0025568
3.06 0.016596
3.08 0.012931
3.1 -0.015076
3.12 -0.013711
3.14 -0.0097272
3.16 -0.013301
3.18 -0.0022737
3.2 0.016074
3.22 0.0087158
3.24 -0.0047575
3.26 -0.010138
3.28 -0.0092457
3.3 -0.0025286
3.32 0.017041
3.34 0.010482
3.36 0.0033723
3.38 0.00023698
3.4 -0.013115
3.42 0.021132
3.44 0.034079
3.46 0.0080365
3.48 0.0026126
3.5 -0.0020496
3.52 -0.021399
3.54 -0.019354
3.56 -0.0094946
3.58 -0.011218
3.6 -0.027131
3.62 -0.020601
3.64 -0.0092941
3.66 -0.015229
3.68 0.0095807
3.7 0.031667
3.72 0.032567
3.74 0.019018
3.76 0.0061796
3.78 -0.0019464
3.8 -0.008457
3.82 -0.0090919
3.84 0.0071502
3.86 0.0021468
3.88 -0.0054807
3.9 0.0015606
3.92 -0.0092385
3.94 -0.011873
3.96 0.0032264
3.98 0.0061175
4 0.016421
4.02 0.018187
4.04 -0.0037549
4.06 -0.0051281
4.08 -0.00090195
4.1 -0.0095583
4.12 -0.010332
4.14 -0.0091751
4.16 0.0023944
4.18 0.015413
4.2 0.021431
4.22 0.02396
4.24 0.0026637
4.26 -0.010007
4.28 0.011552
4.3 0.020039
4.32 0.026572
4.34 0.026193
4.36 0.0070752
4.38 -0.028602
4.4 -0.038964
4.42 -0.016166
4.44 -0.0036092
4.46 0.0050999
4.48 -0.003777
4.5 -0.048559
4.52 -0.0601
4.54 -0.0030611
4.56 0.063026
4.58 0.051815
4.6 -0.030806
4.62 -0.17766
4.64 -0.26036
4.66 -0.16708
4.68 -0.034395
4.7 0.019905
4.72 0.034862
4.74 0.12442
4.76 0.21234
4.78 0.151
4.8 0.03134
4.82 0.037286
4.84 0.084897
4.86 -0.0030223
4.88 -0.080026
4.9 -0.013525
4.92 0.031344
4.94 0.084653
4.96 0.19097
4.98 0.17865
5 0.10898
5.02 0.047271
5.04 -0.034429
5.06 -0.078432
5.08 -0.044953
5.1 -0.077713
5.12 -0.19175
5.14 -0.25815
5.16 -0.27036
5.18 -0.25513
5.2 -0.17473
5.22 -0.066929
5.24 -0.015329
5.26 0.045281
5.28 0.096155
5.3 0.13791
5.32 0.23233
5.34 0.32735
5.36 0.30414
5.38 0.27379
5.4 0.25505
5.42 0.15759
5.44 -0.044019
5.46 -0.19037
5.48 -0.23289
5.5 -0.18843
5.52 -0.1816
5.54 -0.15954
5.56 -0.12103
5.58 -0.12161
5.6 -0.13055
5.62 -0.11845
5.64 -0.038776
5.66 0.064794
5.68 0.07816
5.7 0.11632
5.72 0.10381
5.74 0.07511
5.76 0.076551
5.78 0.0856
5.8 0.062772
5.82 0.083079
5.84 0.12283
5.86 0.11493
5.88 0.048593
5.9 -0.052082
5.92 -0.12092
5.94 -0.1562
5.96 -0.19211
5.98 -0.13456
6 -0.0037742
6.02 0.019613
6.04 0.031653
6.06 0.074942
6.08 0.050349
6.1 -0.047149
6.12 -0.066033
6.14 -0.029616
6.16 -0.023038
6.18 0.014512
6.2 0.018483
6.22 -0.048171
6.24 -0.073533
6.26 -0.040628
6.28 0.032067
6.3 0.13505
6.32 0.21557
6.34 0.19006
6.36 0.047259
6.38 -0.12091
6.4 -0.17158
6.42 -0.060563
6.44 0.031012
6.46 0.042337
6.48 -0.041511
6.5 -0.10115
6.52 -0.02194
6.54 -0.004112
6.56 -0.020195
6.58 0.0035372
6.6 0.026414
6.62 -0.057644
6.64 -0.095944
6.66 -0.023318
6.68 0.035145
6.7 0.065104
6.72 0.06346
6.74 0.061503
6.76 -0.0019207
6.78 -0.018154
6.8 0.026608
6.82 0.098694
6.84 0.14715
6.86 0.16198
6.88 0.15585
6.9 0.093381
6.92 -0.01828
6.94 -0.11952
6.96 -0.08517
6.98 -0.014997
7 -0.048073
7.02 -0.11579
7.04 -0.094023
7.06 -0.081774
7.08 -0.14622
7.1 -0.19266
7.12 -0.18375
7.14 -0.11059
7.16 -0.041512
7.18 0.046792
7.2 0.13314
7.22 0.16386
7.24 0.17233
7.26 0.087239
7.28 -0.03364
7.3 -0.070513
7.32 0.04452
7.34 0.17018
7.36 0.16794
7.38 0.13531
7.4 0.056556
7.42 -0.094337
7.44 -0.149
7.46 -0.060239
7.48 0.063949
7.5 0.10087
7.52 0.062771
7.54 -0.023353
7.56 -0.11795
7.58 -0.14117
7.6 -0.13854
7.62 -0.10123
7.64 -0.011558
7.66 0.043537
7.68 0.056425
7.7 0.056007
7.72 0.043608
7.74 0.022798
7.76 0.0014991
7.78 -0.05169
7.8 -0.083431
7.82 0.023458
7.84 0.089545
7.86 0.024449
7.88 -0.069024
7.9 -0.11068
7.92 -0.084525
7.94 -0.031639
7.96 0.0075148
7.98 0.0081081
8 -0.024167
8.02 -0.050262
8.04 -0.031238
8.06 0.029766
8.08 0.041508
8.1 0.015335
8.12 0.01464
8.14 0.046857
8.16 0.054552
8.18 0.0079759
8.2 -0.054214
8.22 -0.06069
8.24 -0.034378
8.26 -0.02467
8.28 -0.0049595
8.3 0.051127
8.32 0.06765
8.34 0.072834
8.36 0.08646
8.38 0.094434
8.4 0.094463
8.42 0.10214
8.44 0.12312
8.46 0.11552
8.48 0.10176
8.5 0.097167
8.52 0.069685
8.54 0.030161
8.56 0.0076204
8.58 -0.0046317
8.6 -0.053293
8.62 -0.13541
8.64 -0.17144
8.66 -0.15213
8.68 -0.12258
8.7 -0.094665
8.72 -0.077265
8.74 -0.078179
8.76 -0.082186
8.78 -0.078618
8.8 -0.075906
8.82 -0.039711
8.84 0.00065714
8.86 0.0051713
8.88 0.0088039
8.9 0.01806
8.92 0.021777
8.94 0.032485
8.96 0.045111
8.98 0.069383
9 0.088825
9.02 0.066946
9.04 0.015421
9.06 -0.015826
9.08 -0.0017076
9.1 0.017236
9.12 -0.0084518
9.14 -0.021401
9.16 -0.013995
9.18 -0.012587
9.2 -0.020747
9.22 -0.029659
9.24 -0.035967
9.26 -0.029565
9.28 -0.0089778
9.3 0.0078243
9.32 -0.0097911
9.34 -0.024419
9.36 -0.0078858
9.38 0.030193
9.4 0.041519
9.42 0.039518
9.44 0.055356
9.46 0.077025
9.48 0.051881
9.5 0.029794
9.52 0.033355
9.54 0.0087727
9.56 -0.0048927
9.58 -0.0073104
9.6 -0.025231
9.62 -0.026469
9.64 -0.0080883
9.66 0.0014703
9.68 0.00078784
9.7 -0.019916
9.72 -0.046629
9.74 -0.041096
9.76 -0.027849
9.78 -0.030562
9.8 0.00033292
9.82 0.027429
9.84 0.017445
9.86 0.016428
9.88 0.013135
9.9 -0.00084401
9.92 -0.029953
9.94 -0.041663
9.96 -0.0088253
9.98 0.007792
10 -0.0077575
10.02 -0.039513
10.04 -0.015207
10.06 0.022221
10.08 0.023388
10.1 0.0096779
10.12 0.016581
10.14 0.048251
10.16 0.049245
10.18 0.021522
10.2 -0.0070185
10.22 -0.020114
10.24 -0.0057625
10.26 0.0068516
10.28 -0.00054638
10.3 -0.014227
10.32 -0.025693
10.34 -0.011508
10.36 -0.0040584
10.38 -0.003038
10.4 -0.025642
10.42 -0.021115
10.44 -0.016356
10.46 -0.021098
10.48 0.00060761
10.5 0.014511
10.52 0.0045128
10.54 0.001348
10.56 0.012235
10.58 0.020246
10.6 0.038994
10.62 0.051733
10.64 0.031187
10.66 0.033139
10.68 0.039222
10.7 0.021638
10.72 -0.0064576
10.74 -0.02623
10.76 -0.025251
10.78 -0.028215
10.8 -0.021355
10.82 -0.002534
10.84 -0.0091166
10.86 -0.016424
10.88 -0.018607
10.9 -0.018893
10.92 -0.0073131
10.94 -0.00046127
10.96 0.0045338
10.98 0.040376
11 0.080745
11.02 0.062294
11.04 0.022015
11.06 0.0027813
11.08 -0.011359
11.1 -0.031084
11.12 -0.036348
11.14 -0.027253
11.16 -0.034801
11.18 -0.052645
11.2 -0.058613
11.22 -0.04471
11.24 -0.006382
11.26 0.019299
11.28 0.01578
11.3 -0.0063189
11.32 -0.016089
11.34 -0.020463
11.36 -0.0083088
11.38 0.01699
11.4 0.021361
11.42 0.00051022
11.44 -0.0067602
11.46 0.012483
11.48 0.035614
11.5 0.038362
11.52 0.02506
11.54 0.012263
11.56 -0.018912
11.58 -0.036
11.6 -0.036526
11.62 -0.045359
11.64 -0.026457
11.66 0.00022284
11.68 -0.0017305
11.7 -0.017855
11.72 -0.013289
11.74 0.005168
11.76 0.0063921
11.78 0.028846
11.8 0.051607
11.82 0.075389
11.84 0.10343
11.86 0.081037
11.88 0.039352
11.9 0.011733
11.92 -0.0065463
11.94 -0.011922
11.96 -0.0022055
11.98 0.0030396
12 -0.036611
12.02 -0.072848
12.04 -0.06733
12.06 -0.044822
12.08 -0.021544
12.1 -0.0056903
12.12 -0.010241
12.14 -0.019018
12.16 -0.019034
12.18 -0.017913
12.2 -0.0078768
12.22 0.0027084
12.24 -0.0042608
12.26 0.016368
12.28 0.035431
12.3 0.02686
12.32 0.019333
12.34 0.025798
12.36 0.021559
12.38 0.011099
12.4 0.00047022
12.42 -0.00042633
12.44 0.0051113
12.46 -0.015676
12.48 -0.029847
12.5 -0.014846
12.52 -0.01165
12.54 -0.020608
12.56 -0.018345
12.58 0.0043064
12.6 0.0001075
12.62 -0.0091141
12.64 0.008701
12.66 0.028266
12.68 0.021822
12.7 -0.0087316
12.72 -0.018458
12.74 -0.0052755
12.76 0.016279
12.78 0.016077
12.8 0.0081566
12.82 0.025522
12.84 0.02007
12.86 -0.015215
12.88 -0.02356
12.9 -0.013411
12.92 -0.016268
12.94 -0.041667
12.96 -0.046326
12.98 -0.026961
13 -0.0072243
13.02 0.0094519
13.04 0.01267
13.06 0.0093089
13.08 0.016791
13.1 0.029774
13.12 0.036257
13.14 0.03114
13.16 0.038873
13.18 0.036336
13.2 0.02661
13.22 0.025504
13.24 0.023426
13.26 0.0095241
13.28 -0.0013294
13.3 -0.0011173
13.32 -0.0042714
13.34 -0.0063381
13.36 -0.024707
13.38 -0.046487
13.4 -0.015341
13.42 0.021399
13.44 0.017104
13.46 0.016457
13.48 0.0097069
13.5 -0.013549
13.52 -0.031941
13.54 -0.030201
13.56 -0.031238
13.58 -0.019727
13.6 -0.010516
13.62 -0.014824
13.64 -0.0026783
13.66 0.0038547
13.68 -0.009388
13.7 -0.020166
13.72 -0.025587
13.74 -0.020968
13.76 -0.0033873
13.78 0.0098793
13.8 0.015469
13.82 0.026523
13.84 0.021293
13.86 0.0041189
13.88 -0.0023021
13.9 -0.0048721
13.92 -0.0078536
13.94 -0.016709
13.96 -0.022607
13.98 -0.019126
14 -0.0090309
14.02 0.0076674
14.04 0.0036996
14.06 -0.0036525
14.08 0.017307
14.1 0.03094
14.12 0.014936
14.14 0.012639
14.16 0.013462
14.18 -0.0032698
14.2 -0.00077826
14.22 0.015602
14.24 0.019941
14.26 0.018787
14.28 0.003536
14.3 -0.0093524
14.32 -0.016037
14.34 -0.01955
14.36 -0.011679
14.38 -0.013194
14.4 -0.017162
14.42 -0.025807
14.44 -0.028943
14.46 -0.014432
14.48 0.0039655
14.5 0.011689
14.52 0.013133
14.54 0.018471
14.56 0.013825
14.58 0.012365
14.6 0.012668
14.62 0.0048492
14.64 0.0010342
14.66 -0.00205
14.68 -0.0013183
14.7 0.0057432
14.72 0.006919
14.74 0.001808
14.76 0.0045249
14.78 0.010214
14.8 0.0034896
14.82 -0.015003
14.84 -0.032213
14.86 -0.034433
14.88 -0.011843
14.9 0.012832
14.92 0.018967
14.94 0.022557
14.96 0.031383
14.98 0.031942
15 0.012271
15.02 -0.010103
15.04 0.008449
15.06 0.031625
15.08 0.020722
15.1 -0.006725
15.12 -0.0011753
15.14 0.0116
15.16 -0.0038001
15.18 -0.017296
15.2 -0.015724
15.22 -0.0048162
15.24 0.0054712
15.26 0.0043569
15.28 0.0014586
15.3 -0.0060324
15.32 -0.016352
15.34 -0.019426
15.36 -0.014409
15.38 -0.025087
15.4 -0.029228
15.42 -0.0060086
15.44 0.0072795
15.46 -0.0050206
15.48 -0.008505
15.5 0.0044799
15.52 0.016753
15.54 0.019082
15.56 0.004731
15.58 -0.021026
15.6 -0.03037
15.62 -0.015746
15.64 -0.005124
15.66 -0.0041881
15.68 -0.009683
15.7 0.0015072
15.72 0.020497
15.74 0.018528
15.76 0.016972
15.78 0.019222
15.8 0.031062
15.82 0.035481
15.84 0.010715
15.86 -0.0029585
15.88 -0.0013821
15.9 -0.0065773
15.92 -0.0053241
15.94 -0.0027848
15.96 -0.0049022
15.98 -0.0016037
16 -0.0028651
16.02 -0.0076747
16.04 0.00094818
16.06 0.012967
16.08 0.011964
16.1 0.0036229
16.12 -0.0086518
16.14 -0.022221
16.16 -0.015014
16.18 0.0042527
16.2 0.0086516
16.22 -0.0002843
16.24 -0.010698
16.26 -0.013663
16.28 -0.014493
16.3 -0.0073341
16.32 -0.0069858
16.34 -0.019567
16.36 -0.028645
16.38 -0.034104
16.4 -0.022932
16.42 0.0040208
16.44 0.014978
16.46 0.016458
16.48 0.012991
16.5 0.011291
16.52 0.016832
16.54 0.012024
16.56 0.011421
16.58 0.021709
16.6 0.017745
16.62 0.017799
16.64 0.026267
16.66 0.027734
16.68 0.01552
16.7 0.016865
16.72 0.01591
16.74 0.0022869
16.76 -0.012269
16.78 -0.022972
16.8 -0.024263
16.82 -0.026013
16.84 -0.026454
16.86 -0.025762
16.88 -0.026682
16.9 -0.025397
16.92 -0.026117
16.94 -0.014625
16.96 0.00052561
16.98 0.010233
17 0.016425
17.02 0.0053614
17.04 -0.0066603
17.06 0.0041031
17.08 0.020562
17.1 0.021585
17.12 0.022588
17.14 0.028271
17.16 0.033511
17.18 0.028522
17.2 0.021832
17.22 0.014732
17.24 0.0048761
17.26 0.00036522
17.28 -0.013828
17.3 -0.020466
17.32 -0.021563
17.34 -0.021922
17.36 -0.020946
17.38 -0.018605
17.4 -0.020772
17.42 -0.0083835
17.44 0.0066706
17.46 0.0069611
17.48 -0.0060473
17.5 -0.007367
17.52 -0.006893
17.54 -0.0085428
17.56 -0.0041642
17.58 0.0013023
17.6 0.010665
17.62 0.018338
17.64 0.014101
17.66 0.0062436
17.68 0.0046411
17.7 0.0034489
17.72 0.0066326
17.74 0.0027846
17.76 -0.0069881
17.78 -0.0052061
17.8 -0.0064564
17.82 -0.0086203
17.84 -0.017309
17.86 -0.02099
17.88 -0.0069263
17.9 0.0074225
17.92 0.019427
17.94 0.014004
17.96 -0.0012048
17.98 -0.0029451
18 -0.0065605
18.02 -0.017979
18.04 -0.022808
18.06 -0.0083718
18.08 0.011774
18.1 0.011263
18.12 -0.0058242
18.14 -0.014259
18.16 -0.0089129
18.18 -0.0073091
18.2 0.0011452
18.22 0.01749
18.24 0.019416
18.26 0.01273
18.28 0.0052918
18.3 0.0015647
18.32 0.0022739
18.34 0.0024907
18.36 0.0083387
18.38 0.015962
18.4 0.0063027
18.42 -0.017152
18.44 -0.028078
18.46 -0.014409
18.48 0.0016431
18.5 0.0018038
18.52 0.0033296
18.54 0.0025439
18.56 -0.00053601
18.58 0.0065544
18.6 0.0097715
18.62 0.0060409
18.64 0.0073473
18.66 0.013603
18.68 0.010242
18.7 0.0070483
18.72 0.0023548
18.74 -0.0084852
18.76 -0.0036159
18.78 0.0075999
18.8 0.015764
18.82 0.01696
18.84 0.014102
18.86 0.0085722
18.88 -0.0066339
18.9 -0.027465
18.92 -0.018805
18.94 -0.0037683
18.96 -0.00070156
18.98 -0.0045595
19 -0.013543
19.02 -0.015926
19.04 -0.013744
19.06 -0.010831
19.08 -0.0053044
19.1 -0.0059645
19.12 -0.00021516
19.14 0.013575
19.16 0.019773
19.18 0.01355
19.2 0.0099403
19.22 0.01075
19.24 0.013613
19.26 0.010807
19.28 0.011051
19.3 0.013022
19.32 0.0068584
19.34 -0.0057089
19.36 -0.012142
19.38 -0.0094604
19.4 -0.0062799
19.42 -0.00093674
19.44 0.011317
19.46 0.014236
19.48 0.015369
19.5 0.0092867
19.52 0.0030824
19.54 -0.0005395
19.56 -0.017058
19.58 -0.030357
19.6 -0.02646
19.62 -0.027966
19.64 -0.028531
19.66 -0.021386
19.68 -0.0052383
19.7 0.010378
19.72 0.0076109
19.74 -0.00069097
19.76 0.0067628
19.78 0.017132
19.8 0.013714
19.82 0.013801
19.84 0.012454
19.86 -0.00063716
19.88 -0.0078228
19.9 -0.004387
19.92 0.0029632
19.94 0.0022809
19.96 -0.0014769
19.98 -0.0033154
20 0.0010515
20.02 -0.00712
20.04 -0.017192
20.06 -0.015846
20.08 -0.013393
20.1 -0.010697
20.12 -0.0045339
20.14 0.00016293
20.16 0.0011983
20.18 0.0015262
20.2 0.0043992
20.22 0.0021049
20.24 -0.0037636
20.26 -0.0062596
20.28 -0.0022169
20.3 0.003667
20.32 0.0075671
20.34 0.0033411
20.36 -0.0016694
20.38 0.0013785
20.4 0.0020817
20.42 0.0090766
20.44 0.026279
20.46 0.035328
20.48 0.025766
20.5 0.0058413
20.52 -0.0018899
20.54 -0.0031253
20.56 -0.0023801
20.58 0.0077933
20.6 0.016419
20.62 0.0155
20.64 0.0049025
20.66 -0.0067214
20.68 -0.014043
20.7 -0.016449
20.72 -0.013754
20.74 -0.012008
20.76 -0.0097952
20.78 -0.0053308
20.8 0.0018712
20.82 0.0066053
20.84 -0.0014439
20.86 -0.0104
20.88 -0.010174
20.9 -0.0085266
20.92 -0.0094464
20.94 -0.011926
20.96 -0.0094942
20.98 -0.0076663
21 -0.0032982
21.02 0.0020627
21.04 0.0025194
21.06 0.005852
21.08 0.0091232
21.1 0.0103
21.12 0.0083224
21.14 0.0070333
21.16 0.0019008
21.18 -0.0023959
21.2 -0.010544
21.22 -0.018324
21.24 -0.0094256
21.26 0.0071461
21.28 0.011002
21.3 0.0058028
21.32 -0.0020377
21.34 -0.0034517
21.36 -0.0041471
21.38 -0.0076368
21.4 -0.0052533
21.42 0.0035147
21.44 0.011911
21.46 0.01854
21.48 0.015621
21.5 0.01085
21.52 0.0019607
21.54 -0.0089422
21.56 -0.0072747
21.58 -0.0028858
21.6 -0.0057821
21.62 -0.0038804
21.64 0.00068459
21.66 0.0013876
21.68 -0.0090509
21.7 -0.010637
21.72 0.0038232
21.74 0.019628
21.76 0.02649
21.78 0.026326
21.8 0.018223
21.82 0.0071795
21.84 0.00054053
21.86 -0.0045966
21.88 -0.01351
21.9 -0.019406
21.92 -0.020018
21.94 -0.01682
21.96 -0.016112
21.98 -0.015067
22 -0.0056907
22.02 0.00085892
22.04 0.005379
22.06 0.016169
22.08 0.019376
22.1 0.021687
22.12 0.019802
22.14 0.014438
22.16 0.014764
22.18 0.017054
22.2 0.008823
22.22 -0.0043261
22.24 -0.0099155
22.26 -0.0084717
22.28 -0.0085195
22.3 -0.010338
22.32 -0.020129
22.34 -0.03073
22.36 -0.033325
22.38 -0.024432
22.4 -0.012392
22.42 -0.010862
22.44 -0.0099414
22.46 -0.0028452
22.48 0.0014697
22.5 0.0016811
22.52 -0.0023681
22.54 0.0013925
22.56 0.01094
22.58 0.018624
22.6 0.015783
22.62 0.0090004
22.64 0.011122
22.66 0.014947
22.68 0.015336
22.7 0.018334
22.72 0.017414
22.74 0.012859
22.76 0.0059216
22.78 -0.001107
22.8 -0.0054282
22.82 -0.0031431
22.84 0.0017737
22.86 0.0058281
22.88 0.0042141
22.9 -0.0047561
22.92 -0.018371
22.94 -0.023346
22.96 -0.017901
22.98 -0.010216
23 -0.0062668
23.02 -0.0057726
23.04 -0.0051485
23.06 -0.0057023
23.08 -0.010143
23.1 -0.013356
23.12 -0.0028033
23.14 0.012821
23.16 0.01455
23.18 0.0056513
23.2 0.0020612
23.22 0.0026265
23.24 -0.0038131
23.26 -0.0071934
23.28 -0.0088817
23.3 -0.0093486
23.32 -0.0077079
23.34 -0.015563
23.36 -0.020553
23.38 -0.01098
23.4 -0.0023431
23.42 0.0047069
23.44 0.014589
23.46 0.027248
23.48 0.030196
23.5 0.027127
23.52 0.026663
23.54 0.023383
23.56 0.0132
23.58 0.0059516
23.6 0.0035472
23.62 0.0017884
23.64 0.0051446
23.66 0.01007
23.68 0.0060593
23.7 -0.0050924
23.72 -0.012354
23.74 -0.010371
23.76 -0.0056818
23.78 -0.0091742
23.8 -0.014773
23.82 -0.011311
23.84 -0.004247
23.86 -0.0024083
23.88 -0.00011487
23.9 -0.00091283
23.92 -0.0041144
23.94 -0.0089516
23.96 -0.010392
23.98 -0.0099812
24 -0.011838
24.02 -0.010018
24.04 -0.0056101
24.06 -0.0033149
24.08 -0.0069083
24.1 -0.013384
24.12 -0.013613
24.14 -0.012271
24.16 -0.0080305
24.18 0.0027949
24.2 0.014137
24.22 0.018879
24.24 0.023149
24.26 0.022353
24.28 0.01384
24.3 0.010032
24.32 0.0075927
24.34 0.0060114
24.36 0.002814
24.38 -0.0046114
24.4 -0.00715
24.42 -0.0056237
24.44 -0.0072485
24.46 -0.011374
24.48 -0.012113
24.5 -0.010576
24.52 -0.0099013
24.54 -0.0047666
24.56 0.0016979
24.58 0.0049094
24.6 0.0030543
24.62 0.0019562
24.64 0.0093063
24.66 0.013522
24.68 0.014211
24.7 0.015781
24.72 0.016312
24.74 0.012686
24.76 0.011644
24.78 0.0082149
24.8 -0.00043928
24.82 -0.0086568
24.84 -0.013637
24.86 -0.016519
24.88 -0.020485
24.9 -0.01856
24.92 -0.011573
24.94 -0.0043936
24.96 0.0036658
24.98 0.011934
25 0.01182
25.02 0.0066233
25.04 0.0042057
25.06 0.0039646
25.08 0.0043625
25.1 0.0057379
25.12 0.005779
25.14 0.0015935
25.16 -0.0041698
25.18 -0.0090182
25.2 -0.010269
25.22 -0.00034844
25.24 0.0095774
25.26 0.011065
25.28 0.010899
25.3 0.007167
25.32 0.0024374
25.34 -0.0022305
25.36 9.9203e-005
25.38 0.00059376
25.4 0.0022527
25.42 0.0056306
25.44 0.0025165
25.46 -0.0015564
25.48 -0.0054387
25.5 -0.014793
25.52 -0.021689
25.54 -0.020295
25.56 -0.013511
25.58 -0.013118
25.6 -0.01391
25.62 -0.0080338
25.64 0.0022602
25.66 0.013272
25.68 0.018728
25.7 0.015706
25.72 0.0089525
25.74 0.0036044
25.76 -0.00469
25.78 -0.0070418
25.8 -0.0023381
25.82 -0.00060401
25.84 -0.00082887
25.86 8.8711e-005
25.88 -0.0010635
25.9 0.0015761
25.92 0.0048753
25.94 0.0041114
25.96 -0.0049194
25.98 -0.01653
26 -0.019849
26.02 -0.01342
26.04 -0.0093959
26.06 -0.0035408
26.08 0.0068384
26.1 0.011097
26.12 0.0083795
26.14 0.0099978
26.16 0.0065288
26.18 0.0059611
26.2 0.0094582
26.22 0.010517
26.24 0.0095035
26.26 0.011515
26.28 0.010181
26.3 0.0081907
26.32 0.009989
26.34 0.0081741
26.36 0.00049712
26.38 -0.0055095
26.4 -0.0054069
26.42 -0.00034168
26.44 -0.00057829
26.46 0.0013374
26.48 0.0030516
26.5 -8.4161e-005
26.52 -0.0028898
26.54 0.00060482
26.56 0.0044089
26.58 0.0020456
26.6 -0.0032117
26.62 -0.0056978
26.64 -0.0066142
26.66 -0.0071029
26.68 -0.0058525
26.7 -0.009534
26.72 -0.014279
26.74 -0.017558
26.76 -0.021495
26.78 -0.019813
26.8 -0.011176
26.82 -0.0063679
26.84 -0.0082022
26.86 -0.0063496
26.88 -0.0045632
26.9 -0.0057866
26.92 -0.0071717
26.94 -0.0049086
26.96 0.0019689
26.98 0.0035796
27 0.0041244
27.02 0.0074728
27.04 0.0086436
27.06 0.0091896
27.08 0.006804
27.1 0.0041143
27.12 0.0028668
27.14 0.0028971
27.16 0.0022595
27.18 0.0029828
27.2 0.0099765
27.22 0.014019
27.24 0.01512
27.26 0.018433
27.28 0.019653
27.3 0.015612
27.32 0.0097624
27.34 0.0093617
27.36 0.0069261
27.38 0.0032643
27.4 0.003316
27.42 0.0023259
27.44 0.0015374
27.46 -0.00030306
27.48 0.0010311
27.5 0.00062453
27.52 -0.00097623
27.54 -0.0063988
27.56 -0.0098096
27.58 -0.0056206
27.6 -0.0041322
27.62 -0.0085546
27.64 -0.0070076
27.66 -0.0033503
27.68 -0.0023494
27.7 -0.00016025
27.72 0.0043528
27.74 0.01129
27.76 0.016141
27.78 0.01578
27.8 0.013505
27.82 0.0088826
27.84 0.0015972
27.86 -0.0048548
27.88 -0.0075752
27.9 -0.011776
27.92 -0.015616
27.94 -0.020155
27.96 -0.021846
27.98 -0.020001
28 -0.01344
28.02 -0.012746
28.04 -0.014764
28.06 -0.012793
28.08 -0.009581
28.1 -0.008425
28.12 -0.0055744
28.14 0.0030825
28.16 0.008631
28.18 0.0087347
28.2 0.0054364
28.22 0.00060618
28.24 0.0007688
28.26 0.0028194
28.28 0.0018231
28.3 -0.00064915
28.32 -0.0030853
28.34 -0.0098854
28.36 -0.016128
28.38 -0.017548
28.4 -0.01054
28.42 -0.0047416
28.44 0.00048256
28.46 0.0038801
28.48 0.004864
28.5 0.0090431
28.52 0.013045
28.54 0.019128
28.56 0.020727
28.58 0.021007
28.6 0.022396
28.62 0.017772
28.64 0.011438
28.66 0.0077475
28.68 0.004061
28.7 0.00038323
28.72 0.0004427
28.74 0.001141
28.76 0.0019918
28.78 0.0032033
28.8 0.0055091
28.82 0.0040944
28.84 0.0043591
28.86 0.0037758
28.88 0.0015693
28.9 0.0024799
28.92 0.0013819
28.94 -0.0021029
28.96 -0.0067717
28.98 -0.0086751
29 -0.007152
29.02 -0.0059614
29.04 -0.0056669
29.06 -0.0051266
29.08 -0.0063523
29.1 -0.0086486
29.12 -0.010273
29.14 -0.0078869
29.16 -0.0067
29.18 -0.004966
29.2 -0.0047965
29.22 -0.0041563
29.24 -0.0031649
29.26 -0.00237
29.28 -0.0034219
29.3 -0.0036974
29.32 0.002396
29.34 0.0069468
29.36 0.0084038
29.38 0.0083559
29.4 0.0058841
29.42 -0.0014095
29.44 -0.0082289
29.46 -0.011021
29.48 -0.0082449
29.5 -0.0012108
29.52 0.0013333
29.54 0.0016318
29.56 -0.00049231
29.58 -0.0015445
29.6 -0.00081138
29.62 -0.0021098
29.64 -0.0019724
29.66 -0.0029005
29.68 -0.0049349
29.7 -0.0040055
29.72 -0.0005311
29.74 0.0011055
29.76 0.0044645
29.78 0.011691
29.8 0.015769
29.82 0.013711
29.84 0.01068
29.86 0.0060636
29.88 0.0030968
29.9 0.0034797
29.92 0.0047555
29.94 0.003346
29.96 0.0023987
29.98 0.0020383
30 0.0006407
30.02 -0.0012984
30.04 0.00040011
30.06 0.0010988
30.08 0.00021694
30.1 -0.00053532
30.12 0.0025139
30.14 0.0018587
30.16 -0.0014292
30.18 -0.0035904
30.2 -0.0062111
30.22 -0.006883
30.24 -0.007016
30.26 -0.0060949
30.28 -0.0053152
30.3 -0.0065489
30.32 -0.007043
30.34 -0.0078452
30.36 -0.0090492
30.38 -0.0079159
30.4 -0.005707
30.42 -0.0025047
30.44 0.00096124
30.46 0.0014353
30.48 0.001113
30.5 0.0024008
30.52 0.0029895
30.54 0.0038395
30.56 0.0036757
30.58 0.0054801
30.6 0.0061835
30.62 0.0037844
30.64 0.0022779
30.66 0.0012702
30.68 0.0012958
30.7 0.0020822
30.72 0.0010104
30.74 -0.00011237
30.76 -0.0012911
30.78 7.6646e-006
30.8 0.00095642
30.82 0.0005648
30.84 0.00020153
30.86 -0.00033207
30.88 0.0008415
30.9 0.0029141
30.92 0.0045614
30.94 0.0037525
30.96 0.0017865
30.98 0.0014818
31 0.00089154
31.02 0.00053442
31.04 0.0021465
31.06 0.00233
31.08 0.0010724
31.1 -0.00018987
31.12 -0.0018985
31.14 -0.0023915
31.16 -0.0025587
31.18 -0.0023925
31.2 -0.0022819
31.22 -0.001887
31.24 -0.0018997
31.26 -0.0017619
31.28 -0.0011689
31.3 -0.001098
31.32 -0.00088938
31.34 -0.0008793
31.36 -0.00040769
31.38 0.00013923
31.4 -0.00020876
31.42 -0.00099726
31.44 -0.0012002
31.46 -0.00079997
31.48 -0.00039125
31.5 -0.00037607
31.52 -0.00013536
31.54 -9.348e-005
31.56 -0.00019794
31.58 -0.00016829
31.6 3.1348e-005
31.62 0.0003475
31.64 0.00045189
31.66 0.00041213
31.68 0.00037923
31.7 0.00036095
31.72 0.00012983
31.74 2.5528e-006
31.76 0.00017205
31.78 0.00025129
31.8 0.0002586
31.82 0.00026454
31.84 0.00023474
31.86 0.0001479
31.88 6.794e-005
31.9 3.831e-005
31.92 1.195e-005
31.94 3.8247e-005
31.96 0.00011615
31.98 0.00014139
32 0.00010474
32.02 9.676e-005
32.04 0.00011374
32.06 0.00011836
32.08 0.00011229
32.1 0.00010312
32.12 9.8592e-005
32.14 9.7071e-005
32.16 9.6283e-005
32.18 8.8216e-005
32.2 7.4246e-005
32.22 6.0984e-005
32.24 4.9121e-005
32.26 3.6747e-005
32.28 2.5461e-005
32.3 1.4971e-005
32.32 5.1238e-006
32.34 -3.9694e-006
32.36 -1.2103e-005
32.38 -1.9289e-005
32.4 -2.5538e-005
