0.01 -0.00085745
0.02 -0.00035043
0.03 0.00012331
0.04 0.00016439
0.05 -0.00076165
0.06 1.1623e-005
0.07 0.00013884
0.08 -0.00068343
0.09 -0.00011181
0.1 0.00033061
0.11 -0.0003977
0.12 -0.00050541
0.13 0.00022284
0.14 7.4019e-005
0.15 0.00013076
0.16 0.0001092
0.17 0.00091575
0.18 0.00033819
0.19 -8.667e-005
0.2 0.00061221
0.21 0.00075705
0.22 -1.4326e-005
0.23 0.00018729
0.24 7.1753e-005
0.25 0.0001422
0.26 0.0001128
0.27 -0.00069772
0.28 -5.9536e-005
0.29 0.00020669
0.3 4.2206e-005
0.31 0.00018117
0.32 5.7808e-005
0.33 -0.00060589
0.34 -0.00040036
0.35 -0.0008957
0.36 -0.00050418
0.37 0.00027888
0.38 -1.2849e-005
0.39 0.00023967
0.4 -2.0739e-005
0.41 0.0003003
0.42 -0.00036536
0.43 -0.00055333
0.44 0.00029238
0.45 -3.6547e-005
0.46 0.00032365
0.47 -0.0012093
0.48 -0.00068856
0.49 0.00030985
0.5 2.9871e-005
0.51 -7.5875e-005
0.52 -0.0011233
0.53 -0.00030107
0.54 8.0657e-005
0.55 0.0001883
0.56 1.7953e-005
0.57 0.00023915
0.58 -7.2159e-005
0.59 0.00060519
0.6 0.00077157
0.61 -0.00084163
0.62 1.1911e-005
0.63 0.00016067
0.64 6.2756e-005
0.65 0.00017432
0.66 3.9207e-005
0.67 0.00020559
0.68 -7.8337e-006
0.69 0.0002995
0.7 -0.00038181
0.71 -0.00052476
0.72 0.00023873
0.73 4.8803e-005
0.74 0.00015449
0.75 8.203e-005
0.76 0.00013878
0.77 8.5891e-005
0.78 0.0001446
0.79 6.6259e-005
0.8 0.0009707
0.81 0.00025415
0.82 -0.00075019
0.83 -5.5227e-005
0.84 0.00025602
0.85 -0.00031957
0.86 -0.00060739
0.87 0.0003323
0.88 -6.5149e-005
0.89 0.00028917
0.9 -9.0652e-005
0.91 0.00038505
0.92 -0.00049204
0.93 -0.0003609
0.94 -0.00023367
0.95 -0.00063307
0.96 0.0011289
0.97 0.00015975
0.98 0.0001147
0.99 0.00010684
1 0.00011073
1.01 0.00010679
1.02 0.00012047
1.03 8.3249e-005
1.04 0.00017328
1.05 -0.00080365
1.06 0.00011254
1.07 -0.00033972
1.08 -0.00027123
1.09 0.0011598
1.1 -0.00066674
1.11 -0.00034765
1.12 0.00010064
1.13 0.0001476
1.14 6.9267e-005
1.15 0.00013581
1.16 0.0001025
1.17 -0.00071194
1.18 -5.4169e-005
1.19 0.0001729
1.2 7.4992e-005
1.21 0.00010238
1.22 0.00018653
1.23 -0.001088
1.24 -0.0008472
1.25 0.00051927
1.26 -0.00053401
1.27 -0.0004244
1.28 0.00014332
1.29 0.00011589
1.3 8.0623e-005
1.31 0.00012954
1.32 9.2321e-005
1.33 -0.00069471
1.34 -8.9795e-005
1.35 0.00022342
1.36 -2.5237e-005
1.37 0.0010848
1.38 -0.00016624
1.39 -0.00071247
1.4 0.0004504
1.41 -0.00029356
1.42 0.001672
1.43 0.00034461
1.44 -0.00065777
1.45 0.00023884
1.46 0.00013115
1.47 -0.00028587
1.48 -0.00060696
1.49 0.00027399
1.5 1.3592e-005
1.51 0.00014865
1.52 8.4025e-005
1.53 0.00010162
1.54 0.0001153
1.55 8.3957e-005
1.56 0.00012113
1.57 9.7616e-005
1.58 -0.00071291
1.59 -6.8836e-005
1.6 0.0001739
1.61 7.2076e-005
1.62 -0.00070712
1.63 -5.5221e-005
1.64 0.00013466
1.65 0.00016009
1.66 -0.00029217
1.67 -0.00060739
1.68 -0.00053302
1.69 -0.00018065
1.7 0.00025982
1.71 -1.4283e-005
1.72 0.0001893
1.73 3.2659e-005
1.74 0.00015206
1.75 6.3939e-005
1.76 0.00012657
1.77 8.5432e-005
1.78 0.00010499
1.79 0.00010497
1.8 8.9283e-005
1.81 0.00011863
1.82 7.5537e-005
1.83 0.00013033
1.84 6.7664e-005
1.85 0.00013421
1.86 6.7622e-005
1.87 0.00012829
1.88 8.7157e-005
1.89 -0.00070183
1.9 -8.7122e-005
1.91 0.00020064
1.92 2.0512e-005
1.93 0.00016732
1.94 4.3964e-005
1.95 0.00014183
1.96 8.3078e-005
1.97 -0.00070591
1.98 -7.1623e-005
1.99 0.00017307
2 7.125e-005
2.01 -0.00069816
2.02 -7.7577e-005
2.03 0.0001867
2.04 4.1804e-005
2.05 0.00014946
2.06 5.9384e-005
2.07 0.00015138
2.08 -0.00075703
2.09 -3.6604e-005
2.1 0.00015915
2.11 5.9286e-005
2.12 0.00013953
2.13 7.2951e-005
2.14 0.00012383
2.15 0.00010228
2.16 -0.00071411
2.17 -6.6126e-005
2.18 0.00018249
2.19 4.5427e-005
2.2 0.00014917
2.21 6.8881e-005
2.22 0.00013151
2.23 8.4505e-005
2.24 0.00011581
2.25 0.00010209
2.26 9.6194e-005
2.27 0.0001275
2.28 5.7003e-005
2.29 0.00020773
2.3 -0.00029151
2.31 -0.0014388
2.32 -0.00065569
2.33 -0.0001741
2.34 0.00035447
2.35 -0.00042864
2.36 -0.00050306
2.37 0.00020758
2.38 6.4649e-005
2.39 0.00012532
2.4 9.9852e-005
2.41 0.00011941
2.42 -0.00070677
2.43 -8.0313e-005
2.44 0.00022507
2.45 -1.1829e-005
2.46 0.00025245
2.47 -9.8004e-005
2.48 0.00063025
2.49 0.0007105
2.5 5.6603e-005
2.51 -0.00014506
2.52 -0.0010535
2.53 -0.00038981
2.54 0.000174
2.55 -0.00071679
2.56 -0.00088125
2.57 3.2988e-005
2.58 0.00012107
2.59 -0.00067183
2.6 -0.00093027
2.61 0.00010927
2.62 -1.6041e-005
2.63 0.00056539
2.64 0.00079051
2.65 -4.35e-005
2.66 0.00020903
2.67 4.8479e-005
2.68 0.00016593
2.69 7.3897e-005
2.7 0.00015415
2.71 7.9736e-005
2.72 0.00016586
2.73 -0.00074059
2.74 -2.4073e-005
2.75 0.00019322
2.76 -0.0007563
2.77 -6.2923e-007
2.78 0.00015402
2.79 0.00010897
2.8 0.00010895
2.81 0.00095272
2.82 0.00027729
2.83 5.409e-005
2.84 0.0001735
2.85 7.5593e-005
2.86 0.00017934
2.87 -0.00074081
2.88 -6.6792e-006
2.89 0.00017929
2.9 8.1387e-005
2.91 0.00018513
2.92 -0.00074481
2.93 6.9464e-006
2.94 0.00016159
2.95 0.00012242
2.96 9.6955e-005
2.97 0.00043171
2.98 0.0010543
2.99 -0.0014223
3 -0.00046889
3.01 0.00011254
3.02 0.00031417
3.03 -0.00044936
3.04 -8.3278e-005
3.05 0.00095626
3.06 -9.3096e-005
3.07 0.00026515
3.08 6.3492e-005
3.09 0.00017703
3.1 0.00012611
3.11 0.00014176
3.12 -0.00064918
3.13 -9.1243e-005
3.14 0.00033161
3.15 -0.00011085
3.16 0.00072509
3.17 -0.00012067
3.18 -0.00085287
3.19 -5.8049e-005
3.2 0.00061931
3.21 0.00080137
3.22 1.4344e-005
3.23 0.00021598
3.24 0.0001122
3.25 0.00016896
3.26 0.00014546
3.27 0.00014936
3.28 0.00016305
3.29 0.00013758
3.3 0.00017868
3.31 0.00012385
3.32 0.00019431
3.33 0.00011012
3.34 0.00021778
3.35 8.2683e-005
3.36 0.00026474
3.37 -5.4422e-006
3.38 0.00063864
3.39 0.00081873
3.4 2.3883e-005
3.41 0.00024313
3.42 0.00011391
3.43 0.00020395
3.44 0.00013934
3.45 0.00019218
3.46 0.0001491
3.47 0.0001902
3.48 0.00015299
3.49 0.00019213
3.5 0.000151
3.51 0.00020189
3.52 0.00014119
3.53 0.00021948
3.54 0.00012158
3.55 -0.00050686
3.56 -0.001243
3.57 -0.00061848
3.58 0.00042694
3.59 -4.6844e-005
3.6 0.00069708
3.61 0.00082236
3.62 5.492e-005
3.63 0.00026047
3.64 0.00014495
3.65 0.00021346
3.66 0.00019974
3.67 -0.00064209
3.68 5.6803e-005
3.69 0.00022907
3.7 -0.00055012
3.71 -0.0011825
3.72 -0.00062062
3.73 0.00042871
3.74 5.673e-005
3.75 0.00030339
3.76 0.0001448
3.77 -0.00056782
3.78 7.7383e-006
3.79 0.0003053
3.8 0.0001565
3.81 -0.00056787
3.82 7.691e-006
3.83 0.00031896
3.84 0.00014079
3.85 -0.00052093
3.86 -0.00084592
3.87 0.00019949
3.88 0.00017599
3.89 0.0002719
3.9 0.00017009
3.91 0.00027384
3.92 0.00017202
3.93 0.00028752
3.94 -0.0006385
3.95 8.585e-005
3.96 0.00031685
3.97 -0.00066986
3.98 0.00016217
3.99 0.00018369
4 0.0011528
4.01 0.00025023
4.02 0.00042642
4.03 -0.0011613
4.04 -0.00015701
4.05 0.0011605
4.06 -7.0889e-005
4.07 0.00045377
4.08 9.3539e-005
4.09 0.00036761
4.1 0.00015616
4.11 0.00032648
4.12 0.00018942
4.13 0.00031667
4.14 -0.00060348
4.15 9.9337e-005
4.16 0.0011545
4.17 0.00036557
4.18 0.00024222
4.19 0.00026766
4.2 0.00027157
4.21 0.00025589
4.22 0.00028133
4.23 0.00025196
4.24 0.00029502
4.25 0.0002304
4.26 0.00036548
4.27 -0.00010439
4.28 -0.00050769
4.29 0.00061799
4.3 -0.00031194
4.31 -0.00027475
4.32 0.00031843
4.33 0.00035366
4.34 -9.6628e-005
4.35 -0.00048035
4.36 0.00060422
4.37 -0.00026894
4.38 -0.00030027
4.39 0.00038297
4.4 0.00027528
4.41 0.0002831
4.42 0.0003614
4.43 -0.0006116
4.44 0.00029482
4.45 -8.6944e-005
4.46 -0.00040998
4.47 0.00050035
4.48 0.00019103
4.49 0.00040245
4.5 0.00024387
4.51 0.00037698
4.52 0.00026147
4.53 0.00037305
4.54 0.00026732
4.55 0.00038086
4.56 0.00025947
4.57 0.00040825
4.58 0.0002203
4.59 0.00051004
4.6 -0.00094848
4.61 -0.00056869
4.62 0.00094658
4.63 0.00014586
4.64 -3.8172e-005
4.65 0.00088782
4.66 0.00098179
4.67 -0.00060986
4.68 0.00025741
4.69 0.00039444
4.7 9.4902e-005
4.71 -0.0016671
4.72 -0.0002438
4.73 0.00038462
4.74 0.00044922
4.75 -5.197e-005
4.76 -0.0011542
4.77 0.00035914
4.78 0.00035913
4.79 0.00036108
4.8 -0.00039853
4.81 7.9148e-005
4.82 0.00088964
4.83 0.001013
4.84 0.00023379
4.85 0.00049416
4.86 0.00021419
4.87 0.001657
4.88 0.0012576
4.89 -0.00070401
4.9 -0.00034771
4.91 -0.0010036
4.92 -0.0012718
4.93 0.00053325
4.94 0.00015931
4.95 0.00096197
4.96 0.00094043
4.97 0.00043729
4.98 2.4199e-005
4.99 -0.0013247
5 -0.0018787
5.01 -0.002979
5.02 -0.0012679
5.03 0.00087382
5.04 0.0016177
5.05 -0.0015088
5.06 -0.0011055
5.07 0.0012477
5.08 0.00054684
5.09 0.00039217
5.1 0.00044698
5.11 0.00041174
5.12 0.00046263
5.13 0.00035299
5.14 0.0015746
5.15 0.0024986
5.16 0.002158
5.17 0.0024595
5.18 0.0019779
5.19 -0.00080603
5.2 -0.0047587
5.21 -0.004976
5.22 -0.0055066
5.23 -0.0032004
5.24 0.00045667
5.25 0.0014766
5.26 0.0036399
5.27 0.0043721
5.28 0.0018075
5.29 -0.004238
5.3 -0.0029146
5.31 -0.00098818
5.32 -0.0027345
5.33 -0.0032024
5.34 0.0013924
5.35 0.0077589
5.36 0.0061555
5.37 0.0008403
5.38 -0.0013993
5.39 0.0022322
5.4 0.0026766
5.41 -0.0040403
5.42 -0.0035137
5.43 0.0055917
5.44 0.0041273
5.45 -0.0043379
5.46 -0.0044828
5.47 0.00052113
5.48 0.00072865
5.49 -0.0039268
5.5 -0.0051994
5.51 -0.0049214
5.52 -0.0025271
5.53 0.00038993
5.54 0.0017408
5.55 0.0070716
5.56 0.0089256
5.57 0.0019972
5.58 -0.0016344
5.59 -0.00028161
5.6 -0.002627
5.61 -0.0064994
5.62 -0.0066364
5.63 -0.0050918
5.64 -0.0047727
5.65 0.001819
5.66 0.0096421
5.67 0.0069189
5.68 -0.0037057
5.69 -0.0056987
5.7 -0.0030264
5.71 -0.0066854
5.72 -0.0049626
5.73 0.0023025
5.74 0.0027743
5.75 0.001725
5.76 0.010488
5.77 0.01169
5.78 -0.0046983
5.79 -0.011509
5.8 0.0011905
5.81 0.0077724
5.82 0.0015664
5.83 -0.0016384
5.84 0.00019791
5.85 0.0047007
5.86 0.0065018
5.87 0.001071
5.88 -0.0033985
5.89 -0.0065954
5.9 -0.0065406
5.91 -0.0012039
5.92 -0.0044733
5.93 -0.00861
5.94 -0.0019165
5.95 0.0024492
5.96 -0.00074578
5.97 0.0036611
5.98 0.012594
5.99 0.012486
6 0.0067523
6.01 -0.0023903
6.02 -0.0046201
6.03 0.00025655
6.04 0.0022064
6.05 -0.0043304
6.06 -0.0096711
6.07 -0.0041992
6.08 0.0035866
6.09 0.0048728
6.1 -0.003886
6.11 -0.012416
6.12 -0.008334
6.13 0.0031226
6.14 0.0035318
6.15 -0.0068814
6.16 -0.0075587
6.17 0.0029171
6.18 0.0099472
6.19 0.010212
6.2 0.0031813
6.21 -0.0016915
6.22 0.00043854
6.23 0.0027349
6.24 0.009446
6.25 0.015877
6.26 0.00815
6.27 -0.0023199
6.28 0.0019577
6.29 0.0047651
6.3 -0.0012921
6.31 -0.0017032
6.32 0.0019577
6.33 0.0022122
6.34 0.00039347
6.35 -0.0028407
6.36 -0.008477
6.37 -0.0059085
6.38 0.0012901
6.39 0.0028954
6.4 0.0033574
6.41 -0.00039356
6.42 -0.0076548
6.43 -0.0025099
6.44 0.0093716
6.45 0.006574
6.46 -0.0053251
6.47 -0.0091153
6.48 -0.011707
6.49 -0.006396
6.5 0.0059005
6.51 0.00030923
6.52 -0.01623
6.53 -0.012723
6.54 0.00043256
6.55 -0.0048768
6.56 -0.011063
6.57 -0.0045812
6.58 -0.0011493
6.59 0.00017608
6.6 0.0064271
6.61 0.0097024
6.62 0.0068187
6.63 0.0072141
6.64 0.0092051
6.65 0.0068402
6.66 0.0015073
6.67 -0.0071556
6.68 -0.016255
6.69 -0.01315
6.7 -0.0018874
6.71 -0.0041623
6.72 -0.0053173
6.73 0.0057967
6.74 0.010325
6.75 0.0052191
6.76 0.0067912
6.77 0.005689
6.78 -0.0014606
6.79 0.0021005
6.8 0.0046122
6.81 -0.0056795
6.82 -0.010488
6.83 -0.0038021
6.84 0.0030676
6.85 0.0090445
6.86 0.0074196
6.87 0.004115
6.88 0.0071436
6.89 0.0024607
6.9 -0.017289
6.91 -0.019603
6.92 0.0034552
6.93 0.01831
6.94 0.014514
6.95 0.0073863
6.96 0.00029149
6.97 -0.0087669
6.98 -0.011987
6.99 -0.012348
7 -0.0087238
7.01 0.0058632
7.02 0.020987
7.03 0.01511
7.04 0.0046455
7.05 0.0089055
7.06 0.0088976
7.07 -0.0038961
7.08 -0.010995
7.09 -0.010214
7.1 -0.01188
7.11 -0.0089627
7.12 -0.0083499
7.13 -0.015255
7.14 -0.012399
7.15 0.0067911
7.16 0.023567
7.17 0.017668
7.18 0.0056008
7.19 0.0022629
7.2 0.0029442
7.21 0.0017891
7.22 -0.0077176
7.23 -0.01196
7.24 0.00093162
7.25 0.011507
7.26 0.006842
7.27 -0.00013535
7.28 -0.010738
7.29 -0.019437
7.3 -0.0070168
7.31 0.0073412
7.32 0.0014484
7.33 -0.0082051
7.34 0.0049547
7.35 0.014683
7.36 0.0036763
7.37 0.0012762
7.38 0.0088056
7.39 0.010542
7.4 -0.00063263
7.41 -0.0029349
7.42 0.002582
7.43 0.0023921
7.44 0.0078698
7.45 0.014955
7.46 0.016014
7.47 0.01193
7.48 0.0050918
7.49 -0.0009165
7.5 -0.0003331
7.51 -0.0020167
7.52 -0.0082462
7.53 -0.008814
7.54 -0.012874
7.55 -0.017459
7.56 -2.9489e-007
7.57 0.016417
7.58 0.0052112
7.59 -0.0063512
7.6 -0.0037846
7.61 -0.0093485
7.62 -0.02269
7.63 -0.023959
7.64 -0.017694
7.65 -0.014681
7.66 -0.01124
7.67 -0.0060086
7.68 0.0017558
7.69 0.0064856
7.7 0.0032769
7.71 -0.004462
7.72 -0.010038
7.73 -0.006126
7.74 0.001235
7.75 -0.0024279
7.76 -0.012941
7.77 -0.015431
7.78 -0.0095599
7.79 -0.011792
7.8 -0.016549
7.81 -0.01018
7.82 0.0070514
7.83 0.025942
7.84 0.030262
7.85 0.017854
7.86 0.0037037
7.87 0.008737
7.88 0.020194
7.89 0.019348
7.9 0.012795
7.91 0.0081732
7.92 0.0047394
7.93 0.00083564
7.94 0.0022198
7.95 0.011922
7.96 0.015509
7.97 0.011905
7.98 0.0085393
7.99 0.0031595
8 -0.0044365
8.01 -0.010357
8.02 -0.0094561
8.03 -0.0040783
8.04 0.0070906
8.05 0.018283
8.06 0.021178
8.07 0.025386
8.08 0.027592
8.09 0.016944
8.1 0.011556
8.11 0.0037722
8.12 -0.025692
8.13 -0.04687
8.14 -0.037172
8.15 -0.021236
8.16 -0.01945
8.17 -0.019664
8.18 -0.012356
8.19 -0.011948
8.2 -0.02725
8.21 -0.033335
8.22 -0.013928
8.23 0.007721
8.24 0.0049077
8.25 0.0064563
8.26 0.023034
8.27 0.014334
8.28 -0.0042916
8.29 0.0029363
8.3 0.015131
8.31 0.0097844
8.32 -9.6233e-005
8.33 0.0028169
8.34 0.0058416
8.35 -0.0089687
8.36 -0.018397
8.37 -0.011531
8.38 -0.0089824
8.39 -0.0023652
8.4 0.021995
8.41 0.037402
8.42 0.023281
8.43 -0.00082646
8.44 -0.0089745
8.45 -0.0035144
8.46 -0.0063394
8.47 -0.012248
8.48 -0.0067819
8.49 0.0050056
8.5 0.014268
8.51 0.017989
8.52 0.02528
8.53 0.023258
8.54 0.0027738
8.55 -0.013105
8.56 -0.0072028
8.57 0.010178
8.58 0.0075213
8.59 -0.017062
8.6 -0.020705
8.61 -0.0028762
8.62 0.0051348
8.63 0.0029735
8.64 0.0068106
8.65 0.011634
8.66 -0.0028351
8.67 -0.026972
8.68 -0.030864
8.69 -0.023217
8.7 -0.024321
8.71 -0.02075
8.72 -0.0072223
8.73 -0.0015077
8.74 -0.0092153
8.75 -0.009413
8.76 0.0006497
8.77 -0.0017113
8.78 -0.013426
8.79 -0.011533
8.8 0.0021943
8.81 0.012656
8.82 0.015248
8.83 0.01408
8.84 0.0080891
8.85 0.00088855
8.86 0.0051623
8.87 0.020268
8.88 0.029951
8.89 0.024957
8.9 0.016443
8.91 0.014929
8.92 0.010677
8.93 0.0028854
8.94 -0.00093995
8.95 -0.0078703
8.96 -0.022356
8.97 -0.025388
8.98 -0.0051804
8.99 0.020147
9 0.029822
9.01 0.027612
9.02 0.017792
9.03 0.0055813
9.04 -0.0042857
9.05 -0.019946
9.06 -0.037463
9.07 -0.036377
9.08 -0.015261
9.09 -0.0045206
9.1 0.0022727
9.11 0.022285
9.12 0.032101
9.13 0.022749
9.14 0.010407
9.15 -0.003483
9.16 -0.012802
9.17 -0.0050296
9.18 0.011065
9.19 0.0010609
9.2 -0.025856
9.21 -0.030051
9.22 -0.0098554
9.23 0.0016463
9.24 -0.0059458
9.25 -0.011312
9.26 -0.0048965
9.27 0.0017402
9.28 0.0007829
9.29 -0.0045323
9.3 -0.011993
9.31 -0.014562
9.32 -0.0081208
9.33 -0.0049141
9.34 -0.0115
9.35 -0.016613
9.36 -0.017947
9.37 -0.011987
9.38 -0.00045045
9.39 0.010307
9.4 0.015949
9.41 0.019242
9.42 0.011564
9.43 0.0060943
9.44 0.022343
9.45 0.018843
9.46 -0.020917
9.47 -0.042222
9.48 -0.014932
9.49 0.01166
9.5 0.010354
9.51 0.0039799
9.52 -0.0024649
9.53 -0.011521
9.54 -0.017902
9.55 -0.010116
9.56 0.0013331
9.57 0.0036138
9.58 -0.0025687
9.59 -0.0055288
9.6 -0.0053839
9.61 0.0017853
9.62 0.017326
9.63 0.017588
9.64 0.00022698
9.65 -0.0092445
9.66 0.002496
9.67 0.0094909
9.68 0.00166
9.69 -0.0063451
9.7 -0.010873
9.71 -0.01612
9.72 -0.010145
9.73 0.0046867
9.74 5.8641e-005
9.75 -0.015725
9.76 -0.0095323
9.77 0.011427
9.78 0.014464
9.79 0.012594
9.8 0.023557
9.81 0.022067
9.82 0.0077369
9.83 0.0039193
9.84 -0.00021346
9.85 -0.024732
9.86 -0.03796
9.87 -0.011431
9.88 0.013577
9.89 0.011137
9.9 0.0043618
9.91 0.012193
9.92 0.014622
9.93 0.0061296
9.94 0.00083982
9.95 -0.0034965
9.96 -0.010067
9.97 -0.021711
9.98 -0.01641
9.99 0.019714
10 0.063287
10.01 0.071504
10.02 0.03948
10.03 0.0035728
10.04 -0.014468
10.05 -0.023512
10.06 -0.018859
10.07 0.0056559
10.08 0.020623
10.09 0.01064
10.1 0.0036531
10.11 0.017044
10.12 0.012774
10.13 -0.017357
10.14 -0.02687
10.15 -0.0028504
10.16 0.023311
10.17 0.021933
10.18 -0.0049922
10.19 -0.035437
10.2 -0.047855
10.21 -0.033998
10.22 -0.0047455
10.23 0.012326
10.24 0.0050823
10.25 -0.0028328
10.26 0.0047769
10.27 0.017271
10.28 0.011864
10.29 -0.0042972
10.3 -0.015842
10.31 -0.025292
10.32 -0.024887
10.33 -0.01416
10.34 -0.011045
10.35 -0.013132
10.36 -0.015754
10.37 -0.016464
10.38 -0.014702
10.39 -0.023001
10.4 -0.03592
10.41 -0.045366
10.42 -0.038736
10.43 -0.012208
10.44 0.0096928
10.45 0.0082774
10.46 -0.0019381
10.47 0.018111
10.48 0.054973
10.49 0.059333
10.5 0.028824
10.51 0.0035945
10.52 0.00082824
10.53 0.00077539
10.54 -0.0036961
10.55 0.002647
10.56 0.022056
10.57 0.039742
10.58 0.045249
10.59 0.041707
10.6 0.044638
10.61 0.061569
10.62 0.064918
10.63 0.050369
10.64 0.046336
10.65 0.050261
10.66 0.039797
10.67 0.014634
10.68 0.00084591
10.69 -0.011392
10.7 -0.033256
10.71 -0.035797
10.72 -0.029548
10.73 -0.04604
10.74 -0.067383
10.75 -0.077001
10.76 -0.092346
10.77 -0.11675
10.78 -0.12223
10.79 -0.098611
10.8 -0.067355
10.81 -0.048487
10.82 -0.036592
10.83 -0.013506
10.84 0.0084557
10.85 0.016835
10.86 0.020644
10.87 0.027749
10.88 0.032483
10.89 0.030419
10.9 0.025204
10.91 0.03112
10.92 0.047747
10.93 0.064456
10.94 0.085498
10.95 0.10386
10.96 0.12075
10.97 0.14962
10.98 0.18169
10.99 0.18339
11 0.13622
11.01 0.070837
11.02 0.051263
11.03 0.068155
11.04 0.065359
11.05 0.029625
11.06 -0.020634
11.07 -0.062375
11.08 -0.092017
11.09 -0.10705
11.1 -0.10713
11.11 -0.10261
11.12 -0.083487
11.13 -0.049751
11.14 -0.031045
11.15 -0.034232
11.16 -0.055627
11.17 -0.089575
11.18 -0.10724
11.19 -0.077696
11.2 -0.0038701
11.21 0.060721
11.22 0.061283
11.23 0.00014327
11.24 -0.079564
11.25 -0.13112
11.26 -0.14592
11.27 -0.13228
11.28 -0.090746
11.29 -0.04001
11.3 0.0030505
11.31 0.029223
11.32 0.007195
11.33 -0.052594
11.34 -0.079397
11.35 -0.044005
11.36 0.023068
11.37 0.096583
11.38 0.16355
11.39 0.18547
11.4 0.14286
11.41 0.074999
11.42 0.028806
11.43 -0.0064953
11.44 -0.057058
11.45 -0.11064
11.46 -0.13059
11.47 -0.11719
11.48 -0.10582
11.49 -0.093671
11.5 -0.068381
11.51 -0.02851
11.52 0.0049653
11.53 0.021721
11.54 0.038746
11.55 0.064482
11.56 0.096158
11.57 0.10911
11.58 0.11525
11.59 0.11808
11.6 0.10203
11.61 0.072834
11.62 0.045956
11.63 0.029715
11.64 0.02428
11.65 0.026678
11.66 0.021745
11.67 -0.0040109
11.68 -0.045196
11.69 -0.062447
11.7 -0.054882
11.71 -0.045291
11.72 -0.024381
11.73 0.0080272
11.74 0.031475
11.75 0.019965
11.76 -0.012294
11.77 -0.042543
11.78 -0.069105
11.79 -0.09186
11.8 -0.10628
11.81 -0.11574
11.82 -0.13631
11.83 -0.16714
11.84 -0.19125
11.85 -0.18608
11.86 -0.13521
11.87 -0.045221
11.88 0.053454
11.89 0.1411
11.9 0.19655
11.91 0.19894
11.92 0.17207
11.93 0.15979
11.94 0.16745
11.95 0.1559
11.96 0.10138
11.97 0.038584
11.98 -0.0041928
11.99 -0.034731
12 -0.047245
12.01 -0.023617
12.02 0.038926
12.03 0.1184
12.04 0.18308
12.05 0.20486
12.06 0.16978
12.07 0.1103
12.08 0.06617
12.09 0.022904
12.1 -0.049528
12.11 -0.1426
12.12 -0.18665
12.13 -0.1479
12.14 -0.10304
12.15 -0.098727
12.16 -0.092265
12.17 -0.055797
12.18 -0.019191
12.19 -0.013165
12.2 -0.010164
12.21 0.017757
12.22 0.049179
12.23 0.061783
12.24 0.064522
12.25 0.057722
12.26 0.041751
12.27 0.025475
12.28 0.0064769
12.29 -0.011597
12.3 -0.023063
12.31 -0.028314
12.32 -0.028641
12.33 -0.019107
12.34 -0.014954
12.35 -0.020712
12.36 -0.01263
12.37 0.020862
12.38 0.068143
12.39 0.10649
12.4 0.12221
12.41 0.12556
12.42 0.13634
12.43 0.13646
12.44 0.1028
12.45 0.040324
12.46 -0.042004
12.47 -0.1205
12.48 -0.17989
12.49 -0.21209
12.5 -0.2
12.51 -0.14122
12.52 -0.062321
12.53 -0.016166
12.54 -0.029702
12.55 -0.079745
12.56 -0.1259
12.57 -0.15805
12.58 -0.1789
12.59 -0.18883
12.6 -0.19943
12.61 -0.19849
12.62 -0.15319
12.63 -0.053682
12.64 0.046407
12.65 0.092995
12.66 0.097756
12.67 0.10333
12.68 0.12768
12.69 0.16804
12.7 0.21456
12.71 0.25899
12.72 0.28716
12.73 0.26558
12.74 0.18588
12.75 0.070276
12.76 -0.021513
12.77 -0.069093
12.78 -0.082742
12.79 -0.082464
12.8 -0.12293
12.81 -0.19945
12.82 -0.26493
12.83 -0.27522
12.84 -0.21761
12.85 -0.11365
12.86 -0.0069392
12.87 0.073931
12.88 0.11929
12.89 0.10511
12.9 0.051979
12.91 0.011886
12.92 0.001945
12.93 0.015567
12.94 0.037842
12.95 0.066104
12.96 0.10995
12.97 0.16217
12.98 0.19967
12.99 0.19601
13 0.15115
13.01 0.10588
13.02 0.090804
13.03 0.096098
13.04 0.099356
13.05 0.09998
13.06 0.087482
13.07 0.052358
13.08 0.0078202
13.09 -0.050354
13.1 -0.092263
13.11 -0.087319
13.12 -0.066462
13.13 -0.062114
13.14 -0.080264
13.15 -0.11333
13.16 -0.14231
13.17 -0.14294
13.18 -0.10913
13.19 -0.05263
13.2 0.0013382
13.21 0.035164
13.22 0.036532
13.23 -0.0078102
13.24 -0.079678
13.25 -0.12462
13.26 -0.12694
13.27 -0.12211
13.28 -0.13304
13.29 -0.14594
13.3 -0.1326
13.31 -0.08312
13.32 -0.01428
13.33 0.040728
13.34 0.063259
13.35 0.061624
13.36 0.053946
13.37 0.046501
13.38 0.033369
13.39 0.012268
13.4 0.0018023
13.41 0.023707
13.42 0.066096
13.43 0.080243
13.44 0.048805
13.45 -0.00024745
13.46 -0.04061
13.47 -0.058829
13.48 -0.056099
13.49 -0.033625
13.5 0.0088501
13.51 0.042535
13.52 0.0457
13.53 0.041155
13.54 0.057876
13.55 0.084577
13.56 0.090429
13.57 0.069348
13.58 0.050853
13.59 0.064066
13.6 0.084101
13.61 0.082214
13.62 0.046082
13.63 -0.027889
13.64 -0.10694
13.65 -0.14188
13.66 -0.11113
13.67 -0.033746
13.68 0.051114
13.69 0.099297
13.7 0.091549
13.71 0.043729
13.72 0.01212
13.73 0.030894
13.74 0.079604
13.75 0.13755
13.76 0.19137
13.77 0.23124
13.78 0.23276
13.79 0.18047
13.8 0.087496
13.81 -0.013227
13.82 -0.10215
13.83 -0.1609
13.84 -0.16616
13.85 -0.13755
13.86 -0.10956
13.87 -0.097574
13.88 -0.094565
13.89 -0.094191
13.9 -0.11556
13.91 -0.1549
13.92 -0.18257
13.93 -0.19297
13.94 -0.18884
13.95 -0.14804
13.96 -0.070213
13.97 0.00053192
13.98 0.0027931
13.99 -0.075162
14 -0.15492
14.01 -0.1871
14.02 -0.16943
14.03 -0.11206
14.04 -0.043693
14.05 0.039099
14.06 0.15379
14.07 0.26828
14.08 0.33377
14.09 0.35336
14.1 0.34802
14.11 0.32226
14.12 0.27479
14.13 0.20467
14.14 0.13521
14.15 0.083514
14.16 0.026033
14.17 -0.056765
14.18 -0.17347
14.19 -0.30242
14.2 -0.4019
14.21 -0.41063
14.22 -0.31647
14.23 -0.17882
14.24 -0.050038
14.25 0.026791
14.26 0.042067
14.27 0.016963
14.28 -0.0039355
14.29 -0.0094876
14.3 -0.0074751
14.31 -0.0064884
14.32 0.00027558
14.33 0.017643
14.34 0.018852
14.35 -0.010194
14.36 -0.054721
14.37 -0.089061
14.38 -0.093566
14.39 -0.080649
14.4 -0.07607
14.41 -0.047
14.42 0.023297
14.43 0.11387
14.44 0.19456
14.45 0.24151
14.46 0.23747
14.47 0.18842
14.48 0.13295
14.49 0.11524
14.5 0.13621
14.51 0.127
14.52 0.056958
14.53 -0.024265
14.54 -0.077597
14.55 -0.1212
14.56 -0.15745
14.57 -0.17921
14.58 -0.19269
14.59 -0.19296
14.6 -0.15836
14.61 -0.10589
14.62 -0.080676
14.63 -0.1017
14.64 -0.14149
14.65 -0.15279
14.66 -0.12096
14.67 -0.065574
14.68 -0.0045423
14.69 0.052402
14.7 0.092947
14.71 0.12206
14.72 0.1558
14.73 0.19891
14.74 0.24102
14.75 0.26844
14.76 0.25839
14.77 0.20904
14.78 0.16133
14.79 0.1372
14.8 0.10509
14.81 0.043921
14.82 -0.025274
14.83 -0.081408
14.84 -0.12984
14.85 -0.16607
14.86 -0.17764
14.87 -0.16984
14.88 -0.16555
14.89 -0.16261
14.9 -0.14222
14.91 -0.11909
14.92 -0.11287
14.93 -0.10243
14.94 -0.064654
14.95 -0.016702
14.96 0.029657
14.97 0.084423
14.98 0.13554
14.99 0.16395
15 0.16618
15.01 0.14886
15.02 0.13069
15.03 0.1079
15.04 0.071801
15.05 0.036325
15.06 0.011834
15.07 0.0083691
15.08 0.029056
15.09 0.050813
15.1 0.059072
15.11 0.065272
15.12 0.061737
15.13 0.047114
15.14 0.035329
15.15 0.013614
15.16 -0.027796
15.17 -0.078102
15.18 -0.11602
15.19 -0.13809
15.2 -0.152
15.21 -0.16239
15.22 -0.16077
15.23 -0.15103
15.24 -0.13494
15.25 -0.10595
15.26 -0.081651
15.27 -0.077383
15.28 -0.083151
15.29 -0.082984
15.3 -0.080476
15.31 -0.068362
15.32 -0.032344
15.33 0.023557
15.34 0.072943
15.35 0.11633
15.36 0.16328
15.37 0.20514
15.38 0.22503
15.39 0.21054
15.4 0.18579
15.41 0.17343
15.42 0.16264
15.43 0.14622
15.44 0.13814
15.45 0.13503
15.46 0.11979
15.47 0.094233
15.48 0.073573
15.49 0.042457
15.5 -0.022355
15.51 -0.1094
15.52 -0.19603
15.53 -0.27108
15.54 -0.31088
15.55 -0.29757
15.56 -0.25095
15.57 -0.18241
15.58 -0.088967
15.59 0.010196
15.6 0.08353
15.61 0.11227
15.62 0.094276
15.63 0.048796
15.64 0.022692
15.65 0.050838
15.66 0.11509
15.67 0.16484
15.68 0.16484
15.69 0.11264
15.7 0.044873
15.71 0.0064076
15.72 0.0082538
15.73 0.022533
15.74 0.012459
15.75 -0.01158
15.76 -0.0011413
15.77 0.054773
15.78 0.11883
15.79 0.1575
15.8 0.17455
15.81 0.19521
15.82 0.22144
15.83 0.21934
15.84 0.17945
15.85 0.12035
15.86 0.046424
15.87 -0.033207
15.88 -0.11581
15.89 -0.1836
15.9 -0.19422
15.91 -0.13246
15.92 -0.057169
15.93 -0.024746
15.94 -0.020586
15.95 -0.014103
15.96 0.012334
15.97 0.038953
15.98 0.04825
15.99 0.039752
16 0.037197
16.01 0.054519
16.02 0.052348
16.03 -0.0041268
16.04 -0.090966
16.05 -0.16814
16.06 -0.21964
16.07 -0.21345
16.08 -0.14713
16.09 -0.069758
16.1 -0.043446
16.11 -0.081375
16.12 -0.1507
16.13 -0.20641
16.14 -0.23415
16.15 -0.25364
16.16 -0.23983
16.17 -0.19788
16.18 -0.1724
16.19 -0.18493
16.2 -0.21111
16.21 -0.2262
16.22 -0.22715
16.23 -0.20352
16.24 -0.14429
16.25 -0.032218
16.26 0.082632
16.27 0.13861
16.28 0.14346
16.29 0.13981
16.3 0.16958
16.31 0.23176
16.32 0.28244
16.33 0.28248
16.34 0.21354
16.35 0.10129
16.36 0.029071
16.37 0.050934
16.38 0.13058
16.39 0.21217
16.4 0.21772
16.41 0.14741
16.42 0.096593
16.43 0.078781
16.44 0.059617
16.45 0.020523
16.46 -0.050746
16.47 -0.1488
16.48 -0.23557
16.49 -0.29607
16.5 -0.32598
16.51 -0.32668
16.52 -0.32169
16.53 -0.29199
16.54 -0.2325
16.55 -0.17506
16.56 -0.13225
16.57 -0.091984
16.58 -0.0601
16.59 -0.025276
16.6 0.038399
16.61 0.10664
16.62 0.16037
16.63 0.21072
16.64 0.26737
16.65 0.31838
16.66 0.33914
16.67 0.31771
16.68 0.256
16.69 0.16484
16.7 0.080849
16.71 0.025597
16.72 -0.0125
16.73 -0.037819
16.74 -0.041648
16.75 -0.0048882
16.76 0.064124
16.77 0.13953
16.78 0.20486
16.79 0.24602
16.8 0.23705
16.81 0.15175
16.82 -0.0014289
16.83 -0.17565
16.84 -0.32154
16.85 -0.42377
16.86 -0.45146
16.87 -0.39331
16.88 -0.28662
16.89 -0.17518
16.9 -0.077305
16.91 0.040696
16.92 0.19771
16.93 0.3552
16.94 0.46297
16.95 0.50507
16.96 0.49404
16.97 0.45478
16.98 0.41093
16.99 0.36163
17 0.29217
17.01 0.18099
17.02 0.040265
17.03 -0.11264
17.04 -0.26491
17.05 -0.37843
17.06 -0.40624
17.07 -0.34173
17.08 -0.24375
17.09 -0.16432
17.1 -0.10304
17.11 -0.033075
17.12 0.044133
17.13 0.11446
17.14 0.17079
17.15 0.19868
17.16 0.1898
17.17 0.15526
17.18 0.11372
17.19 0.078936
17.2 0.041119
17.21 -0.014927
17.22 -0.089211
17.23 -0.16967
17.24 -0.23686
17.25 -0.27093
17.26 -0.27874
17.27 -0.27619
17.28 -0.24336
17.29 -0.18245
17.3 -0.12462
17.31 -0.056366
17.32 0.026261
17.33 0.11225
17.34 0.20669
17.35 0.26824
17.36 0.25852
17.37 0.21542
17.38 0.18267
17.39 0.1551
17.4 0.11311
17.41 0.048803
17.42 -0.028387
17.43 -0.071057
17.44 -0.058079
17.45 -0.0011723
17.46 0.066808
17.47 0.085545
17.48 0.028781
17.49 -0.091163
17.5 -0.21458
17.51 -0.27646
17.52 -0.27682
17.53 -0.23224
17.54 -0.15076
17.55 -0.055368
17.56 0.039288
17.57 0.123
17.58 0.17204
17.59 0.15978
17.6 0.082164
17.61 -0.022556
17.62 -0.095306
17.63 -0.1113
17.64 -0.10659
17.65 -0.11524
17.66 -0.13989
17.67 -0.162
17.68 -0.1557
17.69 -0.13356
17.7 -0.12704
17.71 -0.15159
17.72 -0.18752
17.73 -0.20947
17.74 -0.18702
17.75 -0.10038
17.76 0.010909
17.77 0.091654
17.78 0.12724
17.79 0.13048
17.8 0.11987
17.81 0.13084
17.82 0.1729
17.83 0.22161
17.84 0.25193
17.85 0.24933
17.86 0.19331
17.87 0.11635
17.88 0.079985
17.89 0.071879
17.9 0.071669
17.91 0.051876
17.92 -0.015994
17.93 -0.10778
17.94 -0.18489
17.95 -0.22148
17.96 -0.21163
17.97 -0.17847
17.98 -0.15825
17.99 -0.14024
18 -0.090409
18.01 -0.017881
18.02 0.027665
18.03 0.02875
18.04 0.024874
18.05 0.043736
18.06 0.073918
18.07 0.097002
18.08 0.11496
18.09 0.11522
18.1 0.10184
18.11 0.084398
18.12 0.049541
18.13 -0.0019983
18.14 -0.054636
18.15 -0.081188
18.16 -0.058602
18.17 -0.013815
18.18 -0.00070817
18.19 -0.02859
18.2 -0.059828
18.21 -0.07297
18.22 -0.067459
18.23 -0.045152
18.24 -0.01296
18.25 0.026064
18.26 0.063916
18.27 0.10245
18.28 0.1465
18.29 0.1892
18.3 0.1984
18.31 0.15337
18.32 0.081679
18.33 0.013816
18.34 -0.047081
18.35 -0.10522
18.36 -0.15788
18.37 -0.18378
18.38 -0.16429
18.39 -0.1036
18.4 -0.037318
18.41 -0.016331
18.42 -0.022363
18.43 -0.022887
18.44 -0.0085841
18.45 0.0098851
18.46 0.025964
18.47 0.046228
18.48 0.077979
18.49 0.10869
18.5 0.098897
18.51 0.05836
18.52 0.028719
18.53 0.025056
18.54 0.041348
18.55 0.071078
18.56 0.10527
18.57 0.13447
18.58 0.14931
18.59 0.13296
18.6 0.077039
18.61 -0.00089998
18.62 -0.055654
18.63 -0.061826
18.64 -0.028308
18.65 0.023662
18.66 0.077272
18.67 0.12353
18.68 0.14909
18.69 0.15201
18.7 0.12916
18.71 0.078116
18.72 -0.00059652
18.73 -0.085018
18.74 -0.15112
18.75 -0.20397
18.76 -0.24866
18.77 -0.27832
18.78 -0.28311
18.79 -0.26245
18.8 -0.23502
18.81 -0.22113
18.82 -0.22524
18.83 -0.22673
18.84 -0.18687
18.85 -0.096402
18.86 0.0039865
18.87 0.071833
18.88 0.097213
18.89 0.099898
18.9 0.10737
18.91 0.12885
18.92 0.1498
18.93 0.15409
18.94 0.14737
18.95 0.12799
18.96 0.07108
18.97 -0.017932
18.98 -0.11421
18.99 -0.18607
19 -0.20342
19.01 -0.15855
19.02 -0.080407
19.03 -0.017196
19.04 0.028231
19.05 0.063764
19.06 0.089843
19.07 0.1032
19.08 0.096544
19.09 0.072742
19.1 0.058037
19.11 0.068253
19.12 0.092507
19.13 0.10353
19.14 0.078349
19.15 0.038803
19.16 0.020948
19.17 0.026841
19.18 0.03328
19.19 0.025439
19.2 0.015016
19.21 0.017922
19.22 0.034296
19.23 0.055385
19.24 0.078425
19.25 0.10224
19.26 0.10254
19.27 0.06607
19.28 0.025015
19.29 0.0076455
19.3 0.0022422
19.31 -0.012039
19.32 -0.042836
19.33 -0.087755
19.34 -0.13413
19.35 -0.17301
19.36 -0.19941
19.37 -0.1996
19.38 -0.17724
19.39 -0.1522
19.4 -0.13116
19.41 -0.099879
19.42 -0.044829
19.43 0.029928
19.44 0.10216
19.45 0.15507
19.46 0.17939
19.47 0.16656
19.48 0.12282
19.49 0.068586
19.5 0.030745
19.51 0.0076416
19.52 -0.010593
19.53 -0.022335
19.54 -0.028234
19.55 -0.032245
19.56 -0.042277
19.57 -0.05341
19.58 -0.066174
19.59 -0.079514
19.6 -0.076738
19.61 -0.056674
19.62 -0.035646
19.63 -0.027286
19.64 -0.03231
19.65 -0.043766
19.66 -0.058704
19.67 -0.067586
19.68 -0.065411
19.69 -0.063925
19.7 -0.067228
19.71 -0.056736
19.72 -0.025311
19.73 0.015633
19.74 0.044151
19.75 0.055794
19.76 0.062671
19.77 0.056604
19.78 0.034696
19.79 -0.0097489
19.8 -0.052807
19.81 -0.060544
19.82 -0.045544
19.83 -0.016407
19.84 0.023791
19.85 0.06531
19.86 0.090226
19.87 0.099473
19.88 0.098727
19.89 0.097703
19.9 0.096728
19.91 0.077176
19.92 0.046152
19.93 0.011418
19.94 -0.02459
19.95 -0.060323
19.96 -0.083029
19.97 -0.083438
19.98 -0.061885
19.99 -0.02311
20 0.021986
20.01 0.054778
20.02 0.065171
20.03 0.057266
20.04 0.037417
20.05 0.020013
20.06 0.011626
20.07 0.0071855
20.08 0.0062144
20.09 0.017049
20.1 0.041645
20.11 0.079289
20.12 0.12502
20.13 0.15455
20.14 0.14735
20.15 0.10571
20.16 0.059827
20.17 0.034457
20.18 0.031052
20.19 0.042658
20.2 0.045275
20.21 0.039795
20.22 0.022943
20.23 -0.0066204
20.24 -0.037592
20.25 -0.062128
20.26 -0.065217
20.27 -0.039164
20.28 0.007438
20.29 0.049613
20.3 0.08063
20.31 0.097022
20.32 0.094549
20.33 0.075187
20.34 0.042842
20.35 0.0020073
20.36 -0.028173
20.37 -0.046486
20.38 -0.060448
20.39 -0.072228
20.4 -0.077942
20.41 -0.067758
20.42 -0.036856
20.43 0.0098265
20.44 0.040024
20.45 0.033306
20.46 0.0091001
20.47 -0.00088037
20.48 0.011453
20.49 0.035249
20.5 0.041001
20.51 0.02604
20.52 0.020187
20.53 0.03513
20.54 0.055579
20.55 0.051595
20.56 0.027058
20.57 -0.0079948
20.58 -0.048424
20.59 -0.099129
20.6 -0.1571
20.61 -0.20544
20.62 -0.22394
20.63 -0.1994
20.64 -0.15653
20.65 -0.12089
20.66 -0.11101
20.67 -0.12105
20.68 -0.12891
20.69 -0.12492
20.7 -0.11691
20.71 -0.10673
20.72 -0.09277
20.73 -0.069076
20.74 -0.026824
20.75 0.021914
20.76 0.056342
20.77 0.07422
20.78 0.089247
20.79 0.10266
20.8 0.10294
20.81 0.087194
20.82 0.075387
20.83 0.084193
20.84 0.090549
20.85 0.079322
20.86 0.062323
20.87 0.060671
20.88 0.07229
20.89 0.084042
20.9 0.086219
20.91 0.057908
20.92 0.0041725
20.93 -0.049914
20.94 -0.080732
20.95 -0.077036
20.96 -0.045965
20.97 -0.011178
20.98 0.01169
20.99 0.019329
21 0.015046
21.01 0.0086087
21.02 0.0065492
21.03 -0.0016224
21.04 -0.014706
21.05 -0.02917
21.06 -0.041482
21.07 -0.051758
21.08 -0.06187
21.09 -0.069007
21.1 -0.075282
21.11 -0.075012
21.12 -0.074139
21.13 -0.074679
21.14 -0.074287
21.15 -0.068297
21.16 -0.051642
21.17 -0.027989
21.18 -0.0028675
21.19 0.026831
21.2 0.066023
21.21 0.10682
21.22 0.13008
21.23 0.12563
21.24 0.090733
21.25 0.044737
21.26 0.017806
21.27 0.0088965
21.28 0.013421
21.29 0.027415
21.3 0.045506
21.31 0.063944
21.32 0.074923
21.33 0.077474
21.34 0.07765
21.35 0.079339
21.36 0.067
21.37 0.031217
21.38 -0.01108
21.39 -0.0383
21.4 -0.032944
21.41 -0.0026463
21.42 0.032986
21.43 0.06189
21.44 0.075759
21.45 0.081759
21.46 0.083946
21.47 0.077072
21.48 0.059993
21.49 0.033611
21.5 0.0079567
21.51 -0.0089952
21.52 -0.01732
21.53 -0.0078872
21.54 0.027291
21.55 0.079658
21.56 0.1195
21.57 0.13191
21.58 0.13589
21.59 0.1357
21.6 0.12221
21.61 0.10179
21.62 0.097437
21.63 0.10774
21.64 0.11381
21.65 0.10038
21.66 0.065142
21.67 0.02839
21.68 0.0012397
21.69 -0.017478
21.7 -0.035816
21.71 -0.061368
21.72 -0.091261
21.73 -0.11768
21.74 -0.14092
21.75 -0.16081
21.76 -0.17553
21.77 -0.1867
21.78 -0.19226
21.79 -0.18886
21.8 -0.18021
21.81 -0.1658
21.82 -0.13504
21.83 -0.076719
21.84 -0.0053931
21.85 0.044952
21.86 0.056019
21.87 0.039204
21.88 0.028211
21.89 0.033098
21.9 0.047278
21.91 0.056363
21.92 0.049038
21.93 0.033323
21.94 0.012344
21.95 -0.013461
21.96 -0.027418
21.97 -0.010199
21.98 0.029638
21.99 0.057981
22 0.055702
22.01 0.03909
22.02 0.026132
22.03 0.011935
22.04 -0.011858
22.05 -0.035041
22.06 -0.048774
22.07 -0.061253
22.08 -0.077375
22.09 -0.079033
22.1 -0.054563
22.11 -0.01722
22.12 0.011526
22.13 0.024605
22.14 0.025059
22.15 0.021387
22.16 0.028178
22.17 0.053791
22.18 0.090966
22.19 0.11975
22.2 0.12799
22.21 0.11764
22.22 0.097076
22.23 0.072158
22.24 0.04965
22.25 0.023235
22.26 -0.0095416
22.27 -0.041008
22.28 -0.069078
22.29 -0.097287
22.3 -0.1273
22.31 -0.15121
22.32 -0.16788
22.33 -0.17954
22.34 -0.18126
22.35 -0.1609
22.36 -0.12675
22.37 -0.095905
22.38 -0.085844
22.39 -0.092046
22.4 -0.093006
22.41 -0.080294
22.42 -0.055086
22.43 -0.033559
22.44 -0.020963
22.45 -0.015215
22.46 -0.012582
22.47 -0.011237
22.48 -0.015934
22.49 -0.02659
22.5 -0.034219
22.51 -0.035585
22.52 -0.03528
22.53 -0.036478
22.54 -0.032547
22.55 -0.01117
22.56 0.014683
22.57 0.02667
22.58 0.02467
22.59 0.011925
22.6 -0.0052464
22.61 -0.015712
22.62 -0.0049801
22.63 0.024433
22.64 0.053018
22.65 0.075042
22.66 0.094817
22.67 0.11388
22.68 0.12483
22.69 0.11762
22.7 0.09614
22.71 0.065455
22.72 0.029926
22.73 -0.015338
22.74 -0.065754
22.75 -0.1034
22.76 -0.11607
22.77 -0.096668
22.78 -0.058923
22.79 -0.017214
22.8 0.024053
22.81 0.058213
22.82 0.078341
22.83 0.080841
22.84 0.071912
22.85 0.062113
22.86 0.050232
22.87 0.029909
22.88 0.0021929
22.89 -0.027126
22.9 -0.042275
22.91 -0.036923
22.92 -0.021002
22.93 -0.0021767
22.94 0.010447
22.95 0.011422
22.96 0.0029055
22.97 -0.012886
22.98 -0.026063
22.99 -0.025006
23 -0.011335
23.01 -0.0020652
23.02 -0.0063722
23.03 -0.023726
23.04 -0.052398
23.05 -0.087383
23.06 -0.12147
23.07 -0.14222
23.08 -0.14563
23.09 -0.13349
23.1 -0.11214
23.11 -0.074599
23.12 -0.021145
23.13 0.027111
23.14 0.051101
23.15 0.047839
23.16 0.040173
23.17 0.03745
23.18 0.033567
23.19 0.026655
23.2 0.020504
23.21 0.017072
23.22 0.013115
23.23 0.015672
23.24 0.032534
23.25 0.054875
23.26 0.064562
23.27 0.056851
23.28 0.048319
23.29 0.046373
23.3 0.047602
23.31 0.051833
23.32 0.053622
23.33 0.049576
23.34 0.044329
23.35 0.045324
23.36 0.054623
23.37 0.068865
23.38 0.079302
23.39 0.08653
23.4 0.09299
23.41 0.09367
23.42 0.092947
23.43 0.091446
23.44 0.073409
23.45 0.036095
23.46 0.0043091
23.47 -0.013512
23.48 -0.02658
23.49 -0.048242
23.5 -0.079439
23.51 -0.10714
23.52 -0.11768
23.53 -0.1082
23.54 -0.081927
23.55 -0.051527
23.56 -0.032244
23.57 -0.029656
23.58 -0.043089
23.59 -0.060652
23.6 -0.067524
23.61 -0.053747
23.62 -0.029145
23.63 -0.0049236
23.64 0.0081697
23.65 0.0014312
23.66 -0.017202
23.67 -0.022138
23.68 0.00065984
23.69 0.038497
23.7 0.07353
23.71 0.10303
23.72 0.12431
23.73 0.13047
23.74 0.11947
23.75 0.089723
23.76 0.047305
23.77 -0.0008398
23.78 -0.045118
23.79 -0.065231
23.8 -0.062025
23.81 -0.05538
23.82 -0.051463
23.83 -0.049564
23.84 -0.043916
23.85 -0.034677
23.86 -0.030128
23.87 -0.042126
23.88 -0.062199
23.89 -0.075126
23.9 -0.075723
23.91 -0.062334
23.92 -0.043319
23.93 -0.027453
23.94 -0.018129
23.95 -0.010417
23.96 -0.0042776
23.97 0.0024139
23.98 0.0089136
23.99 0.0096888
24 0.0062177
24.01 -0.0076997
24.02 -0.025004
24.03 -0.032561
24.04 -0.019636
24.05 0.0058027
24.06 0.024053
24.07 0.025991
24.08 0.014607
24.09 -0.0073063
24.1 -0.037038
24.11 -0.05973
24.12 -0.065312
24.13 -0.052285
24.14 -0.034487
24.15 -0.01855
24.16 -0.0053818
24.17 0.0069558
24.18 0.019436
24.19 0.031805
24.2 0.03957
24.21 0.040611
24.22 0.032526
24.23 0.018189
24.24 0.0029835
24.25 -0.0041211
24.26 0.0040192
24.27 0.014769
24.28 0.015166
24.29 0.0065759
24.3 -0.0036963
24.31 -0.0015565
24.32 0.01804
24.33 0.045821
24.34 0.065735
24.35 0.067393
24.36 0.058943
24.37 0.051059
24.38 0.041817
24.39 0.034736
24.4 0.04288
24.41 0.060325
24.42 0.067771
24.43 0.055695
24.44 0.030274
24.45 0.0016326
24.46 -0.027181
24.47 -0.05494
24.48 -0.073722
24.49 -0.080578
24.5 -0.070721
24.51 -0.045876
24.52 -0.023287
24.53 -0.021228
24.54 -0.036559
24.55 -0.046651
24.56 -0.030216
24.57 0.0054051
24.58 0.034096
24.59 0.036478
24.6 0.019193
24.61 0.0060571
24.62 0.0084298
24.63 0.023718
24.64 0.04271
24.65 0.060065
24.66 0.077565
24.67 0.088953
24.68 0.090075
24.69 0.089544
24.7 0.091596
24.71 0.088879
24.72 0.087483
24.73 0.092226
24.74 0.10026
24.75 0.10896
24.76 0.11224
24.77 0.10313
24.78 0.077377
24.79 0.04251
24.8 0.013414
24.81 -0.00057578
24.82 -0.013724
24.83 -0.030351
24.84 -0.042589
24.85 -0.04317
24.86 -0.037937
24.87 -0.03392
24.88 -0.032299
24.89 -0.037224
24.9 -0.042587
24.91 -0.035633
24.92 -0.014515
24.93 0.0090033
24.94 0.022531
24.95 0.021378
24.96 0.0076584
24.97 -0.0086573
24.98 -0.011549
24.99 -0.0057951
25 -0.010118
25.01 -0.026829
25.02 -0.032197
25.03 -0.020143
25.04 -0.0034008
25.05 0.0051016
25.06 0.0068106
25.07 0.011456
25.08 0.019585
25.09 0.02695
25.1 0.026885
25.11 0.021511
25.12 0.018191
25.13 0.01705
25.14 0.014377
25.15 0.0031986
25.16 -0.019088
25.17 -0.047176
25.18 -0.070708
25.19 -0.079995
25.2 -0.078327
25.21 -0.068632
25.22 -0.055854
25.23 -0.045183
25.24 -0.039715
25.25 -0.033049
25.26 -0.015607
25.27 0.0084668
25.28 0.033498
25.29 0.0537
25.3 0.064714
25.31 0.058821
25.32 0.038361
25.33 0.020605
25.34 0.017183
25.35 0.018776
25.36 0.01408
25.37 0.0031026
25.38 -0.0061731
25.39 -0.0060889
25.4 -0.001637
25.41 0.0035451
25.42 0.0061528
25.43 0.0087957
25.44 0.009894
25.45 0.012686
25.46 0.012112
25.47 0.0072021
25.48 -0.013524
25.49 -0.041545
25.5 -0.060851
25.51 -0.064682
25.52 -0.045322
25.53 -0.014834
25.54 0.018136
25.55 0.044512
25.56 0.064714
25.57 0.074564
25.58 0.07817
25.59 0.07371
25.6 0.059779
25.61 0.036729
25.62 0.013655
25.63 0.003408
25.64 0.0058982
25.65 0.0099057
25.66 0.013359
25.67 0.017296
25.68 0.018036
25.69 0.016043
25.7 0.012985
25.71 0.01732
25.72 0.028639
25.73 0.037514
25.74 0.031521
25.75 0.016008
25.76 0.0048899
25.77 0.0056006
25.78 0.0045786
25.79 -0.0036536
25.8 -0.015347
25.81 -0.019668
25.82 -0.014997
25.83 -0.014785
25.84 -0.021164
25.85 -0.031494
25.86 -0.036334
25.87 -0.036902
25.88 -0.035839
25.89 -0.038086
25.9 -0.040845
25.91 -0.040046
25.92 -0.038501
25.93 -0.037475
25.94 -0.036001
25.95 -0.028296
25.96 -0.014343
25.97 0.00097246
25.98 0.0097685
25.99 0.012008
26 0.016159
26.01 0.027149
26.02 0.045307
26.03 0.062741
26.04 0.075625
26.05 0.080472
26.06 0.079789
26.07 0.067964
26.08 0.042625
26.09 0.016987
26.1 -0.0073812
26.11 -0.02589
26.12 -0.035576
26.13 -0.041148
26.14 -0.045995
26.15 -0.050191
26.16 -0.050132
26.17 -0.046111
26.18 -0.039588
26.19 -0.034991
26.2 -0.032503
26.21 -0.030032
26.22 -0.028444
26.23 -0.028773
26.24 -0.033464
26.25 -0.044377
26.26 -0.056745
26.27 -0.060353
26.28 -0.050498
26.29 -0.033446
26.3 -0.016215
26.31 -0.0010637
26.32 0.0109
26.33 0.017012
26.34 0.017915
26.35 0.01479
26.36 0.0023467
26.37 -0.015621
26.38 -0.029825
26.39 -0.034715
26.4 -0.029511
26.41 -0.01476
26.42 0.001728
26.43 0.01655
26.44 0.027077
26.45 0.033911
26.46 0.039913
26.47 0.047582
26.48 0.05395
26.49 0.056204
26.5 0.052355
26.51 0.040726
26.52 0.02526
26.53 0.014647
26.54 0.012202
26.55 0.010933
26.56 0.0054457
26.57 -0.0015316
26.58 -0.0028335
26.59 0.00082938
26.6 0.0013756
26.61 -0.0069213
26.62 -0.020618
26.63 -0.034721
26.64 -0.046297
26.65 -0.058592
26.66 -0.071838
26.67 -0.07884
26.68 -0.074277
26.69 -0.060125
26.7 -0.043883
26.71 -0.035269
26.72 -0.027305
26.73 -0.01456
26.74 -0.0071366
26.75 -0.0045759
26.76 -0.0093567
26.77 -0.021291
26.78 -0.033096
26.79 -0.035945
26.8 -0.025009
26.81 -0.0050889
26.82 0.0156
26.83 0.021626
26.84 0.012595
26.85 -0.0010051
26.86 -0.0065905
26.87 -0.0074852
26.88 -0.01226
26.89 -0.020743
26.9 -0.033176
26.91 -0.039609
26.92 -0.042562
26.93 -0.045741
26.94 -0.047828
26.95 -0.04906
26.96 -0.045935
26.97 -0.037869
26.98 -0.02827
26.99 -0.019989
27 -0.0087029
27.01 0.0016809
27.02 0.0048602
27.03 0.0013833
27.04 -0.00046283
27.05 0.0070783
27.06 0.019721
27.07 0.028408
27.08 0.035111
27.09 0.041642
27.1 0.045875
27.11 0.045303
27.12 0.035557
27.13 0.017053
27.14 -0.0061129
27.15 -0.025381
27.16 -0.038911
27.17 -0.053006
27.18 -0.063564
27.19 -0.064694
27.2 -0.056021
27.21 -0.045397
27.22 -0.038094
27.23 -0.034944
27.24 -0.036522
27.25 -0.038006
27.26 -0.03767
27.27 -0.031501
27.28 -0.023699
27.29 -0.013897
27.3 -0.0042002
27.31 0.002922
27.32 0.0081961
27.33 0.012102
27.34 0.014365
27.35 0.013104
27.36 0.0052948
27.37 -0.0087108
27.38 -0.020538
27.39 -0.021575
27.4 -0.014662
27.41 -0.011573
27.42 -0.013482
27.43 -0.014504
27.44 -0.0089555
27.45 -0.0059583
27.46 -0.0038478
27.47 0.00041022
27.48 0.0026381
27.49 0.006671
27.5 0.012358
27.51 0.016436
27.52 0.013372
27.53 0.0055336
27.54 0.00069995
27.55 0.00054724
27.56 0.0016259
27.57 0.0032293
27.58 0.0064811
27.59 0.013705
27.6 0.023909
27.61 0.032165
27.62 0.029886
27.63 0.015596
27.64 -0.0057116
27.65 -0.025498
27.66 -0.039465
27.67 -0.048461
27.68 -0.047523
27.69 -0.042155
27.7 -0.043345
27.71 -0.049038
27.72 -0.050557
27.73 -0.040816
27.74 -0.024451
27.75 -0.0067492
27.76 0.0088675
27.77 0.020405
27.78 0.027004
27.79 0.02718
27.8 0.027621
27.81 0.025782
27.82 0.022538
27.83 0.020191
27.84 0.016685
27.85 0.012374
27.86 0.0075324
27.87 0.0068609
27.88 0.014997
27.89 0.023517
27.9 0.024206
27.91 0.013807
27.92 -0.0027673
27.93 -0.017752
27.94 -0.025667
27.95 -0.026033
27.96 -0.017086
27.97 -0.0066377
27.98 0.0025225
27.99 0.010099
28 0.010408
28.01 0.010659
28.02 0.0093491
28.03 0.0083918
28.04 0.010075
28.05 0.014846
28.06 0.020872
28.07 0.024715
28.08 0.026761
28.09 0.027284
28.1 0.028396
28.11 0.029664
28.12 0.029907
28.13 0.029606
28.14 0.031166
28.15 0.036283
28.16 0.043004
28.17 0.043635
28.18 0.038075
28.19 0.030301
28.2 0.019378
28.21 0.012252
28.22 0.012164
28.23 0.018824
28.24 0.026724
28.25 0.031182
28.26 0.030579
28.27 0.02932
28.28 0.033433
28.29 0.039412
28.3 0.04368
28.31 0.047341
28.32 0.052443
28.33 0.065933
28.34 0.081685
28.35 0.091525
28.36 0.086021
28.37 0.060344
28.38 0.027607
28.39 0.0052006
28.4 -0.0025031
28.41 -0.0046096
28.42 -0.0034075
28.43 -0.0014557
28.44 0.00044137
28.45 0.00021232
28.46 -0.0035113
28.47 -0.0091143
28.48 -0.013302
28.49 -0.010138
28.5 -0.0016299
28.51 0.0045604
28.52 0.0066826
28.53 0.0065436
28.54 0.0067844
28.55 0.005367
28.56 0.0048854
28.57 0.0081078
28.58 0.01633
28.59 0.023376
28.6 0.024923
28.61 0.017284
28.62 0.0024167
28.63 -0.010755
28.64 -0.017194
28.65 -0.012934
28.66 -0.0066946
28.67 -0.0036895
28.68 -0.0058802
28.69 -0.0089362
28.7 -0.011013
28.71 -0.014874
28.72 -0.020309
28.73 -0.02496
28.74 -0.023141
28.75 -0.010309
28.76 0.005183
28.77 0.017248
28.78 0.021428
28.79 0.01781
28.8 0.01265
28.81 0.013586
28.82 0.020584
28.83 0.024435
28.84 0.026597
28.85 0.024813
28.86 0.016708
28.87 -0.0020528
28.88 -0.02442
28.89 -0.04025
28.9 -0.046125
28.91 -0.040855
28.92 -0.033772
28.93 -0.025575
28.94 -0.017349
28.95 -0.014608
28.96 -0.012869
28.97 -0.0073132
28.98 -0.0014694
28.99 -0.0016965
29 -0.0093532
29.01 -0.01211
29.02 -0.0043218
29.03 0.00717
29.04 0.012084
29.05 0.0085267
29.06 0.0051849
29.07 4.3892e-005
29.08 -0.00081555
29.09 0.00055486
29.1 -0.0015282
29.11 -0.0073955
29.12 -0.011567
29.13 -0.010338
29.14 -0.010749
29.15 -0.013535
29.16 -0.018721
29.17 -0.023437
29.18 -0.029197
29.19 -0.03747
29.2 -0.040275
29.21 -0.032094
29.22 -0.018784
29.23 -0.0053066
29.24 0.0050909
29.25 0.012802
29.26 0.016992
29.27 0.017613
29.28 0.01627
29.29 0.010864
29.3 0.0034856
29.31 0.00061162
29.32 0.005455
29.33 0.011814
29.34 0.013407
29.35 0.011737
29.36 0.0085091
29.37 0.0062029
29.38 0.0052377
29.39 0.0050361
29.4 0.0094155
29.41 0.015154
29.42 0.013065
29.43 0.0038967
29.44 0.00046871
29.45 0.0015337
29.46 0.00077607
29.47 0.00035711
29.48 -0.0016202
29.49 -0.0020196
29.5 -0.00061
29.51 0.0040709
29.52 0.0094801
29.53 0.0095349
29.54 0.0030842
29.55 -0.0099092
29.56 -0.019772
29.57 -0.015718
29.58 -0.00052778
29.59 0.014212
29.6 0.020706
29.61 0.019654
29.62 0.012197
29.63 0.0033916
29.64 -0.0053144
29.65 -0.0091222
29.66 -0.0083685
29.67 -0.0059115
29.68 -0.0039773
29.69 -0.0060779
29.7 -0.0084781
29.71 -0.011898
29.72 -0.012732
29.73 -0.011158
29.74 -0.0073035
29.75 -0.002879
29.76 0.00036495
29.77 0.0035639
29.78 0.0090905
29.79 0.016315
29.8 0.025443
29.81 0.035334
29.82 0.04226
29.83 0.047977
29.84 0.053576
29.85 0.058926
29.86 0.061407
29.87 0.058846
29.88 0.054907
29.89 0.046687
29.9 0.034353
29.91 0.024144
29.92 0.017194
29.93 0.012979
29.94 0.0074696
29.95 0.0012048
29.96 -0.002693
29.97 -0.0079593
29.98 -0.01219
29.99 -0.015215
30 -0.014635
30.01 -0.012811
30.02 -0.012076
30.03 -0.01248
30.04 -0.013071
30.05 -0.0059468
30.06 0.0013947
30.07 0.009161
30.08 0.018499
30.09 0.022983
30.1 0.021469
30.11 0.016322
30.12 0.013321
30.13 0.018202
30.14 0.026736
30.15 0.035545
30.16 0.0384
30.17 0.03179
30.18 0.017587
30.19 0.0020839
30.2 -0.0093551
30.21 -0.013893
30.22 -0.016152
30.23 -0.018539
30.24 -0.020919
30.25 -0.022672
30.26 -0.022975
30.27 -0.024667
30.28 -0.028206
30.29 -0.031432
30.3 -0.031013
30.31 -0.024659
30.32 -0.014075
30.33 -0.0026284
30.34 0.0019801
30.35 -0.0043668
30.36 -0.012094
30.37 -0.016977
30.38 -0.018059
30.39 -0.014894
30.4 -0.0090282
30.41 -0.0039929
30.42 -0.0047995
30.43 -0.013102
30.44 -0.02246
30.45 -0.031671
30.46 -0.037646
30.47 -0.039283
30.48 -0.03719
30.49 -0.03662
30.5 -0.043835
30.51 -0.049874
30.52 -0.050888
30.53 -0.044124
30.54 -0.035976
30.55 -0.032975
30.56 -0.030399
30.57 -0.027991
30.58 -0.019762
30.59 -0.0082333
30.6 0.0011932
30.61 0.00041007
30.62 -0.0093218
30.63 -0.017722
30.64 -0.019886
30.65 -0.019567
30.66 -0.019336
30.67 -0.017092
30.68 -0.014095
30.69 -0.0090105
30.7 -0.0073425
30.71 -0.0070214
30.72 -0.0073895
30.73 -0.0066593
30.74 -0.0067258
30.75 -0.01061
30.76 -0.013159
30.77 -0.015369
30.78 -0.016097
30.79 -0.020158
30.8 -0.025716
30.81 -0.030974
30.82 -0.030796
30.83 -0.02192
30.84 -0.00857
30.85 0.0033271
30.86 0.0047426
30.87 -0.0019
30.88 -0.010177
30.89 -0.013999
30.9 -0.019447
30.91 -0.021877
30.92 -0.021317
30.93 -0.022345
30.94 -0.022072
30.95 -0.02069
30.96 -0.014285
30.97 -0.006624
30.98 -0.0026185
30.99 -0.0034759
31 -0.008658
31.01 -0.011283
31.02 -0.013014
31.03 -0.014866
31.04 -0.017945
31.05 -0.020289
31.06 -0.016601
31.07 -0.010111
31.08 -0.0020859
31.09 0.0025324
31.1 0.004169
31.11 0.0073073
31.12 0.010111
31.13 0.010586
31.14 0.010485
31.15 0.012822
31.16 0.020473
31.17 0.029024
31.18 0.033752
31.19 0.03655
31.2 0.036918
31.21 0.033429
31.22 0.028296
31.23 0.025634
31.24 0.021935
31.25 0.019888
31.26 0.015943
31.27 0.0097936
31.28 0.0031667
31.29 0.00031431
31.3 0.0036366
31.31 0.0074502
31.32 0.0097584
31.33 0.0087933
31.34 0.0084193
31.35 0.0077596
31.36 0.011305
31.37 0.01331
31.38 0.014743
31.39 0.018615
31.4 0.023376
31.41 0.028057
31.42 0.026943
31.43 0.021912
31.44 0.012748
31.45 0.0015027
31.46 -0.0084073
31.47 -0.015067
31.48 -0.016722
31.49 -0.01141
31.5 -0.001103
31.51 0.010497
31.52 0.015054
31.53 0.0076794
31.54 -0.0020838
31.55 -0.0039671
31.56 0.0037248
31.57 0.011546
31.58 0.015614
31.59 0.01737
31.6 0.019293
31.61 0.022936
31.62 0.027572
31.63 0.030458
31.64 0.028866
31.65 0.022963
31.66 0.014623
31.67 0.0088541
31.68 0.0061034
31.69 0.0057922
31.7 0.0024954
31.71 -0.0042979
31.72 -0.012078
31.73 -0.016761
31.74 -0.013824
31.75 -0.0090767
31.76 -0.0070799
31.77 -0.0074459
31.78 -0.01272
31.79 -0.016236
31.8 -0.013159
31.81 -0.0091864
31.82 -0.0072423
31.83 -0.0091765
31.84 -0.0064592
31.85 0.00069237
31.86 0.0095668
31.87 0.016544
31.88 0.018263
31.89 0.014766
31.9 0.0063228
31.91 0.0025327
31.92 0.004694
31.93 0.0092712
31.94 0.012981
31.95 0.012167
31.96 0.0033569
31.97 -0.01077
31.98 -0.022495
31.99 -0.030408
32 -0.033356
32.01 -0.032834
32.02 -0.030022
32.03 -0.025753
32.04 -0.020375
32.05 -0.018219
32.06 -0.017123
32.07 -0.015938
32.08 -0.013231
32.09 -0.0081212
32.1 -0.0025025
32.11 -0.0025221
32.12 -0.0079881
32.13 -0.015911
32.14 -0.02356
32.15 -0.025588
32.16 -0.020799
32.17 -0.010232
32.18 -0.0022891
32.19 0.00082175
32.2 -0.00093041
32.21 0.00018159
32.22 0.0063132
32.23 0.014557
32.24 0.020742
32.25 0.019346
32.26 0.0079871
32.27 -0.0071912
32.28 -0.017358
32.29 -0.02004
32.3 -0.020267
32.31 -0.022078
32.32 -0.025002
32.33 -0.024366
32.34 -0.020071
32.35 -0.014574
32.36 -0.014677
32.37 -0.018673
32.38 -0.023726
32.39 -0.02921
32.4 -0.027745
32.41 -0.024263
32.42 -0.019973
32.43 -0.015654
32.44 -0.01105
32.45 -0.0028508
32.46 0.0046199
32.47 0.0081184
32.48 0.011437
32.49 0.013997
32.5 0.015634
32.51 0.014264
32.52 0.013884
32.53 0.015579
32.54 0.015538
32.55 0.014522
32.56 0.012159
32.57 0.0084552
32.58 0.0058181
32.59 0.0043459
32.6 0.0056165
32.61 0.010765
32.62 0.016304
32.63 0.021897
32.64 0.02294
32.65 0.020603
32.66 0.016055
32.67 0.013285
32.68 0.011701
32.69 0.0087783
32.7 0.0081636
32.71 0.011543
32.72 0.013831
32.73 0.012635
32.74 0.010501
32.75 0.010219
32.76 0.011985
32.77 0.010664
32.78 0.0098962
32.79 0.0090446
32.8 0.0076605
32.81 0.01009
32.82 0.014184
32.83 0.020176
32.84 0.027909
32.85 0.030448
32.86 0.027301
32.87 0.02243
32.88 0.016476
32.89 0.0077682
32.9 0.00073608
32.91 -0.0011766
32.92 0.00090837
32.93 0.0044225
32.94 0.0062882
32.95 0.0043031
32.96 -0.00058926
32.97 -0.0074863
32.98 -0.012169
32.99 -0.014554
33 -0.015131
33.01 -0.01222
33.02 -0.0026272
33.03 0.0088568
33.04 0.015402
33.05 0.017633
33.06 0.017363
33.07 0.01873
33.08 0.019728
33.09 0.021754
33.1 0.026533
33.11 0.033775
33.12 0.041989
33.13 0.045537
33.14 0.044394
33.15 0.038391
33.16 0.026255
33.17 0.015308
33.18 0.0059497
33.19 -0.0022336
33.2 -0.0039955
33.21 -0.00011137
33.22 0.0085457
33.23 0.016807
33.24 0.019511
33.25 0.018237
33.26 0.012438
33.27 0.0032951
33.28 -0.0073001
33.29 -0.012474
33.3 -0.0084081
33.31 0.00086954
33.32 0.0098281
33.33 0.018477
33.34 0.026201
33.35 0.032154
33.36 0.03067
33.37 0.021085
33.38 0.011435
33.39 0.0044131
33.4 -0.00056148
33.41 -0.0047295
33.42 -0.010264
33.43 -0.017731
33.44 -0.024943
33.45 -0.031292
33.46 -0.034467
33.47 -0.033081
33.48 -0.025333
33.49 -0.014074
33.5 -0.0024388
33.51 0.0055937
33.52 0.012914
33.53 0.015741
33.54 0.012119
33.55 0.0052942
33.56 -0.0053852
33.57 -0.012088
33.58 -0.014444
33.59 -0.016141
33.6 -0.014788
33.61 -0.01413
33.62 -0.014021
33.63 -0.015706
33.64 -0.016808
33.65 -0.011016
33.66 0.00058992
33.67 0.011727
33.68 0.016522
33.69 0.014721
33.7 0.0088163
33.71 0.0032584
33.72 0.0025242
33.73 0.0036108
33.74 0.0022345
33.75 -0.001587
33.76 -0.001352
33.77 0.0056703
33.78 0.011467
33.79 0.011857
33.8 0.0076359
33.81 0.002583
33.82 -0.0035016
33.83 -0.0088931
33.84 -0.016722
33.85 -0.021119
33.86 -0.022738
33.87 -0.023746
33.88 -0.023257
33.89 -0.024798
33.9 -0.024439
33.91 -0.021837
33.92 -0.019522
33.93 -0.01654
33.94 -0.01284
33.95 -0.012268
33.96 -0.012294
33.97 -0.012327
33.98 -0.012084
33.99 -0.0090555
34 -0.0053651
34.01 -0.0048228
34.02 -0.0048013
34.03 -0.0046936
34.04 -0.0024363
34.05 -0.0024187
34.06 -0.0029688
34.07 -0.003096
34.08 -0.0025028
34.09 -0.0022973
34.1 -0.0041042
34.11 -0.0055843
34.12 -0.009488
34.13 -0.012875
34.14 -0.015498
34.15 -0.016174
34.16 -0.015741
34.17 -0.01293
34.18 -0.0086167
34.19 -0.002213
34.2 0.0060565
34.21 0.014524
34.22 0.019099
34.23 0.018026
34.24 0.014177
34.25 0.011526
34.26 0.010174
34.27 0.010052
34.28 0.010074
34.29 0.010348
34.3 0.011998
34.31 0.01284
34.32 0.015569
34.33 0.016722
34.34 0.0172
34.35 0.014338
34.36 0.010618
34.37 0.0096942
34.38 0.0036429
34.39 -0.00060737
34.4 -0.006829
34.41 -0.011948
34.42 -0.013389
34.43 -0.014654
34.44 -0.01652
34.45 -0.020226
34.46 -0.021447
34.47 -0.017226
34.48 -0.0087397
34.49 0.0030185
34.5 0.015376
34.51 0.024636
34.52 0.028522
34.53 0.026872
34.54 0.02974
34.55 0.035693
34.56 0.042911
34.57 0.044109
34.58 0.036695
34.59 0.026597
34.6 0.017075
34.61 0.0087607
34.62 0.003001
34.63 -0.0010573
34.64 -0.0062061
34.65 -0.0075765
34.66 -0.0070753
34.67 -0.0054289
34.68 -0.0061493
34.69 -0.01048
34.7 -0.016746
34.71 -0.022582
34.72 -0.027306
34.73 -0.032485
34.74 -0.036302
34.75 -0.039724
34.76 -0.041449
34.77 -0.039158
34.78 -0.034898
34.79 -0.028536
34.8 -0.022649
34.81 -0.014579
34.82 -0.0082047
34.83 -0.0059611
34.84 -0.0032399
34.85 -0.0009278
34.86 0.00057184
34.87 -0.0028542
34.88 -0.0048373
34.89 -0.0063741
34.9 -0.010035
34.91 -0.01537
34.92 -0.020662
34.93 -0.02489
34.94 -0.027701
34.95 -0.025863
34.96 -0.022126
34.97 -0.019553
34.98 -0.017138
34.99 -0.019093
35 -0.020035
35.01 -0.019955
35.02 -0.019313
35.03 -0.015979
35.04 -0.012868
35.05 -0.01062
35.06 -0.012952
35.07 -0.014902
35.08 -0.015757
35.09 -0.015967
35.1 -0.01305
35.11 -0.0078871
35.12 -0.0034724
35.13 0.001232
35.14 0.0063437
35.15 0.011258
35.16 0.0153
35.17 0.017327
35.18 0.013977
35.19 0.011731
35.2 0.012027
35.21 0.015107
35.22 0.017675
35.23 0.014966
35.24 0.0084856
35.25 -0.00048864
35.26 -0.005888
35.27 -0.0085172
35.28 -0.0089695
35.29 -0.0072701
35.3 -0.0043746
35.31 -0.00096231
35.32 0.00037679
35.33 -0.0038715
35.34 -0.012251
35.35 -0.020577
35.36 -0.025508
35.37 -0.027468
35.38 -0.030982
35.39 -0.031765
35.4 -0.02747
35.41 -0.022047
35.42 -0.015492
35.43 -0.010894
35.44 -0.007403
35.45 -0.0035326
35.46 0.0011249
35.47 0.0064225
35.48 0.0098446
35.49 0.0098936
35.5 0.0098956
35.51 0.010038
35.52 0.013304
35.53 0.015362
35.54 0.013046
35.55 0.0084665
35.56 0.0061545
35.57 0.010553
35.58 0.016417
35.59 0.020642
35.6 0.025577
35.61 0.030127
35.62 0.033749
35.63 0.037339
35.64 0.042705
35.65 0.048827
35.66 0.052191
35.67 0.051687
35.68 0.046179
35.69 0.037609
35.7 0.029023
35.71 0.024585
35.72 0.025356
35.73 0.025405
35.74 0.02455
35.75 0.021501
35.76 0.018036
35.77 0.015875
35.78 0.012124
35.79 0.0083671
35.8 0.0049157
35.81 0.0038879
35.82 0.0021906
35.83 -0.0008165
35.84 -0.004777
35.85 -0.0084594
35.86 -0.015674
35.87 -0.020448
35.88 -0.020967
35.89 -0.016972
35.9 -0.011063
35.91 -0.0072729
35.92 -0.0050646
35.93 -0.0048492
35.94 -0.0020751
35.95 0.0046047
35.96 0.012682
35.97 0.016848
35.98 0.015942
35.99 0.013111
36 0.010801
36.01 0.007381
36.02 0.0014831
36.03 -0.0022254
36.04 -0.0022569
36.05 -0.00015905
36.06 0.0041344
36.07 0.0070724
36.08 0.0094826
36.09 0.0083622
36.1 0.0047247
36.11 -0.00067509
36.12 -0.005923
36.13 -0.010202
36.14 -0.012888
36.15 -0.012626
36.16 -0.015288
36.17 -0.019059
36.18 -0.021726
36.19 -0.023835
36.2 -0.022379
36.21 -0.018194
36.22 -0.011659
36.23 -0.0038842
36.24 0.0022464
36.25 0.0064578
36.26 0.0076719
36.27 0.0070102
36.28 0.002927
36.29 -0.0032471
36.3 -0.0084283
36.31 -0.011619
36.32 -0.0093921
36.33 -0.005095
36.34 0.0010142
36.35 0.0068787
36.36 0.010953
36.37 0.01571
36.38 0.01931
36.39 0.018736
36.4 0.016341
36.41 0.013617
36.42 0.012728
36.43 0.012639
36.44 0.0097157
36.45 0.008928
36.46 0.010004
36.47 0.01221
36.48 0.015452
36.49 0.015863
36.5 0.012693
36.51 0.0080522
36.52 0.0021499
36.53 -0.00069306
36.54 -0.0035565
36.55 -0.0071404
36.56 -0.011115
36.57 -0.014772
36.58 -0.014242
36.59 -0.011585
36.6 -0.0068441
36.61 -0.0044831
36.62 -0.0027135
36.63 -0.0019767
36.64 -0.0031939
36.65 -0.0050428
36.66 -0.0066731
36.67 -0.0078005
36.68 -0.009542
36.69 -0.011517
36.7 -0.014692
36.71 -0.014598
36.72 -0.012847
36.73 -0.011791
36.74 -0.0094448
36.75 -0.0080774
36.76 -0.007251
36.77 -0.0083852
36.78 -0.010369
36.79 -0.012717
36.8 -0.014694
36.81 -0.016336
36.82 -0.018419
36.83 -0.019983
36.84 -0.020213
36.85 -0.01817
36.86 -0.017288
36.87 -0.014543
36.88 -0.010704
36.89 -0.0058683
36.9 -0.0038011
36.91 -0.0046192
36.92 -0.0038873
36.93 -0.0035307
36.94 -0.00084627
36.95 0.0016302
36.96 0.0026928
36.97 0.002911
36.98 0.0020262
36.99 0.0019109
37 -0.00023355
37.01 -0.001915
37.02 -0.0019985
37.03 -0.001333
37.04 0.0014868
37.05 0.0040065
37.06 0.0064125
37.07 0.0073608
37.08 0.0066899
37.09 0.0044024
37.1 0.0017941
37.11 -0.0029055
37.12 -0.0075117
37.13 -0.011524
37.14 -0.013966
37.15 -0.013178
37.16 -0.011758
37.17 -0.0092439
37.18 -0.0083487
37.19 -0.0058743
37.2 -0.003489
37.21 -0.0025089
37.22 -0.0013588
37.23 0.00012382
37.24 0.0024797
37.25 0.0049966
37.26 0.0063216
37.27 0.0045844
37.28 0.001066
37.29 -0.0010267
37.3 -0.0021875
37.31 -0.003566
37.32 -0.0020905
37.33 0.003099
37.34 0.008386
37.35 0.0099271
37.36 0.009029
37.37 0.0067164
37.38 0.0063541
37.39 0.007625
37.4 0.0065793
37.41 0.0050906
37.42 0.0013108
37.43 -0.00082839
37.44 -0.00052229
37.45 -0.0013862
37.46 -0.0027801
37.47 -0.003098
37.48 -0.0030945
37.49 -0.001921
37.5 0.00053855
37.51 0.0019311
37.52 0.0014974
37.53 -0.0013302
37.54 -0.0033807
37.55 -0.0041505
37.56 -0.0042531
37.57 -0.0018416
37.58 0.0012504
37.59 0.00405
37.6 0.0062674
37.61 0.0073536
37.62 0.0080927
37.63 0.0086678
37.64 0.010375
37.65 0.012074
37.66 0.013268
37.67 0.014801
37.68 0.015917
37.69 0.016955
37.7 0.01744
37.71 0.017507
37.72 0.017978
37.73 0.018455
37.74 0.0186
37.75 0.018109
37.76 0.017872
37.77 0.016809
37.78 0.015167
37.79 0.012642
37.8 0.010915
37.81 0.0096587
37.82 0.0083811
37.83 0.0065284
37.84 0.0035594
37.85 0.00013185
37.86 -0.0039326
37.87 -0.0061177
37.88 -0.0069968
37.89 -0.0073768
37.9 -0.0069078
37.91 -0.0059795
37.92 -0.004041
37.93 -0.001049
37.94 0.0024433
37.95 0.0056605
37.96 0.0070689
37.97 0.0092495
37.98 0.0083961
37.99 0.0044439
38 -4.401e-005
38.01 -0.0041255
38.02 -0.0077167
38.03 -0.011005
38.04 -0.013195
38.05 -0.015114
38.06 -0.015855
38.07 -0.015454
38.08 -0.013371
38.09 -0.010818
38.1 -0.0080051
38.11 -0.0067239
38.12 -0.0056968
38.13 -0.004807
38.14 -0.0032535
38.15 -0.0021412
38.16 -0.0022324
38.17 -0.0035848
38.18 -0.0054921
38.19 -0.0066684
38.2 -0.0071949
38.21 -0.0073841
38.22 -0.0076995
38.23 -0.006609
38.24 -0.0055148
38.25 -0.0036648
38.26 -0.0008155
38.27 0.0019904
38.28 0.0036832
38.29 0.0046718
38.3 0.0048038
38.31 0.0052529
38.32 0.0057166
38.33 0.0054285
38.34 0.0053056
38.35 0.0056093
38.36 0.0055999
38.37 0.0055123
38.38 0.0057899
38.39 0.0054318
38.4 0.0050448
38.41 0.0038737
38.42 0.0017051
38.43 -2.7013e-005
38.44 -0.00052702
38.45 0.000297
38.46 0.00099394
38.47 0.0010973
38.48 0.001402
38.49 0.0020146
38.5 0.0035098
38.51 0.0053828
38.52 0.0063026
38.53 0.0066327
38.54 0.0068164
38.55 0.0065192
38.56 0.0062943
38.57 0.005585
38.58 0.0045374
38.59 0.0040008
38.6 0.0035644
38.61 0.002441
38.62 0.001898
38.63 0.0016971
38.64 0.0016789
38.65 0.0018798
38.66 0.0020172
38.67 0.0023479
38.68 0.0023014
38.69 0.0010027
38.7 -0.0012042
38.71 -0.0032341
38.72 -0.004453
38.73 -0.0045045
38.74 -0.0036636
38.75 -0.0028927
38.76 -0.0024045
38.77 -0.0023367
38.78 -0.0029139
38.79 -0.003128
38.8 -0.0035704
38.81 -0.0040163
38.82 -0.0045656
38.83 -0.0048348
38.84 -0.004852
38.85 -0.0044228
38.86 -0.0033828
38.87 -0.0024275
38.88 -0.0022838
38.89 -0.0029972
38.9 -0.0038435
38.91 -0.0042521
38.92 -0.0041277
38.93 -0.0037978
38.94 -0.0033891
38.95 -0.0031423
38.96 -0.002628
38.97 -0.0020576
38.98 -0.0011675
38.99 -0.0002958
39 0.00019545
39.01 0.00046629
39.02 0.00026389
39.03 -0.0004446
39.04 -0.0015633
39.05 -0.0026394
39.06 -0.0028681
39.07 -0.0027817
39.08 -0.0026034
39.09 -0.0023794
39.1 -0.0024514
39.11 -0.0023892
39.12 -0.0025831
39.13 -0.0026978
39.14 -0.0026216
39.15 -0.0024918
39.16 -0.0022287
39.17 -0.002019
39.18 -0.0019282
39.19 -0.0018674
39.2 -0.0018179
39.21 -0.0016501
39.22 -0.0013369
39.23 -0.0011947
39.24 -0.0011056
39.25 -0.0010015
39.26 -0.000664
39.27 -0.00032482
39.28 -0.00020978
39.29 -4.3262e-005
39.3 0.00011109
39.31 0.00031285
39.32 0.00043889
39.33 0.00050017
39.34 0.00053623
39.35 0.0004885
39.36 0.00053803
39.37 0.00058652
39.38 0.00049047
39.39 0.00038199
39.4 0.00012163
39.41 4.0402e-007
39.42 3.4255e-005
39.43 0.00019513
39.44 0.00030336
39.45 0.00027435
39.46 0.00012198
39.47 -9.7015e-005
39.48 -0.00017301
39.49 -0.00016498
39.5 -0.00011479
39.51 -6.7357e-005
39.52 -8.2472e-005
39.53 -0.00010267
39.54 -3.9965e-005
39.55 3.652e-006
39.56 5.0091e-005
39.57 6.2294e-005
39.58 5.7039e-005
39.59 1.91e-005
39.6 -2.1235e-005
39.61 -6.6937e-005
39.62 -8.2513e-005
39.63 -2.7241e-005
39.64 0.00010174
39.65 0.00025321
39.66 0.0003952
39.67 0.00055048
39.68 0.00066018
39.69 0.0006986
39.7 0.00071021
39.71 0.00074838
39.72 0.00081502
39.73 0.00089091
39.74 0.00091147
39.75 0.00087204
39.76 0.00080992
39.77 0.0007623
39.78 0.00074015
39.79 0.00072528
39.8 0.0007158
39.81 0.00069782
39.82 0.00066874
39.83 0.00063751
39.84 0.00060592
39.85 0.00057143
39.86 0.00054107
39.87 0.00051125
39.88 0.00047773
39.89 0.00043623
39.9 0.00038691
39.91 0.00033675
39.92 0.00028514
39.93 0.00023755
39.94 0.00019201
39.95 0.0001476
