0.005 1.1989e-005
0.01 1.1885e-005
0.015 1.1833e-005
0.02 1.1839e-005
0.025 1.1789e-005
0.03 1.1714e-005
0.035 1.1668e-005
0.04 1.1735e-005
0.045 1.171e-005
0.05 1.1682e-005
0.055 1.1663e-005
0.06 1.1678e-005
0.065 1.1603e-005
0.07 1.1354e-005
0.075 1.1608e-005
0.08 1.1743e-005
0.085 1.1621e-005
0.09 1.1642e-005
0.095 1.1672e-005
0.1 1.169e-005
0.105 1.1675e-005
0.11 1.1734e-005
0.115 1.1582e-005
0.12 1.0816e-005
0.125 1.1687e-005
0.13 1.1901e-005
0.135 1.0563e-005
0.14 1.1665e-005
0.145 1.2296e-005
0.15 1.1851e-005
0.155 1.1898e-005
0.16 1.2031e-005
0.165 1.2404e-005
0.17 1.3979e-005
0.175 1.2439e-005
0.18 1.1307e-005
0.185 1.0175e-005
0.19 1.2203e-005
0.195 1.2957e-005
0.2 1.2278e-005
0.205 1.2233e-005
0.21 1.3379e-005
0.215 1.4186e-005
0.22 3.5523e-006
0.225 1.0189e-005
0.23 1.255e-005
0.235 1.1882e-005
0.24 1.3317e-005
0.245 1.3131e-005
0.25 1.32e-005
0.255 1.3313e-005
0.26 1.2786e-005
0.265 8.7555e-006
0.27 1.3202e-005
0.275 1.415e-005
0.28 8.3878e-006
0.285 1.2019e-005
0.29 1.0228e-005
0.295 1.2994e-005
0.3 1.5425e-005
0.305 1.3956e-005
0.31 1.4164e-005
0.315 1.4561e-005
0.32 1.4748e-005
0.325 1.4575e-005
0.33 1.488e-005
0.335 1.4847e-005
0.34 1.5146e-005
0.345 1.4884e-005
0.35 1.6573e-005
0.355 2.3391e-005
0.36 1.6477e-005
0.365 1.307e-005
0.37 1.6451e-005
0.375 1.6273e-005
0.38 1.5633e-005
0.385 1.5793e-005
0.39 1.6334e-005
0.395 1.6157e-005
0.4 1.6378e-005
0.405 1.6424e-005
0.41 1.6648e-005
0.415 1.6686e-005
0.42 1.6791e-005
0.425 1.7192e-005
0.43 1.5246e-005
0.435 5.4441e-006
0.44 1.5775e-005
0.445 2.1646e-005
0.45 1.1192e-005
0.455 -2.5557e-005
0.46 -1.2212e-005
0.465 2.6725e-005
0.47 2.2529e-005
0.475 1.3525e-005
0.48 1.8443e-005
0.485 2.0506e-005
0.49 1.8739e-005
0.495 1.8485e-005
0.5 2.1522e-005
0.505 3.5724e-005
0.51 1.5846e-005
0.515 -1.5683e-005
0.52 9.6481e-006
0.525 -1.8832e-005
0.53 1.0892e-005
0.535 3.2253e-005
0.54 2.0279e-005
0.545 3.5374e-005
0.55 2.3946e-005
0.555 1.6881e-005
0.56 2.1131e-005
0.565 2.5894e-005
0.57 3.6464e-005
0.575 4.264e-006
0.58 1.3668e-005
0.585 2.912e-005
0.59 2.1115e-005
0.595 1.9868e-005
0.6 2.2275e-005
0.605 2.2845e-005
0.61 2.1668e-005
0.615 2.2346e-005
0.62 2.2384e-005
0.625 2.2635e-005
0.63 2.2469e-005
0.635 2.284e-005
0.64 2.2752e-005
0.645 2.3039e-005
0.65 2.2962e-005
0.655 2.324e-005
0.66 2.3175e-005
0.665 2.3455e-005
0.67 2.3354e-005
0.675 2.3697e-005
0.68 2.3468e-005
0.685 2.4058e-005
0.69 2.3283e-005
0.695 2.5357e-005
0.7 1.5526e-005
0.705 -2.776e-005
0.71 1.7137e-005
0.715 4.2473e-005
0.72 6.1841e-006
0.725 -5.6014e-005
0.73 4.4272e-005
0.735 5.4741e-005
0.74 3.9186e-006
0.745 -5.7358e-006
0.75 2.7107e-005
0.755 3.4731e-005
0.76 2.0837e-005
0.765 2.4504e-005
0.77 2.8251e-005
0.775 1.7301e-005
0.78 -3.5164e-005
0.785 1.9591e-005
0.79 4.4117e-005
0.795 2.1256e-005
0.8 2.2243e-005
0.805 2.8691e-005
0.81 2.9332e-005
0.815 1.1876e-005
0.82 -7.8193e-005
0.825 -5.7866e-005
0.83 -2.1943e-005
0.835 -2.0516e-006
0.84 3.0723e-005
0.845 3.2018e-005
0.85 1.9982e-005
0.855 -6.4274e-006
0.86 2.8144e-005
0.865 2.243e-005
0.87 -7.745e-005
0.875 1.4422e-005
0.88 6.122e-005
0.885 2.041e-005
0.89 2.1562e-005
0.895 3.3058e-005
0.9 3.2118e-005
0.905 2.1689e-005
0.91 -6.3853e-006
0.915 2.5509e-005
0.92 4.0263e-005
0.925 2.5908e-005
0.93 2.7311e-005
0.935 3.0495e-005
0.94 3.1055e-005
0.945 2.2794e-005
0.95 -7.7416e-006
0.955 2.5001e-005
0.96 4.0923e-005
0.965 2.5679e-005
0.97 2.7927e-005
0.975 2.4799e-005
0.98 -8.1916e-006
0.985 2.4078e-005
0.99 4.1151e-005
0.995 2.6083e-005
1 2.6836e-005
1.005 3.0759e-005
1.01 3.0281e-005
1.015 2.4717e-005
1.02 -2.7941e-005
1.025 -0.00010076
1.03 -1.2698e-005
1.035 5.6882e-005
1.04 2.8295e-005
1.045 1.9436e-005
1.05 3.2371e-005
1.055 3.2611e-005
1.06 2.8275e-005
1.065 2.9113e-005
1.07 3.0387e-005
1.075 2.8851e-005
1.08 3.1117e-005
1.085 1.6342e-005
1.09 -5.2924e-005
1.095 1.8973e-005
1.1 5.4937e-005
1.105 1.5071e-005
1.11 -1.7736e-005
1.115 2.6589e-005
1.12 4.494e-005
1.125 1.056e-005
1.13 -5.754e-005
1.135 2.1654e-005
1.14 4.8304e-005
1.145 -2.1809e-005
1.15 1.8477e-005
1.155 4.4478e-005
1.16 2.6723e-005
1.165 2.3631e-005
1.17 3.0786e-005
1.175 2.8733e-005
1.18 2.8775e-005
1.185 2.0713e-005
1.19 -1.285e-005
1.195 1.5815e-005
1.2 -1.7248e-006
1.205 1.8477e-005
1.21 3.7746e-005
1.215 2.4622e-005
1.22 2.6389e-005
1.225 2.1017e-005
1.23 -1.421e-005
1.235 2.0849e-005
1.24 3.9863e-005
1.245 2.2558e-005
1.25 2.3928e-005
1.255 2.7536e-005
1.26 2.7291e-005
1.265 2.4859e-005
1.27 2.6174e-005
1.275 2.5622e-005
1.28 2.5463e-005
1.285 2.5921e-005
1.29 1.8845e-005
1.295 -1.7679e-005
1.3 2.0096e-005
1.305 3.7168e-005
1.31 2.1075e-005
1.315 2.1283e-005
1.32 2.6214e-005
1.325 2.4655e-005
1.33 2.3508e-005
1.335 2.3461e-005
1.34 2.4861e-005
1.345 1.702e-005
1.35 -1.9879e-005
1.355 2.4709e-005
1.36 7.8354e-005
1.365 2.4004e-005
1.37 7.3112e-006
1.375 2.782e-005
1.38 2.6305e-005
1.385 1.9501e-005
1.39 2.1711e-005
1.395 2.2332e-005
1.4 2.2795e-005
1.405 1.4466e-005
1.41 -2.0712e-005
1.415 1.6153e-005
1.42 3.3973e-005
1.425 1.717e-005
1.43 1.7924e-005
1.435 2.3118e-005
1.44 1.5122e-005
1.445 -2.3219e-005
1.45 1.6627e-005
1.455 2.6318e-005
1.46 -2.5813e-005
1.465 1.1971e-005
1.47 3.4306e-005
1.475 1.7642e-005
1.48 9.6126e-006
1.485 -2.1132e-005
1.49 1.5625e-005
1.495 3.1287e-005
1.5 1.555e-005
1.505 1.686e-005
1.51 1.9625e-005
1.515 2.7099e-005
1.52 5.3992e-005
1.525 -1.8883e-005
1.53 1.6609e-006
1.535 2.9088e-005
1.54 -3.1632e-005
1.545 -3.3842e-005
1.55 2.6705e-005
1.555 2.8472e-005
1.56 1.0386e-005
1.565 1.6459e-005
1.57 2.0375e-005
1.575 1.7593e-005
1.58 1.6679e-005
1.585 1.7562e-005
1.59 1.7485e-005
1.595 1.6747e-005
1.6 1.7266e-005
1.605 1.5771e-005
1.61 2.3316e-005
1.615 5.8731e-005
1.62 2.1347e-005
1.625 3.3613e-006
1.63 1.957e-005
1.635 1.8952e-005
1.64 1.2997e-005
1.645 1.7424e-005
1.65 -3.7615e-006
1.655 -0.00011216
1.66 -7.3617e-008
1.665 5.3131e-005
1.67 3.8743e-006
1.675 6.1236e-006
1.68 1.9954e-005
1.685 1.7083e-005
1.69 1.234e-005
1.695 1.48e-005
1.7 1.5064e-005
1.705 1.411e-005
1.71 1.4675e-005
1.715 8.0669e-006
1.72 -2.9503e-005
1.725 1.1822e-005
1.73 6.3819e-006
1.735 -0.00011691
1.74 -4.7922e-006
1.745 5.4682e-005
1.75 -3.8043e-006
1.755 -3.7712e-005
1.76 1.2644e-005
1.765 3.1634e-005
1.77 -1.189e-005
1.775 -0.00012255
1.78 -4.2324e-005
1.785 4.8769e-005
1.79 6.9038e-006
1.795 -4.0502e-005
1.8 1.0137e-005
1.805 3.1655e-005
1.81 9.9901e-007
1.815 -3.1808e-005
1.82 1.0251e-005
1.825 2.7469e-005
1.83 8.0356e-006
1.835 1.0918e-005
1.84 1.4563e-005
1.845 1.4186e-005
1.85 1.1561e-005
1.855 1.3314e-005
1.86 1.2417e-005
1.865 1.2838e-005
1.87 1.197e-005
1.875 1.2506e-005
1.88 1.2076e-005
1.885 1.1317e-005
1.89 1.8129e-005
1.895 5.4396e-005
1.9 1.6182e-005
1.905 -9.5095e-007
1.91 1.4347e-005
1.915 1.516e-005
1.92 2.3112e-006
1.925 -3.2141e-005
1.93 6.1566e-006
1.935 2.3391e-005
1.94 6.2491e-006
1.945 7.6649e-006
1.95 1.1702e-005
1.955 1.1127e-005
1.96 8.7453e-006
1.965 1.0915e-005
1.97 3.531e-006
1.975 -3.3591e-005
1.98 7.2601e-006
1.985 2.2762e-006
1.99 -0.00012088
1.995 -1.4338e-005
2 1.169e-006
2.005 -5.8819e-005
2.01 -9.6297e-005
2.015 -0.00011902
2.02 -3.2588e-005
2.025 -1.4663e-005
2.03 -6.0217e-005
2.035 -0.00019745
2.04 -0.00026885
2.045 -0.00012124
2.05 -0.00015638
2.055 -0.00042676
2.06 -0.0007347
2.065 -0.00077414
2.07 -0.00057998
2.075 -0.00056683
2.08 -0.00092564
2.085 -0.0013442
2.09 -0.0013435
2.095 -0.0009588
2.1 -0.00060173
2.105 -0.00066159
2.11 -0.0010706
2.115 -0.0010326
2.12 -0.00020612
2.125 0.00067079
2.13 0.00060444
2.135 -0.00029484
2.14 -0.0010413
2.145 -0.0010214
2.15 -0.00063593
2.155 -0.001095
2.16 -0.0028504
2.165 -0.0048073
2.17 -0.0054621
2.175 -0.004309
2.18 -0.0023083
2.185 -0.0013035
2.19 -0.0019255
2.195 -0.0025155
2.2 -0.0011599
2.205 0.0017984
2.21 0.0031524
2.215 0.00098171
2.22 -0.002628
2.225 -0.0050799
2.23 -0.0058808
2.235 -0.0061232
2.24 -0.0063909
2.245 -0.0064544
2.25 -0.0060927
2.255 -0.0053781
2.26 -0.0045117
2.265 -0.0033054
2.27 -0.0013241
2.275 0.0014031
2.28 0.0041385
2.285 0.0062798
2.29 0.0069292
2.295 0.0052466
2.3 0.00206
2.305 0.00015582
2.31 0.0010475
2.315 0.0041372
2.32 0.0073659
2.325 0.009176
2.33 0.0099552
2.335 0.010557
2.34 0.011596
2.345 0.013401
2.35 0.015224
2.355 0.014921
2.36 0.01124
2.365 0.005387
2.37 -0.00086865
2.375 -0.0059106
2.38 -0.008284
2.385 -0.008621
2.39 -0.0096663
2.395 -0.011751
2.4 -0.011991
2.405 -0.00861
2.41 -0.0031262
2.415 0.0017362
2.42 0.0046874
2.425 0.0067962
2.43 0.0096508
2.435 0.01253
2.44 0.013108
2.445 0.010308
2.45 0.0051935
2.455 -0.00058834
2.46 -0.0055428
2.465 -0.0083847
2.47 -0.0089603
2.475 -0.0075284
2.48 -0.0046183
2.485 -0.0021016
2.49 -0.0025419
2.495 -0.0063995
2.5 -0.011378
2.505 -0.014362
2.51 -0.014073
2.515 -0.011683
2.52 -0.0086357
2.525 -0.0053218
2.53 -0.0018334
2.535 0.0010953
2.54 0.0028142
2.545 0.0038733
2.55 0.0059954
2.555 0.0096644
2.56 0.013461
2.565 0.015084
2.57 0.012955
2.575 0.0071177
2.58 0.00012196
2.585 -0.0047512
2.59 -0.0070256
2.595 -0.0082333
2.6 -0.0087795
2.605 -0.0080705
2.61 -0.0060985
2.615 -0.0036754
2.62 -0.0016848
2.625 -0.0006464
2.63 -0.0005181
2.635 -0.00024717
2.64 0.00097631
2.645 0.002466
2.65 0.0028298
2.655 0.0015594
2.66 -0.00048054
2.665 -0.0022675
2.67 -0.0034919
2.675 -0.003836
2.68 -0.0020503
2.685 0.001132
2.69 0.003047
2.695 0.0022391
2.7 -0.00053696
2.705 -0.0029792
2.71 -0.0032993
2.715 -0.0012926
2.72 0.0018726
2.725 0.004605
2.73 0.0061284
2.735 0.0067233
2.74 0.0071989
2.745 0.0076769
2.75 0.0078137
2.755 0.0077442
2.76 0.00842
2.765 0.0093697
2.77 0.0083953
2.775 0.0039442
2.78 -0.0027816
2.785 -0.0086254
2.79 -0.01126
2.795 -0.0117
2.8 -0.011594
2.805 -0.0098937
2.81 -0.0053868
2.815 -0.00073017
2.82 0.0011339
2.825 0.00026665
2.83 -0.0014449
2.835 -0.0017119
2.84 0.00037063
2.845 0.0038073
2.85 0.0063353
2.855 0.0059421
2.86 0.0025941
2.865 -0.0015845
2.87 -0.0043691
2.875 -0.004581
2.88 -0.0030822
2.885 -0.0014431
2.89 -0.0005249
2.895 -0.00018476
2.9 0.00051579
2.905 0.0017246
2.91 0.0022685
2.915 0.0013469
2.92 0.00033787
2.925 0.0010986
2.93 0.003359
2.935 0.0049195
2.94 0.0046719
2.945 0.0036404
2.95 0.0032107
2.955 0.0039492
2.96 0.0056228
2.965 0.006939
2.97 0.0059238
2.975 0.0019666
2.98 -0.0026403
2.985 -0.0047874
2.99 -0.0044177
2.995 -0.0041
3 -0.0053167
3.005 -0.0070415
3.01 -0.0077266
3.015 -0.0071499
3.02 -0.0061108
3.025 -0.0055645
3.03 -0.0057883
3.035 -0.0066698
3.04 -0.0071131
3.045 -0.005444
3.05 -0.0015366
3.055 0.0026159
3.06 0.0048106
3.065 0.0038491
3.07 0.0013081
3.075 -0.00030294
3.08 -0.00053087
3.085 -0.00059111
3.09 -0.0017464
3.095 -0.003411
3.1 -0.0034476
3.105 -0.00028023
3.11 0.005439
3.115 0.0113
3.12 0.014924
3.125 0.015216
3.13 0.013176
3.135 0.010857
3.14 0.0088856
3.145 0.0063782
3.15 0.0027152
3.155 -0.0015318
3.16 -0.0052099
3.165 -0.0077008
3.17 -0.0088905
3.175 -0.0091022
3.18 -0.0088534
3.185 -0.0084768
3.19 -0.0081868
3.195 -0.0086869
3.2 -0.0094319
3.205 -0.0088872
3.21 -0.0064078
3.215 -0.0033255
3.22 -0.0012995
3.225 -0.00020335
3.23 0.0012905
3.235 0.0037779
3.24 0.0067771
3.245 0.0091456
3.25 0.0095216
3.255 0.007886
3.26 0.0059383
3.265 0.0052795
3.27 0.0050313
3.275 0.0036231
3.28 0.00044939
3.285 -0.0034197
3.29 -0.0063782
3.295 -0.0067698
3.3 -0.0042104
3.305 -0.00092302
3.31 0.00061065
3.315 0.00020024
3.32 -0.00036781
3.325 0.00036945
3.33 0.0014324
3.335 0.00099978
3.34 -0.0014558
3.345 -0.0041287
3.35 -0.0050237
3.355 -0.0043793
3.36 -0.0041239
3.365 -0.0058348
3.37 -0.0087532
3.375 -0.010981
3.38 -0.011357
3.385 -0.010615
3.39 -0.010283
3.395 -0.010586
3.4 -0.010139
3.405 -0.0072506
3.41 -0.0021917
3.415 0.003083
3.42 0.0068747
3.425 0.0085145
3.43 0.0081601
3.435 0.0070768
3.44 0.0057081
3.445 0.003947
3.45 0.0016764
3.455 -0.00062292
3.46 -0.0016577
3.465 -0.00093007
3.47 0.0014909
3.475 0.0050246
3.48 0.0092107
3.485 0.01302
3.49 0.015421
3.495 0.015707
3.5 0.013932
3.505 0.011755
3.51 0.010144
3.515 0.0086686
3.52 0.0062973
3.525 0.0029727
3.53 0.00085833
3.535 0.0012069
3.54 0.0030304
3.545 0.0050299
3.55 0.0062967
3.555 0.0066079
3.56 0.0063506
3.565 0.0062071
3.57 0.0058325
3.575 0.00434
3.58 0.0013714
3.585 -0.0021469
3.59 -0.0043189
3.595 -0.0043271
3.6 -0.0027806
3.605 -0.0015073
3.61 -0.0013898
3.615 -0.0010726
3.62 0.00074862
3.625 0.0036148
3.63 0.0062485
3.635 0.0074195
3.64 0.0064842
3.645 0.0041023
3.65 0.0019502
3.655 0.00083175
3.66 -0.0004644
3.665 -0.0032224
3.67 -0.0069151
3.675 -0.010101
3.68 -0.011907
3.685 -0.012488
3.69 -0.012218
3.695 -0.011386
3.7 -0.010344
3.705 -0.0094108
3.71 -0.008659
3.715 -0.0077544
3.72 -0.0064117
3.725 -0.0046429
3.73 -0.0025656
3.735 -0.0006359
3.74 0.00093137
3.745 0.0024844
3.75 0.0047553
3.755 0.00754
3.76 0.0099586
3.765 0.011654
3.77 0.01269
3.775 0.012306
3.78 0.0096164
3.785 0.0054682
3.79 0.0019897
3.795 -2.0156e-005
3.8 -0.0014828
3.805 -0.0034606
3.81 -0.0058118
3.815 -0.0070413
3.82 -0.0063209
3.825 -0.0037918
3.83 0.00051002
3.835 0.0062722
3.84 0.01171
3.845 0.015119
3.85 0.016421
3.855 0.015971
3.86 0.013124
3.865 0.0075777
3.87 0.00052127
3.875 -0.0061291
3.88 -0.011018
3.885 -0.014099
3.89 -0.016365
3.895 -0.01817
3.9 -0.018598
3.905 -0.017039
3.91 -0.014363
3.915 -0.011522
3.92 -0.0086994
3.925 -0.0061964
3.93 -0.0047742
3.935 -0.0045985
3.94 -0.004954
3.945 -0.0054869
3.95 -0.0064628
3.955 -0.0081656
3.96 -0.010036
3.965 -0.01109
3.97 -0.010997
3.975 -0.0099858
3.98 -0.008787
3.985 -0.0078316
3.99 -0.0071856
3.995 -0.0066041
4 -0.005433
4.005 -0.0040783
4.01 -0.0036509
4.015 -0.0037771
4.02 -0.002475
4.025 0.0019013
4.03 0.0090572
4.035 0.01736
4.04 0.024551
4.045 0.028923
4.05 0.030209
4.055 0.028402
4.06 0.023098
4.065 0.01509
4.07 0.0055227
4.075 -0.0045701
4.08 -0.012905
4.085 -0.016876
4.09 -0.016943
4.095 -0.015908
4.1 -0.013921
4.105 -0.0092077
4.11 -0.0025323
4.115 0.0037852
4.12 0.0079638
4.125 0.009198
4.13 0.0069346
4.135 0.0017328
4.14 -0.0044701
4.145 -0.010239
4.15 -0.014318
4.155 -0.016241
4.16 -0.016391
4.165 -0.014016
4.17 -0.0082662
4.175 -0.0010368
4.18 0.0045355
4.185 0.0079452
4.19 0.011533
4.195 0.016432
4.2 0.020063
4.205 0.020828
4.21 0.020291
4.215 0.019922
4.22 0.018928
4.225 0.016872
4.23 0.014993
4.235 0.01475
4.24 0.015775
4.245 0.016666
4.25 0.016913
4.255 0.015958
4.26 0.014218
4.265 0.013236
4.27 0.013965
4.275 0.015478
4.28 0.0157
4.285 0.013592
4.29 0.010595
4.295 0.0083331
4.3 0.0067456
4.305 0.0052608
4.31 0.0037181
4.315 0.0025957
4.32 0.0029903
4.325 0.0053869
4.33 0.009573
4.335 0.014083
4.34 0.018032
4.345 0.021696
4.35 0.024285
4.355 0.023838
4.36 0.019458
4.365 0.012643
4.37 0.0051959
4.375 -0.0013991
4.38 -0.005008
4.385 -0.0033763
4.39 0.003647
4.395 0.013619
4.4 0.024486
4.405 0.036389
4.41 0.049677
4.415 0.06247
4.42 0.072788
4.425 0.080703
4.43 0.0868
4.435 0.091151
4.44 0.093901
4.445 0.095922
4.45 0.098225
4.455 0.10084
4.46 0.10288
4.465 0.1039
4.47 0.10425
4.475 0.10413
4.48 0.10403
4.485 0.1046
4.49 0.1057
4.495 0.10629
4.5 0.10561
4.505 0.10292
4.51 0.097351
4.515 0.088135
4.52 0.074081
4.525 0.053106
4.53 0.02256
4.535 -0.016677
4.54 -0.057558
4.545 -0.093163
4.55 -0.12381
4.555 -0.1531
4.56 -0.18018
4.565 -0.20129
4.57 -0.2145
4.575 -0.21976
4.58 -0.21749
4.585 -0.20845
4.59 -0.19516
4.595 -0.18244
4.6 -0.17319
4.605 -0.16364
4.61 -0.14798
4.615 -0.12716
4.62 -0.10728
4.625 -0.089918
4.63 -0.071852
4.635 -0.052437
4.64 -0.035369
4.645 -0.02336
4.65 -0.016933
4.655 -0.018288
4.66 -0.029664
4.665 -0.048327
4.67 -0.068438
4.675 -0.087567
4.68 -0.10618
4.685 -0.12243
4.69 -0.13169
4.695 -0.13169
4.7 -0.12411
4.705 -0.11134
4.71 -0.096043
4.715 -0.079817
4.72 -0.061991
4.725 -0.042519
4.73 -0.024175
4.735 -0.010012
4.74 7.0177e-005
4.745 0.0090316
4.75 0.018976
4.755 0.029402
4.76 0.038951
4.765 0.047248
4.77 0.054826
4.775 0.062356
4.78 0.070855
4.785 0.080915
4.79 0.09131
4.795 0.099975
4.8 0.10586
4.805 0.10895
4.81 0.10927
4.815 0.10665
4.82 0.10132
4.825 0.094097
4.83 0.086116
4.835 0.077864
4.84 0.069752
4.845 0.063023
4.85 0.057536
4.855 0.052277
4.86 0.046586
4.865 0.039428
4.87 0.030595
4.875 0.019717
4.88 0.006813
4.885 -0.007695
4.89 -0.022059
4.895 -0.033825
4.9 -0.041781
4.905 -0.046318
4.91 -0.047948
4.915 -0.047103
4.92 -0.045053
4.925 -0.04315
4.93 -0.041624
4.935 -0.039749
4.94 -0.037151
4.945 -0.034294
4.95 -0.032133
4.955 -0.030782
4.96 -0.029389
4.965 -0.027017
4.97 -0.023416
4.975 -0.018497
4.98 -0.012984
4.985 -0.0079271
4.99 -0.0037601
4.995 -0.0005803
5 0.001268
5.005 0.0010516
5.01 -0.0014718
5.015 -0.0055626
5.02 -0.010252
5.025 -0.015315
5.03 -0.02068
5.035 -0.025454
5.04 -0.027681
5.045 -0.026323
5.05 -0.022385
5.055 -0.016595
5.06 -0.0085354
5.065 0.0021462
5.07 0.014206
5.075 0.026114
5.08 0.037583
5.085 0.048417
5.09 0.057316
5.095 0.062681
5.1 0.063638
5.105 0.060735
5.11 0.055382
5.115 0.048663
5.12 0.041369
5.125 0.034123
5.13 0.027308
5.135 0.021352
5.14 0.017119
5.145 0.014763
5.15 0.013728
5.155 0.013001
5.16 0.01196
5.165 0.010869
5.17 0.010018
5.175 0.0095698
5.18 0.0096516
5.185 0.010213
5.19 0.010683
5.195 0.010886
5.2 0.010794
5.205 0.010208
5.21 0.008856
5.215 0.0062982
5.22 0.0020846
5.225 -0.0036813
5.23 -0.010554
5.235 -0.017866
5.24 -0.024524
5.245 -0.029007
5.25 -0.030297
5.255 -0.027365
5.26 -0.020957
5.265 -0.014863
5.27 -0.012056
5.275 -0.011306
5.28 -0.01001
5.285 -0.0087276
5.29 -0.0094479
5.295 -0.011913
5.3 -0.014408
5.305 -0.016534
5.31 -0.018561
5.315 -0.020078
5.32 -0.020603
5.325 -0.02052
5.33 -0.020581
5.335 -0.020054
5.34 -0.018135
5.345 -0.014978
5.35 -0.011551
5.355 -0.0079851
5.36 -0.0040606
5.365 0.0002457
5.37 0.005768
5.375 0.013072
5.38 0.021269
5.385 0.028879
5.39 0.035137
5.395 0.03989
5.4 0.042421
5.405 0.041694
5.41 0.038707
5.415 0.035115
5.42 0.031239
5.425 0.027031
5.43 0.022269
5.435 0.016754
5.44 0.010062
5.445 0.0027137
5.45 -0.0036143
5.455 -0.0079043
5.46 -0.012311
5.465 -0.019181
5.47 -0.026183
5.475 -0.030394
5.48 -0.031968
5.485 -0.032003
5.49 -0.030805
5.495 -0.028562
5.5 -0.025525
5.505 -0.021729
5.51 -0.017158
5.515 -0.012293
5.52 -0.007574
5.525 -0.0030283
5.53 0.0014492
5.535 0.0059296
5.54 0.010343
5.545 0.014389
5.55 0.018009
5.555 0.021026
5.56 0.023357
5.565 0.025037
5.57 0.025699
5.575 0.025346
5.58 0.024476
5.585 0.023495
5.59 0.022279
5.595 0.020864
5.6 0.019434
5.605 0.018161
5.61 0.01703
5.615 0.016157
5.62 0.01568
5.625 0.015741
5.63 0.016158
5.635 0.016552
5.64 0.016603
5.645 0.016169
5.65 0.015458
5.655 0.014983
5.66 0.014639
5.665 0.013998
5.67 0.012985
5.675 0.011716
5.68 0.010373
5.685 0.0087402
5.69 0.0064677
5.695 0.0033665
5.7 -0.0005278
5.705 -0.0046176
5.71 -0.008251
5.715 -0.011296
5.72 -0.014153
5.725 -0.01712
5.73 -0.019664
5.735 -0.021351
5.74 -0.021935
5.745 -0.021496
5.75 -0.019824
5.755 -0.016986
5.76 -0.013412
5.765 -0.0092282
5.77 -0.0045047
5.775 0.00022259
5.78 0.0043729
5.785 0.0074898
5.79 0.0095738
5.795 0.010618
5.8 0.010825
5.805 0.010693
5.81 0.010436
5.815 0.01027
5.82 0.010324
5.825 0.010595
5.83 0.010967
5.835 0.011256
5.84 0.011279
5.845 0.010612
5.85 0.0090549
5.855 0.0067706
5.86 0.0040111
5.865 0.00096819
5.87 -0.0020922
5.875 -0.0051735
5.88 -0.0085034
5.885 -0.011853
5.89 -0.014627
5.895 -0.016856
5.9 -0.018136
5.905 -0.018436
5.91 -0.018325
5.915 -0.018009
5.92 -0.017587
5.925 -0.017118
5.93 -0.016648
5.935 -0.016378
5.94 -0.016131
5.945 -0.016042
5.95 -0.01605
5.955 -0.015621
5.96 -0.014622
5.965 -0.012909
5.97 -0.010465
5.975 -0.0077655
5.98 -0.0047703
5.985 -0.001509
5.99 0.0018093
5.995 0.0051425
6 0.0079517
6.005 0.010042
6.01 0.011227
6.015 0.011426
6.02 0.010869
6.025 0.0097175
6.03 0.008336
6.035 0.0069653
6.04 0.0055325
6.045 0.0042294
6.05 0.0032017
6.055 0.0023241
6.06 0.0015528
6.065 0.00061019
6.07 -0.00050985
6.075 -0.0016032
6.08 -0.0025117
6.085 -0.0031745
6.09 -0.0036051
6.095 -0.0037723
6.1 -0.003752
6.105 -0.0035528
6.11 -0.0031471
6.115 -0.0026512
6.12 -0.0019991
6.125 -0.0016374
6.13 -0.001346
6.135 -0.00089178
6.14 -0.00021626
6.145 0.00046444
6.15 0.0010601
6.155 0.00163
6.16 0.0024302
6.165 0.0033808
6.17 0.0041925
6.175 0.0048858
6.18 0.0048893
6.185 0.0040063
6.19 0.0025504
6.195 0.00076502
6.2 -0.00098018
6.205 -0.0026075
6.21 -0.0043885
6.215 -0.0061946
6.22 -0.0078172
6.225 -0.0090235
6.23 -0.0094561
6.235 -0.0094378
6.24 -0.0091122
6.245 -0.0083577
6.25 -0.0072926
6.255 -0.0057676
6.26 -0.0035297
6.265 -0.00081377
6.27 0.0019527
6.275 0.0044832
6.28 0.0064885
6.285 0.0077132
6.29 0.0081237
6.295 0.0077317
6.3 0.0066529
6.305 0.0053297
6.31 0.0041082
6.315 0.0032037
6.32 0.0031418
6.325 0.0041102
6.33 0.0054442
6.335 0.006701
6.34 0.0079175
6.345 0.009088
6.35 0.0099165
6.355 0.010266
6.36 0.0099819
6.365 0.0093552
6.37 0.0085117
6.375 0.0074573
6.38 0.0062536
6.385 0.0051491
6.39 0.0044854
6.395 0.0042986
6.4 0.0044036
6.405 0.0048754
6.41 0.0058822
6.415 0.0069726
6.42 0.007933
6.425 0.0087642
6.43 0.0093724
6.435 0.0097809
6.44 0.010015
6.445 0.010078
6.45 0.010017
6.455 0.0096539
6.46 0.0090934
6.465 0.0085877
6.47 0.0082046
6.475 0.0081288
6.48 0.0080378
6.485 0.0078574
6.49 0.0077149
6.495 0.0075407
6.5 0.0072026
6.505 0.0063832
6.51 0.005063
6.515 0.0033978
6.52 0.0014616
6.525 -0.00083311
6.53 -0.0031961
6.535 -0.0055949
6.54 -0.0079243
6.545 -0.0097241
6.55 -0.010909
6.555 -0.011664
6.56 -0.012014
6.565 -0.012074
6.57 -0.011929
6.575 -0.011554
6.58 -0.01101
6.585 -0.010509
6.59 -0.010238
6.595 -0.010205
6.6 -0.010388
6.605 -0.010702
6.61 -0.01089
6.615 -0.011125
6.62 -0.011489
6.625 -0.011956
6.63 -0.012455
6.635 -0.012878
6.64 -0.013193
6.645 -0.013301
6.65 -0.013075
6.655 -0.012489
6.66 -0.011488
6.665 -0.010247
6.67 -0.0088526
6.675 -0.0074172
6.68 -0.0060604
6.685 -0.0047574
6.69 -0.0034939
6.695 -0.0022901
6.7 -0.0011755
6.705 -1.6598e-005
6.71 0.001201
6.715 0.0024111
6.72 0.003683
6.725 0.0049843
6.73 0.0063385
6.735 0.007708
6.74 0.0090892
6.745 0.010409
6.75 0.011519
6.755 0.012484
6.76 0.013428
6.765 0.014319
6.77 0.014973
6.775 0.015219
6.78 0.015038
6.785 0.014447
6.79 0.013347
6.795 0.011662
6.8 0.0092759
6.805 0.00613
6.81 0.0025536
6.815 -0.0010669
6.82 -0.0045219
6.825 -0.0071747
6.83 -0.0092856
6.835 -0.011049
6.84 -0.012509
6.845 -0.013715
6.85 -0.014507
6.855 -0.01499
6.86 -0.015254
6.865 -0.015353
6.87 -0.015042
6.875 -0.013964
6.88 -0.012013
6.885 -0.0092945
6.89 -0.0064435
6.895 -0.0038719
6.9 -0.0014354
6.905 0.0013797
6.91 0.0046573
6.915 0.0075336
6.92 0.0099636
6.925 0.012244
6.93 0.014107
6.935 0.015395
6.94 0.016319
6.945 0.016908
6.95 0.017005
6.955 0.016535
6.96 0.015343
6.965 0.013402
6.97 0.010616
6.975 0.0072741
6.98 0.0037286
6.985 0.00060094
6.99 -0.0024116
6.995 -0.0057194
7 -0.0088581
7.005 -0.011284
7.01 -0.012952
7.015 -0.013873
7.02 -0.014054
7.025 -0.013869
7.03 -0.013271
7.035 -0.011921
7.04 -0.0096773
7.045 -0.0071258
7.05 -0.0046837
7.055 -0.0025676
7.06 -0.00065198
7.065 0.0015236
7.07 0.0039614
7.075 0.0061549
7.08 0.0081385
7.085 0.0099683
7.09 0.011643
7.095 0.013205
7.1 0.01445
7.105 0.01512
7.11 0.015114
7.115 0.014481
7.12 0.013273
7.125 0.011626
7.13 0.0099896
7.135 0.0084085
7.14 0.0062579
7.145 0.0035593
7.15 0.00094619
7.155 -0.001391
7.16 -0.0034245
7.165 -0.0051005
7.17 -0.0065185
7.175 -0.0075824
7.18 -0.0082248
7.185 -0.0084085
7.19 -0.0081255
7.195 -0.0074754
7.2 -0.0066903
7.205 -0.0056889
7.21 -0.0045475
7.215 -0.0033181
7.22 -0.0019843
7.225 -0.00052845
7.23 0.00094837
7.235 0.0022411
7.24 0.0033409
7.245 0.0043948
7.25 0.005277
7.255 0.0058722
7.26 0.00618
7.265 0.0061039
7.27 0.0055051
7.275 0.0044523
7.28 0.0031236
7.285 0.0016219
7.29 0.00013902
7.295 -0.0012788
7.3 -0.0028112
7.305 -0.0044786
7.31 -0.0060125
7.315 -0.0072812
7.32 -0.0082546
7.325 -0.0090945
7.33 -0.0098799
7.335 -0.010532
7.34 -0.010888
7.345 -0.010997
7.35 -0.010944
7.355 -0.010606
7.36 -0.009923
7.365 -0.0088978
7.37 -0.0074763
7.375 -0.0059147
7.38 -0.0040552
7.385 -0.0022216
7.39 -0.00064919
7.395 0.0011689
7.4 0.0026709
7.405 0.0036651
7.41 0.0044574
7.415 0.0050393
7.42 0.0052521
7.425 0.005265
7.43 0.0049184
7.435 0.0041574
7.44 0.0032108
7.445 0.0021787
7.45 0.0011129
7.455 0.00010636
7.46 -0.00078684
7.465 -0.001507
7.47 -0.0018587
7.475 -0.0019555
7.48 -0.0018462
7.485 -0.0013879
7.49 -0.00082264
7.495 -0.00029256
7.5 0.00019111
7.505 0.00052609
7.51 0.00068029
7.515 0.00077546
7.52 0.00071785
7.525 0.00047187
7.53 1.9249e-005
7.535 -0.00055784
7.54 -0.0010938
7.545 -0.0014333
7.55 -0.0014281
7.555 -0.0012897
7.56 -0.00092609
7.565 -0.00051712
7.57 -0.00015778
7.575 0.00029466
7.58 0.00073595
7.585 0.0011678
7.59 0.0015273
7.595 0.0018253
7.6 0.0021409
7.605 0.0024489
7.61 0.0026575
7.615 0.0027955
7.62 0.0028891
7.625 0.0031251
7.63 0.0035826
7.635 0.0041218
7.64 0.0044952
7.645 0.0047357
7.65 0.0048888
7.655 0.0049823
7.66 0.0049055
7.665 0.004381
7.67 0.0034076
7.675 0.0021791
7.68 0.0012641
7.685 0.00092978
7.69 0.00070854
7.695 6.312e-005
7.7 -0.00051659
7.705 -0.00084748
7.71 -0.0011954
7.715 -0.0016434
7.72 -0.0021553
7.725 -0.0025926
7.73 -0.00291
7.735 -0.0030173
7.74 -0.0028534
7.745 -0.0027024
7.75 -0.0021479
7.755 -0.0013346
7.76 -0.00049852
7.765 0.00038819
7.77 0.00099099
7.775 0.0013043
7.78 0.001744
7.785 0.0022494
7.79 0.0026145
7.795 0.0027861
7.8 0.0028251
7.805 0.0028203
7.81 0.0029162
7.815 0.0031854
7.82 0.003599
7.825 0.0040214
7.83 0.0044615
7.835 0.004711
7.84 0.0047975
7.845 0.0046911
7.85 0.0042799
7.855 0.003587
7.86 0.0026649
7.865 0.0017736
7.87 0.0010334
7.875 0.00046416
7.88 -4.093e-005
7.885 -0.00066841
7.89 -0.0014355
7.895 -0.0021707
7.9 -0.0028175
7.905 -0.0033992
7.91 -0.0040192
7.915 -0.0046262
7.92 -0.0052766
7.925 -0.0058452
7.93 -0.0062334
7.935 -0.0064801
7.94 -0.00647
7.945 -0.0060078
7.95 -0.0053205
7.955 -0.004364
7.96 -0.003302
7.965 -0.0023012
7.97 -0.0011328
7.975 -0.00012598
7.98 0.00072028
7.985 0.0014796
7.99 0.0020405
7.995 0.0024678
8 0.0028889
8.005 0.0031556
8.01 0.003329
8.015 0.0035013
8.02 0.0036801
8.025 0.0038748
8.03 0.0039599
8.035 0.0040783
8.04 0.0040736
8.045 0.003943
8.05 0.003614
8.055 0.0030233
8.06 0.002241
8.065 0.0014142
8.07 0.00051094
8.075 -0.00035382
8.08 -0.0012181
8.085 -0.0018638
8.09 -0.0023786
8.095 -0.0027828
8.1 -0.0029656
8.105 -0.0028193
8.11 -0.0028211
8.115 -0.0027152
8.12 -0.0026688
8.125 -0.0029029
8.13 -0.0032788
8.135 -0.0038691
8.14 -0.004565
8.145 -0.0055846
8.15 -0.0067945
8.155 -0.0078068
8.16 -0.0087041
8.165 -0.0094899
8.17 -0.010205
8.175 -0.010882
8.18 -0.01146
8.185 -0.011894
8.19 -0.01197
8.195 -0.011764
8.2 -0.011313
8.205 -0.010751
8.21 -0.010109
8.215 -0.0094046
8.22 -0.0084341
8.225 -0.0074622
8.23 -0.00653
8.235 -0.00554
8.24 -0.004574
8.245 -0.0033307
8.25 -0.0021156
8.255 -0.00083321
8.26 0.00033175
8.265 0.0012474
8.27 0.0021334
8.275 0.0029595
8.28 0.0036697
8.285 0.0043929
8.29 0.0052848
8.295 0.006314
8.3 0.0074039
8.305 0.0085076
8.31 0.0095098
8.315 0.010405
8.32 0.011247
8.325 0.011901
8.33 0.012273
8.335 0.012339
8.34 0.012228
8.345 0.011943
8.35 0.01141
8.355 0.010871
8.36 0.01008
8.365 0.009031
8.37 0.0079797
8.375 0.0070875
8.38 0.006199
8.385 0.0052161
8.39 0.0042005
8.395 0.0031875
8.4 0.0023719
8.405 0.0017649
8.41 0.0012239
8.415 0.00068027
8.42 -4.675e-005
8.425 -0.00087774
8.43 -0.001421
8.435 -0.0019484
8.44 -0.0025073
8.445 -0.0028488
8.45 -0.0030335
8.455 -0.0030041
8.46 -0.0028469
8.465 -0.0026167
8.47 -0.002377
8.475 -0.0019196
8.48 -0.0015086
8.485 -0.0012781
8.49 -0.0011459
8.495 -0.0013055
8.5 -0.0017097
8.505 -0.0022883
8.51 -0.0027059
8.515 -0.0030917
8.52 -0.0034421
8.525 -0.003504
8.53 -0.0031457
8.535 -0.0023715
8.54 -0.0015485
8.545 -0.00077685
8.55 5.1627e-005
8.555 0.0005522
8.56 0.00082519
8.565 0.0010464
8.57 0.0011758
8.575 0.0012537
8.58 0.0013212
8.585 0.0012634
8.59 0.0011349
8.595 0.00097731
8.6 0.00068709
8.605 0.00033249
8.61 5.4084e-005
8.615 2.9111e-006
8.62 -0.00017475
8.625 -0.00035076
8.63 -0.00065154
8.635 -0.001061
8.64 -0.001476
8.645 -0.0019846
8.65 -0.0026126
8.655 -0.0034118
8.66 -0.0042888
8.665 -0.0051462
8.67 -0.0060107
8.675 -0.0067014
8.68 -0.0072265
8.685 -0.0076952
8.69 -0.0078768
8.695 -0.0078881
8.7 -0.0076952
8.705 -0.0073378
8.71 -0.0069111
8.715 -0.0063493
8.72 -0.005638
8.725 -0.0048566
8.73 -0.0041017
8.735 -0.0034113
8.74 -0.0028087
8.745 -0.0022542
8.75 -0.0017422
8.755 -0.0012573
8.76 -0.00065254
8.765 -8.1565e-005
8.77 0.0003546
8.775 0.00079456
8.78 0.0012195
8.785 0.001636
8.79 0.002138
8.795 0.0026685
8.8 0.0033127
8.805 0.0041276
8.81 0.0051087
8.815 0.0061419
8.82 0.0070126
8.825 0.0077395
8.83 0.0082117
8.835 0.0083828
8.84 0.0084023
8.845 0.0083884
8.85 0.0081885
8.855 0.0077782
8.86 0.007282
8.865 0.0066571
8.87 0.0060412
8.875 0.0054697
8.88 0.005106
8.885 0.0046555
8.89 0.0041177
8.895 0.0035747
8.9 0.0029338
8.905 0.0024396
8.91 0.0019599
8.915 0.0014194
8.92 0.00090469
8.925 0.00045448
8.93 4.7758e-005
8.935 -0.00037148
8.94 -0.00076954
8.945 -0.0010596
8.95 -0.0014941
8.955 -0.0019476
8.96 -0.0023077
8.965 -0.0024952
8.97 -0.0025425
8.975 -0.0025569
8.98 -0.0024352
8.985 -0.0020943
8.99 -0.0015956
8.995 -0.0010352
9 -0.00027546
9.005 0.00029817
9.01 0.0006722
9.015 0.00089495
9.02 0.0008414
9.025 0.00080987
9.03 0.00056159
9.035 0.00022656
9.04 -3.1091e-005
9.045 -0.0002908
9.05 -0.0005927
9.055 -0.00092505
9.06 -0.0010461
9.065 -0.0012692
9.07 -0.0012003
9.075 -0.00087039
9.08 -0.0005897
9.085 -0.00028192
9.09 9.0436e-005
9.095 0.00035229
9.1 0.00048199
9.105 0.00077787
9.11 0.00093004
9.115 0.00081137
9.12 0.0006259
9.125 0.00035342
9.13 1.4008e-005
9.135 -0.00031178
9.14 -0.00068519
9.145 -0.001065
9.15 -0.0011483
9.155 -0.0012141
9.16 -0.0012716
9.165 -0.0010935
9.17 -0.0007547
9.175 -0.00033075
9.18 8.6357e-005
9.185 0.00048379
9.19 0.00085159
9.195 0.0011831
9.2 0.0012982
9.205 0.0012759
9.21 0.0011097
9.215 0.00074284
9.22 0.0002504
9.225 -0.00025679
9.23 -0.00068906
9.235 -0.00097337
9.24 -0.0010516
9.245 -0.00093864
9.25 -0.00076547
9.255 -0.00022585
9.26 0.0003093
9.265 0.00069112
9.27 0.0010974
9.275 0.0018274
9.28 0.0024134
9.285 0.0027222
9.29 0.0029206
9.295 0.0027832
9.3 0.0023533
9.305 0.0017289
9.31 0.0010808
9.315 0.00026154
9.32 -0.0006183
9.325 -0.001439
9.33 -0.0020186
9.335 -0.0025582
9.34 -0.0031294
9.345 -0.0036535
9.35 -0.0040847
9.355 -0.004439
9.36 -0.0046346
9.365 -0.0047068
9.37 -0.004744
9.375 -0.0048327
9.38 -0.0047163
9.385 -0.0044433
9.39 -0.0040424
9.395 -0.0031953
9.4 -0.0021973
9.405 -0.001397
9.41 -0.00062024
9.415 0.00042341
9.42 0.0014841
9.425 0.0023684
9.43 0.0029596
9.435 0.0033559
9.44 0.0034306
9.445 0.0034231
9.45 0.003237
9.455 0.0028906
9.46 0.0025066
9.465 0.0021358
9.47 0.0018895
9.475 0.0018605
9.48 0.0018923
9.485 0.0019527
9.49 0.0019898
9.495 0.0019541
9.5 0.0018458
9.505 0.0017202
9.51 0.0014682
9.515 0.0010566
9.52 0.0006254
9.525 0.00021736
9.53 -0.00018575
9.535 -0.00056578
9.54 -0.00095204
9.545 -0.0012475
9.55 -0.0016419
9.555 -0.0022209
9.56 -0.0029816
9.565 -0.0036175
9.57 -0.0043492
9.575 -0.0049762
9.58 -0.0054648
9.585 -0.005751
9.59 -0.005882
9.595 -0.0057692
9.6 -0.0052835
9.605 -0.0045153
9.61 -0.0036778
9.615 -0.0028119
9.62 -0.0020312
9.625 -0.00146
9.63 -0.00097723
9.635 -0.00048835
9.64 0.00012863
9.645 0.00073627
9.65 0.0012215
9.655 0.0016965
9.66 0.002166
9.665 0.0026006
9.67 0.003028
9.675 0.0035901
9.68 0.0040154
9.685 0.0043482
9.69 0.0046548
9.695 0.0048906
9.7 0.0050424
9.705 0.0051948
9.71 0.0053323
9.715 0.0052689
9.72 0.0052727
9.725 0.0051391
9.73 0.0048671
9.735 0.0044991
9.74 0.004005
9.745 0.0034951
9.75 0.0028806
9.755 0.0021964
9.76 0.001548
9.765 0.00096198
9.77 0.00047594
9.775 0.00012416
9.78 -0.00018662
9.785 -0.00050532
9.79 -0.00073296
9.795 -0.00086755
9.8 -0.00087607
9.805 -0.00098333
9.81 -0.0010694
9.815 -0.0011124
9.82 -0.0010783
9.825 -0.0011697
9.83 -0.0014417
9.835 -0.0017287
9.84 -0.002031
9.845 -0.0023359
9.85 -0.0025405
9.855 -0.0026351
9.86 -0.0026434
9.865 -0.0025184
9.87 -0.0022954
9.875 -0.0019792
9.88 -0.0014888
9.885 -0.00086909
9.89 -1.8654e-005
9.895 0.00086752
9.9 0.0015124
9.905 0.001981
9.91 0.0022883
9.915 0.0024797
9.92 0.0022539
9.925 0.0018487
9.93 0.0015198
9.935 0.0010921
9.94 0.00072356
9.945 0.00043051
9.95 0.00040723
9.955 0.00027492
9.96 5.8703e-005
9.965 -0.00015359
9.97 -0.00032765
9.975 -0.00040083
9.98 -0.00050023
9.985 -0.0007505
9.99 -0.0010571
9.995 -0.00135
10 -0.0014959
10.005 -0.001469
10.01 -0.0015397
10.015 -0.001613
10.02 -0.0016417
10.025 -0.001711
10.03 -0.0017087
10.035 -0.0016146
10.04 -0.0014106
10.045 -0.0011479
10.05 -0.00080732
10.055 -0.00030344
10.06 0.00036995
10.065 0.0010921
10.07 0.0019123
10.075 0.0028079
10.08 0.0037758
10.085 0.0048106
10.09 0.0056981
10.095 0.006435
10.1 0.006967
10.105 0.0073033
10.11 0.0075086
10.115 0.0075984
10.12 0.0075349
10.125 0.0071289
10.13 0.0067697
10.135 0.006235
10.14 0.0055739
10.145 0.0048639
10.15 0.0042318
10.155 0.0038861
10.16 0.0033707
10.165 0.002912
10.17 0.0025251
10.175 0.0020892
10.18 0.0016467
10.185 0.0011771
10.19 0.00070965
10.195 0.00029499
10.2 -0.00011862
10.205 -0.00060546
10.21 -0.0012256
10.215 -0.0018733
10.22 -0.0023879
10.225 -0.0027626
10.23 -0.0031684
10.235 -0.0036852
10.24 -0.004178
10.245 -0.0045472
10.25 -0.0048722
10.255 -0.00516
10.26 -0.0053061
10.265 -0.0053973
10.27 -0.0055087
10.275 -0.0056
10.28 -0.0057847
10.285 -0.0059255
10.29 -0.0060252
10.295 -0.005961
10.3 -0.0059544
10.305 -0.0060401
10.31 -0.0059479
10.315 -0.0057378
10.32 -0.0054876
10.325 -0.005009
10.33 -0.0045765
10.335 -0.0042246
10.34 -0.0038512
10.345 -0.0035976
10.35 -0.0034529
10.355 -0.0034807
10.36 -0.0034948
10.365 -0.0034901
10.37 -0.0035622
10.375 -0.0037918
10.38 -0.0037563
10.385 -0.0037114
10.39 -0.0037693
10.395 -0.0037276
10.4 -0.0037505
10.405 -0.0036974
10.41 -0.0038342
10.415 -0.0040003
10.42 -0.0040309
10.425 -0.003978
10.43 -0.0038618
10.435 -0.0037363
10.44 -0.0035278
10.445 -0.0032691
10.45 -0.0030659
10.455 -0.0029039
10.46 -0.0028031
10.465 -0.0024923
10.47 -0.0022225
10.475 -0.0019486
10.48 -0.0016415
10.485 -0.0010996
10.49 -0.00062159
10.495 -0.00021372
10.5 0.00029367
10.505 0.0010012
10.51 0.0017407
10.515 0.0025283
10.52 0.0032639
10.525 0.0039066
10.53 0.0044485
10.535 0.0047195
10.54 0.0048702
10.545 0.0048609
10.55 0.0045811
10.555 0.0042069
10.56 0.0036835
10.565 0.0033531
10.57 0.0030403
10.575 0.0027312
10.58 0.0025973
10.585 0.0024768
10.59 0.0024368
10.595 0.002622
10.6 0.0027867
10.605 0.002913
10.61 0.0029773
10.615 0.0028924
10.62 0.0026876
10.625 0.0023291
10.63 0.0022266
10.635 0.0022854
10.64 0.0022683
10.645 0.0022793
10.65 0.0023304
10.655 0.00236
10.66 0.0023361
10.665 0.0022538
10.67 0.0020333
10.675 0.0016728
10.68 0.0012735
10.685 0.00081788
10.69 0.00038571
10.695 -6.4462e-005
10.7 -0.00045126
10.705 -0.00056655
10.71 -0.00064944
10.715 -0.00070507
10.72 -0.00058623
10.725 -0.0004309
10.73 -0.0003205
10.735 -8.3615e-005
10.74 1.2994e-005
10.745 0.00012882
10.75 0.00021624
10.755 0.00026442
10.76 0.00023654
10.765 0.00025091
10.77 0.00023247
10.775 0.00021723
10.78 0.00027395
10.785 0.000349
10.79 0.00057348
10.795 0.00078426
10.8 0.00099641
10.805 0.0012644
10.81 0.0014435
10.815 0.0015392
10.82 0.0015526
10.825 0.0013808
10.83 0.0011136
10.835 0.00082158
10.84 0.00045165
10.845 6.0247e-005
10.85 -0.00035663
10.855 -0.00088836
10.86 -0.0014671
10.865 -0.0018417
10.87 -0.0022835
10.875 -0.0027341
10.88 -0.0031016
10.885 -0.0033988
10.89 -0.0036241
10.895 -0.0036831
10.9 -0.0036196
10.905 -0.0034376
10.91 -0.0030845
10.915 -0.002787
10.92 -0.0026351
10.925 -0.0025289
10.93 -0.0023586
10.935 -0.0023342
10.94 -0.0021093
10.945 -0.0019912
10.95 -0.0019916
10.955 -0.0018665
10.96 -0.0016404
10.965 -0.0013802
10.97 -0.0010683
10.975 -0.00081322
10.98 -0.00049334
10.985 -4.2492e-005
10.99 0.00043523
10.995 0.00094538
11 0.0015527
11.005 0.0022007
11.01 0.0027825
11.015 0.0033547
11.02 0.0039377
11.025 0.0044741
11.03 0.0049765
11.035 0.0053649
11.04 0.0057285
11.045 0.0060625
11.05 0.0062465
11.055 0.0063614
11.06 0.0063552
11.065 0.0062385
11.07 0.0062617
11.075 0.0060687
11.08 0.0056815
11.085 0.0052692
11.09 0.0047258
11.095 0.0040877
11.1 0.0034983
11.105 0.0028586
11.11 0.0022245
11.115 0.0016249
11.12 0.0010283
11.125 0.00051651
11.13 2.0874e-005
11.135 -0.00049994
11.14 -0.0010684
11.145 -0.0017227
11.15 -0.0024191
11.155 -0.0030891
11.16 -0.0037136
11.165 -0.004314
11.17 -0.0047331
11.175 -0.0049957
11.18 -0.0051962
11.185 -0.0050625
11.19 -0.0047832
11.195 -0.004481
11.2 -0.0040509
11.205 -0.0036268
11.21 -0.0030977
11.215 -0.0024142
11.22 -0.0017908
11.225 -0.0012175
11.23 -0.00065388
11.235 -0.00011525
11.24 0.00029226
11.245 0.00061522
11.25 0.00085181
11.255 0.0010907
11.26 0.0011756
11.265 0.0011321
11.27 0.0011267
11.275 0.0011429
11.28 0.0011878
11.285 0.0012795
11.29 0.0013625
11.295 0.0014012
11.3 0.0014671
11.305 0.0014813
11.31 0.0015421
11.315 0.0015359
11.32 0.0014314
11.325 0.0014425
11.33 0.0013267
11.335 0.0011248
11.34 0.0008999
11.345 0.0007214
11.35 0.00063663
11.355 0.00050036
11.36 0.00033998
11.365 0.00011063
11.37 -0.00039384
11.375 -0.0008312
11.38 -0.0013929
11.385 -0.002113
11.39 -0.0027105
11.395 -0.0032899
11.4 -0.0038003
11.405 -0.0042989
11.41 -0.0046316
11.415 -0.0048192
11.42 -0.0050697
11.425 -0.0050094
11.43 -0.0048266
11.435 -0.0047647
11.44 -0.0045838
11.445 -0.0043818
11.45 -0.0041821
11.455 -0.0039303
11.46 -0.0036408
11.465 -0.0031571
11.47 -0.0026388
11.475 -0.0021347
11.48 -0.0015601
11.485 -0.00094692
11.49 -0.00039095
11.495 7.1873e-005
11.5 0.00032785
11.505 0.00045496
11.51 0.00043953
11.515 0.00025839
11.52 -2.528e-005
11.525 -0.00026048
11.53 -0.00044986
11.535 -0.00052817
11.54 -0.00049896
11.545 -0.00042471
11.55 -0.00017403
11.555 0.00016703
11.56 0.00039196
11.565 0.0005782
11.57 0.0007253
11.575 0.00084091
11.58 0.0008687
11.585 0.00073524
11.59 0.00047304
11.595 0.00011636
11.6 -0.00040491
11.605 -0.00096226
11.61 -0.0013477
11.615 -0.0016717
11.62 -0.001994
11.625 -0.0023157
11.63 -0.0026726
11.635 -0.0030354
11.64 -0.0033769
11.645 -0.0036789
11.65 -0.0039712
11.655 -0.0042187
11.66 -0.0043693
11.665 -0.0045158
11.67 -0.0046257
11.675 -0.0046494
11.68 -0.0047491
11.685 -0.004829
11.69 -0.0047796
11.695 -0.0046712
11.7 -0.0044655
11.705 -0.0042273
11.71 -0.003953
11.715 -0.0036866
11.72 -0.0030682
11.725 -0.0023787
11.73 -0.0018003
11.735 -0.0011674
11.74 -0.00059586
11.745 -0.00010209
11.75 0.00038607
11.755 0.00074799
11.76 0.00098419
11.765 0.0011477
11.77 0.0012208
11.775 0.0012024
11.78 0.0012117
11.785 0.0013523
11.79 0.0014956
11.795 0.0018386
11.8 0.0022082
11.805 0.0025979
11.81 0.0031179
11.815 0.0037263
11.82 0.0042723
11.825 0.0045599
11.83 0.0048254
11.835 0.0048633
11.84 0.004644
11.845 0.0042276
11.85 0.0039664
11.855 0.0034946
11.86 0.0028891
11.865 0.0023357
11.87 0.0017416
11.875 0.0012506
11.88 0.00099962
11.885 0.000806
11.89 0.00059509
11.895 0.00042132
11.9 0.0003234
11.905 0.00014694
11.91 -5.3512e-005
11.915 -0.00020939
11.92 -0.00047705
11.925 -0.00046002
11.93 -0.00043286
11.935 -0.00059362
11.94 -0.00080398
11.945 -0.00075868
11.95 -0.00079765
11.955 -0.00098568
11.96 -0.0010519
11.965 -0.00089299
11.97 -0.00058522
11.975 -0.00034896
11.98 -7.6824e-005
11.985 0.00035789
11.99 0.00081976
11.995 0.0014078
12 0.002088
12.005 0.002804
12.01 0.0034224
12.015 0.0039379
12.02 0.004429
12.025 0.0047103
12.03 0.0050903
12.035 0.0053749
12.04 0.0054932
12.045 0.0056059
12.05 0.005581
12.055 0.0057337
12.06 0.0058182
12.065 0.005873
12.07 0.0059597
12.075 0.0060672
12.08 0.0061709
12.085 0.0061693
12.09 0.0061193
12.095 0.0060136
12.1 0.0056876
12.105 0.005227
12.11 0.0046438
12.115 0.004
12.12 0.0033265
12.125 0.0025776
12.13 0.0019112
12.135 0.0012801
12.14 0.00061891
12.145 -2.4714e-005
12.15 -0.000567
12.155 -0.0010301
12.16 -0.0013442
12.165 -0.0016329
12.17 -0.0019178
12.175 -0.0021759
12.18 -0.0023844
12.185 -0.0024767
12.19 -0.0024012
12.195 -0.0023224
12.2 -0.0023042
12.205 -0.0023939
12.21 -0.0024811
12.215 -0.0024271
12.22 -0.0021952
12.225 -0.0018808
12.23 -0.0015636
12.235 -0.0012586
12.24 -0.0007141
12.245 8.518e-005
12.25 0.00089508
12.255 0.0017342
12.26 0.0024985
12.265 0.0031066
12.27 0.0037267
12.275 0.0044058
12.28 0.0049098
12.285 0.0051485
12.29 0.0052523
12.295 0.0052383
12.3 0.0052953
12.305 0.0053738
12.31 0.0052671
12.315 0.0050148
12.32 0.0047449
12.325 0.0044667
12.33 0.0042532
12.335 0.0040016
12.34 0.0036384
12.345 0.0032715
12.35 0.0028492
12.355 0.0024027
12.36 0.0020071
12.365 0.0018311
12.37 0.0016358
12.375 0.0012128
12.38 0.0010135
12.385 0.00075092
12.39 0.00030565
12.395 -0.00014372
12.4 -0.00042136
12.405 -0.00082273
12.41 -0.001414
12.415 -0.0018894
12.42 -0.0023915
12.425 -0.0029146
12.43 -0.0034633
12.435 -0.0040937
12.44 -0.0046859
12.445 -0.0052277
12.45 -0.0056481
12.455 -0.0059683
12.46 -0.0062999
12.465 -0.0066049
12.47 -0.006862
12.475 -0.0069649
12.48 -0.0070849
12.485 -0.0072114
12.49 -0.0073088
12.495 -0.0073839
12.5 -0.0072956
12.505 -0.0071745
12.51 -0.0069924
12.515 -0.0066062
12.52 -0.006111
12.525 -0.0055182
12.53 -0.0048155
12.535 -0.0039986
12.54 -0.0032561
12.545 -0.0027161
12.55 -0.0021849
12.555 -0.0017016
12.56 -0.0013504
12.565 -0.001101
12.57 -0.00096561
12.575 -0.0008262
12.58 -0.00061817
12.585 -0.00035647
12.59 2.5899e-005
12.595 0.00044873
12.6 0.00075673
12.605 0.0010659
12.61 0.0014924
12.615 0.0019214
12.62 0.0022949
12.625 0.0025394
12.63 0.0026896
12.635 0.0028562
12.64 0.0029846
12.645 0.0030455
12.65 0.0030583
12.655 0.0029764
12.66 0.0027511
12.665 0.0024331
12.67 0.0021298
12.675 0.0020187
12.68 0.0017578
12.685 0.0013648
12.69 0.0010569
12.695 0.00082628
12.7 0.00055057
12.705 0.00050032
12.71 0.00033897
12.715 0.00016461
12.72 -0.00011098
12.725 -0.00060244
12.73 -0.0010352
12.735 -0.0014676
12.74 -0.0019717
12.745 -0.0024415
12.75 -0.0029035
12.755 -0.0032516
12.76 -0.0034769
12.765 -0.0036885
12.77 -0.0038823
12.775 -0.00391
12.78 -0.0039544
12.785 -0.0041182
12.79 -0.0043103
12.795 -0.0042741
12.8 -0.0041462
12.805 -0.0039766
12.81 -0.0035543
12.815 -0.0029951
12.82 -0.0024277
12.825 -0.0016313
12.83 -0.0010031
12.835 -0.000405
12.84 9.0252e-005
12.845 0.00051177
12.85 0.00092987
12.855 0.0012972
12.86 0.0016969
12.865 0.0020715
12.87 0.0024692
12.875 0.002885
12.88 0.0033313
12.885 0.0037087
12.89 0.0039833
12.895 0.0044324
12.9 0.0047377
12.905 0.004977
12.91 0.0052975
12.915 0.0055966
12.92 0.0058369
12.925 0.006067
12.93 0.0062705
12.935 0.0063958
12.94 0.0063939
12.945 0.0063368
12.95 0.0062601
12.955 0.0061306
12.96 0.00601
12.965 0.0059225
12.97 0.0057035
12.975 0.0054138
12.98 0.0051439
12.985 0.0047596
12.99 0.0043728
12.995 0.0038888
13 0.0032961
13.005 0.0027702
13.01 0.0023427
13.015 0.002071
13.02 0.001928
13.025 0.0019744
13.03 0.0020889
13.035 0.0022051
13.04 0.0023864
13.045 0.0025131
13.05 0.0023161
13.055 0.002161
13.06 0.0018167
13.065 0.0012098
13.07 0.00050159
13.075 -0.00021488
13.08 -0.0010214
13.085 -0.0017676
13.09 -0.0023657
13.095 -0.0029458
13.1 -0.0035261
13.105 -0.0040265
13.11 -0.0045307
13.115 -0.0049786
13.12 -0.0053454
13.125 -0.0056686
13.13 -0.0058552
13.135 -0.0059224
13.14 -0.0058159
13.145 -0.0055043
13.15 -0.0049833
13.155 -0.0043695
13.16 -0.0036646
13.165 -0.0029977
13.17 -0.0024135
13.175 -0.0019161
13.18 -0.0015079
13.185 -0.0012241
13.19 -0.0011925
13.195 -0.0012441
13.2 -0.0013418
13.205 -0.0013371
13.21 -0.0012458
13.215 -0.0011533
13.22 -0.001051
13.225 -0.00091607
13.23 -0.00079604
13.235 -0.00055468
13.24 -0.00022161
13.245 -9.0172e-005
13.25 4.6823e-006
13.255 0.00015495
13.26 0.00018613
13.265 7.6631e-005
13.27 4.3576e-005
13.275 -0.00010828
13.28 -0.00029332
13.285 -0.000521
13.29 -0.00084972
13.295 -0.0011222
13.3 -0.0012585
13.305 -0.0012826
13.31 -0.0012995
13.315 -0.0011979
13.32 -0.0009863
13.325 -0.00083617
13.33 -0.00067203
13.335 -0.00053061
13.34 -0.00050207
13.345 -0.00058264
13.35 -0.0007768
13.355 -0.0010323
13.36 -0.0014068
13.365 -0.0018911
13.37 -0.0024604
13.375 -0.0031343
13.38 -0.0037398
13.385 -0.0043746
13.39 -0.0049783
13.395 -0.0055602
13.4 -0.0059809
13.405 -0.0062032
13.41 -0.0061748
13.415 -0.0058845
13.42 -0.0053038
13.425 -0.0045259
13.43 -0.0036364
13.435 -0.0028163
13.44 -0.0019695
13.445 -0.0012065
13.45 -0.00055277
13.455 -8.3745e-006
13.46 0.00048476
13.465 0.00091504
13.47 0.0011501
13.475 0.0014602
13.48 0.001695
13.485 0.0019716
13.49 0.0022658
13.495 0.0025301
13.5 0.0028892
13.505 0.0032613
13.51 0.0036063
13.515 0.0039411
13.52 0.0041963
13.525 0.0044429
13.53 0.004667
13.535 0.0046608
13.54 0.004744
13.545 0.0046103
13.55 0.004224
13.555 0.0037735
13.56 0.0032905
13.565 0.0027056
13.57 0.0020465
13.575 0.0015227
13.58 0.0010164
13.585 0.00064382
13.59 0.00045595
13.595 0.00033183
13.6 0.0002567
13.605 0.00036419
13.61 0.00058657
13.615 0.0008043
13.62 0.00097514
13.625 0.0011457
13.63 0.0013275
13.635 0.0014421
13.64 0.0013985
13.645 0.0012486
13.65 0.0012273
13.655 0.0011017
13.66 0.00074579
13.665 0.00028898
13.67 3.9873e-005
13.675 -0.0003208
13.68 -0.00074025
13.685 -0.0010271
13.69 -0.0012392
13.695 -0.0014931
13.7 -0.0017092
13.705 -0.0019771
13.71 -0.0020824
13.715 -0.0021661
13.72 -0.0023141
13.725 -0.002403
13.73 -0.0025115
13.735 -0.0025897
13.74 -0.0025536
13.745 -0.0024284
13.75 -0.0023262
13.755 -0.0022033
13.76 -0.0018641
13.765 -0.0015336
13.77 -0.0012361
13.775 -0.00089555
13.78 -0.00051139
13.785 -6.813e-005
13.79 0.00048648
13.795 0.0010104
13.8 0.0015476
13.805 0.0021255
13.81 0.0025473
13.815 0.0030506
13.82 0.0035773
13.825 0.003986
13.83 0.0042678
13.835 0.004554
13.84 0.0048029
13.845 0.0049168
13.85 0.0050862
13.855 0.0051723
13.86 0.0050718
13.865 0.0047783
13.87 0.0045972
13.875 0.0042399
13.88 0.0040072
13.885 0.003747
13.89 0.0032157
13.895 0.0026532
13.9 0.0021068
13.905 0.0015396
13.91 0.00092501
13.915 0.00030831
13.92 -0.00033842
13.925 -0.0010548
13.93 -0.0017993
13.935 -0.0022624
13.94 -0.0027907
13.945 -0.003375
13.95 -0.0037935
13.955 -0.0041035
13.96 -0.0043348
13.965 -0.0043835
13.97 -0.0043509
13.975 -0.0043893
13.98 -0.0041506
13.985 -0.0038286
13.99 -0.0035553
13.995 -0.0032182
14 -0.0028783
14.005 -0.0026396
14.01 -0.0024321
14.015 -0.0023317
14.02 -0.002352
14.025 -0.0023776
14.03 -0.0023234
14.035 -0.0023244
14.04 -0.0022447
14.045 -0.0020892
14.05 -0.0017899
14.055 -0.0013866
14.06 -0.0009969
14.065 -0.00048447
14.07 9.1591e-005
14.075 0.00058858
14.08 0.0010087
14.085 0.0013118
14.09 0.0014918
14.095 0.0014464
14.1 0.0012381
14.105 0.0011829
14.11 0.0011233
14.115 0.001037
14.12 0.0012171
14.125 0.0014056
14.13 0.0015523
14.135 0.0017794
14.14 0.0020148
14.145 0.0022252
14.15 0.0023729
14.155 0.0023956
14.16 0.0023311
14.165 0.002099
14.17 0.0018307
14.175 0.0013471
14.18 0.00082808
14.185 7.8392e-005
14.19 -0.00068329
14.195 -0.0014898
14.2 -0.0023849
14.205 -0.0029952
14.21 -0.0036754
14.215 -0.0042745
14.22 -0.0048489
14.225 -0.0053908
14.23 -0.0058331
14.235 -0.0061027
14.24 -0.006262
14.245 -0.0062921
14.25 -0.0060976
14.255 -0.005832
14.26 -0.005433
14.265 -0.0049027
14.27 -0.0042612
14.275 -0.0036005
14.28 -0.0030018
14.285 -0.002179
14.29 -0.0014409
14.295 -0.00095082
14.3 -0.00048265
14.305 0.00017341
14.31 0.00069666
14.315 0.0010102
14.32 0.0014227
14.325 0.0019564
14.33 0.0024203
14.335 0.0028954
14.34 0.0034515
14.345 0.0039959
14.35 0.0045213
14.355 0.0050389
14.36 0.0054689
14.365 0.0058331
14.37 0.0061638
14.375 0.0063817
14.38 0.0064174
14.385 0.0063928
14.39 0.0062595
14.395 0.005971
14.4 0.005638
14.405 0.0052428
14.41 0.0047765
14.415 0.0042521
14.42 0.0038042
14.425 0.0033593
14.43 0.0029473
14.435 0.0024929
14.44 0.0020953
14.445 0.0017416
14.45 0.0014139
14.455 0.0011197
14.46 0.00076429
14.465 0.00049954
14.47 0.00015024
14.475 -0.00023931
14.48 -0.00051196
14.485 -0.00079214
14.49 -0.00099674
14.495 -0.0011784
14.5 -0.0012314
14.505 -0.0012972
14.51 -0.0014497
14.515 -0.0015351
14.52 -0.001552
14.525 -0.0015941
14.53 -0.0016897
14.535 -0.0017929
14.54 -0.0019535
14.545 -0.002047
14.55 -0.0020967
14.555 -0.0020763
14.56 -0.0019675
14.565 -0.0018953
14.57 -0.0017565
14.575 -0.0015417
14.58 -0.0013485
14.585 -0.0011617
14.59 -0.00092278
14.595 -0.00067627
14.6 -0.0004601
14.605 -0.00033155
14.61 -0.00025754
14.615 -0.00021657
14.62 -0.00021169
14.625 -0.00016897
14.63 -0.00010039
14.635 -3.2934e-005
14.64 -4.4025e-005
14.645 0.00016186
14.65 0.00035474
14.655 0.00044402
14.66 0.00052929
14.665 0.00062369
14.67 0.00070706
14.675 0.00068289
14.68 0.00057015
14.685 0.00045456
14.69 0.00021058
14.695 -0.00018534
14.7 -0.00050818
14.705 -0.00075507
14.71 -0.0010127
14.715 -0.0012037
14.72 -0.0013415
14.725 -0.001333
14.73 -0.0013023
14.735 -0.0012967
14.74 -0.0011485
14.745 -0.00098364
14.75 -0.00089368
14.755 -0.00070801
14.76 -0.00053574
14.765 -0.00060213
14.77 -0.00043723
14.775 -0.00042564
14.78 -0.00068644
14.785 -0.00087745
14.79 -0.0010413
14.795 -0.0013609
14.8 -0.0016618
14.805 -0.0019035
14.81 -0.0021646
14.815 -0.0023839
14.82 -0.0025411
14.825 -0.0026481
14.83 -0.0026706
14.835 -0.0026418
14.84 -0.0025583
14.845 -0.0023056
14.85 -0.0020274
14.855 -0.0016928
14.86 -0.0012042
14.865 -0.00073485
14.87 -0.00044285
14.875 -0.00025485
14.88 -0.00017839
14.885 -0.00024287
14.89 -0.0003626
14.895 -0.0006053
14.9 -0.0010043
14.905 -0.0014806
14.91 -0.0019786
14.915 -0.0024677
14.92 -0.0028999
14.925 -0.0032369
14.93 -0.0035274
14.935 -0.0037656
14.94 -0.0038107
14.945 -0.0037018
14.95 -0.0035208
14.955 -0.0032142
14.96 -0.0027966
14.965 -0.0023152
14.97 -0.0018377
14.975 -0.0013853
14.98 -0.0009333
14.985 -0.00028686
14.99 0.00029349
14.995 0.00070391
15 0.0010126
15.005 0.0011288
15.01 0.001381
15.015 0.0014307
15.02 0.0013842
15.025 0.0013021
15.03 0.0011395
15.035 0.00095175
15.04 0.0008112
15.045 0.00067646
15.05 0.00048662
15.055 0.0003386
15.06 0.00022071
15.065 0.00011981
15.07 -8.6212e-007
15.075 3.1055e-006
15.08 7.5885e-005
15.085 0.00013312
15.09 0.0002328
15.095 0.00017115
15.1 0.00022388
15.105 0.00029991
15.11 0.00018808
15.115 0.00010957
15.12 3.7222e-005
15.125 -0.00010557
15.13 -0.00027641
15.135 -0.00051778
15.14 -0.00058077
15.145 -0.00068046
15.15 -0.00095533
15.155 -0.0012311
15.16 -0.0013916
15.165 -0.0015412
15.17 -0.001675
15.175 -0.0016906
15.18 -0.0016076
15.185 -0.0014362
15.19 -0.0012145
15.195 -0.0010779
15.2 -0.00073814
15.205 -0.00046087
15.21 -0.00037497
15.215 -0.00030626
15.22 -0.00029189
15.225 -0.00030133
15.23 -0.00027109
15.235 -8.3088e-005
15.24 3.5917e-005
15.245 0.00016256
15.25 0.0004428
15.255 0.00067871
15.26 0.0010613
15.265 0.0014653
15.27 0.0018111
15.275 0.0022041
15.28 0.002521
15.285 0.0027637
15.29 0.0030283
15.295 0.003277
15.3 0.0033441
15.305 0.0033759
15.31 0.0033817
15.315 0.0034063
15.32 0.0034376
15.325 0.0034299
15.33 0.0034862
15.335 0.003499
15.34 0.0035434
15.345 0.0035377
15.35 0.0034402
15.355 0.0032797
15.36 0.0031124
15.365 0.0029277
15.37 0.0027578
15.375 0.0025092
15.38 0.0021441
15.385 0.0017625
15.39 0.0014388
15.395 0.0011266
15.4 0.00084913
15.405 0.00067262
15.41 0.0004888
15.415 0.00025613
15.42 0.00010011
15.425 -0.0001171
15.43 -0.00041095
15.435 -0.00057084
15.44 -0.00059961
15.445 -0.00077132
15.45 -0.0009439
15.455 -0.0010754
15.46 -0.0013122
15.465 -0.0013329
15.47 -0.0013692
15.475 -0.0015415
15.48 -0.0016773
15.485 -0.0017408
15.49 -0.0018163
15.495 -0.0019099
15.5 -0.0019919
15.505 -0.0020708
15.51 -0.0021523
15.515 -0.0022357
15.52 -0.0022995
15.525 -0.0022195
15.53 -0.0019726
15.535 -0.0015667
15.54 -0.0010728
15.545 -0.00049681
15.55 0.00021118
15.555 0.00089856
15.56 0.0014271
15.565 0.0019292
15.57 0.0022754
15.575 0.0024165
15.58 0.0025542
15.585 0.0026105
15.59 0.0026009
15.595 0.0025169
15.6 0.0025226
15.605 0.0024455
15.61 0.0023114
15.615 0.0022645
15.62 0.0022223
15.625 0.0021579
15.63 0.0020909
15.635 0.001986
15.64 0.0018162
15.645 0.001568
15.65 0.0013287
15.655 0.0011376
15.66 0.00086151
15.665 0.00054104
15.67 0.00021613
15.675 0.00016885
15.68 0.00013617
15.685 6.137e-005
15.69 0.00011858
15.695 0.00023591
15.7 0.00031623
15.705 0.00034887
15.71 0.00037922
15.715 0.00032268
15.72 0.00015437
15.725 -0.00011138
15.73 -0.00053623
15.735 -0.00096707
15.74 -0.0013645
15.745 -0.0018126
15.75 -0.002224
15.755 -0.0025614
15.76 -0.0028525
15.765 -0.0030588
15.77 -0.0032177
15.775 -0.0033697
15.78 -0.0033936
15.785 -0.0033402
15.79 -0.0032197
15.795 -0.0030169
15.8 -0.0028483
15.805 -0.0026812
15.81 -0.0025306
15.815 -0.0021714
15.82 -0.0019526
15.825 -0.0019514
15.83 -0.0018763
15.835 -0.0018806
15.84 -0.0019516
15.845 -0.0020259
15.85 -0.0020475
15.855 -0.0019602
15.86 -0.001743
15.865 -0.0014886
15.87 -0.0011829
15.875 -0.00072352
15.88 -0.00027162
15.885 0.00047636
15.89 0.0011243
15.895 0.0015633
15.9 0.0020857
15.905 0.0025133
15.91 0.002832
15.915 0.003056
15.92 0.0030808
15.925 0.0030538
15.93 0.0029465
15.935 0.0029169
15.94 0.0026776
15.945 0.0025046
15.95 0.0023398
15.955 0.0020015
15.96 0.0018358
15.965 0.0017396
15.97 0.0015761
15.975 0.0014311
15.98 0.0013686
15.985 0.0012234
15.99 0.0012831
15.995 0.0013704
16 0.001339
16.005 0.001358
16.01 0.0013793
16.015 0.0013986
16.02 0.0013391
16.025 0.0011472
16.03 0.0008201
16.035 0.00054633
16.04 0.00018087
16.045 -9.7854e-005
16.05 -0.0004282
16.055 -0.00075425
16.06 -0.00088494
16.065 -0.0011286
16.07 -0.0014642
16.075 -0.0018495
16.08 -0.0020452
16.085 -0.0020457
16.09 -0.0021571
16.095 -0.0022146
16.1 -0.0020661
16.105 -0.0018383
16.11 -0.0016088
16.115 -0.0014325
16.12 -0.0012804
16.125 -0.0010614
16.13 -0.00092767
16.135 -0.00074331
16.14 -0.00067018
16.145 -0.00073149
16.15 -0.00090327
16.155 -0.0010027
16.16 -0.0010574
16.165 -0.001139
16.17 -0.0010674
16.175 -0.00084831
16.18 -0.00063525
16.185 -0.00038274
16.19 -0.00010436
16.195 0.00034598
16.2 0.00073048
16.205 0.00090939
16.21 0.0010473
16.215 0.0010398
16.22 0.00090591
16.225 0.0006998
16.23 0.00041077
16.235 7.8602e-005
16.24 -0.00025198
16.245 -0.00058064
16.25 -0.00066451
16.255 -0.00070097
16.26 -0.00075704
16.265 -0.00070457
16.27 -0.00063066
16.275 -0.00052537
16.28 -0.00028328
16.285 -1.856e-005
16.29 0.00029854
16.295 0.00068086
16.3 0.0010375
16.305 0.001298
16.31 0.0015434
16.315 0.0017261
16.32 0.0019036
16.325 0.0021591
16.33 0.0022382
16.335 0.0021764
16.34 0.0021075
16.345 0.0019733
16.35 0.0018538
16.355 0.0017221
16.36 0.0016263
16.365 0.0016366
16.37 0.0016934
16.375 0.0017867
16.38 0.0019658
16.385 0.0021652
16.39 0.0024185
16.395 0.0026537
16.4 0.0028993
16.405 0.0031183
16.41 0.0032637
16.415 0.003331
16.42 0.0033921
16.425 0.003426
16.43 0.0033851
16.435 0.0032679
16.44 0.0030539
16.445 0.0026131
16.45 0.0023849
16.455 0.0020118
16.46 0.0017026
16.465 0.0015046
16.47 0.001168
16.475 0.00086749
16.48 0.00064473
16.485 0.00038886
16.49 0.00016312
16.495 -0.00011178
16.5 -0.00016309
16.505 -4.4515e-005
16.51 8.6851e-005
16.515 0.0002222
16.52 0.00041908
16.525 0.00076646
16.53 0.001216
16.535 0.00176
16.54 0.0022689
16.545 0.002712
16.55 0.002992
16.555 0.0033977
16.56 0.0037375
16.565 0.0039011
16.57 0.0040417
16.575 0.0040976
16.58 0.0039622
16.585 0.0037578
16.59 0.0034708
16.595 0.0031571
16.6 0.0028126
16.605 0.0023782
16.61 0.0019912
16.615 0.0016883
16.62 0.0014642
16.625 0.001267
16.63 0.00096589
16.635 0.00055991
16.64 0.00014227
16.645 -0.0002256
16.65 -0.00063229
16.655 -0.0010502
16.66 -0.0013523
16.665 -0.0016181
16.67 -0.0019548
16.675 -0.0020405
16.68 -0.0020284
16.685 -0.0020948
16.69 -0.0019313
16.695 -0.0018184
16.7 -0.0017697
16.705 -0.0017078
16.71 -0.0016588
16.715 -0.0016516
16.72 -0.0016597
16.725 -0.0016928
16.73 -0.0017462
16.735 -0.0018144
16.74 -0.0018274
16.745 -0.0019374
16.75 -0.0020577
16.755 -0.0021574
16.76 -0.0021945
16.765 -0.0022171
16.77 -0.0022501
16.775 -0.0021913
16.78 -0.002112
16.785 -0.0020177
16.79 -0.0019069
16.795 -0.0017583
16.8 -0.0016056
16.805 -0.0014647
16.81 -0.0013194
16.815 -0.0011847
16.82 -0.0011434
16.825 -0.001152
16.83 -0.0010815
16.835 -0.00093272
16.84 -0.00086182
16.845 -0.00069068
16.85 -0.00041507
16.855 -0.00014354
16.86 8.5821e-005
16.865 0.00035235
16.87 0.00064057
16.875 0.00083639
16.88 0.00095161
16.885 0.0013354
16.89 0.0016274
16.895 0.0018164
16.9 0.0019399
16.905 0.0019679
16.91 0.0020356
16.915 0.0020366
16.92 0.002013
16.925 0.0020514
16.93 0.0020397
16.935 0.0020039
16.94 0.0022091
16.945 0.0023747
16.95 0.0026657
16.955 0.0028842
16.96 0.0030377
16.965 0.0031246
16.97 0.003172
16.975 0.0031566
16.98 0.003067
16.985 0.0028982
16.99 0.0026319
16.995 0.0023371
17 0.0020296
17.005 0.0016176
17.01 0.0012445
17.015 0.00081875
17.02 0.00045283
17.025 -8.0987e-006
17.03 -0.00071076
17.035 -0.0014441
17.04 -0.0019901
17.045 -0.0026234
17.05 -0.0032633
17.055 -0.0038604
17.06 -0.0043857
17.065 -0.0048012
17.07 -0.0051818
17.075 -0.0055139
17.08 -0.005755
17.085 -0.0059226
17.09 -0.0059906
17.095 -0.0060738
17.1 -0.0061012
17.105 -0.0060501
17.11 -0.006014
17.115 -0.0059323
17.12 -0.0057524
17.125 -0.0055733
17.13 -0.0054085
17.135 -0.0051473
17.14 -0.0048713
17.145 -0.0046386
17.15 -0.0044793
17.155 -0.0042852
17.16 -0.0041199
17.165 -0.0040767
17.17 -0.004053
17.175 -0.0038938
17.18 -0.0037923
17.185 -0.0036562
17.19 -0.0034378
17.195 -0.0032677
17.2 -0.0030166
17.205 -0.0026055
17.21 -0.0022021
17.215 -0.0017853
17.22 -0.0013213
17.225 -0.00092067
17.23 -0.00044253
17.235 -4.0327e-005
17.24 0.00034112
17.245 0.00070913
17.25 0.00097327
17.255 0.0011481
17.26 0.0011744
17.265 0.0014002
17.27 0.0015011
17.275 0.0015274
17.28 0.001618
17.285 0.0016228
17.29 0.0016438
17.295 0.0016836
17.3 0.0016331
17.305 0.0016015
17.31 0.0015644
17.315 0.0014982
17.32 0.0013836
17.325 0.0011908
17.33 0.0010271
17.335 0.00081076
17.34 0.00061133
17.345 0.00049565
17.35 0.00047087
17.355 0.00052472
17.36 0.00057827
17.365 0.00066032
17.37 0.00075723
17.375 0.00084377
17.38 0.00092617
17.385 0.00095281
17.39 0.00090878
17.395 0.00098867
17.4 0.0010535
17.405 0.0010386
17.41 0.0011027
17.415 0.0010718
17.42 0.00098435
17.425 0.00088658
17.43 0.00075444
17.435 0.00070246
17.44 0.0006775
17.445 0.00066969
17.45 0.00065668
17.455 0.00056169
17.46 0.00049899
17.465 0.00047035
17.47 0.00041082
17.475 0.00033341
17.48 0.00042263
17.485 0.00049244
17.49 0.00047497
17.495 0.00054007
17.5 0.00053144
17.505 0.0005895
17.51 0.00066595
17.515 0.00074905
17.52 0.00088578
17.525 0.00097069
17.53 0.0010083
17.535 0.001142
17.54 0.001298
17.545 0.0014233
17.55 0.0016051
17.555 0.0018331
17.56 0.0020264
17.565 0.0023315
17.57 0.0026534
17.575 0.0028001
17.58 0.0028885
17.585 0.0029694
17.59 0.0030065
17.595 0.0030787
17.6 0.0031548
17.605 0.0031363
17.61 0.0031515
17.615 0.0031898
17.62 0.0031135
17.625 0.0029908
17.63 0.0029179
17.635 0.002724
17.64 0.0024382
17.645 0.0021619
17.65 0.0018939
17.655 0.001449
17.66 0.0011855
17.665 0.00104
17.67 0.00070516
17.675 0.0004404
17.68 0.00027906
17.685 6.9587e-006
17.69 -0.00024027
17.695 -0.00037149
17.7 -0.00063323
17.705 -0.00088772
17.71 -0.001064
17.715 -0.0012838
17.72 -0.0012641
17.725 -0.0012782
17.73 -0.0012714
17.735 -0.0011948
17.74 -0.0011438
17.745 -0.0011016
17.75 -0.0010305
17.755 -0.00085011
17.76 -0.00078386
17.765 -0.00079111
17.77 -0.00086598
17.775 -0.00093978
17.78 -0.0010876
17.785 -0.0011778
17.79 -0.00142
17.795 -0.0016941
17.8 -0.0019408
17.805 -0.0021986
17.81 -0.0023702
17.815 -0.0025283
17.82 -0.0027041
17.825 -0.0028151
17.83 -0.0027743
17.835 -0.0027117
17.84 -0.0027221
17.845 -0.0024983
17.85 -0.0022982
17.855 -0.0022402
17.86 -0.0021348
17.865 -0.0019174
17.87 -0.0017089
17.875 -0.0015311
17.88 -0.0013475
17.885 -0.0011869
17.89 -0.0009616
17.895 -0.00074706
17.9 -0.00054779
17.905 -0.00042032
17.91 -0.00012261
17.915 9.1224e-005
17.92 0.00015084
17.925 0.00030152
17.93 0.00035376
17.935 0.00048705
17.94 0.00056527
17.945 0.0005701
17.95 0.00057195
17.955 0.00055672
17.96 0.00046788
17.965 0.00039258
17.97 0.00027183
17.975 0.00016296
17.98 8.276e-005
17.985 -5.6534e-006
17.99 -5.2229e-005
17.995 -9.1177e-005
18 -0.00013452
18.005 -0.00013377
18.01 -0.00012438
18.015 -0.00012681
18.02 -0.00014534
18.025 -0.00028817
18.03 -0.00044595
18.035 -0.00057338
18.04 -0.00075312
18.045 -0.00094127
18.05 -0.0010652
18.055 -0.0011985
18.06 -0.0013488
18.065 -0.0012628
18.07 -0.0012626
18.075 -0.0014022
18.08 -0.0014896
18.085 -0.0015501
18.09 -0.0015813
18.095 -0.0015769
18.1 -0.0016002
18.105 -0.001558
18.11 -0.0015434
18.115 -0.0015571
18.12 -0.0012644
18.125 -0.00091393
18.13 -0.00062474
18.135 -0.00035305
18.14 -6.6278e-005
18.145 0.0002473
18.15 0.00042418
18.155 0.00052577
18.16 0.00061333
18.165 0.00066488
18.17 0.00074356
18.175 0.00079566
18.18 0.00082615
18.185 0.00087629
18.19 0.00097412
18.195 0.0011227
18.2 0.0013039
18.205 0.0014905
18.21 0.0017047
18.215 0.0018873
18.22 0.0020405
18.225 0.0021136
18.23 0.0021446
18.235 0.002206
18.24 0.0022004
18.245 0.0024336
18.25 0.0026201
18.255 0.002673
18.26 0.002674
18.265 0.0027846
18.27 0.0028539
18.275 0.0028966
18.28 0.0029318
18.285 0.0029048
18.29 0.0028251
18.295 0.002661
18.3 0.0024361
18.305 0.0020936
18.31 0.0017489
18.315 0.0014064
18.32 0.00097752
18.325 0.00081354
18.33 0.00070462
18.335 0.00055997
18.34 0.00038436
18.345 0.00020469
18.35 -7.9788e-005
18.355 -0.0002125
18.36 -0.00040031
18.365 -0.00071354
18.37 -0.00094765
18.375 -0.0011985
18.38 -0.0014927
18.385 -0.0018637
18.39 -0.0022151
18.395 -0.002413
18.4 -0.0025651
18.405 -0.0027956
18.41 -0.0030353
18.415 -0.0032764
18.42 -0.0034561
18.425 -0.0036947
18.43 -0.0038609
18.435 -0.0038654
18.44 -0.0039224
18.445 -0.0040221
18.45 -0.0041018
18.455 -0.0042623
18.46 -0.0044368
18.465 -0.0045408
18.47 -0.0046525
18.475 -0.0048012
18.48 -0.004766
18.485 -0.0046008
18.49 -0.0044424
18.495 -0.0042798
18.5 -0.0040238
18.505 -0.0037525
18.51 -0.0035221
18.515 -0.003305
18.52 -0.0029749
18.525 -0.0026942
18.53 -0.0023807
18.535 -0.0020405
18.54 -0.001776
18.545 -0.0013184
18.55 -0.00085807
18.555 -0.00050078
18.56 -6.2586e-005
18.565 0.00028356
18.57 0.00057316
18.575 0.00082522
18.58 0.00093823
18.585 0.0012177
18.59 0.0013869
18.595 0.001373
18.6 0.0014004
18.605 0.0014095
18.61 0.0013467
18.615 0.0012838
18.62 0.0012435
18.625 0.0011796
18.63 0.0010364
18.635 0.00092427
18.64 0.00086241
18.645 0.00083899
18.65 0.00072188
18.655 0.00067061
18.66 0.00051197
18.665 0.00028641
18.67 0.00011378
18.675 -6.2126e-005
18.68 -0.00024887
18.685 -0.00043467
18.69 -0.00061267
18.695 -0.00078992
18.7 -0.00090856
18.705 -0.00093945
18.71 -0.00096165
18.715 -0.00097854
18.72 -0.0010529
18.725 -0.0010397
18.73 -0.00088545
18.735 -0.00093949
18.74 -0.0011667
18.745 -0.0013121
18.75 -0.0014979
18.755 -0.0016967
18.76 -0.0018614
18.765 -0.0020301
18.77 -0.0021474
18.775 -0.0022376
18.78 -0.0023643
18.785 -0.002242
18.79 -0.0021425
18.795 -0.0019453
18.8 -0.0016513
18.805 -0.0013223
18.81 -0.00092397
18.815 -0.00045592
18.82 3.8727e-005
18.825 0.00062769
18.83 0.0011984
18.835 0.0017374
18.84 0.0023727
18.845 0.0029118
18.85 0.0032773
18.855 0.0035956
18.86 0.0037957
18.865 0.0037885
18.87 0.003677
18.875 0.0034306
18.88 0.0031439
18.885 0.0027238
18.89 0.0023311
18.895 0.0020681
18.9 0.0018063
18.905 0.0015407
18.91 0.0012999
18.915 0.0012798
18.92 0.0011942
18.925 0.0011502
18.93 0.0012155
18.935 0.0012258
18.94 0.0012891
18.945 0.0013643
18.95 0.0015321
18.955 0.001683
18.96 0.0017872
18.965 0.0018791
18.97 0.0019806
18.975 0.0019647
18.98 0.0021462
18.985 0.0022888
18.99 0.0023783
18.995 0.0025623
19 0.0027433
19.005 0.002862
19.01 0.00303
19.015 0.0032577
19.02 0.0034282
19.025 0.0035722
19.03 0.0036972
19.035 0.0038069
19.04 0.003882
19.045 0.0039353
19.05 0.0039165
19.055 0.0038692
19.06 0.0036854
19.065 0.0033525
19.07 0.0032639
19.075 0.0030669
19.08 0.0027372
19.085 0.0026376
19.09 0.0025814
19.095 0.0024697
19.1 0.0024968
19.105 0.0025728
19.11 0.0026892
19.115 0.0028181
19.12 0.0029511
19.125 0.003152
19.13 0.0032304
19.135 0.0032278
19.14 0.0032385
19.145 0.0030785
19.15 0.002772
19.155 0.0024126
19.16 0.0021816
19.165 0.0017553
19.17 0.0013571
19.175 0.00103
19.18 0.00068914
19.185 0.00031945
19.19 -1.332e-005
19.195 -0.00032641
19.2 -0.00071072
19.205 -0.0011139
19.21 -0.0013976
19.215 -0.0016965
19.22 -0.0018153
19.225 -0.001921
19.23 -0.0019453
19.235 -0.0018756
19.24 -0.0016395
19.245 -0.0013462
19.25 -0.00093707
19.255 -0.00042426
19.26 0.00016279
19.265 0.00067551
19.27 0.001075
19.275 0.0013589
19.28 0.0017366
19.285 0.0020222
19.29 0.0020953
19.295 0.0020952
19.3 0.0019804
19.305 0.0017701
19.31 0.0014874
19.315 0.0010451
19.32 0.0007677
19.325 0.00044866
19.33 3.8493e-005
19.335 -0.00027508
19.34 -0.00052673
19.345 -0.0007352
19.35 -0.00081567
19.355 -0.00083811
19.36 -0.00087057
19.365 -0.00078206
19.37 -0.0007056
19.375 -0.00062208
19.38 -0.00047894
19.385 -0.00037874
19.39 -0.00029937
19.395 -0.00021505
19.4 -0.00021003
19.405 -0.00017757
19.41 -0.00012023
19.415 -0.00013036
19.42 -0.00019005
19.425 -0.00025202
19.43 -0.00045353
19.435 -0.00080258
19.44 -0.0011485
19.445 -0.0015917
19.45 -0.0020623
19.455 -0.002461
19.46 -0.0028974
19.465 -0.0032875
19.47 -0.0034862
19.475 -0.0036514
19.48 -0.0037462
19.485 -0.0037783
19.49 -0.0036668
19.495 -0.0035342
19.5 -0.0035052
19.505 -0.0035319
19.51 -0.0034236
19.515 -0.0033437
19.52 -0.0033719
19.525 -0.0031821
19.53 -0.002971
19.535 -0.0027949
19.54 -0.0025389
19.545 -0.0021728
19.55 -0.0017415
19.555 -0.0013576
19.56 -0.00096244
19.565 -0.00063174
19.57 -0.00036958
19.575 -0.00010219
19.58 7.0365e-005
19.585 8.2258e-005
19.59 1.2769e-005
19.595 -9.9031e-005
19.6 -0.00039356
19.605 -0.00078035
19.61 -0.0010485
19.615 -0.0013465
19.62 -0.001717
19.625 -0.0020065
19.63 -0.0022998
19.635 -0.0023517
19.64 -0.0023608
19.645 -0.0023286
19.65 -0.0021894
19.655 -0.0019275
19.66 -0.0015655
19.665 -0.0011337
19.67 -0.00066083
19.675 -0.00019202
19.68 0.00030955
19.685 0.00076414
19.69 0.0011026
19.695 0.0013526
19.7 0.0015615
19.705 0.0016862
19.71 0.0017466
19.715 0.0017266
19.72 0.0016749
19.725 0.0017082
19.73 0.0016528
19.735 0.0014262
19.74 0.0012209
19.745 0.001039
19.75 0.0007617
19.755 0.00049512
19.76 0.00019033
19.765 -9.567e-005
19.77 -0.0003055
19.775 -0.00047554
19.78 -0.00059915
19.785 -0.00062891
19.79 -0.00062066
19.795 -0.00065336
19.8 -0.00063626
19.805 -0.00067175
19.81 -0.00052411
19.815 -0.00047451
19.82 -0.00053682
19.825 -0.00062282
19.83 -0.00070594
19.835 -0.00075117
19.84 -0.00088634
19.845 -0.001031
19.85 -0.0011274
19.855 -0.0013268
19.86 -0.001449
19.865 -0.0015896
19.87 -0.0017337
19.875 -0.0018135
19.88 -0.0019197
19.885 -0.0019069
19.89 -0.0017645
19.895 -0.001556
19.9 -0.0013183
19.905 -0.0010738
19.91 -0.00080569
19.915 -0.00060594
19.92 -0.00040026
19.925 -0.00025378
19.93 -0.00017727
19.935 -9.9405e-005
19.94 -0.00016406
19.945 -0.0003514
19.95 -0.00035804
19.955 -0.0003416
19.96 -0.0003192
19.965 -0.0002551
19.97 -0.00016146
19.975 -5.5284e-005
19.98 7.3254e-005
19.985 0.00016983
19.99 0.00017375
19.995 4.5868e-005
20 -6.2632e-006
20.005 -0.00024648
20.01 -0.00052993
20.015 -0.00073521
20.02 -0.00099645
20.025 -0.0012316
20.03 -0.0013857
20.035 -0.0015364
20.04 -0.0018118
20.045 -0.0017923
20.05 -0.0017923
20.055 -0.0018977
20.06 -0.0020056
20.065 -0.0020048
20.07 -0.002048
20.075 -0.0020712
20.08 -0.0020822
20.085 -0.0020694
20.09 -0.0019403
20.095 -0.0017374
20.1 -0.0015752
20.105 -0.001353
20.11 -0.0010862
20.115 -0.00081332
20.12 -0.00058222
20.125 -0.00041293
20.13 -0.00027574
20.135 -0.00013126
20.14 6.3985e-005
20.145 0.00024291
20.15 0.00032473
20.155 0.00040054
20.16 0.000498
20.165 0.00054803
20.17 0.00062531
20.175 0.0006673
20.18 0.00060029
20.185 0.00048343
20.19 0.00034924
20.195 0.00019645
20.2 -3.0327e-005
20.205 -0.00022186
20.21 -0.00032814
20.215 -0.0003545
20.22 -0.00035564
20.225 -0.0003576
20.23 -2.1265e-005
20.235 0.00041787
20.24 0.00074531
20.245 0.0010619
20.25 0.0014473
20.255 0.001666
20.26 0.0019479
20.265 0.0020729
20.27 0.0020811
20.275 0.0020427
20.28 0.00194
20.285 0.0017031
20.29 0.0017483
20.295 0.0017786
20.3 0.0017082
20.305 0.0016575
20.31 0.0016122
20.315 0.0016106
20.32 0.0016103
20.325 0.0016563
20.33 0.001734
20.335 0.0017389
20.34 0.0017998
20.345 0.0018535
20.35 0.001845
20.355 0.0019754
20.36 0.0021206
20.365 0.0021594
20.37 0.0023847
20.375 0.0027816
20.38 0.0030474
20.385 0.0032523
20.39 0.003461
20.395 0.0038418
20.4 0.0040792
20.405 0.0041819
20.41 0.0042915
20.415 0.0043157
20.42 0.0042798
20.425 0.0042384
20.43 0.004083
20.435 0.0038824
20.44 0.0035915
20.445 0.0032858
20.45 0.003044
20.455 0.0027718
20.46 0.0025605
20.465 0.0023915
20.47 0.002291
20.475 0.0022495
20.48 0.0022512
20.485 0.0023367
20.49 0.002426
20.495 0.0024986
20.5 0.0025557
20.505 0.0025064
20.51 0.0025037
20.515 0.0024156
20.52 0.0022274
20.525 0.00203
20.53 0.0018325
20.535 0.0015985
20.54 0.0013944
20.545 0.0011499
20.55 0.00084178
20.555 0.00077971
20.56 0.00068768
20.565 0.00051328
20.57 0.00046109
20.575 0.00038891
20.58 0.00029304
20.585 0.00033464
20.59 0.00036433
20.595 0.0003867
20.6 0.00043044
20.605 0.00042391
20.61 0.00034313
20.615 0.00015603
20.62 -2.6465e-005
20.625 -0.00038031
20.63 -0.00072922
20.635 -0.00092682
20.64 -0.0012129
20.645 -0.0016613
20.65 -0.0018097
20.655 -0.0019084
20.66 -0.0021196
20.665 -0.0022535
20.67 -0.0023042
20.675 -0.0023417
20.68 -0.002411
20.685 -0.0023691
20.69 -0.0023798
20.695 -0.0024433
20.7 -0.0024639
20.705 -0.0023895
20.71 -0.0023477
20.715 -0.0024644
20.72 -0.0023973
20.725 -0.0023828
20.73 -0.0025101
20.735 -0.0025886
20.74 -0.0026197
20.745 -0.0027886
20.75 -0.0029197
20.755 -0.0028383
20.76 -0.0028402
20.765 -0.0028525
20.77 -0.0027419
20.775 -0.0027004
20.78 -0.0026095
20.785 -0.0023862
20.79 -0.0021777
20.795 -0.0019982
20.8 -0.0018064
20.805 -0.0016042
20.81 -0.0014337
20.815 -0.0013685
20.82 -0.0012055
20.825 -0.0010706
20.83 -0.0010194
20.835 -0.0010576
20.84 -0.0010732
20.845 -0.0010888
20.85 -0.0011709
20.855 -0.0013676
20.86 -0.0014175
20.865 -0.001609
20.87 -0.0017265
20.875 -0.0019058
20.88 -0.0022164
20.885 -0.0024744
20.89 -0.0026788
20.895 -0.0028755
20.9 -0.0030025
20.905 -0.0030478
20.91 -0.0030255
20.915 -0.0029413
20.92 -0.0027868
20.925 -0.002618
20.93 -0.0024255
20.935 -0.0022408
20.94 -0.0021741
20.945 -0.0020057
20.95 -0.0018702
20.955 -0.0017926
20.96 -0.0016909
20.965 -0.0015815
20.97 -0.0014771
20.975 -0.00133
20.98 -0.0011768
20.985 -0.001035
20.99 -0.00089564
20.995 -0.0007354
21 -0.00051132
21.005 -0.00033935
21.01 -9.6878e-005
21.015 6.5963e-005
21.02 0.00017892
21.025 0.00036787
21.03 0.00052247
21.035 0.00069732
21.04 0.00093374
21.045 0.001092
21.05 0.0010944
21.055 0.001283
21.06 0.0013754
21.065 0.0013589
21.07 0.0013497
21.075 0.0013044
21.08 0.0012371
21.085 0.0011546
21.09 0.0011237
21.095 0.00095535
21.1 0.00082241
21.105 0.0006829
21.11 0.00036512
21.115 0.00018296
21.12 -4.1382e-005
21.125 -0.00031032
21.13 -0.00057907
21.135 -0.00084742
21.14 -0.00107
21.145 -0.001278
21.15 -0.0013909
21.155 -0.0013708
21.16 -0.0013853
21.165 -0.0013542
21.17 -0.0012686
21.175 -0.0011334
21.18 -0.0010813
21.185 -0.0010971
21.19 -0.0010264
21.195 -0.00087512
21.2 -0.00080469
21.205 -0.00070951
21.21 -0.00064418
21.215 -0.00032947
21.22 6.6504e-005
21.225 0.00047187
21.23 0.0010415
21.235 0.0016451
21.24 0.002157
21.245 0.0028113
21.25 0.0034255
21.255 0.0038814
21.26 0.0043424
21.265 0.0047521
21.27 0.0051177
21.275 0.0054118
21.28 0.0056219
21.285 0.0056981
21.29 0.0058613
21.295 0.0058994
21.3 0.0057716
21.305 0.0056441
21.31 0.0055317
21.315 0.0053586
21.32 0.0051412
21.325 0.0049569
21.33 0.0046791
21.335 0.0044192
21.34 0.0040816
21.345 0.0039342
21.35 0.0037116
21.355 0.0033088
21.36 0.0031757
21.365 0.0029935
21.37 0.0026968
21.375 0.0024481
21.38 0.0022265
21.385 0.0019425
21.39 0.0014354
21.395 0.001126
21.4 0.00095058
21.405 0.00059162
21.41 0.00015594
21.415 -6.9528e-005
21.42 -0.00031629
21.425 -0.0007747
21.43 -0.0011803
21.435 -0.001342
21.44 -0.001618
21.445 -0.0019431
21.45 -0.0021826
21.455 -0.002326
21.46 -0.0023448
21.465 -0.002374
21.47 -0.0023984
21.475 -0.0022437
21.48 -0.0020419
21.485 -0.0017714
21.49 -0.0014693
21.495 -0.0012
21.5 -0.00097409
21.505 -0.00079835
21.51 -0.00066987
21.515 -0.00063523
21.52 -0.00064535
21.525 -0.00071675
21.53 -0.00092682
21.535 -0.0010018
21.54 -0.00107
21.545 -0.001098
21.55 -0.0011074
21.555 -0.0010674
21.56 -0.00098908
21.565 -0.00084394
21.57 -0.00063712
21.575 -0.00038823
21.58 -7.9796e-005
21.585 0.00013091
21.59 0.00038924
21.595 0.0004809
21.6 0.00064246
21.605 0.00072065
21.61 0.00067296
21.615 0.00060182
21.62 0.00042147
21.625 0.00025739
21.63 9.4638e-005
21.635 -6.0427e-005
21.64 -0.00029394
21.645 -0.00050738
21.65 -0.00050665
21.655 -0.00059204
21.66 -0.00071191
21.665 -0.00088041
21.67 -0.00081493
21.675 -0.00078579
21.68 -0.00079226
21.685 -0.0007665
21.69 -0.00072036
21.695 -0.00064645
21.7 -0.00045099
21.705 -0.00020717
21.71 -6.7246e-005
21.715 0.00013242
21.72 0.00029926
21.725 0.0004545
21.73 0.00053617
21.735 0.00051705
21.74 0.00049328
21.745 0.00040978
21.75 0.00028104
21.755 6.0634e-005
21.76 -9.6976e-005
21.765 -0.00026896
21.77 -0.00055088
21.775 -0.00075129
21.78 -0.00094508
21.785 -0.0011386
21.79 -0.00131
21.795 -0.0015042
21.8 -0.0017472
21.805 -0.0018039
21.81 -0.0018648
21.815 -0.0018469
21.82 -0.0017966
21.825 -0.001716
21.83 -0.0016372
21.835 -0.0015106
21.84 -0.0014545
21.845 -0.0015215
21.85 -0.0015652
21.855 -0.0016067
21.86 -0.0017845
21.865 -0.0019348
21.87 -0.0020664
21.875 -0.0023612
21.88 -0.0025351
21.885 -0.0027401
21.89 -0.0029556
21.895 -0.0032323
21.9 -0.0034362
21.905 -0.0037467
21.91 -0.0038722
21.915 -0.0037899
21.92 -0.0037626
21.925 -0.0037691
21.93 -0.0037322
21.935 -0.0036811
21.94 -0.0037562
21.945 -0.0035866
21.95 -0.0034434
21.955 -0.0033831
21.96 -0.0033011
21.965 -0.0031879
21.97 -0.0030977
21.975 -0.0029522
21.98 -0.0028198
21.985 -0.0027138
21.99 -0.0025505
21.995 -0.002369
22 -0.0021129
22.005 -0.001809
22.01 -0.0015658
22.015 -0.0013204
22.02 -0.00098816
22.025 -0.00071569
22.03 -0.00043957
22.035 -0.00030119
22.04 -6.6914e-005
22.045 0.00012097
22.05 0.00022839
22.055 0.00038324
22.06 0.00056232
22.065 0.00061732
22.07 0.00068148
22.075 0.00080563
22.08 0.00093862
22.085 0.0010353
22.09 0.0011596
22.095 0.0013152
22.1 0.001481
22.105 0.0015613
22.11 0.0015828
22.115 0.001608
22.12 0.0015151
22.125 0.0013887
22.13 0.0012781
22.135 0.0012718
22.14 0.0012591
22.145 0.001336
22.15 0.0014945
22.155 0.00168
22.16 0.0019397
22.165 0.0022212
22.17 0.0025499
22.175 0.002803
22.18 0.0029796
22.185 0.0031183
22.19 0.0031325
22.195 0.0030737
22.2 0.0029118
22.205 0.0026997
22.21 0.002501
22.215 0.0022685
22.22 0.0020183
22.225 0.0018166
22.23 0.0018047
22.235 0.0017408
22.24 0.001715
22.245 0.0018237
22.25 0.0017749
22.255 0.0019202
22.26 0.0020609
22.265 0.0021277
22.27 0.0021957
22.275 0.0021968
22.28 0.0021108
22.285 0.002195
22.29 0.0022216
22.295 0.0021432
22.3 0.0020517
22.305 0.0020071
22.31 0.0018573
22.315 0.0018469
22.32 0.0018749
22.325 0.0018431
22.33 0.0019011
22.335 0.0019399
22.34 0.0019479
22.345 0.0019603
22.35 0.001943
22.355 0.0019054
22.36 0.0018492
22.365 0.0018176
22.37 0.0017627
22.375 0.0016874
22.38 0.0016283
22.385 0.0015663
22.39 0.0015067
22.395 0.0014286
22.4 0.0013157
22.405 0.0014041
22.41 0.0014148
22.415 0.0012798
22.42 0.001289
22.425 0.00126
22.43 0.0011266
22.435 0.00097035
22.44 0.00080388
22.445 0.00066211
22.45 0.00049423
22.455 0.000317
22.46 0.00019239
22.465 8.2182e-005
22.47 4.4365e-005
22.475 0.00010127
22.48 0.00022659
22.485 0.0003233
22.49 0.0003727
22.495 0.00062614
22.5 0.00084986
22.505 0.00093965
22.51 0.00098372
22.515 0.00099968
22.52 0.00097074
22.525 0.00086479
22.53 0.00075649
22.535 0.00063096
22.54 0.00049047
22.545 0.00032329
22.55 0.00014855
22.555 -4.2452e-005
22.56 -0.00022106
22.565 -0.00047064
22.57 -0.00064841
22.575 -0.00084515
22.58 -0.0010981
22.585 -0.0013689
22.59 -0.001521
22.595 -0.001732
22.6 -0.0019868
22.605 -0.0022544
22.61 -0.0023125
22.615 -0.0023843
22.62 -0.0025383
22.625 -0.0025895
22.63 -0.0024659
22.635 -0.0023603
22.64 -0.0022135
22.645 -0.0020136
22.65 -0.001825
22.655 -0.0016656
22.66 -0.001349
22.665 -0.0011079
22.67 -0.00089843
22.675 -0.00069551
22.68 -0.00052926
22.685 -0.00042958
22.69 -0.00039978
22.695 -0.00034059
22.7 -0.00036945
22.705 -0.00045148
22.71 -0.00048233
22.715 -0.00053355
22.72 -0.00059804
22.725 -0.00059213
22.73 -0.00059736
22.735 -0.00057117
22.74 -0.0005508
22.745 -0.00051376
22.75 -0.00042981
22.755 -0.00031975
22.76 -0.00022201
22.765 -0.00016137
22.77 -9.5423e-005
22.775 2.4182e-006
22.78 7.3804e-005
22.785 0.00014976
22.79 0.00018182
22.795 0.00019293
22.8 0.0001896
22.805 0.00018235
22.81 0.00016872
22.815 0.0001063
22.82 8.9422e-005
22.825 7.3363e-005
22.83 5.712e-005
22.835 2.3572e-005
22.84 -3.8475e-006
22.845 5.7339e-005
22.85 9.3981e-005
22.855 7.1008e-005
22.86 6.767e-005
22.865 8.9698e-005
22.87 3.3679e-005
22.875 7.8578e-006
22.88 -2.7262e-006
22.885 -1.9781e-005
22.89 -7.7988e-005
22.895 -0.00011696
22.9 -0.00014435
22.905 -0.00023184
22.91 -0.00030198
22.915 -0.00037523
22.92 -0.00045817
22.925 -0.00050448
22.93 -0.00051772
22.935 -0.00053818
22.94 -0.00055527
22.945 -0.00051668
22.95 -0.00046801
22.955 -0.00041148
22.96 -0.00035194
22.965 -0.00032306
22.97 -0.00029526
22.975 -0.00027328
22.98 -0.00031845
22.985 -0.00033228
22.99 -0.00036845
22.995 -0.00045793
23 -0.00055598
23.005 -0.00061598
23.01 -0.00065844
23.015 -0.00077076
23.02 -0.00084838
23.025 -0.00091664
23.03 -0.0010038
23.035 -0.0010853
23.04 -0.0011534
23.045 -0.0012121
23.05 -0.0013132
23.055 -0.0012903
23.06 -0.0012264
23.065 -0.001179
23.07 -0.0010761
23.075 -0.00093972
23.08 -0.00079772
23.085 -0.00065362
23.09 -0.00047951
23.095 -0.00036643
23.1 -0.0002465
23.105 -7.5655e-005
23.11 3.567e-005
23.115 0.00017143
23.12 0.00027516
23.125 0.00034114
23.13 0.00038321
23.135 0.00044124
23.14 0.00049651
23.145 0.00048594
23.15 0.00047397
23.155 0.00042418
23.16 0.00046675
23.165 0.0004968
23.17 0.00044475
23.175 0.00041241
23.18 0.00043056
23.185 0.00040299
23.19 0.00034057
23.195 0.00031324
23.2 0.00026781
23.205 0.00018531
23.21 0.00017666
23.215 0.00016974
23.22 0.00011327
23.225 5.1452e-005
23.23 1.5273e-005
23.235 -3.7066e-005
23.24 -0.00011328
23.245 -0.00016285
23.25 -0.00020874
23.255 -0.00029088
23.26 -0.00035728
23.265 -0.00040373
23.27 -0.0004404
23.275 -0.00047285
23.28 -0.00048428
23.285 -0.00046551
23.29 -0.00047432
23.295 -0.00045813
23.3 -0.0003993
23.305 -0.00035846
23.31 -0.00030131
23.315 -0.0002327
23.32 -0.00017465
23.325 -0.00011925
23.33 -6.5312e-005
23.335 -3.0057e-005
23.34 -7.9252e-006
23.345 3.9836e-005
23.35 5.7881e-005
23.355 3.303e-005
23.36 7.6534e-005
23.365 9.9919e-005
23.37 4.5857e-005
23.375 6.0226e-005
23.38 5.3423e-005
23.385 5.1436e-005
23.39 3.7176e-005
23.395 -4.4515e-007
23.4 -1.7768e-005
23.405 -2.7387e-005
23.41 -3.4389e-005
23.415 -6.0142e-005
23.42 -7.4867e-005
23.425 -7.0529e-005
23.43 -6.7445e-005
23.435 -5.6771e-005
23.44 -3.0279e-005
23.445 2.7999e-006
23.45 3.9115e-005
23.455 0.00010939
23.46 0.00017088
23.465 0.00021015
23.47 0.00026903
23.475 0.00032054
23.48 0.00034988
23.485 0.00037028
23.49 0.00039277
23.495 0.00041214
23.5 0.0004216
23.505 0.00043717
23.51 0.00045406
23.515 0.00045796
23.52 0.0004615
23.525 0.00047388
23.53 0.0004759
23.535 0.00046827
23.54 0.00046297
23.545 0.00043476
23.55 0.00044988
23.555 0.00045442
23.56 0.00044425
23.565 0.00045169
23.57 0.00045493
23.575 0.0004408
23.58 0.00045756
23.585 0.00046778
23.59 0.00046165
23.595 0.00044028
23.6 0.00044534
23.605 0.0004375
23.61 0.00040832
23.615 0.00038275
23.62 0.00035884
23.625 0.00032948
23.63 0.00029361
23.635 0.00025839
23.64 0.00022541
23.645 0.00017775
23.65 0.00015301
23.655 0.00013084
23.66 9.5878e-005
23.665 7.2149e-005
23.67 6.4038e-005
23.675 5.1847e-005
23.68 3.5288e-005
23.685 2.6424e-005
23.69 3.3223e-005
23.695 2.8593e-005
23.7 2.7229e-005
23.705 3.2419e-005
23.71 3.0512e-005
23.715 2.7528e-005
23.72 2.6638e-005
23.725 2.7982e-005
23.73 2.6122e-005
23.735 2.5314e-005
23.74 1.9851e-005
23.745 1.0667e-005
23.75 2.7267e-006
23.755 -6.9266e-006
23.76 -1.8696e-005
23.765 -2.7674e-005
23.77 -3.8647e-005
23.775 -4.6625e-005
23.78 -5.5831e-005
23.785 -6.4029e-005
23.79 -6.9265e-005
23.795 -7.1685e-005
23.8 -7.8277e-005
23.805 -8.2384e-005
23.81 -8.5521e-005
23.815 -9.1425e-005
23.82 -9.8193e-005
23.825 -0.00010455
23.83 -0.00010654
23.835 -0.00010472
23.84 -0.00010338
23.845 -0.00010197
23.85 -9.7477e-005
23.855 -9.2342e-005
23.86 -8.6353e-005
23.865 -8.2469e-005
23.87 -7.9124e-005
23.875 -7.3067e-005
23.88 -6.7612e-005
23.885 -6.5223e-005
23.89 -6.3882e-005
23.895 -6.1656e-005
23.9 -6.1085e-005
23.905 -5.7463e-005
23.91 -3.5337e-005
23.915 -3.1653e-005
23.92 -3.6857e-005
23.925 -3.4207e-005
23.93 -3.1995e-005
23.935 -3.1827e-005
23.94 -3.1357e-005
23.945 -3.0157e-005
23.95 -2.9411e-005
23.955 -2.8648e-005
23.96 -2.7895e-005
23.965 -2.7057e-005
23.97 -2.6346e-005
23.975 -2.5565e-005
23.98 -2.4854e-005
23.985 -2.4096e-005
23.99 -2.3406e-005
23.995 -2.2674e-005
24 -2.1998e-005
24.005 -2.129e-005
24.01 -2.0632e-005
24.015 -1.9945e-005
24.02 -1.9303e-005
24.025 -1.8638e-005
24.03 -1.8011e-005
24.035 -1.7366e-005
24.04 -1.6755e-005
24.045 -1.6128e-005
24.05 -1.5532e-005
24.055 -1.4923e-005
24.06 -1.4342e-005
24.065 -1.375e-005
24.07 -1.3183e-005
24.075 -1.2607e-005
24.08 -1.2054e-005
24.085 -1.1494e-005
24.09 -1.0954e-005
24.095 -1.0408e-005
24.1 -9.8802e-006
24.105 -9.348e-006
24.11 -8.8328e-006
24.115 -8.314e-006
24.12 -7.8105e-006
24.125 -7.3042e-006
24.13 -6.8118e-006
24.135 -6.3176e-006
24.14 -5.836e-006
24.145 -5.3532e-006
24.15 -4.8819e-006
24.155 -4.4101e-006
24.16 -3.9486e-006
24.165 -3.4872e-006
24.17 -3.0352e-006
24.175 -2.5838e-006
24.18 -2.141e-006
24.185 -1.6991e-006
24.19 -1.265e-006
24.195 -8.3232e-007
24.2 -4.0666e-007
24.205 1.7267e-008
24.21 4.3478e-007
24.215 8.5026e-007
24.22 1.2599e-006
24.225 1.6673e-006
24.23 2.0693e-006
24.235 2.4688e-006
24.24 2.8633e-006
24.245 3.2552e-006
24.25 3.6425e-006
24.255 4.027e-006
24.26 4.4072e-006
24.265 4.7844e-006
24.27 5.1577e-006
24.275 5.5278e-006
24.28 5.8942e-006
24.285 6.2574e-006
24.29 6.617e-006
24.295 6.9733e-006
24.3 7.3261e-006
