0.02 -1.4349e-007
0.04 1.292e-006
0.06 5.8307e-006
0.08 -2.102e-007
0.1 -1.3142e-006
0.12 1.6944e-005
0.14 2.2017e-005
0.16 -2.1032e-006
0.18 5.9052e-005
0.2 1.7462e-005
0.22 3.025e-005
0.24 0.00018943
0.26 0.00020218
0.28 5.5367e-005
0.3 -0.00014615
0.32 -6.6134e-005
0.34 0.00030584
0.36 0.00017467
0.38 -0.00030744
0.4 -0.00082071
0.42 -0.00089739
0.44 -0.0002846
0.46 0.00056279
0.48 0.00013592
0.5 -0.00073641
0.52 -0.00062178
0.54 0.00035267
0.56 0.00028074
0.58 -0.0010407
0.6 -0.0013305
0.62 0.0007483
0.64 0.0026876
0.66 0.0016793
0.68 -0.0017961
0.7 -0.0032596
0.72 0.00068762
0.74 0.0029396
0.76 0.0016248
0.78 0.00043569
0.8 -0.0025294
0.82 -0.0008294
0.84 0.0015941
0.86 0.0011232
0.88 0.0017921
0.9 0.0029605
0.92 0.0015334
0.94 0.0011917
0.96 -0.0034876
0.98 -0.0077481
1 -0.0033412
1.02 0.0025721
1.04 0.0024844
1.06 3.8815e-005
1.08 -0.00549
1.1 -0.0063004
1.12 6.2244e-005
1.14 0.0044404
1.16 0.0051794
1.18 0.00072986
1.2 -0.001194
1.22 0.0055681
1.24 0.0060526
1.26 -0.00016236
1.28 0.00076031
1.3 -0.0031428
1.32 -0.0031983
1.34 0.0029689
1.36 0.00091453
1.38 -0.0021142
1.4 -0.0039415
1.42 -0.0075513
1.44 -0.00054055
1.46 0.0093784
1.48 0.0031998
1.5 0.0036988
1.52 0.010738
1.54 0.0070197
1.56 -0.0043101
1.58 -0.015335
1.6 -0.015318
1.62 -0.0033813
1.64 0.0070194
1.66 0.0015345
1.68 -0.0014615
1.7 -0.0069219
1.72 -0.0085854
1.74 -0.00074714
1.76 0.0031258
1.78 -0.0013746
1.8 0.0051068
1.82 0.011015
1.84 0.00905
1.86 0.0044415
1.88 -0.002178
1.9 -0.0020771
1.92 0.0052962
1.94 -0.0019259
1.96 -0.0088927
1.98 -0.0018585
2 0.0043843
2.02 -0.0010133
2.04 0.0023612
2.06 0.00016995
2.08 -0.0075973
2.1 -0.0026517
2.12 0.0070095
2.14 0.0052537
2.16 -0.0020319
2.18 0.0014702
2.2 -0.001423
2.22 -0.0027476
2.24 -0.0048535
2.26 -0.005139
2.28 -0.00015258
2.3 -0.0057725
2.32 -0.0082209
2.34 0.0051242
2.36 0.012814
2.38 -0.0015393
2.4 -0.0049338
2.42 0.0025619
2.44 0.0038517
2.46 0.0077237
2.48 0.004396
2.5 -0.0086116
2.52 -0.012999
2.54 -0.0031112
2.56 0.013333
2.58 0.010375
2.6 0.001805
2.62 7.326e-005
2.64 -0.0065004
2.66 -0.0067396
2.68 0.0080146
2.7 0.013344
2.72 0.00064188
2.74 -0.0032795
2.76 0.0014959
2.78 -0.00030752
2.8 -0.0053077
2.82 -0.0044535
2.84 -0.0036502
2.86 -0.0034752
2.88 0.0014388
2.9 0.0088386
2.92 0.0086275
2.94 0.0025031
2.96 0.00036725
2.98 0.00087195
3 0.0016496
3.02 -0.00022984
3.04 -0.00441
3.06 -0.0074989
3.08 -0.0072497
3.1 -0.0029428
3.12 -0.0024945
3.14 -0.0057824
3.16 -0.0094438
3.18 -0.014165
3.2 -0.0078415
3.22 0.00074996
3.24 0.0025612
3.26 0.0097059
3.28 0.013013
3.3 0.0062504
3.32 0.0082538
3.34 0.0060575
3.36 0.0056782
3.38 0.016924
3.4 0.011375
3.42 -0.0021383
3.44 -0.0010447
3.46 0.0012137
3.48 -0.0064429
3.5 -0.011912
3.52 -0.010713
3.54 -0.013573
3.56 -0.0093825
3.58 -0.0021383
3.6 0.00091567
3.62 0.006809
3.64 0.013764
3.66 0.017736
3.68 0.01055
3.7 -0.0031581
3.72 -0.0090894
3.74 -0.0094026
3.76 -0.0022361
3.78 0.00057557
3.8 -0.0040872
3.82 -0.0011885
3.84 -0.0017801
3.86 -0.0074774
3.88 -0.0062267
3.9 -0.0062158
3.92 -0.0086649
3.94 -0.0040443
3.96 0.00074278
3.98 0.0053259
4 0.0095515
4.02 0.0036089
4.04 -0.00021954
4.06 0.0031663
4.08 0.0015535
4.1 -0.0025216
4.12 -0.0015436
4.14 -0.0011901
4.16 0.0058487
4.18 0.012214
4.2 0.0095141
4.22 0.0030658
4.24 -0.0021135
4.26 -0.0042798
4.28 -0.0034085
4.3 -0.00059194
4.32 -0.006514
4.34 -0.0088455
4.36 -0.0017117
4.38 -0.00033624
4.4 -0.0034875
4.42 -0.0029086
4.44 -0.0056241
4.46 -0.0067276
4.48 -0.00017141
4.5 0.010571
4.52 0.014817
4.54 0.0041684
4.56 0.0015513
4.58 0.0021927
4.6 0.0037021
4.62 0.00059925
4.64 -0.008837
4.66 -0.0086193
4.68 -0.0062197
4.7 -0.0075657
4.72 -0.0018105
4.74 -0.00025088
4.76 -0.0027797
4.78 0.0021948
4.8 0.0080601
4.82 0.0080126
4.84 0.0027733
4.86 -0.006976
4.88 -0.0071466
4.9 0.0061863
4.92 0.01227
4.94 0.0096137
4.96 0.0047181
4.98 -0.0066897
5 -0.0011251
5.02 0.0077471
5.04 -0.0023783
5.06 -0.010329
5.08 -0.0065895
5.1 -0.0040209
5.12 -0.0019357
5.14 -0.0057158
5.16 -0.016917
5.18 -0.016521
5.2 0.0037264
5.22 0.015395
5.24 0.011786
5.26 0.001262
5.28 -0.0186
5.3 -0.030257
5.32 -0.021989
5.34 -0.022891
5.36 -0.048318
5.38 -0.073518
5.4 -0.073846
5.42 -0.024018
5.44 0.093401
5.46 0.1875
5.48 0.20127
5.5 0.1734
5.52 0.09664
5.54 0.0044937
5.56 -0.10265
5.58 -0.17259
5.6 -0.13602
5.62 -0.021162
5.64 0.055306
5.66 0.056973
5.68 0.037518
5.7 -0.00045448
5.72 -0.058647
5.74 -0.086666
5.76 -0.095829
5.78 -0.060687
5.8 0.035017
5.82 0.10603
5.84 0.11674
5.86 0.040357
5.88 -0.099223
5.9 -0.15138
5.92 -0.1258
5.94 -0.077945
5.96 -0.019339
5.98 0.041851
6 0.11138
6.02 0.15687
6.04 0.14683
6.06 0.10264
6.08 0.06084
6.1 0.042449
6.12 0.014283
6.14 -0.033376
6.16 -0.057407
6.18 -0.065486
6.2 -0.074144
6.22 -0.080922
6.24 -0.090463
6.26 -0.076874
6.28 -0.03148
6.3 0.011445
6.32 0.047837
6.34 0.075637
6.36 0.066042
6.38 0.019199
6.4 -0.044331
6.42 -0.081424
6.44 -0.062623
6.46 -0.017869
6.48 -0.001552
6.5 0.018435
6.52 0.048137
6.54 0.053014
6.56 0.019557
6.58 -0.014609
6.6 -0.020494
6.62 -0.013457
6.64 -0.0067296
6.66 0.01404
6.68 0.01813
6.7 -0.015779
6.72 -0.03979
6.74 -0.022371
6.76 0.023789
6.78 0.064003
6.8 0.058287
6.82 0.019291
6.84 -4.2386e-005
6.86 0.0010268
6.88 0.008914
6.9 0.031313
6.92 0.031419
6.94 -0.027809
6.96 -0.091984
6.98 -0.11218
7 -0.078332
7.02 0.018838
7.04 0.087728
7.06 0.08627
7.08 0.040176
7.1 -0.016815
7.12 -0.01946
7.14 0.018486
7.16 0.056547
7.18 0.062537
7.2 0.027286
7.22 -0.033722
7.24 -0.066023
7.26 -0.0585
7.28 -0.018197
7.3 0.021764
7.32 0.012312
7.34 -0.024779
7.36 -0.056097
7.38 -0.061804
7.4 -0.024544
7.42 0.027313
7.44 0.036438
7.46 0.018344
7.48 0.011481
7.5 0.016848
7.52 0.027102
7.54 0.03756
7.56 0.028979
7.58 -0.002159
7.6 -0.023059
7.62 -0.028803
7.64 -0.039312
7.66 -0.042549
7.68 -0.02565
7.7 -0.0086343
7.72 0.0010524
7.74 -0.0021119
7.76 -0.0019224
7.78 0.018509
7.8 0.050072
7.82 0.078418
7.84 0.089067
7.86 0.070457
7.88 0.013378
7.9 -0.031995
7.92 -0.032981
7.94 -0.019808
7.96 0.005581
7.98 0.033852
8 0.037856
8.02 0.018252
8.04 -0.0015973
8.06 -0.0089296
8.08 -0.014899
8.1 -0.028221
8.12 -0.026597
8.14 0.0025093
8.16 0.0092416
8.18 -0.021532
8.2 -0.063744
8.22 -0.10107
8.24 -0.12716
8.26 -0.12396
8.28 -0.089694
8.3 -0.030884
8.32 0.051543
8.34 0.11865
8.36 0.14189
8.38 0.13204
8.4 0.10479
8.42 0.060095
8.44 0.027062
8.46 0.025777
8.48 0.031129
8.5 0.010847
8.52 -0.016336
8.54 -0.044786
8.56 -0.087868
8.58 -0.12495
8.6 -0.11822
8.62 -0.072334
8.64 -0.024835
8.66 0.016551
8.68 0.043
8.7 0.032387
8.72 5.591e-005
8.74 -0.031038
8.76 -0.046431
8.78 -0.043034
8.8 -0.0184
8.82 0.012758
8.84 0.036819
8.86 0.044579
8.88 0.028528
8.9 0.014144
8.92 0.018242
8.94 0.021948
8.96 0.01059
8.98 -0.0065376
9 -0.0030748
9.02 0.012613
9.04 0.023098
9.06 0.026192
9.08 0.016548
9.1 -0.0070689
9.12 -0.026634
9.14 -0.017126
9.16 0.0058105
9.18 0.018477
9.2 0.015892
9.22 0.00021779
9.24 -0.020266
9.26 -0.022662
9.28 -0.00027565
9.3 0.0215
9.32 0.036484
9.34 0.048498
9.36 0.041201
9.38 0.012421
9.4 -0.016474
9.42 -0.024461
9.44 -0.018076
9.46 0.00022283
9.48 0.0095922
9.5 0.010488
9.52 0.00050854
9.54 -0.011785
9.56 -0.017971
9.58 -0.024054
9.6 -0.020161
9.62 -0.0051157
9.64 0.008541
9.66 0.0071982
9.68 -0.00067817
9.7 -0.0037102
9.72 0.0086521
9.74 0.021516
9.76 0.025781
9.78 0.014529
9.8 -0.012488
9.82 -0.027287
9.84 -0.023442
9.86 -0.0025858
9.88 0.023347
9.9 0.025604
9.92 0.0063281
9.94 -0.01725
9.96 -0.033622
9.98 -0.038393
10 -0.030615
10.02 -0.028699
10.04 -0.039131
10.06 -0.043126
10.08 -0.033622
10.1 -0.018585
10.12 -0.007316
10.14 0.0054154
10.16 0.026794
10.18 0.043487
10.2 0.049069
10.22 0.041608
10.24 0.019745
10.26 0.012279
10.28 0.025512
10.3 0.028984
10.32 0.02372
10.34 0.022523
10.36 0.016199
10.38 0.0051897
10.4 0.0059579
10.42 0.004643
10.44 -0.012446
10.46 -0.032766
10.48 -0.044633
10.5 -0.044536
10.52 -0.031631
10.54 -0.025158
10.56 -0.027031
10.58 -0.027549
10.6 -0.025681
10.62 -0.016208
10.64 -0.00088855
10.66 0.015894
10.68 0.033766
10.7 0.04095
10.72 0.047665
10.74 0.051237
10.76 0.04447
10.78 0.024166
10.8 0.0045556
10.82 0.0028492
10.84 0.0029808
10.86 -0.0025289
10.88 -0.0030733
10.9 -0.002824
10.92 -0.0094508
10.94 -0.018344
10.96 -0.02377
10.98 -0.022117
11 -0.01354
11.02 -0.001949
11.04 -0.0049685
11.06 -0.01994
11.08 -0.030173
11.1 -0.025259
11.12 -0.0087644
11.14 0.0041797
11.16 0.0049637
11.18 0.00091183
11.2 -0.0027071
11.22 0.0054994
11.24 0.021297
11.26 0.028401
11.28 0.01927
11.3 -0.00078859
11.32 -0.013849
11.34 -0.014962
11.36 -0.0086348
11.38 0.0026858
11.4 0.0054714
11.42 0.00055024
11.44 -0.0036605
11.46 -0.0053006
11.48 -0.0044437
11.5 -0.0016997
11.52 0.0054001
11.54 0.013677
11.56 0.017357
11.58 0.015144
11.6 0.009771
11.62 0.0075474
11.64 0.0057558
11.66 -0.0040091
11.68 -0.018896
11.7 -0.032146
11.72 -0.038646
11.74 -0.032128
11.76 -0.013512
11.78 0.0039093
11.8 0.015448
11.82 0.022311
11.84 0.025263
11.86 0.025591
11.88 0.028583
11.9 0.035173
11.92 0.035508
11.94 0.024478
11.96 0.0077869
11.98 0.0022425
12 0.0020099
12.02 -0.0026194
12.04 -0.0064279
12.06 -0.0065362
12.08 -0.010723
12.1 -0.016891
12.12 -0.022474
12.14 -0.026048
12.16 -0.023381
12.18 -0.016071
12.2 -0.0097227
12.22 -0.0058436
12.24 -0.0028124
12.26 -0.0024661
12.28 -0.0024143
12.3 0.0011965
12.32 -0.0015518
12.34 -0.0084046
12.36 -0.0090505
12.38 -0.0039753
12.4 -0.0021546
12.42 -0.0030419
12.44 -0.00079246
12.46 0.0030505
12.48 0.0086264
12.5 0.011092
12.52 0.0094753
12.54 0.0056809
12.56 0.0020438
12.58 0.0042168
12.6 0.011664
12.62 0.014033
12.64 0.012653
12.66 0.01468
12.68 0.020042
12.7 0.019557
12.72 0.015158
12.74 0.010523
12.76 0.0067035
12.78 0.0068235
12.8 0.0095276
12.82 0.0099685
12.84 0.005806
12.86 -0.0028149
12.88 -0.0098676
12.9 -0.011391
12.92 -0.013275
12.94 -0.015262
12.96 -0.013438
12.98 -0.015422
13 -0.021874
13.02 -0.025087
13.04 -0.023623
13.06 -0.021105
13.08 -0.021933
13.1 -0.02192
13.12 -0.017268
13.14 -0.009138
13.16 -0.0032185
13.18 -0.0033342
13.2 -0.0077706
13.22 -0.0063708
13.24 3.9254e-005
13.26 0.0063693
13.28 0.0078449
13.3 0.0087613
13.32 0.01509
13.34 0.018488
13.36 0.014962
13.38 0.0081587
13.4 0.0021746
13.42 -0.00016825
13.44 -0.00023621
13.46 -0.0036496
13.48 -0.0092169
13.5 -0.013011
13.52 -0.0096129
13.54 0.00093295
13.56 0.01568
13.58 0.027513
13.6 0.034951
13.62 0.034175
13.64 0.030675
13.66 0.026281
13.68 0.022367
13.7 0.020151
13.72 0.01901
13.74 0.011029
13.76 0.0028138
13.78 0.0011491
13.8 -0.0010557
13.82 -0.0049153
13.84 -0.0079585
13.86 -0.015692
13.88 -0.028819
13.9 -0.033868
13.92 -0.021833
13.94 -0.0053637
13.96 0.0016185
13.98 0.0032244
14 0.0023089
14.02 0.00023374
14.04 0.0020362
14.06 0.0069507
14.08 0.0093079
14.1 0.0066873
14.12 0.0016161
14.14 -0.0023294
14.16 -0.0090506
14.18 -0.015988
14.2 -0.021555
14.22 -0.022106
14.24 -0.016968
14.26 -0.01259
14.28 -0.0089593
14.3 -0.010018
14.32 -0.011586
14.34 -0.0089043
14.36 -0.0050931
14.38 -0.0062922
14.4 -0.0087223
14.42 -0.0076339
14.44 -0.0042882
14.46 0.00098933
14.48 0.0051864
14.5 0.0089198
14.52 0.014693
14.54 0.018637
14.56 0.017417
14.58 0.013753
14.6 0.011436
14.62 0.00712
14.64 0.0035764
14.66 0.0033257
14.68 0.0055727
14.7 0.0070433
14.72 0.0065955
14.74 0.0021028
14.76 -0.0053597
14.78 -0.0077643
14.8 -0.005405
14.82 -0.0037352
14.84 -0.0048026
14.86 -0.00456
14.88 0.00083739
14.9 0.0053107
14.92 0.0052626
14.94 -0.001271
14.96 -0.010286
14.98 -0.012477
15 -0.007858
15.02 -0.0039226
15.04 -0.0026305
15.06 -0.003899
15.08 -0.0066812
15.1 -0.0081528
15.12 -0.0040517
15.14 0.0018739
15.16 0.0044476
15.18 0.0042258
15.2 0.0047474
15.22 0.0085001
15.24 0.011552
15.26 0.01346
15.28 0.0099161
15.3 0.0014217
15.32 -0.00019515
15.34 0.007585
15.36 0.013182
15.38 0.01075
15.4 0.0027849
15.42 -0.0064358
15.44 -0.013535
15.46 -0.017911
15.48 -0.019044
15.5 -0.014501
15.52 -0.0065928
15.54 -7.6688e-005
15.56 0.0030725
15.58 0.0026107
15.6 0.00074534
15.62 0.0019501
15.64 0.0067419
15.66 0.0091265
15.68 0.0096028
15.7 0.0076244
15.72 0.0033866
15.74 -0.0038374
15.76 -0.012413
15.78 -0.018279
15.8 -0.019428
15.82 -0.018556
15.84 -0.020161
15.86 -0.024867
15.88 -0.026805
15.9 -0.026327
15.92 -0.021005
15.94 -0.0084023
15.96 0.0020257
15.98 0.0067637
16 0.0092156
16.02 0.010501
16.04 0.010284
16.06 0.013251
16.08 0.020585
16.1 0.028747
16.12 0.032803
16.14 0.031228
16.16 0.028655
16.18 0.026657
16.2 0.024534
16.22 0.02232
16.24 0.01838
16.26 0.013078
16.28 0.0074627
16.3 0.0025602
16.32 0.0039204
16.34 0.010438
16.36 0.012504
16.38 0.0085814
16.4 0.0014243
16.42 -0.008193
16.44 -0.013573
16.46 -0.012953
16.48 -0.010846
16.5 -0.012613
16.52 -0.019039
16.54 -0.022666
16.56 -0.021328
16.58 -0.015711
16.6 -0.010688
16.62 -0.0074565
16.64 -0.0046751
16.66 -0.00024014
16.68 0.0017783
16.7 0.00049763
16.72 -0.0028641
16.74 -0.0074307
16.76 -0.0087707
16.78 -0.0061799
16.8 -0.0060322
16.82 -0.0069987
16.84 -0.0060184
16.86 -0.0037308
16.88 -0.00062759
16.9 0.00085341
16.92 0.002711
16.94 0.0049557
16.96 0.0062011
16.98 0.0084308
17 0.010192
17.02 0.0091909
17.04 0.0093971
17.06 0.010409
17.08 0.0090116
17.1 0.0068909
17.12 0.0070114
17.14 0.0026802
17.16 -0.0031107
17.18 -0.0060288
17.2 -0.0097382
17.22 -0.010047
17.24 -0.0069063
17.26 -0.0072567
17.28 -0.0065059
17.3 -0.005145
17.32 -0.0053868
17.34 -0.0060238
17.36 -0.0025084
17.38 0.0034816
17.4 0.0072647
17.42 0.009599
17.44 0.011142
17.46 0.013133
17.48 0.012179
17.5 0.012819
17.52 0.01513
17.54 0.015065
17.56 0.01037
17.58 0.002835
17.6 -0.0059477
17.62 -0.012673
17.64 -0.015733
17.66 -0.016638
17.68 -0.015078
17.7 -0.0098445
17.72 -0.0010548
17.74 0.0068825
17.76 0.0084521
17.78 0.0037205
17.8 -0.0044721
17.82 -0.0064971
17.84 -0.0043724
17.86 -0.0035049
17.88 -0.0024356
17.9 -0.00057122
17.92 0.00046732
17.94 -0.001023
17.96 -0.004705
17.98 -0.0083596
18 -0.0097449
18.02 -0.0066127
18.04 -0.0013332
18.06 0.0017161
18.08 0.0030808
18.1 0.004421
18.12 0.0047416
18.14 0.0046672
18.16 0.0095455
18.18 0.013881
18.2 0.012477
18.22 0.010188
18.24 0.0057286
18.26 -0.0015869
18.28 -0.01005
18.3 -0.015387
18.32 -0.015789
18.34 -0.014467
18.36 -0.012756
18.38 -0.012162
18.4 -0.012067
18.42 -0.01274
18.44 -0.011366
18.46 -0.0069457
18.48 -0.0043625
18.5 -0.0036053
18.52 -0.0015277
18.54 -0.00054921
18.56 -0.00032002
18.58 0.0014811
18.6 0.005632
18.62 0.0083976
18.64 0.0096866
18.66 0.010296
18.68 0.011849
18.7 0.010748
18.72 0.0099745
18.74 0.0097787
18.76 0.010958
18.78 0.014676
18.8 0.012607
18.82 0.0080531
18.84 0.0032485
18.86 -0.0015216
18.88 -0.0034009
18.9 -0.00098893
18.92 0.0015686
18.94 -0.00026574
18.96 -0.0050554
18.98 -0.0083691
19 -0.01054
19.02 -0.010218
19.04 -0.010556
19.06 -0.011093
19.08 -0.0096053
19.1 -0.0093412
19.12 -0.0095972
19.14 -0.0074407
19.16 -0.0044569
19.18 -0.00015168
19.2 0.0030507
19.22 0.0068457
19.24 0.010476
19.26 0.013928
19.28 0.01573
19.3 0.013182
19.32 0.0089109
19.34 0.0053057
19.36 0.0013973
19.38 0.00069388
19.4 0.00059854
19.42 -0.0010307
19.44 -0.00073246
19.46 5.6043e-005
19.48 0.00062386
19.5 0.0025463
19.52 0.0065187
19.54 0.010947
19.56 0.011659
19.58 0.0080091
19.6 0.0014037
19.62 -0.0036696
19.64 -0.0030322
19.66 0.00077624
19.68 0.0021509
19.7 -0.002093
19.72 -0.0054616
19.74 -0.0046924
19.76 -0.00043696
19.78 0.0027648
19.8 -0.0004002
19.82 -0.0028078
19.84 -0.00177
19.86 -0.00057295
19.88 -0.003499
19.9 -0.0091698
19.92 -0.011928
19.94 -0.0079189
19.96 -0.0015654
19.98 0.00054052
20 -0.0015454
20.02 -0.0039893
20.04 -0.0041235
20.06 -0.002416
20.08 -0.00042284
20.1 0.0025028
20.12 0.0067001
20.14 0.0079
20.16 0.0052949
20.18 0.0019566
20.2 -0.0024212
20.22 -0.0053104
20.24 -0.0059553
20.26 -0.0029031
20.28 0.0023254
20.3 0.0037784
20.32 0.0027827
20.34 0.0021454
20.36 0.00098941
20.38 -0.00038483
20.4 -0.0033583
20.42 -0.0061559
20.44 -0.0090141
20.46 -0.010514
20.48 -0.011932
20.5 -0.011924
20.52 -0.010544
20.54 -0.0066138
20.56 -0.0012629
20.58 0.0006211
20.6 -0.00032646
20.62 0.00083835
20.64 0.0038324
20.66 0.0053945
20.68 0.0062723
20.7 0.0060769
20.72 0.0059192
20.74 0.0063543
20.76 0.011232
20.78 0.015553
20.8 0.015013
20.82 0.012514
20.84 0.0076681
20.86 0.00025534
20.88 -0.0059652
20.9 -0.0067353
20.92 -0.0037987
20.94 -0.00057121
20.96 -0.0024114
20.98 -0.0053845
21 -0.0054619
21.02 -0.0048072
21.04 -0.0044345
21.06 -0.0033237
21.08 -0.0017965
21.1 0.00075404
21.12 0.002045
21.14 0.0012931
21.16 0.0026297
21.18 0.0061421
21.2 0.0065117
21.22 0.0055796
21.24 0.0031526
21.26 0.00024076
21.28 0.00032644
21.3 -0.00037218
21.32 -0.00058855
21.34 -0.002027
21.36 -0.0039529
21.38 -0.0032521
21.4 -0.0012875
21.42 -0.00073766
21.44 0.0009584
21.46 0.0053839
21.48 0.0081493
21.5 0.0080881
21.52 0.0045118
21.54 -0.0026681
21.56 -0.0084674
21.58 -0.0094383
21.6 -0.0068324
21.62 -0.0053642
21.64 -0.0050249
21.66 -0.0027601
21.68 0.00051425
21.7 0.00102
21.72 -0.00071681
21.74 -0.0016816
21.76 0.00054422
21.78 0.0041254
21.8 0.004011
21.82 0.0027609
21.84 0.0033296
21.86 0.0048392
21.88 0.0060894
21.9 0.0040903
21.92 0.00071069
21.94 -0.00036804
21.96 0.00066052
21.98 0.0011132
22 -0.0012739
22.02 -0.0026342
22.04 -0.00082719
22.06 0.00019002
22.08 -0.0025355
22.1 -0.0055113
22.12 -0.0046057
22.14 -0.0015167
22.16 -0.00030843
22.18 -0.00037806
22.2 -0.0038523
22.22 -0.0060298
22.24 -0.0052354
22.26 -0.0034173
22.28 -0.0013874
22.3 -0.00053561
22.32 9.8674e-005
22.34 0.0019792
22.36 0.0015621
22.38 -0.00047538
22.4 -0.0022802
22.42 -0.002039
22.44 -0.0017497
22.46 -0.0008748
22.48 -0.00015558
22.5 -6.4592e-005
22.52 0.0005054
22.54 0.00011484
22.56 -0.0017573
22.58 -0.0012457
22.6 0.0021159
22.62 0.0030348
22.64 0.0018553
22.66 -0.00037602
22.68 -0.0026746
22.7 -0.0050265
22.72 -0.0047145
22.74 -0.0027742
22.76 -0.00059738
22.78 0.00080756
22.8 0.00015591
22.82 -7.8871e-005
22.84 -0.00074746
22.86 -0.00097343
22.88 -0.0023918
22.9 -0.0029384
22.92 -0.00043448
22.94 0.0038035
22.96 0.0087132
22.98 0.010663
23 0.0096134
23.02 0.0069806
23.04 0.003272
23.06 0.0010455
23.08 0.0027084
23.1 0.0057424
23.12 0.0074753
23.14 0.0060455
23.16 0.0018617
23.18 0.00047848
23.2 0.00064836
23.22 0.001862
23.24 0.0042588
23.26 0.0028033
23.28 0.00017451
23.3 -0.0015985
23.32 -0.0013386
23.34 -0.0019547
23.36 -0.0051117
23.38 -0.0092866
23.4 -0.011334
23.42 -0.0095337
23.44 -0.0054339
23.46 -0.0019225
23.48 0.00017197
23.5 0.0011815
23.52 0.001841
23.54 0.0028348
23.56 0.0026453
23.58 0.0026316
23.6 0.0031102
23.62 0.0023215
23.64 0.00090649
23.66 0.00094471
23.68 0.0024542
23.7 0.0022034
23.72 -4.1245e-005
23.74 -0.0036574
23.76 -0.0064021
23.78 -0.0049485
23.8 -0.0026299
23.82 0.00085881
23.84 0.0030269
23.86 0.0030929
23.88 0.0032881
23.9 0.0046769
23.92 0.0048774
23.94 0.0020919
23.96 -0.0032109
23.98 -0.0068588
24 -0.0068477
24.02 -0.0039416
24.04 -0.0023898
24.06 -0.0014539
24.08 -0.00089248
24.1 -0.0015187
24.12 -0.0032453
24.14 -0.0052363
24.16 -0.0058831
24.18 -0.0033048
24.2 -0.0021586
24.22 -0.0033556
24.24 -0.0045895
24.26 -0.0041486
24.28 -0.002196
24.3 -0.0025872
24.32 -0.0014173
24.34 -0.0017415
24.36 -0.0017011
24.38 0.0010574
24.4 0.0035824
24.42 0.0052073
24.44 0.0063684
24.46 0.0069578
24.48 0.0063042
24.5 0.0047627
24.52 0.0037805
24.54 0.0060623
24.56 0.0088645
24.58 0.0099912
24.6 0.0082522
24.62 0.0050338
24.64 0.0028654
24.66 0.0030968
24.68 0.0045046
24.7 0.0028918
24.72 -0.001562
24.74 -0.0046114
24.76 -0.0059744
24.78 -0.0077524
24.8 -0.010521
24.82 -0.010958
24.84 -0.0094423
24.86 -0.0071552
24.88 -0.0035819
24.9 -0.0024962
24.92 -0.0023328
24.94 -0.0021082
24.96 -0.0018136
24.98 -0.0013125
25 0.00092908
25.02 0.003881
25.04 0.0060126
25.06 0.0066181
25.08 0.0056571
25.1 0.0044348
25.12 0.0029835
25.14 0.0028205
25.16 0.0034228
25.18 0.0042581
25.2 0.0027533
25.22 0.00095971
25.24 -0.0019575
25.26 -0.0041414
25.28 -0.0058316
25.3 -0.0052221
25.32 -0.0043181
25.34 -0.0019609
25.36 0.00096994
25.38 0.0041033
25.4 0.006349
25.42 0.0060401
25.44 0.005434
25.46 0.0046277
25.48 0.0021465
25.5 -0.00080489
25.52 -0.0009455
25.54 0.00043713
25.56 0.0012276
25.58 0.00086297
25.6 0.0014218
25.62 0.0011053
25.64 0.0010746
25.66 0.0017225
25.68 0.0026079
25.7 -0.00052644
25.72 -0.0030269
25.74 -0.0045802
25.76 -0.0050286
25.78 -0.0048798
25.8 -0.0065354
25.82 -0.0063522
25.84 -0.0046712
25.86 -0.0031095
25.88 -0.0038444
25.9 -0.0056995
25.92 -0.0065456
25.94 -0.0067343
25.96 -0.0059244
25.98 -0.0053942
26 -0.0043582
26.02 -0.001916
26.04 0.001705
26.06 0.0060973
26.08 0.0089191
26.1 0.010783
26.12 0.010594
26.14 0.0080282
26.16 0.0033299
26.18 7.9532e-005
26.2 -0.0018109
26.22 0.0012061
26.24 0.0051942
26.26 0.0065572
26.28 0.0063164
26.3 0.0036555
26.32 0.0017773
26.34 0.0011496
26.36 -0.0010755
26.38 -0.0027071
26.4 -0.0037548
26.42 -0.003365
26.44 -0.0019858
26.46 -0.00042808
26.48 -0.00043275
26.5 -0.00041372
26.52 0.00013982
26.54 0.0019781
26.56 0.0035151
26.58 0.0045384
26.6 0.0049484
26.62 0.0053293
26.64 0.0027245
26.66 0.0011733
26.68 0.0032421
26.7 0.0050341
26.72 0.0048302
26.74 0.0035278
26.76 0.0010445
26.78 -0.0027843
26.8 -0.007376
26.82 -0.0086791
26.84 -0.0076255
26.86 -0.0060437
26.88 -0.0056344
26.9 -0.0071926
26.92 -0.0089879
26.94 -0.008484
26.96 -0.0054223
26.98 -0.0017067
27 -0.00036938
27.02 -0.00094682
27.04 -0.0016201
27.06 8.9597e-005
27.08 0.0036079
27.1 0.0051629
27.12 0.003821
27.14 0.0021633
27.16 0.0020654
27.18 0.0038216
27.2 0.0035336
27.22 0.0014626
27.24 -0.0016758
27.26 -0.0026749
27.28 -0.003098
27.3 -0.0045051
27.32 -0.0030276
27.34 -3.6996e-005
27.36 0.00084222
27.38 -0.0013063
27.4 -0.0026894
27.42 -0.0017588
27.44 0.00045918
27.46 0.002382
27.48 0.0029021
27.5 0.00057413
27.52 -0.00016992
27.54 -1.8609e-005
27.56 -7.2729e-005
27.58 -0.00080709
27.6 -0.0021312
27.62 -0.0025626
27.64 -0.002193
27.66 -0.0014486
27.68 6.9362e-005
27.7 0.00010261
27.72 0.0011436
27.74 0.0020278
27.76 0.0013038
27.78 0.0010528
27.8 0.00077453
27.82 0.000489
27.84 0.00059522
27.86 0.00011494
27.88 -0.00065404
27.9 0.00059281
27.92 0.0022297
27.94 0.0030238
27.96 0.0017297
27.98 0.00040873
28 -0.0016028
28.02 -0.0042696
28.04 -0.0065969
28.06 -0.0074938
28.08 -0.0059161
28.1 -0.0023049
28.12 0.00091041
28.14 0.00076934
28.16 -0.0019845
28.18 -0.0011143
28.2 0.0015198
28.22 0.0047035
28.24 0.0057222
28.26 0.0051042
28.28 0.0041982
28.3 0.0020219
28.32 0.0021
28.34 0.0028263
28.36 0.0010516
28.38 -0.0010938
28.4 -0.0011164
28.42 0.00017471
28.44 0.00020976
28.46 -0.0015612
28.48 -0.0020079
28.5 -0.00057337
28.52 0.0014966
28.54 0.004024
28.56 0.0048638
28.58 0.0036514
28.6 0.0026564
28.62 0.0026769
28.64 0.0029651
28.66 0.0020718
28.68 0.0039066
28.7 0.005426
28.72 0.0050698
28.74 0.0039285
28.76 0.00098403
28.78 -0.00040535
28.8 -0.0013769
28.82 -0.0030479
28.84 -0.0038981
28.86 -0.0036159
28.88 -0.0033671
28.9 -0.0029427
28.92 -0.0018397
28.94 -0.001387
28.96 -0.0015253
28.98 -0.0020215
29 -0.0038
29.02 -0.0042297
29.04 -0.0045141
29.06 -0.0029586
29.08 -0.0011176
29.1 -0.00071071
29.12 -0.0012346
29.14 -0.0011612
29.16 -0.0015838
29.18 -0.00033494
29.2 0.00069584
29.22 0.00083825
29.24 0.00098085
29.26 0.0014848
29.28 0.0028824
29.3 0.0025545
29.32 0.0018483
29.34 0.00062762
29.36 -4.3857e-005
29.38 0.00025649
29.4 0.00014929
29.42 0.00065382
29.44 0.0017539
29.46 0.0027394
29.48 0.0024948
29.5 0.0019224
29.52 0.00058084
29.54 -0.00039741
29.56 -0.00063492
29.58 0.00010481
29.6 0.0018572
29.62 0.0017398
29.64 -0.00035728
29.66 -0.0017932
29.68 -0.00080845
29.7 -0.00073839
29.72 -0.00079723
29.74 -0.0011332
29.76 -0.0020063
29.78 -0.0012552
29.8 -0.0021376
29.82 -0.0015428
29.84 -0.0013274
29.86 -0.0022289
29.88 -0.0011471
29.9 0.001474
29.92 0.0030423
29.94 0.0019537
29.96 -0.0001015
29.98 -0.00024295
30 -0.00014523
30.02 -0.00014827
30.04 -0.00013877
30.06 -7.159e-005
30.08 0.00019877
30.1 -0.0004332
30.12 -0.0022541
30.14 -0.0040152
30.16 -0.0037972
30.18 -0.0017424
30.2 -0.0017912
30.22 -0.0010168
30.24 0.001097
30.26 0.002163
30.28 0.0035683
30.3 0.0024195
30.32 0.00068403
30.34 0.00095293
30.36 0.0024875
30.38 0.0031983
30.4 0.0024129
30.42 0.0019563
30.44 0.0020046
30.46 0.00251
30.48 0.0020362
30.5 0.0018527
30.52 0.0014353
30.54 0.0016271
30.56 0.0013487
30.58 0.0012366
30.6 0.0010208
30.62 0.0008906
30.64 -0.00017604
30.66 -0.0020415
30.68 -0.0019852
30.7 -0.0017737
30.72 -0.0014007
30.74 0.00046575
30.76 0.0011652
30.78 0.0013872
30.8 0.00072497
30.82 0.00026761
30.84 0.00053491
30.86 0.00026597
30.88 -0.00010102
30.9 -0.0010001
30.92 -0.0026833
30.94 -0.0013549
30.96 2.7884e-005
30.98 -0.00028113
31 -0.0022439
31.02 -0.0028355
31.04 -0.0024538
31.06 -0.0024586
31.08 -0.0028053
31.1 -0.0041052
31.12 -0.0044162
31.14 -0.0023904
31.16 -0.0017335
31.18 -0.0012653
31.2 -0.0031139
31.22 -0.0047938
31.24 -0.0044841
31.26 -0.0036313
31.28 -0.001621
31.3 -0.0025783
31.32 -0.0045961
31.34 -0.0053573
31.36 -0.0041821
31.38 -0.0015639
31.4 0.00051537
31.42 0.0032308
31.44 0.0046289
31.46 0.0057773
31.48 0.0057532
31.5 0.0053909
31.52 0.004158
31.54 0.0019579
31.56 0.0010579
31.58 -0.00055026
31.6 -0.00068703
31.62 -0.00036289
31.64 0.00047369
31.66 0.0025128
31.68 0.0049149
31.7 0.0046641
31.72 0.0041879
31.74 0.0039768
31.76 0.00423
31.78 0.0054357
31.8 0.0034184
31.82 0.0027807
31.84 0.0029613
31.86 0.0039683
31.88 0.0036548
31.9 0.0011394
31.92 -0.0017482
31.94 -0.0037721
31.96 -0.0043944
31.98 -0.0045655
32 -0.0062989
32.02 -0.0070411
32.04 -0.0059582
32.06 -0.003583
32.08 -0.00315
32.1 -0.0026803
32.12 -0.0021103
32.14 -0.002274
32.16 -0.0019213
32.18 -0.00011792
32.2 0.00095526
32.22 0.00058411
32.24 0.00080877
32.26 0.00097514
32.28 0.002106
32.3 0.00076291
32.32 0.00057019
32.34 0.00072893
32.36 0.0006538
32.38 0.00069581
32.4 0.00065936
32.42 0.00044188
32.44 -0.0012041
32.46 -0.0022261
32.48 -0.0015942
32.5 -0.001585
32.52 -0.0012582
32.54 -0.0011674
32.56 -0.00082992
32.58 0.00056506
32.6 0.0023435
32.62 0.0025654
32.64 0.0034993
32.66 0.0029258
32.68 0.0040492
32.7 0.0024329
32.72 0.0016759
32.74 0.0035276
32.76 0.0040401
32.78 0.0051807
32.8 0.0031629
32.82 0.0018717
32.84 0.00041302
32.86 -0.00049281
32.88 0.0013386
32.9 0.0022422
32.92 0.0018937
32.94 0.0017151
32.96 0.0012568
32.98 -0.00035592
33 -0.0010198
33.02 1.6051e-006
33.04 -0.00019128
33.06 -0.0012869
33.08 -0.0025727
33.1 -0.0025735
33.12 -0.0022124
33.14 -0.001587
33.16 -0.0006306
33.18 0.00055891
33.2 0.00035819
33.22 0.00029428
33.24 -0.0012907
33.26 -0.0024091
33.28 -0.0029133
33.3 -0.0047222
33.32 -0.004656
33.34 -0.0038729
33.36 -0.002547
33.38 -0.00081277
33.4 -0.0016773
33.42 -0.0023498
33.44 -0.00024259
33.46 0.0020559
33.48 0.0027938
33.5 0.0017005
33.52 -0.00017521
33.54 0.00013128
33.56 0.0031035
33.58 0.0048458
33.6 0.0032854
33.62 0.001122
33.64 -0.00024601
33.66 -0.00061743
33.68 0.0016645
33.7 0.0012874
33.72 0.001473
33.74 0.0012276
33.76 0.002005
33.78 0.003471
33.8 0.0022081
33.82 0.002179
33.84 0.0028622
33.86 0.0022662
33.88 0.00081501
33.9 -0.0014343
33.92 -0.0031661
33.94 -0.0034565
33.96 -0.0030441
33.98 -0.0038529
34 -0.0055324
34.02 -0.0065536
34.04 -0.0074595
34.06 -0.0064491
34.08 -0.0055466
34.1 -0.0029673
34.12 -0.0026025
34.14 -0.0032815
34.16 -0.0048411
34.18 -0.0042188
34.2 -0.0037853
34.22 -0.0023944
34.24 -0.00040021
34.26 0.0009131
34.28 0.0026042
34.3 0.0024768
34.32 0.0034686
34.34 0.0051115
34.36 0.0050065
34.38 0.0047665
34.4 0.0039017
34.42 0.0037583
34.44 0.0025614
34.46 0.0020591
34.48 0.0037132
34.5 0.0045731
34.52 0.0038883
34.54 0.0037377
34.56 0.003262
34.58 0.0021026
34.6 -1.2958e-005
34.62 0.00012289
34.64 -0.0013078
34.66 -0.002784
34.68 -0.002424
34.7 -0.0022538
34.72 -0.0021174
34.74 -0.0019094
34.76 -0.0011325
34.78 -0.00021271
34.8 -0.0018465
34.82 -0.0015382
34.84 -0.001499
34.86 -0.0016195
34.88 -0.0033089
34.9 -0.0037394
34.92 -0.0031059
34.94 -0.0022652
34.96 -8.1549e-005
34.98 0.00020924
35 0.00021266
35.02 0.00031156
35.04 0.00034495
35.06 0.00036676
35.08 0.00044971
35.1 0.0004161
35.12 0.00046659
35.14 -0.00069146
35.16 -0.0017439
35.18 -0.001608
35.2 -0.0016591
35.22 -0.0012664
35.24 -0.0011084
35.26 -0.00020212
35.28 0.0018186
35.3 0.0019562
35.32 0.0017353
35.34 0.0017757
35.36 0.0016768
35.38 0.0024264
35.4 0.0044624
35.42 0.0059815
35.44 0.0058006
35.46 0.0055211
35.48 0.0047876
35.5 0.0040126
35.52 0.0038031
35.54 0.003232
35.56 0.0027685
35.58 0.00087334
35.6 -0.00020521
35.62 -3.9309e-005
35.64 -0.0010962
35.66 -0.0025661
35.68 -0.0024639
35.7 -0.0024217
35.72 -0.0021455
35.74 -0.0018908
35.76 -0.0013689
35.78 -0.00031805
35.8 -0.0018403
35.82 -0.0017008
35.84 -0.0016042
35.86 -0.0014364
35.88 -0.0014319
35.9 -0.0012158
35.92 -0.00083913
35.94 0.00081092
35.96 0.00085156
35.98 0.00069622
36 0.00077117
36.02 0.0020465
36.04 0.0024488
36.06 0.00265
36.08 0.0019358
36.1 0.0010573
36.12 0.00066369
36.14 -0.00076389
36.16 -0.0015739
36.18 -0.0014232
36.2 -0.0028121
36.22 -0.0028838
36.24 -0.0023799
36.26 -0.0013239
36.28 -0.00059996
36.3 -0.0019309
36.32 -0.0025348
36.34 -0.0032974
36.36 -0.0034046
36.38 -0.002833
36.4 -0.0021666
36.42 -0.0011687
36.44 -0.00061083
36.46 -0.00040056
36.48 -0.00036855
36.5 -0.00020193
36.52 0.00059856
36.54 0.0013868
36.56 0.0011008
36.58 0.0010167
36.6 0.00034858
36.62 -0.00046762
36.64 -0.00032201
36.66 0.00023588
36.68 0.00094599
36.7 0.00088237
36.72 0.0017119
36.74 0.0013456
36.76 0.001281
36.78 0.00059917
36.8 -0.00040735
36.82 -0.0011942
36.84 -0.0011322
36.86 -0.0007321
36.88 0.0001639
36.9 0.00035226
36.92 0.00027206
36.94 0.00036931
36.96 0.00058662
36.98 0.00079909
37 0.0011058
37.02 0.00097419
37.04 0.00085055
37.06 0.00071515
37.08 0.00062923
37.1 0.00053493
37.12 0.00059452
37.14 0.00040427
37.16 0.00024122
37.18 0.00016278
37.2 0.00011378
37.22 -7.824e-005
37.24 -0.00037245
37.26 -0.0004883
37.28 -0.00018539
37.3 -0.00037663
37.32 -0.00040494
37.34 -0.00030886
37.36 -0.00011066
37.38 0.00017499
37.4 0.00010452
37.42 8.0683e-005
37.44 4.2772e-005
37.46 -2.6051e-005
37.48 -0.00018661
37.5 -0.00020042
37.52 -0.00027995
37.54 -0.00036218
37.56 -0.00031909
37.58 -0.00034958
37.6 -0.00014157
37.62 4.1666e-005
37.64 0.00013424
37.66 0.00010525
37.68 0.00010308
37.7 9.3339e-005
37.72 8.7804e-005
37.74 8.1585e-005
37.76 7.4759e-005
37.78 5.3941e-005
37.8 2.1073e-005
37.82 6.9765e-005
37.84 6.7295e-005
37.86 5.8556e-005
37.88 5.4849e-005
37.9 4.8815e-005
37.92 4.4933e-005
37.94 4.2437e-005
37.96 6.1016e-005
37.98 6.7269e-005
38 4.558e-005
38.02 3.5596e-005
38.04 2.2853e-005
38.06 1.5102e-005
38.08 6.4683e-006
38.1 -7.9599e-007
38.12 -1.3591e-005
38.14 -1.7483e-005
38.16 -1.4832e-005
38.18 -1.4008e-005
38.2 -1.2608e-005
38.22 -1.1898e-005
38.24 -1.0817e-005
38.26 -1.0098e-005
38.28 -9.1925e-006
38.3 -1.0554e-005
38.32 -9.9552e-006
38.34 -8.3461e-006
38.36 -7.0292e-006
38.38 -6.5493e-006
38.4 -6.6877e-006
38.42 -6.318e-006
38.44 -6.0601e-006
38.46 -6.041e-006
38.48 -5.9896e-006
38.5 -5.9063e-006
