0.01 1.4212e-006
0.02 -3.3224e-008
0.03 9.8615e-007
0.04 -7.9357e-007
0.05 1.2132e-006
0.06 4.2223e-007
0.07 1.5127e-006
0.08 3.2168e-007
0.09 1.8133e-006
0.1 -3.0636e-006
0.11 -4.8261e-006
0.12 -3.1769e-006
0.13 3.2582e-006
0.14 2.4269e-006
0.15 -4.5247e-006
0.16 -1.0291e-005
0.17 -9.2493e-006
0.18 -1.0582e-005
0.19 -1.9998e-005
0.2 -3.2591e-005
0.21 -3.1945e-005
0.22 -3.4046e-005
0.23 -3.6761e-005
0.24 -3.9003e-005
0.25 -3.879e-005
0.26 -1.802e-005
0.27 -6.5695e-006
0.28 -1.0607e-005
0.29 -1.1247e-005
0.3 1.2759e-005
0.31 3.6969e-005
0.32 3.5965e-005
0.33 3.3902e-005
0.34 3.9543e-005
0.35 9.2737e-006
0.36 8.5862e-006
0.37 -4.4039e-005
0.38 -9.5348e-005
0.39 -8.2877e-005
0.4 -9.1183e-005
0.41 -8.5195e-005
0.42 -9.3664e-005
0.43 -8.4959e-005
0.44 -9.2628e-005
0.45 -8.223e-005
0.46 -9.4361e-005
0.47 -1.9173e-005
0.48 9.5392e-006
0.49 4.0844e-005
0.5 6.6169e-005
0.51 7.7101e-005
0.52 0.00012346
0.53 0.0001352
0.54 0.00011928
0.55 0.00014555
0.56 7.0229e-005
0.57 -2.3014e-006
0.58 -8.5165e-006
0.59 7.9994e-006
0.6 -1.5815e-005
0.61 1.1168e-005
0.62 -9.0582e-005
0.63 -6.6872e-005
0.64 -0.00010846
0.65 -0.00016355
0.66 -0.00016251
0.67 -0.00014671
0.68 -0.00025911
0.69 -0.00018864
0.7 4.8023e-005
0.71 7.4592e-005
0.72 6.0431e-005
0.73 7.9972e-005
0.74 8.3974e-005
0.75 7.8307e-005
0.76 8.4693e-005
0.77 8.4336e-005
0.78 8.342e-005
0.79 7.9202e-005
0.8 8.9604e-005
0.81 8.3522e-005
0.82 9.4861e-005
0.83 -1.9959e-005
0.84 -0.00017272
0.85 -0.00014482
0.86 1.4897e-005
0.87 -0.00010817
0.88 -0.0001881
0.89 -0.00013678
0.9 -0.00014826
0.91 -0.00012821
0.92 -0.00014543
0.93 -0.00011588
0.94 -0.00013455
0.95 -0.00010707
0.96 -0.00032158
0.97 -0.00017928
0.98 -4.9873e-005
0.99 -7.9887e-005
1 -7.7501e-005
1.01 -5.9452e-005
1.02 -3.9106e-005
1.03 -2.5291e-005
1.04 -3.1112e-005
1.05 -1.4656e-005
1.06 -8.9521e-006
1.07 -1.8754e-006
1.08 -9.0961e-006
1.09 5.7154e-006
1.1 1.0387e-005
1.11 2.1536e-005
1.12 1.2272e-005
1.13 3.7099e-005
1.14 3.1923e-005
1.15 4.2335e-005
1.16 3.0221e-005
1.17 5.497e-005
1.18 5.065e-005
1.19 6.2159e-005
1.2 5.7194e-005
1.21 9.4531e-005
1.22 6.7064e-005
1.23 7.9473e-005
1.24 7.1314e-005
1.25 0.00010052
1.26 0.00023107
1.27 0.00038835
1.28 8.7825e-005
1.29 0.00010958
1.3 0.00010404
1.31 0.0001513
1.32 -8.2917e-005
1.33 -0.00031019
1.34 -0.00065187
1.35 -0.00023432
1.36 -0.00040554
1.37 -5.0658e-005
1.38 0.00029406
1.39 0.00018297
1.4 0.00023862
1.41 0.0002646
1.42 0.00072518
1.43 0.0012265
1.44 0.0012826
1.45 0.00097113
1.46 0.00036906
1.47 9.7828e-005
1.48 7.0033e-005
1.49 -0.00022695
1.5 6.3142e-005
1.51 0.00016178
1.52 0.00011501
1.53 0.00014628
1.54 0.00013738
1.55 0.00015079
1.56 0.00013932
1.57 0.00016094
1.58 0.00015736
1.59 0.0004896
1.6 0.00027173
1.61 8.0573e-005
1.62 0.00014735
1.63 0.00011609
1.64 0.00012771
1.65 0.00010954
1.66 0.00014167
1.67 -5.9294e-005
1.68 -0.00039369
1.69 -0.00072283
1.7 -0.00096189
1.71 -0.00092218
1.72 -0.00088983
1.73 -0.00082132
1.74 -0.00080135
1.75 -0.00074389
1.76 -0.00066127
1.77 0.00022321
1.78 0.00049028
1.79 0.00082267
1.8 0.0015856
1.81 0.0015371
1.82 0.0014839
1.83 0.0014463
1.84 0.0014368
1.85 0.0011069
1.86 0.00074206
1.87 0.00033752
1.88 -0.00038642
1.89 -0.00091244
1.9 -0.0011795
1.91 -0.0012321
1.92 -0.00090896
1.93 -0.00085782
1.94 -0.00078165
1.95 -0.00028337
1.96 -0.0002083
1.97 6.933e-005
1.98 0.00045001
1.99 0.00078968
2 0.00097727
2.01 0.00091297
2.02 0.00090608
2.03 0.00085878
2.04 0.00084957
2.05 0.00079676
2.06 0.00078624
2.07 0.00056288
2.08 0.00015656
2.09 9.6556e-005
2.1 -0.00021682
2.11 -0.00050029
2.12 -0.00039554
2.13 -0.00061305
2.14 -0.0011993
2.15 -0.0014982
2.16 -0.00064087
2.17 -0.00023755
2.18 -0.0003175
2.19 -0.0002884
2.2 -0.000216
2.21 -0.00022083
2.22 -0.00021502
2.23 -0.00022046
2.24 -0.00019434
2.25 -0.00018799
2.26 -0.00017194
2.27 -0.00018116
2.28 -0.00014852
2.29 -0.00014971
2.3 -0.00014215
2.31 -0.00014632
2.32 -0.0001005
2.33 0.00027247
2.34 0.0005037
2.35 0.00039771
2.36 0.00044014
2.37 0.00039426
2.38 0.00040566
2.39 1.223e-005
2.4 0.00015147
2.41 -0.0001238
2.42 -0.00022635
2.43 -0.000501
2.44 -0.00080489
2.45 -0.0011164
2.46 -0.0012782
2.47 -0.0011821
2.48 -0.0011988
2.49 -0.00084698
2.5 -0.00050942
2.51 -0.00041372
2.52 7.9268e-006
2.53 0.00017124
2.54 9.3277e-005
2.55 0.0004466
2.56 0.00070747
2.57 0.00065142
2.58 0.00065463
2.59 0.00043112
2.6 7.4695e-005
2.61 4.2605e-005
2.62 -2.2162e-005
2.63 -0.00042706
2.64 -0.00054078
2.65 -0.00046519
2.66 -0.00018829
2.67 9.1963e-005
2.68 -0.00025334
2.69 -1.5728e-005
2.7 0.00017767
2.71 0.00010563
2.72 0.00044795
2.73 0.00072496
2.74 0.00066292
2.75 0.00049606
2.76 8.1815e-005
2.77 4.759e-005
2.78 -0.00027228
2.79 -0.00054459
2.8 -0.00050701
2.81 -0.00062841
2.82 -0.0012289
2.83 -0.0015435
2.84 -0.0014308
2.85 -0.00059792
2.86 -0.00021188
2.87 -0.00031786
2.88 -0.00022739
2.89 -0.00020485
2.9 -0.00016379
2.91 -0.00012486
2.92 0.00048263
2.93 0.00096547
2.94 0.00070741
2.95 0.00033809
2.96 0.00036623
2.97 -8.574e-005
2.98 -0.00021539
2.99 -0.00040332
3 -0.0007335
3.01 -0.0010823
3.02 -0.0012587
3.03 -0.0010819
3.04 -0.00048479
3.05 0.00025244
3.06 0.00088759
3.07 0.001514
3.08 0.0017332
3.09 0.0013929
3.1 0.00039754
3.11 -0.00038453
3.12 -0.00064822
3.13 -0.0006619
3.14 -0.0006561
3.15 -0.00063404
3.16 -0.00058831
3.17 -0.00056645
3.18 -0.00054129
3.19 -0.00048538
3.2 -0.00060359
3.21 -0.00096477
3.22 -0.00098404
3.23 -0.0005644
3.24 -0.00028373
3.25 -0.00030501
3.26 -0.00026672
3.27 -0.00020023
3.28 -0.00018587
3.29 0.00017151
3.3 0.00043166
3.31 0.00034525
3.32 0.0006281
3.33 0.00097413
3.34 0.00097436
3.35 0.00088278
3.36 0.00096155
3.37 0.00051952
3.38 -0.00021982
3.39 -0.00026306
3.4 -0.00024488
3.41 -0.00069331
3.42 -0.00080814
3.43 -0.00049017
3.44 -0.0001264
3.45 -8.9021e-005
3.46 0.00039733
3.47 0.001008
3.48 0.00086302
3.49 0.00041484
3.5 0.00079506
3.51 0.0010325
3.52 0.00097171
3.53 0.00093902
3.54 0.00069134
3.55 -5.5514e-008
3.56 -0.00026105
3.57 -0.00020166
3.58 -0.00020331
3.59 -0.00023035
3.6 -0.00019388
3.61 -0.00017583
3.62 -0.00021586
3.63 -0.00064797
3.64 -0.00046484
3.65 -4.7454e-005
3.66 -6.2808e-005
3.67 -7.8476e-005
3.68 -2.8035e-005
3.69 -4.8708e-006
3.7 7.7708e-007
3.71 -8.9622e-007
3.72 3.4194e-005
3.73 3.2313e-005
3.74 4.9303e-005
3.75 -0.00021598
3.76 -0.00051218
3.77 -0.000479
3.78 -0.00034786
3.79 7.8064e-005
3.8 0.00015562
3.81 0.00044678
3.82 0.00076069
3.83 0.00080496
3.84 0.0013038
3.85 0.0020463
3.86 0.0017245
3.87 0.0010616
3.88 0.00096174
3.89 0.00014906
3.9 -0.00056404
3.91 -0.0012094
3.92 -0.0011742
3.93 -0.0011377
3.94 -0.0010988
3.95 -0.0011027
3.96 -0.00072332
3.97 -0.00038223
3.98 2.7649e-005
3.99 0.00032657
4 0.00089929
4.01 0.0013621
4.02 0.00097441
4.03 0.00030499
4.04 0.00017152
4.05 0.00019135
4.06 0.00015847
4.07 0.00015027
4.08 0.00014955
4.09 0.00013162
4.1 1.4635e-005
4.11 -0.00059387
4.12 -0.00094864
4.13 -0.00090006
4.14 -0.00087043
4.15 -0.00073209
4.16 -0.00024981
4.17 -0.00019133
4.18 0.00014575
4.19 0.00050432
4.2 0.0008704
4.21 0.0009549
4.22 0.00090202
4.23 0.00090702
4.24 0.00090736
4.25 0.0007474
4.26 0.00034878
4.27 0.00020957
4.28 0.00026566
4.29 -0.00050544
4.3 -0.0010231
4.31 -0.001292
4.32 -0.001382
4.33 -0.0012942
4.34 -0.0010112
4.35 -0.00048875
4.36 3.0268e-006
4.37 0.00052561
4.38 0.00057062
4.39 0.0005527
4.4 0.00018391
4.41 -1.4397e-006
4.42 -0.00013383
4.43 -0.0005247
4.44 -0.00053675
4.45 -0.00044553
4.46 -1.6733e-005
4.47 -1.4644e-005
4.48 -0.00044121
4.49 -0.0004061
4.5 -0.0003286
4.51 6.9789e-005
4.52 0.00023271
4.53 0.00040204
4.54 0.00081542
4.55 0.00080968
4.56 0.00078558
4.57 0.00088142
4.58 0.0014544
4.59 0.0018584
4.6 0.001794
4.61 0.001715
4.62 0.0016002
4.63 0.00099738
4.64 0.00046475
4.65 0.000442
4.66 0.00040981
4.67 0.00039574
4.68 9.4278e-005
4.69 -0.00063666
4.7 -0.0012748
4.71 -0.0018368
4.72 -0.0017831
4.73 -0.0017508
4.74 -0.0013936
4.75 -0.00034652
4.76 0.000452
4.77 0.00075354
4.78 0.0015611
4.79 0.0018946
4.8 0.0017149
4.81 0.0016965
4.82 0.0013113
4.83 0.00064468
4.84 0.0001951
4.85 -0.00053644
4.86 -0.00099885
4.87 -0.0012219
4.88 -0.0015997
4.89 -0.0017842
4.9 -0.0015031
4.91 -0.00106
4.92 -0.00070161
4.93 -0.00035679
4.94 0.00012916
4.95 0.00071181
4.96 0.0011441
4.97 0.002123
4.98 0.0024378
4.99 0.0022899
5 0.0017156
5.01 0.001019
5.02 5.1691e-005
5.03 -0.00070014
5.04 -0.00066665
5.05 -0.00067822
5.06 -0.00071079
5.07 -0.00067757
5.08 -0.00062225
5.09 -0.00060966
5.1 -0.00058368
5.11 -0.00054467
5.12 -0.00052574
5.13 -0.00027462
5.14 0.00041323
5.15 0.0010727
5.16 0.0016464
5.17 0.0017203
5.18 0.0014759
5.19 0.0007454
5.2 0.00037562
5.21 -0.00036806
5.22 -0.00099998
5.23 -0.001701
5.24 -0.001837
5.25 -0.001674
5.26 -0.0016718
5.27 -0.0010916
5.28 -0.00051543
5.29 -0.00017949
5.3 0.00015782
5.31 0.00057918
5.32 0.0011453
5.33 0.0014795
5.34 0.0015764
5.35 0.001306
5.36 0.00082337
5.37 0.00056111
5.38 3.4481e-005
5.39 -0.0005039
5.4 -0.00080923
5.41 -0.0010783
5.42 -0.0011359
5.43 -0.0010636
5.44 -0.001008
5.45 -0.00048311
5.46 -0.0006116
5.47 -0.00095002
5.48 -0.00092733
5.49 -0.00078177
5.5 -0.0008914
5.51 -0.00043303
5.52 0.00029636
5.53 0.0010587
5.54 0.0014707
5.55 0.0014701
5.56 0.0013521
5.57 0.0014364
5.58 0.00074282
5.59 9.5038e-005
5.6 -0.00032909
5.61 -0.0010026
5.62 -0.0015178
5.63 -0.001725
5.64 -0.0020464
5.65 -0.0019528
5.66 -0.0017482
5.67 -0.00082515
5.68 -0.00060429
5.69 -0.00010141
5.7 0.00060628
5.71 0.00059605
5.72 0.00070221
5.73 0.0015489
5.74 0.0017216
5.75 0.0015495
5.76 0.0015524
5.77 0.0015123
5.78 0.0013867
5.79 0.00075375
5.8 0.00023931
5.81 -1.4367e-005
5.82 -0.0006955
5.83 -0.00096543
5.84 -0.00088902
5.85 -0.00087265
5.86 -0.00092246
5.87 -0.00061142
5.88 6.7964e-005
5.89 0.0010968
5.9 0.0014816
5.91 0.0013512
5.92 0.001368
5.93 0.0011079
5.94 0.00039267
5.95 9.1022e-005
5.96 0.00011032
5.97 8.0413e-005
5.98 3.3981e-005
5.99 6.5742e-005
6 -0.00055777
6.01 -0.0011564
6.02 -0.0014886
6.03 -0.0021002
6.04 -0.0019447
6.05 -0.0013084
6.06 -0.00028091
6.07 0.0003887
6.08 0.0012162
6.09 0.0024504
6.1 0.0021442
6.11 0.0013294
6.12 0.00065343
6.13 4.4468e-005
6.14 -0.00077891
6.15 -0.001142
6.16 -0.00102
6.17 -0.0010662
6.18 -0.0010254
6.19 -0.00098245
6.2 -0.00092433
6.21 -0.00093151
6.22 -0.00088141
6.23 -0.00084882
6.24 -0.00078682
6.25 -0.00080918
6.26 -0.00073099
6.27 -0.00071322
6.28 -0.00076985
6.29 -0.0013803
6.3 -0.0014879
6.31 -0.0011081
6.32 -0.00070775
6.33 -0.00049151
6.34 -0.00046725
6.35 -0.00040657
6.36 -0.00016363
6.37 0.00048233
6.38 0.00080678
6.39 0.00072262
6.4 0.00074237
6.41 0.00073569
6.42 0.00072424
6.43 0.00066151
6.44 0.0006625
6.45 0.00062787
6.46 0.00050268
6.47 -0.0003377
6.48 -0.00057466
6.49 -0.00049017
6.5 -0.00051287
6.51 -0.00048974
6.52 -0.00046764
6.53 -0.00046623
6.54 -0.00028223
6.55 0.00013538
6.56 -6.7663e-005
6.57 -0.00042474
6.58 1.3662e-005
6.59 0.00027004
6.6 0.00020603
6.61 0.00019268
6.62 0.00023093
6.63 -8.1469e-005
6.64 1.9805e-005
6.65 0.00071636
6.66 0.00078586
6.67 0.00073887
6.68 0.00070709
6.69 0.00074578
6.7 -4.2607e-005
6.71 -0.00056301
6.72 -0.00088551
6.73 -0.00082236
6.74 -0.00038095
6.75 -0.00036457
6.76 -0.00033701
6.77 7.6588e-005
6.78 0.00031646
6.79 0.0002176
6.8 0.00028793
6.81 -4.6665e-005
6.82 -0.00031294
6.83 -0.00069427
6.84 -0.00094782
6.85 -0.0013214
6.86 -0.0013383
6.87 -0.0012313
6.88 -0.0012078
6.89 -0.0010942
6.9 -0.00065232
6.91 -0.0004602
6.92 -0.00046677
6.93 -0.00038714
6.94 -0.00035741
6.95 6.93e-005
6.96 0.00032454
6.97 0.00085272
6.98 0.0013548
6.99 0.0013381
7 0.0013047
7.01 0.0012291
7.02 0.00071082
7.03 0.00012594
7.04 7.9289e-005
7.05 0.00010099
7.06 6.4623e-005
7.07 5.2917e-005
7.08 7.3996e-005
7.09 0.00010494
7.1 0.00011084
7.11 0.00010242
7.12 0.00010393
7.13 0.00011798
7.14 0.00012054
7.15 0.00011998
7.16 0.00011465
7.17 0.00014528
7.18 0.00017809
7.19 0.00095932
7.2 0.0013394
7.21 0.0011638
7.22 0.0011917
7.23 0.001146
7.24 0.0011425
7.25 0.0010518
7.26 0.00086369
7.27 -2.6296e-005
7.28 -0.00016002
7.29 -0.00040522
7.3 -0.0010923
7.31 -0.0016912
7.32 -0.0018441
7.33 -0.0021881
7.34 -0.0022025
7.35 -0.0020784
7.36 -0.0020095
7.37 -0.0018091
7.38 -0.00078934
7.39 -5.4405e-005
7.4 -8.2619e-005
7.41 0.00026963
7.42 0.00062084
7.43 0.00056172
7.44 0.00058494
7.45 0.00040711
7.46 4.5467e-005
7.47 8.194e-006
7.48 -2.3153e-005
7.49 -0.00080895
7.5 -0.0011428
7.51 -0.00094153
7.52 -0.0012277
7.53 -0.0011846
7.54 -0.00083581
7.55 -0.00079125
7.56 -0.00079605
7.57 -0.00032024
7.58 0.00049211
7.59 0.00051324
7.6 0.00048695
7.61 0.00051498
7.62 0.00058456
7.63 0.00010598
7.64 -0.00058054
7.65 -0.00056335
7.66 -0.00053753
7.67 -0.00092797
7.68 -0.0011815
7.69 -0.0012441
7.7 -0.00060377
7.71 -0.00020487
7.72 -0.00024525
7.73 2.815e-005
7.74 0.00085698
7.75 0.0010876
7.76 0.00093422
7.77 0.0017093
7.78 0.0021793
7.79 0.0020448
7.8 0.0019993
7.81 0.001994
7.82 0.0019046
7.83 0.0018476
7.84 0.0017741
7.85 0.0018618
7.86 0.0021788
7.87 0.0022184
7.88 0.0017596
7.89 0.0014236
7.9 0.0010602
7.91 0.0013935
7.92 0.0018699
7.93 0.001808
7.94 0.0017336
7.95 0.0016968
7.96 0.0016316
7.97 0.0015824
7.98 0.0015218
7.99 0.0014418
8 0.0013548
8.01 0.00088903
8.02 0.00026583
8.03 -2.2157e-005
8.04 -0.00041706
8.05 -0.00047237
8.06 -0.00043608
8.07 -9.6427e-005
8.08 0.00010642
8.09 4.7608e-005
8.1 9.6984e-005
8.11 7.8876e-005
8.12 6.6706e-005
8.13 3.3293e-005
8.14 4.3509e-005
8.15 2.6478e-005
8.16 -0.00017772
8.17 -0.00080535
8.18 -0.0011332
8.19 -0.001129
8.2 -0.0020909
8.21 -0.0031991
8.22 -0.0031216
8.23 -0.0030035
8.24 -0.0026185
8.25 -0.0018944
8.26 -0.0016004
8.27 -0.0014696
8.28 -0.00069672
8.29 -0.00027566
8.3 6.3049e-005
8.31 0.00036227
8.32 0.00074802
8.33 0.0010555
8.34 0.001359
8.35 0.0016884
8.36 0.0019191
8.37 0.0017177
8.38 0.00086884
8.39 0.00029369
8.4 -0.0008384
8.41 -0.0017168
8.42 -0.0015954
8.43 -0.0019264
8.44 -0.001579
8.45 -0.00067616
8.46 0.00047535
8.47 0.0008168
8.48 0.0011494
8.49 0.00101
8.5 0.00061104
8.51 -0.00034972
8.52 -0.0011002
8.53 -0.0019857
8.54 -0.0029177
8.55 -0.0033998
8.56 -0.0034659
8.57 -0.0033165
8.58 -0.0031779
8.59 -0.0030437
8.6 -0.0029079
8.61 -0.0027206
8.62 -0.0020992
8.63 -0.0013263
8.64 -0.00033751
8.65 0.00074798
8.66 0.0017734
8.67 0.0026811
8.68 0.0032612
8.69 0.0040604
8.7 0.0047461
8.71 0.0045275
8.72 0.0041127
8.73 0.0037681
8.74 0.0029755
8.75 0.0017375
8.76 0.00074848
8.77 -0.0005584
8.78 -0.0012568
8.79 -0.001574
8.8 -0.0021885
8.81 -0.0020205
8.82 -0.0015462
8.83 -0.0014494
8.84 -0.0014511
8.85 -0.0013582
8.86 -0.0017204
8.87 -0.0017649
8.88 -0.0016462
8.89 -0.0015775
8.9 -0.001534
8.91 -0.0014436
8.92 -0.0012363
8.93 -0.00072035
8.94 -0.0006257
8.95 -0.00059872
8.96 -0.00051856
8.97 -0.00010036
8.98 0.00035608
8.99 0.0012907
9 0.0020725
9.01 0.0023111
9.02 0.0022836
9.03 0.0022358
9.04 0.0022479
9.05 0.0017792
9.06 0.00097716
9.07 0.00085887
9.08 0.00089578
9.09 0.00080078
9.1 0.00079375
9.11 0.00075862
9.12 0.00053927
9.13 -0.00016063
9.14 -0.0008669
9.15 -0.0023784
9.16 -0.0043035
9.17 -0.0059502
9.18 -0.0070849
9.19 -0.007583
9.2 -0.0072915
9.21 -0.0070048
9.22 -0.0067382
9.23 -0.006087
9.24 -0.00475
9.25 -0.0037957
9.26 -0.002533
9.27 -0.00088128
9.28 0.0014869
9.29 0.0038641
9.3 0.0055231
9.31 0.0064082
9.32 0.0068955
9.33 0.0069057
9.34 0.0066633
9.35 0.006472
9.36 0.0065614
9.37 0.0070085
9.38 0.0074201
9.39 0.0078314
9.4 0.0082445
9.41 0.0083525
9.42 0.0083732
9.43 0.0087039
9.44 0.0087385
9.45 0.009136
9.46 0.0089822
9.47 0.0084992
9.48 0.00814
9.49 0.0069617
9.5 0.005122
9.51 0.0030842
9.52 0.00071086
9.53 -0.001829
9.54 -0.0038869
9.55 -0.0054218
9.56 -0.0065158
9.57 -0.00724
9.58 -0.0074395
9.59 -0.0073174
9.6 -0.0063779
9.61 -0.005208
9.62 -0.0039917
9.63 -0.0028726
9.64 -0.0017356
9.65 -0.00092011
9.66 -0.0005937
9.67 -0.00057571
9.68 -0.00062564
9.69 -0.0013727
9.7 -0.002633
9.71 -0.0045084
9.72 -0.0065403
9.73 -0.0078269
9.74 -0.0083559
9.75 -0.0088819
9.76 -0.0094475
9.77 -0.0091523
9.78 -0.0087315
9.79 -0.0083589
9.8 -0.0074693
9.81 -0.0065787
9.82 -0.0060031
9.83 -0.0050502
9.84 -0.0040972
9.85 -0.0031712
9.86 -0.0016323
9.87 0.0011903
9.88 0.0039242
9.89 0.0061315
9.9 0.0077408
9.91 0.0087895
9.92 0.0092154
9.93 0.0089443
9.94 0.0086542
9.95 0.0076438
9.96 0.0061463
9.97 0.0053195
9.98 0.0044503
9.99 0.0035128
10 0.0027729
10.01 0.002562
10.02 0.0024486
10.03 0.001451
10.04 0.0011208
10.05 0.0011387
10.06 0.001073
10.07 0.00096204
10.08 0.0009278
10.09 0.001073
10.1 0.0020579
10.11 0.0026881
10.12 0.0034858
10.13 0.0051067
10.14 0.0069415
10.15 0.0081066
10.16 0.0091604
10.17 0.0096307
10.18 0.0092628
10.19 0.0084247
10.2 0.0072761
10.21 0.0053112
10.22 0.0031865
10.23 0.00034944
10.24 -0.0023516
10.25 -0.0053893
10.26 -0.007767
10.27 -0.0093883
10.28 -0.01032
10.29 -0.010336
10.3 -0.010361
10.31 -0.0096668
10.32 -0.009107
10.33 -0.0085613
10.34 -0.0074068
10.35 -0.0072476
10.36 -0.0077132
10.37 -0.0080607
10.38 -0.0088171
10.39 -0.0097792
10.4 -0.0101
10.41 -0.010374
10.42 -0.010318
10.43 -0.010206
10.44 -0.0095779
10.45 -0.0087052
10.46 -0.0070888
10.47 -0.0059265
10.48 -0.0049531
10.49 -0.0035856
10.5 -0.0021002
10.51 -9.9923e-005
10.52 0.0015698
10.53 0.0036244
10.54 0.0052622
10.55 0.0060574
10.56 0.0064304
10.57 0.0062974
10.58 0.00541
10.59 0.0049468
10.6 0.0040703
10.61 0.0034872
10.62 0.003017
10.63 0.0030392
10.64 0.0036401
10.65 0.0042556
10.66 0.0050903
10.67 0.0052684
10.68 0.0044024
10.69 0.0037176
10.7 0.0019983
10.71 0.00038092
10.72 -0.00056189
10.73 -0.00079268
10.74 -0.00079537
10.75 -0.00018245
10.76 0.00084735
10.77 0.0014335
10.78 0.0016241
10.79 0.0015929
10.8 0.0016098
10.81 0.0015348
10.82 0.0011334
10.83 0.00047244
10.84 0.00041544
10.85 0.00039505
10.86 0.00070238
10.87 0.0013778
10.88 0.0024074
10.89 0.0027954
10.9 0.0032525
10.91 0.0036512
10.92 0.0035259
10.93 0.0034
10.94 0.003321
10.95 0.0032277
10.96 0.0030929
10.97 0.0032823
10.98 0.0037948
10.99 0.0033903
11 0.0026093
11.01 0.0025213
11.02 0.0018649
11.03 0.00073933
11.04 1.8628e-005
11.05 -0.0012949
11.06 -0.0030204
11.07 -0.0048436
11.08 -0.0066314
11.09 -0.0081469
11.1 -0.0094331
11.11 -0.010141
11.12 -0.010144
11.13 -0.010059
11.14 -0.0093476
11.15 -0.0077244
11.16 -0.0060352
11.17 -0.0043866
11.18 -0.0025488
11.19 0.00023959
11.2 0.0033719
11.21 0.0062595
11.22 0.008877
11.23 0.011435
11.24 0.012829
11.25 0.012937
11.26 0.01185
11.27 0.010284
11.28 0.0081533
11.29 0.0054058
11.3 0.0032757
11.31 0.0022779
11.32 0.0021123
11.33 0.002668
11.34 0.0041911
11.35 0.0056578
11.36 0.0071178
11.37 0.0077997
11.38 0.0076479
11.39 0.0070389
11.4 0.0061578
11.41 0.004843
11.42 0.004013
11.43 0.0030289
11.44 0.002565
11.45 0.0024477
11.46 0.0022501
11.47 0.0020998
11.48 0.0019574
11.49 0.0014659
11.5 0.00054534
11.51 0.00040148
11.52 0.00034394
11.53 5.788e-005
11.54 -0.0012127
11.55 -0.003384
11.56 -0.0064646
11.57 -0.01035
11.58 -0.01362
11.59 -0.016058
11.6 -0.01809
11.61 -0.019452
11.62 -0.019772
11.63 -0.019687
11.64 -0.018768
11.65 -0.017235
11.66 -0.014582
11.67 -0.010022
11.68 -0.00613
11.69 -0.0031671
11.7 -0.00058748
11.71 0.0016969
11.72 0.0035977
11.73 0.0050152
11.74 0.0062658
11.75 0.007417
11.76 0.0080472
11.77 0.0082416
11.78 0.0080406
11.79 0.0077636
11.8 0.0074468
11.81 0.0066894
11.82 0.0055769
11.83 0.0041134
11.84 0.0025872
11.85 0.0014445
11.86 -0.00051575
11.87 -0.0022752
11.88 -0.0034079
11.89 -0.0044446
11.9 -0.0046051
11.91 -0.0044182
11.92 -0.0037108
11.93 -0.0028801
11.94 -0.0019981
11.95 -0.0015161
11.96 -0.0013752
11.97 -0.0012827
11.98 -0.0013617
11.99 -0.0021169
12 -0.0020929
12.01 -0.0019341
12.02 -0.0018359
12.03 -0.0016974
12.04 -0.00092325
12.05 -0.00042479
12.06 0.00029528
12.07 0.00099154
12.08 0.001905
12.09 0.0032534
12.1 0.0046073
12.11 0.0061248
12.12 0.0079947
12.13 0.0092903
12.14 0.010175
12.15 0.010066
12.16 0.0097159
12.17 0.0084945
12.18 0.0064338
12.19 0.003914
12.2 0.000675
12.21 -0.0020451
12.22 -0.004064
12.23 -0.0056835
12.24 -0.0061212
12.25 -0.0058528
12.26 -0.0056764
12.27 -0.0054364
12.28 -0.0052295
12.29 -0.0046244
12.3 -0.0036915
12.31 -0.0023506
12.32 -0.00073192
12.33 0.0013698
12.34 0.0031543
12.35 0.0035708
12.36 0.0029373
12.37 0.0018326
12.38 0.00069368
12.39 -0.0010073
12.4 -0.0020325
12.41 -0.0029291
12.42 -0.0032307
12.43 -0.0030589
12.44 -0.002699
12.45 -0.0019382
12.46 -0.00042092
12.47 0.001748
12.48 0.0038211
12.49 0.0055064
12.5 0.0067447
12.51 0.008102
12.52 0.0095751
12.53 0.010008
12.54 0.0097763
12.55 0.0089204
12.56 0.0079062
12.57 0.006834
12.58 0.0055908
12.59 0.0047323
12.6 0.0032305
12.61 0.00071341
12.62 -0.0011388
12.63 -0.0027843
12.64 -0.0045564
12.65 -0.0051676
12.66 -0.005733
12.67 -0.0057328
12.68 -0.0055051
12.69 -0.0053548
12.7 -0.0051657
12.71 -0.0048002
12.72 -0.0039824
12.73 -0.003177
12.74 -0.0024043
12.75 -0.0020642
12.76 -0.0022422
12.77 -0.0030943
12.78 -0.0037262
12.79 -0.0038473
12.8 -0.003734
12.81 -0.0034301
12.82 -0.0021861
12.83 -0.00060984
12.84 0.0010984
12.85 0.0031008
12.86 0.0045261
12.87 0.0058029
12.88 0.0066021
12.89 0.0064205
12.9 0.0061727
12.91 0.0054601
12.92 0.0039446
12.93 0.0016245
12.94 -0.00076686
12.95 -0.0025183
12.96 -0.0034554
12.97 -0.0039414
12.98 -0.0035634
12.99 -0.0022914
13 -0.00054667
13.01 0.00082903
13.02 0.0020468
13.03 0.0025067
13.04 0.0028853
13.05 0.003791
13.06 0.0046353
13.07 0.0051552
13.08 0.0059219
13.09 0.0060229
13.1 0.0056748
13.11 0.0052278
13.12 0.0042804
13.13 0.0029815
13.14 0.0014295
13.15 -0.00015379
13.16 -0.0020106
13.17 -0.0031003
13.18 -0.0037175
13.19 -0.0042925
13.2 -0.0043829
13.21 -0.0042327
13.22 -0.0041297
13.23 -0.0040147
13.24 -0.0031738
13.25 -0.0018231
13.26 -0.0012053
13.27 -0.0001255
13.28 0.0013665
13.29 0.0019451
13.3 0.0025708
13.31 0.0028735
13.32 0.0028419
13.33 0.0030837
13.34 0.002989
13.35 0.0020903
13.36 0.00094807
13.37 -0.00034177
13.38 -0.0019766
13.39 -0.0030538
13.4 -0.0037103
13.41 -0.003687
13.42 -0.0034945
13.43 -0.0024624
13.44 -0.00076753
13.45 0.0011532
13.46 0.0027833
13.47 0.0027894
13.48 0.0019755
13.49 -0.00069379
13.5 -0.0039398
13.51 -0.006774
13.52 -0.0092194
13.53 -0.010573
13.54 -0.011549
13.55 -0.011999
13.56 -0.011908
13.57 -0.010571
13.58 -0.0087887
13.59 -0.0060157
13.6 -0.0027428
13.61 -0.00056134
13.62 0.00088392
13.63 0.0016829
13.64 0.0020052
13.65 0.0018059
13.66 0.00073576
13.67 -0.0009716
13.68 -0.0027554
13.69 -0.0039299
13.7 -0.005194
13.71 -0.0058513
13.72 -0.0063572
13.73 -0.0076604
13.74 -0.0097085
13.75 -0.010944
13.76 -0.01181
13.77 -0.011783
13.78 -0.010925
13.79 -0.0081826
13.8 -0.0042758
13.81 0.00085963
13.82 0.0045283
13.83 0.0069267
13.84 0.0082872
13.85 0.0087217
13.86 0.007668
13.87 0.0050957
13.88 0.0020547
13.89 -0.00095766
13.9 -0.0038908
13.91 -0.0063203
13.92 -0.0075647
13.93 -0.00817
13.94 -0.0083296
13.95 -0.0070335
13.96 -0.0046661
13.97 -0.00068948
13.98 0.0039853
13.99 0.008979
14 0.01345
14.01 0.016825
14.02 0.018433
14.03 0.018581
14.04 0.017376
14.05 0.015602
14.06 0.0124
14.07 0.008419
14.08 0.0048854
14.09 0.0018336
14.1 -6.9696e-005
14.11 -0.0013816
14.12 -0.0021985
14.13 -0.0017929
14.14 -0.00080362
14.15 3.1909e-005
14.16 8.5593e-005
14.17 8.9952e-005
14.18 -0.00028958
14.19 -0.00090464
14.2 -0.0017322
14.21 -0.002862
14.22 -0.0047648
14.23 -0.0071631
14.24 -0.011237
14.25 -0.015187
14.26 -0.01795
14.27 -0.019322
14.28 -0.020076
14.29 -0.020324
14.3 -0.01896
14.31 -0.017769
14.32 -0.013912
14.33 -0.005053
14.34 0.0056227
14.35 0.016629
14.36 0.027109
14.37 0.035243
14.38 0.043064
14.39 0.049925
14.4 0.055368
14.41 0.05508
14.42 0.051353
14.43 0.047322
14.44 0.042321
14.45 0.036114
14.46 0.028704
14.47 0.020467
14.48 0.01054
14.49 -0.0007119
14.5 -0.0094824
14.51 -0.015754
14.52 -0.023387
14.53 -0.02959
14.54 -0.032555
14.55 -0.033731
14.56 -0.033843
14.57 -0.033326
14.58 -0.031523
14.59 -0.030041
14.6 -0.028492
14.61 -0.026683
14.62 -0.024875
14.63 -0.023018
14.64 -0.019415
14.65 -0.01447
14.66 -0.0090576
14.67 -0.003862
14.68 0.00062305
14.69 0.0041251
14.7 0.0067356
14.71 0.0074091
14.72 0.0070436
14.73 0.0061865
14.74 0.0042084
14.75 0.00085476
14.76 -0.0026622
14.77 -0.0061022
14.78 -0.0085274
14.79 -0.010144
14.8 -0.011006
14.81 -0.011451
14.82 -0.011335
14.83 -0.0098808
14.84 -0.0071474
14.85 -0.0021022
14.86 0.0033066
14.87 0.0086412
14.88 0.013458
14.89 0.017659
14.9 0.020475
14.91 0.022295
14.92 0.022423
14.93 0.021623
14.94 0.020424
14.95 0.018974
14.96 0.017342
14.97 0.0154
14.98 0.013094
14.99 0.010152
15 0.0069955
15.01 0.0029316
15.02 -0.0011921
15.03 -0.0044171
15.04 -0.0075412
15.05 -0.0091902
15.06 -0.0099739
15.07 -0.010562
15.08 -0.010125
15.09 -0.0089623
15.1 -0.0074119
15.11 -0.003965
15.12 -0.00061781
15.13 0.0020955
15.14 0.0045659
15.15 0.0066246
15.16 0.0081806
15.17 0.0085071
15.18 0.009029
15.19 0.01008
15.2 0.011172
15.21 0.012362
15.22 0.014018
15.23 0.016365
15.24 0.017002
15.25 0.01668
15.26 0.015936
15.27 0.013781
15.28 0.0099033
15.29 0.0051541
15.3 -0.0006115
15.31 -0.0067398
15.32 -0.011504
15.33 -0.017116
15.34 -0.022211
15.35 -0.025309
15.36 -0.027458
15.37 -0.027905
15.38 -0.027491
15.39 -0.026321
15.4 -0.024125
15.41 -0.021812
15.42 -0.020015
15.43 -0.018477
15.44 -0.016419
15.45 -0.014684
15.46 -0.013527
15.47 -0.011534
15.48 -0.0095418
15.49 -0.006698
15.5 -0.0032731
15.51 0.00032694
15.52 0.003332
15.53 0.0056794
15.54 0.0076535
15.55 0.0090305
15.56 0.0099216
15.57 0.010406
15.58 0.010697
15.59 0.010554
15.6 0.0085741
15.61 0.0056573
15.62 0.001725
15.63 -0.0033668
15.64 -0.0071557
15.65 -0.0092967
15.66 -0.011052
15.67 -0.012501
15.68 -0.0129
15.69 -0.012688
15.7 -0.0122
15.71 -0.011182
15.72 -0.0095154
15.73 -0.0074573
15.74 -0.0053202
15.75 -0.0035099
15.76 -0.0018725
15.77 0.00011793
15.78 0.001541
15.79 0.0034189
15.8 0.0052925
15.81 0.0071807
15.82 0.0098568
15.83 0.01146
15.84 0.012944
15.85 0.01458
15.86 0.015541
15.87 0.015694
15.88 0.014811
15.89 0.014
15.9 0.01235
15.91 0.0098385
15.92 0.0078253
15.93 0.006246
15.94 0.005042
15.95 0.0041296
15.96 0.0037314
15.97 0.0045176
15.98 0.0053672
15.99 0.0060724
16 0.0062414
16.01 0.0067224
16.02 0.0060674
16.03 0.0042318
16.04 0.0024382
16.05 0.0002582
16.06 -0.0024564
16.07 -0.0044153
16.08 -0.005016
16.09 -0.0056348
16.1 -0.005278
16.11 -0.0044207
16.12 -0.0033859
16.13 -0.0020316
16.14 -0.0017304
16.15 -0.0016711
16.16 -0.0015353
16.17 -0.0014365
16.18 -0.0018759
16.19 -0.0029932
16.2 -0.0038561
16.21 -0.0042207
16.22 -0.0050227
16.23 -0.0051133
16.24 -0.0047285
16.25 -0.0035182
16.26 -0.0018626
16.27 -4.6895e-005
16.28 0.0012685
16.29 0.0022826
16.3 0.002702
16.31 0.0027253
16.32 0.0033465
16.33 0.0037009
16.34 0.004266
16.35 0.0059836
16.36 0.007736
16.37 0.0090428
16.38 0.010378
16.39 0.011147
16.4 0.011137
16.41 0.010715
16.42 0.010329
16.43 0.009768
16.44 0.0086953
16.45 0.0076436
16.46 0.0063089
16.47 0.0046239
16.48 0.0029174
16.49 0.00095906
16.5 -0.00033703
16.51 -0.0010257
16.52 -0.0014163
16.53 -0.00066213
16.54 -0.00014032
16.55 0.00087077
16.56 0.0019629
16.57 0.0025076
16.58 0.0030093
16.59 0.0030899
16.6 0.0027418
16.61 0.002014
16.62 0.00090757
16.63 -0.00046031
16.64 -0.0019215
16.65 -0.0033218
16.66 -0.0052366
16.67 -0.0069174
16.68 -0.0081117
16.69 -0.0089262
16.7 -0.0093595
16.71 -0.0096973
16.72 -0.0092749
16.73 -0.0081254
16.74 -0.0077739
16.75 -0.0075539
16.76 -0.0076135
16.77 -0.0080435
16.78 -0.0082456
16.79 -0.008434
16.8 -0.0090724
16.81 -0.0094066
16.82 -0.0095524
16.83 -0.0085336
16.84 -0.0078781
16.85 -0.0072462
16.86 -0.0055388
16.87 -0.0038483
16.88 -0.0023791
16.89 -0.0014427
16.9 -0.00037562
16.91 0.00051591
16.92 0.00059932
16.93 0.00059293
16.94 0.00070333
16.95 0.00073726
16.96 0.00077509
16.97 0.00076538
16.98 0.00081603
16.99 0.00081379
17 0.00088667
17.01 0.00068677
17.02 0.0003996
17.03 6.4154e-005
17.04 -0.00053397
17.05 -0.001464
17.06 -0.0019213
17.07 -0.0026847
17.08 -0.0033796
17.09 -0.0034871
17.1 -0.003652
17.11 -0.003216
17.12 -0.0021638
17.13 -0.00075083
17.14 0.00071753
17.15 0.002461
17.16 0.0043701
17.17 0.005891
17.18 0.0074196
17.19 0.0091816
17.2 0.010695
17.21 0.010866
17.22 0.010996
17.23 0.011212
17.24 0.010735
17.25 0.0093445
17.26 0.0083559
17.27 0.0072241
17.28 0.0054699
17.29 0.0040592
17.3 0.0029133
17.31 0.0020627
17.32 0.0015356
17.33 0.00077492
17.34 0.00090548
17.35 0.0016077
17.36 0.0021924
17.37 0.0026994
17.38 0.0034565
17.39 0.0045079
17.4 0.0044893
17.41 0.0042702
17.42 0.004121
17.43 0.0039508
17.44 0.0036797
17.45 0.0035707
17.46 0.002878
17.47 0.0020178
17.48 0.0007959
17.49 -0.00092037
17.5 -0.0023843
17.51 -0.0044253
17.52 -0.0068138
17.53 -0.0083426
17.54 -0.0097921
17.55 -0.011016
17.56 -0.011434
17.57 -0.011545
17.58 -0.010946
17.59 -0.0098281
17.6 -0.0083819
17.61 -0.0066149
17.62 -0.004954
17.63 -0.0033605
17.64 -0.0018378
17.65 -0.00033481
17.66 0.0010637
17.67 0.0022297
17.68 0.0022909
17.69 0.0028065
17.7 0.0030626
17.71 0.0022583
17.72 0.0020322
17.73 0.0020276
17.74 0.0019421
17.75 0.001828
17.76 0.0017793
17.77 0.0017161
17.78 0.0016574
17.79 0.0015771
17.8 0.0012604
17.81 0.00050705
17.82 -0.00015846
17.83 -0.00075655
17.84 -0.00076652
17.85 -0.0007969
17.86 -0.00011505
17.87 0.00040777
17.88 0.00041091
17.89 0.00074594
17.9 0.0012747
17.91 0.001435
17.92 0.0020526
17.93 0.002668
17.94 0.0032824
17.95 0.0038039
17.96 0.0043134
17.97 0.0042478
17.98 0.0039901
17.99 0.0038253
18 0.0030444
18.01 0.0022301
18.02 0.0011401
18.03 -0.00027303
18.04 -0.0021544
18.05 -0.0040398
18.06 -0.005394
18.07 -0.0065408
18.08 -0.0077244
18.09 -0.008425
18.1 -0.0088504
18.11 -0.0096094
18.12 -0.010062
18.13 -0.010499
18.14 -0.011137
18.15 -0.010957
18.16 -0.0109
18.17 -0.010427
18.18 -0.0095796
18.19 -0.0087662
18.2 -0.0076657
18.21 -0.006092
18.22 -0.0043904
18.23 -0.0022304
18.24 0.00061997
18.25 0.003447
18.26 0.0059938
18.27 0.0081429
18.28 0.0097734
18.29 0.011049
18.3 0.011336
18.31 0.010915
18.32 0.0099632
18.33 0.0083911
18.34 0.0067251
18.35 0.0048782
18.36 0.0030259
18.37 0.0020709
18.38 0.0013689
18.39 0.0016273
18.4 0.0025545
18.41 0.0035068
18.42 0.0048641
18.43 0.0062628
18.44 0.0067063
18.45 0.0071716
18.46 0.0070374
18.47 0.006681
18.48 0.0059955
18.49 0.0049938
18.5 0.0043438
18.51 0.0035175
18.52 0.0023361
18.53 0.0014825
18.54 0.00023064
18.55 -0.0012389
18.56 -0.002572
18.57 -0.00386
18.58 -0.0047363
18.59 -0.0051869
18.6 -0.0059652
18.61 -0.0065826
18.62 -0.0065457
18.63 -0.0055555
18.64 -0.0047988
18.65 -0.0038351
18.66 -0.0033793
18.67 -0.0032754
18.68 -0.0031042
18.69 -0.0029394
18.7 -0.0026842
18.71 -0.0017025
18.72 -0.0014341
18.73 -0.00087161
18.74 0.00067632
18.75 0.0020026
18.76 0.0033009
18.77 0.0046198
18.78 0.0058158
18.79 0.0069473
18.8 0.0071787
18.81 0.006854
18.82 0.0064471
18.83 0.0053241
18.84 0.003708
18.85 0.0017569
18.86 -0.0010159
18.87 -0.0041529
18.88 -0.0066155
18.89 -0.0084349
18.9 -0.010204
18.91 -0.011092
18.92 -0.011764
18.93 -0.011943
18.94 -0.011475
18.95 -0.011018
18.96 -0.010527
18.97 -0.0096001
18.98 -0.0078703
18.99 -0.0049474
19 -0.0018422
19.01 0.0010621
19.02 0.0033939
19.03 0.0053682
19.04 0.0073423
19.05 0.0089009
19.06 0.010089
19.07 0.010896
19.08 0.010766
19.09 0.010358
19.1 0.0096901
19.11 0.008203
19.12 0.0066054
19.13 0.0055733
19.14 0.0046817
19.15 0.0040113
19.16 0.003836
19.17 0.0037966
19.18 0.004456
19.19 0.0044866
19.2 0.0042013
19.21 0.0040667
19.22 0.0034055
19.23 0.0026687
19.24 0.0023864
19.25 0.0023247
19.26 0.001518
19.27 0.00084317
19.28 0.00081664
19.29 0.00061278
19.3 -0.00033472
19.31 -0.001127
19.32 -0.0014658
19.33 -0.0022086
19.34 -0.0027554
19.35 -0.0027922
19.36 -0.0021982
19.37 -0.00088426
19.38 0.00010125
19.39 0.0007956
19.4 0.0017102
19.41 0.0017578
19.42 0.0016091
19.43 0.0014545
19.44 0.00030503
19.45 -0.001498
19.46 -0.0022052
19.47 -0.0037006
19.48 -0.0060407
19.49 -0.0082594
19.5 -0.010058
19.51 -0.01116
19.52 -0.011936
19.53 -0.011911
19.54 -0.01137
19.55 -0.010166
19.56 -0.0091425
19.57 -0.0076529
19.58 -0.0058545
19.59 -0.004232
19.6 -0.0025984
19.61 -0.0011077
19.62 0.00050651
19.63 0.001246
19.64 0.0020089
19.65 0.0026446
19.66 0.0034161
19.67 0.0033406
19.68 0.0025598
19.69 0.0018363
19.7 0.00070529
19.71 -0.0012161
19.72 -0.0028818
19.73 -0.0035178
19.74 -0.0040296
19.75 -0.0045877
19.76 -0.0050071
19.77 -0.0049453
19.78 -0.0046656
19.79 -0.0044815
19.8 -0.0042256
19.81 -0.0039009
19.82 -0.0029444
19.83 -0.0020554
19.84 -0.0012821
19.85 -0.00041421
19.86 0.00032813
19.87 0.0012381
19.88 0.0015904
19.89 0.0019339
19.9 0.0027382
19.91 0.0031047
19.92 0.003724
19.93 0.0043319
19.94 0.0051087
19.95 0.0058357
19.96 0.0063263
19.97 0.0074202
19.98 0.0078499
19.99 0.0085223
20 0.0094211
20.01 0.0091227
20.02 0.0094423
20.03 0.0096935
20.04 0.0092661
20.05 0.0088864
20.06 0.0085933
20.07 0.0079632
20.08 0.0065838
20.09 0.0049221
20.1 0.0034006
20.11 0.0018691
20.12 0.00043613
20.13 -0.00099227
20.14 -0.002348
20.15 -0.0032166
20.16 -0.003808
20.17 -0.0042374
20.18 -0.0041596
20.19 -0.0039665
20.2 -0.0030369
20.21 -0.0016611
20.22 -0.0014381
20.23 -0.0010049
20.24 -0.00014807
20.25 -0.0005292
20.26 -0.0012613
20.27 -0.0019268
20.28 -0.0032368
20.29 -0.0046529
20.3 -0.0051938
20.31 -0.0053028
20.32 -0.0056168
20.33 -0.0060321
20.34 -0.0057617
20.35 -0.0055295
20.36 -0.0046305
20.37 -0.0037824
20.38 -0.0027727
20.39 -0.0014849
20.4 0.00021242
20.41 0.0021979
20.42 0.0041952
20.43 0.0056357
20.44 0.0066213
20.45 0.0071819
20.46 0.0076114
20.47 0.0076278
20.48 0.0068457
20.49 0.0058638
20.5 0.0049807
20.51 0.003807
20.52 0.0022695
20.53 0.00087127
20.54 -0.00055034
20.55 -0.0019058
20.56 -0.0032265
20.57 -0.004208
20.58 -0.0044064
20.59 -0.004233
20.6 -0.0041248
20.61 -0.0038052
20.62 -0.0029803
20.63 -0.0024797
20.64 -0.0016411
20.65 -0.00045771
20.66 0.00057355
20.67 0.0016165
20.68 0.0025295
20.69 0.0031606
20.7 0.003225
20.71 0.0031948
20.72 0.002627
20.73 0.0018151
20.74 0.0016526
20.75 0.0016736
20.76 0.0014825
20.77 0.0014808
20.78 0.0013084
20.79 0.0018939
20.8 0.0023825
20.81 0.0022352
20.82 0.0023315
20.83 0.0031456
20.84 0.0030742
20.85 0.0034913
20.86 0.0039411
20.87 0.0036465
20.88 0.0027895
20.89 0.001419
20.9 -3.2686e-005
20.91 -0.0014036
20.92 -0.0027527
20.93 -0.0035634
20.94 -0.0041773
20.95 -0.0043496
20.96 -0.003629
20.97 -0.0031589
20.98 -0.0030468
20.99 -0.0020643
21 -0.0017913
21.01 -0.0013204
21.02 -0.00056733
21.03 -0.00055568
21.04 -0.00042777
21.05 0.00042797
21.06 0.00061949
21.07 0.00049864
21.08 0.00015458
21.09 -0.00055759
21.1 -0.001179
21.11 -0.0020294
21.12 -0.0030203
21.13 -0.0036893
21.14 -0.0038389
21.15 -0.003614
21.16 -0.0026845
21.17 -0.0023919
21.18 -0.0018947
21.19 -0.0010684
21.2 -0.00099377
21.21 -0.00065559
21.22 -0.00075004
21.23 -0.00022229
21.24 0.00024458
21.25 0.000856
21.26 0.0017614
21.27 0.0022417
21.28 0.0023138
21.29 0.0022056
21.3 0.0021575
21.31 0.0020042
21.32 0.0015376
21.33 0.00078667
21.34 0.00069598
21.35 0.00038877
21.36 3.2436e-006
21.37 -0.00069405
21.38 -0.0016212
21.39 -0.002344
21.4 -0.0034824
21.41 -0.0047974
21.42 -0.0058953
21.43 -0.0070233
21.44 -0.0076621
21.45 -0.0075424
21.46 -0.0072413
21.47 -0.0070109
21.48 -0.0061991
21.49 -0.0045732
21.5 -0.0030731
21.51 -0.0020647
21.52 -0.0011435
21.53 0.00034328
21.54 0.0011397
21.55 0.0018119
21.56 0.0023379
21.57 0.0023337
21.58 0.0028877
21.59 0.0032798
21.6 0.0031959
21.61 0.0030508
21.62 0.0025376
21.63 0.0018712
21.64 0.0017433
21.65 0.0016822
21.66 0.0013184
21.67 0.00060939
21.68 0.00038424
21.69 -0.00022773
21.7 -0.0014889
21.71 -0.0025855
21.72 -0.0027854
21.73 -0.0033801
21.74 -0.0036283
21.75 -0.0026345
21.76 -0.0021854
21.77 -0.002271
21.78 -0.0014075
21.79 -0.00065529
21.8 0.00014006
21.81 0.00073358
21.82 0.0019093
21.83 0.0027908
21.84 0.0033043
21.85 0.0045656
21.86 0.004841
21.87 0.0048934
21.88 0.0055589
21.89 0.0055256
21.9 0.0052464
21.91 0.0051052
21.92 0.0048437
21.93 0.0041207
21.94 0.0034277
21.95 0.0030424
21.96 0.0022117
21.97 0.001453
21.98 0.00075869
21.99 0.00090971
22 0.0015738
22.01 0.0021542
22.02 0.0026477
22.03 0.0034203
22.04 0.0046862
22.05 0.0055199
22.06 0.0058102
22.07 0.0063189
22.08 0.0057655
22.09 0.0051287
22.1 0.0041594
22.11 0.0033442
22.12 0.0022769
22.13 0.0010229
22.14 0.00031307
22.15 0.00022934
22.16 0.00013876
22.17 1.1628e-005
22.18 -2.4701e-005
22.19 -9.1957e-005
22.2 -0.0004888
22.21 -0.0011808
22.22 -0.0015416
22.23 -0.0023173
22.24 -0.0027712
22.25 -0.0032282
22.26 -0.0042121
22.27 -0.0050615
22.28 -0.0060386
22.29 -0.0071633
22.3 -0.0082396
22.31 -0.0088434
22.32 -0.0094635
22.33 -0.0099035
22.34 -0.010569
22.35 -0.010704
22.36 -0.011075
22.37 -0.010836
22.38 -0.01032
22.39 -0.0092695
22.4 -0.0083576
22.41 -0.0078527
22.42 -0.0066081
22.43 -0.0061571
22.44 -0.0053497
22.45 -0.0043756
22.46 -0.0040173
22.47 -0.0030301
22.48 -0.0021579
22.49 -0.0013329
22.5 -0.00053801
22.51 0.00087272
22.52 0.0015402
22.53 0.0025635
22.54 0.0036239
22.55 0.0041868
22.56 0.0047517
22.57 0.0054116
22.58 0.0058187
22.59 0.0060899
22.6 0.0065162
22.61 0.0063703
22.62 0.006175
22.63 0.0059845
22.64 0.0057908
22.65 0.0057149
22.66 0.0059478
22.67 0.0058039
22.68 0.0052836
22.69 0.0044274
22.7 0.0036985
22.71 0.0031565
22.72 0.0022478
22.73 0.002024
22.74 0.0013801
22.75 0.00072077
22.76 0.0006125
22.77 -0.00026562
22.78 -0.00063888
22.79 -0.001178
22.8 -0.0018298
22.81 -0.0028416
22.82 -0.0034275
22.83 -0.003724
22.84 -0.0043124
22.85 -0.0043035
22.86 -0.0033205
22.87 -0.0027178
22.88 -0.0026574
22.89 -0.0024758
22.9 -0.0022673
22.91 -0.0021684
22.92 -0.0019523
22.93 -0.0010842
22.94 -0.00028506
22.95 0.00038088
22.96 0.001177
22.97 0.0017898
22.98 0.0026165
22.99 0.0028917
23 0.0028265
23.01 0.0027676
23.02 0.0027438
23.03 0.0026591
23.04 0.0025412
23.05 0.0020723
23.06 0.0017473
23.07 0.0013628
23.08 0.0012804
23.09 0.0012268
23.1 0.00038432
23.11 0.00030932
23.12 0.0011987
23.13 0.00178
23.14 0.0023402
23.15 0.0023793
23.16 0.0031594
23.17 0.0033769
23.18 0.0029981
23.19 0.0019936
23.2 0.00063924
23.21 -0.00028238
23.22 -0.00088978
23.23 -0.0015695
23.24 -0.0021868
23.25 -0.0027622
23.26 -0.0032737
23.27 -0.0033731
23.28 -0.0031583
23.29 -0.003074
23.3 -0.0025829
23.31 -0.0018245
23.32 -0.0014407
23.33 -0.0012024
23.34 -0.00018836
23.35 -9.3108e-006
23.36 0.00066686
23.37 0.002092
23.38 0.0032526
23.39 0.0036433
23.4 0.0047625
23.41 0.0055243
23.42 0.0053449
23.43 0.0059301
23.44 0.0062072
23.45 0.0058197
23.46 0.0057254
23.47 0.0048332
23.48 0.0040504
23.49 0.0030829
23.5 0.0028049
23.51 0.0032012
23.52 0.002927
23.53 0.0020505
23.54 0.001655
23.55 0.0012621
23.56 0.00081483
23.57 0.00039298
23.58 2.6233e-005
23.59 -0.00033051
23.6 -0.00038134
23.61 -0.00080496
23.62 -0.0009346
23.63 -0.00111
23.64 -0.0014724
23.65 -0.0014492
23.66 -0.0014653
23.67 -0.0018419
23.68 -0.002118
23.69 -0.0023815
23.7 -0.0026622
23.71 -0.0028082
23.72 -0.0023376
23.73 -0.0018103
23.74 -0.00085473
23.75 -6.5258e-005
23.76 0.00059068
23.77 0.0012651
23.78 0.0018967
23.79 0.0023658
23.8 0.0025714
23.81 0.0027829
23.82 0.0030305
23.83 0.0032086
23.84 0.0035057
23.85 0.0039415
23.86 0.0038055
23.87 0.0038617
23.88 0.0037101
23.89 0.002874
23.9 0.0024581
23.91 0.0019369
23.92 0.0016935
23.93 0.0015772
23.94 0.001465
23.95 0.0013033
23.96 0.0012334
23.97 0.0010617
23.98 0.0012621
23.99 0.0011796
24 0.0011343
24.01 0.0012762
24.02 0.0010784
24.03 0.00036381
24.04 -0.00036537
24.05 -0.0011137
24.06 -0.001469
24.07 -0.0022776
24.08 -0.0027507
24.09 -0.0032534
24.1 -0.003654
24.11 -0.0038923
24.12 -0.0041303
24.13 -0.0040199
24.14 -0.0039194
24.15 -0.0038626
24.16 -0.003743
24.17 -0.00393
24.18 -0.0041271
24.19 -0.0044509
24.2 -0.0050445
24.21 -0.0053605
24.22 -0.0051891
24.23 -0.0053378
24.24 -0.0051323
24.25 -0.0046725
24.26 -0.0044374
24.27 -0.0038537
24.28 -0.0039191
24.29 -0.0041152
24.3 -0.004335
24.31 -0.0047838
24.32 -0.0047316
24.33 -0.0045446
24.34 -0.0040921
24.35 -0.0035775
24.36 -0.0030599
24.37 -0.0025297
24.38 -0.0014809
24.39 -0.00077364
24.4 -0.00048792
24.41 0.00026188
24.42 0.00094091
24.43 0.0012012
24.44 0.0016856
24.45 0.002407
24.46 0.0029742
24.47 0.0032257
24.48 0.0034948
24.49 0.0041583
24.5 0.0046163
24.51 0.0051789
24.52 0.0056084
24.53 0.0064493
24.54 0.0067362
24.55 0.0068166
24.56 0.0066799
24.57 0.0064011
24.58 0.0061197
24.59 0.0055016
24.6 0.0045119
24.61 0.0036873
24.62 0.002591
24.63 0.001644
24.64 0.0011184
24.65 0.00037144
24.66 -0.00039271
24.67 -0.00051259
24.68 -0.00077104
24.69 -0.0011834
24.7 -0.0015372
24.71 -0.0017428
24.72 -0.0017261
24.73 -0.0017134
24.74 -0.0016991
24.75 -0.0019608
24.76 -0.002633
24.77 -0.0032356
24.78 -0.0038077
24.79 -0.0045517
24.8 -0.0055124
24.81 -0.0060165
24.82 -0.0064584
24.83 -0.0065242
24.84 -0.0067343
24.85 -0.0063956
24.86 -0.0060074
24.87 -0.0061055
24.88 -0.005539
24.89 -0.005447
24.9 -0.0054834
24.91 -0.0051139
24.92 -0.0052161
24.93 -0.0049554
24.94 -0.0048666
24.95 -0.0048374
24.96 -0.0045847
24.97 -0.0043464
24.98 -0.0041429
24.99 -0.0039258
25 -0.0035553
25.01 -0.0025459
25.02 -0.0021492
25.03 -0.0018635
25.04 -0.00099195
25.05 -0.00050687
25.06 0.00030063
25.07 0.0010409
25.08 0.0017411
25.09 0.0024785
25.1 0.0030159
25.11 0.0030015
25.12 0.0029017
25.13 0.003265
25.14 0.0039392
25.15 0.003906
25.16 0.0037403
25.17 0.0037948
25.18 0.0042675
25.19 0.0046932
25.2 0.0045164
25.21 0.0044067
25.22 0.0043416
25.23 0.0047474
25.24 0.0050971
25.25 0.0049914
25.26 0.0047866
25.27 0.0046994
25.28 0.0044928
25.29 0.0043928
25.3 0.0039772
25.31 0.003498
25.32 0.0029945
25.33 0.0026637
25.34 0.0025479
25.35 0.0023043
25.36 0.0017495
25.37 0.0017
25.38 0.0012861
25.39 0.0013069
25.4 0.0010485
25.41 0.00067118
25.42 5.7907e-005
25.43 -0.00032005
25.44 -0.00027928
25.45 -0.0003119
25.46 -0.00017715
25.47 0.00042917
25.48 0.00083087
25.49 0.00078223
25.5 0.0011632
25.51 0.001353
25.52 0.0012164
25.53 0.0014346
25.54 0.001687
25.55 0.0016087
25.56 0.0015055
25.57 0.0014874
25.58 0.0013685
25.59 0.0016058
25.6 0.0014761
25.61 0.00068789
25.62 -2.8168e-005
25.63 -0.00069878
25.64 -0.0013776
25.65 -0.001742
25.66 -0.0017435
25.67 -0.0020835
25.68 -0.0023679
25.69 -0.0025886
25.7 -0.0028667
25.71 -0.0030427
25.72 -0.0029474
25.73 -0.0028145
25.74 -0.0027505
25.75 -0.002608
25.76 -0.0025217
25.77 -0.0020477
25.78 -0.0016589
25.79 -0.0012264
25.8 -0.0010332
25.81 -0.0010213
25.82 -0.00092184
25.83 -0.00090994
25.84 -0.00071027
25.85 -0.00016294
25.86 0.00087036
25.87 0.0015029
25.88 0.0021942
25.89 0.0026541
25.9 0.0030834
25.91 0.0035
25.92 0.003638
25.93 0.0041572
25.94 0.004257
25.95 0.00407
25.96 0.0038876
25.97 0.0039974
25.98 0.0041298
25.99 0.0043165
26 0.0042717
26.01 0.0036798
26.02 0.0031747
26.03 0.002748
26.04 0.002198
26.05 0.0017541
26.06 0.0012414
26.07 0.0008483
26.08 0.00020998
26.09 -0.00030924
26.1 -0.0003249
26.11 -0.00078039
26.12 -0.0009855
26.13 -0.00098426
26.14 -0.00096263
26.15 -0.0013205
26.16 -0.0016099
26.17 -0.0019611
26.18 -0.0022031
26.19 -0.0027812
26.2 -0.0031365
26.21 -0.0037286
26.22 -0.0042047
26.23 -0.0045007
26.24 -0.004968
26.25 -0.0050542
26.26 -0.0055618
26.27 -0.0056921
26.28 -0.0062543
26.29 -0.0065107
26.3 -0.0065904
26.31 -0.0064248
26.32 -0.0061526
26.33 -0.0058839
26.34 -0.0051356
26.35 -0.0043547
26.36 -0.0041103
26.37 -0.0039242
26.38 -0.0036972
26.39 -0.0035255
26.4 -0.0031076
26.41 -0.0021399
26.42 -0.0016204
26.43 -0.00094083
26.44 -9.5211e-005
26.45 0.00061803
26.46 0.0013289
26.47 0.0019983
26.48 0.0026851
26.49 0.0029623
26.5 0.002888
26.51 0.0028551
26.52 0.0026426
26.53 0.0021911
26.54 0.0018129
26.55 0.001147
26.56 0.00079299
26.57 0.00048549
26.58 0.00013583
26.59 -0.00017675
26.6 -0.00052908
26.61 -0.0011081
26.62 -0.0016726
26.63 -0.0016879
26.64 -0.0015857
26.65 -0.001498
26.66 -0.0012073
26.67 -0.0006153
26.68 -9.916e-005
26.69 0.00062882
26.7 0.0013108
26.71 0.0020183
26.72 0.0023142
26.73 0.0026736
26.74 0.0029291
26.75 0.0032245
26.76 0.0032194
26.77 0.0031085
26.78 0.0030443
26.79 0.0030305
26.8 0.0033453
26.81 0.0033916
26.82 0.00322
26.83 0.0031707
26.84 0.0030846
26.85 0.0033876
26.86 0.003415
26.87 0.0032795
26.88 0.0031543
26.89 0.0030589
26.9 0.0025632
26.91 0.0021711
26.92 0.0017228
26.93 0.0015504
26.94 0.0015017
26.95 0.0014031
26.96 0.00093383
26.97 0.00028673
26.98 0.00016239
26.99 0.00019689
27 0.00014777
27.01 0.00014342
27.02 0.00018569
27.03 0.00057812
27.04 0.00064574
27.05 0.00084432
27.06 0.00117
27.07 0.0011344
27.08 0.0010922
27.09 0.00093483
27.1 0.00048679
27.11 0.00014225
27.12 -0.00016792
27.13 -0.00019343
27.14 -0.00020314
27.15 -0.00021069
27.16 -0.00020924
27.17 -0.0001876
27.18 -0.00019406
27.19 0.00015553
27.2 0.00043039
27.21 0.00078043
27.22 0.000855
27.23 0.00079337
27.24 0.0011172
27.25 0.0016948
27.26 0.0019646
27.27 0.0026919
27.28 0.0027618
27.29 0.0031239
27.3 0.0036713
27.31 0.0034152
27.32 0.0033773
27.33 0.0037806
27.34 0.0041257
27.35 0.0035327
27.36 0.0030641
27.37 0.0025523
27.38 0.0021598
27.39 0.0013905
27.4 0.00083006
27.41 0.00042565
27.42 -0.00033008
27.43 -0.001109
27.44 -0.0017795
27.45 -0.0022803
27.46 -0.0025286
27.47 -0.0031699
27.48 -0.0034528
27.49 -0.0041603
27.5 -0.0045299
27.51 -0.0046965
27.52 -0.0046725
27.53 -0.0045036
27.54 -0.0048214
27.55 -0.0052852
27.56 -0.0052344
27.57 -0.0049812
27.58 -0.0048807
27.59 -0.0046866
27.6 -0.0045437
27.61 -0.004335
27.62 -0.0042282
27.63 -0.0040025
27.64 -0.0039071
27.65 -0.0030077
27.66 -0.0023357
27.67 -0.0017271
27.68 -0.0011849
27.69 -0.00050807
27.7 0.00015206
27.71 0.00056933
27.72 0.0012517
27.73 0.0019166
27.74 0.002323
27.75 0.0025443
27.76 0.0031022
27.77 0.0032496
27.78 0.0031844
27.79 0.0034879
27.8 0.0034537
27.81 0.003274
27.82 0.0027843
27.83 0.001937
27.84 0.0012009
27.85 0.00045433
27.86 -0.00027694
27.87 -0.00097684
27.88 -0.0016733
27.89 -0.0022187
27.9 -0.0024449
27.91 -0.0027305
27.92 -0.0030081
27.93 -0.0032192
27.94 -0.0031138
27.95 -0.0030002
27.96 -0.002903
27.97 -0.0027749
27.98 -0.0026585
27.99 -0.0025595
28 -0.0024496
28.01 -0.0023572
28.02 -0.002245
28.03 -0.0021663
28.04 -0.0020389
28.05 -0.001874
28.06 -0.0009959
28.07 -0.00059339
28.08 -0.00049222
28.09 9.9844e-007
28.1 -0.0002347
28.11 -0.00049652
28.12 -0.00042862
28.13 -0.00037606
28.14 -0.00038441
28.15 -0.00033551
28.16 -0.00031149
28.17 -0.0002494
28.18 -0.00022065
28.19 -0.00031612
28.2 -0.00093399
28.21 -0.0012608
28.22 -0.0015309
28.23 -0.002088
28.24 -0.0021732
28.25 -0.002011
28.26 -0.0017544
28.27 -0.0010018
28.28 -0.00062774
28.29 -0.00049723
28.3 5.173e-005
28.31 0.00086722
28.32 0.0014711
28.33 0.0024837
28.34 0.0030417
28.35 0.00371
28.36 0.0040721
28.37 0.0045204
28.38 0.0048452
28.39 0.0046563
28.4 0.004127
28.41 0.0036996
28.42 0.0030837
28.43 0.0024433
28.44 0.002097
28.45 0.0013042
28.46 0.00096156
28.47 0.00053549
28.48 0.00038935
28.49 0.00016109
28.5 -0.00021625
28.51 -0.00057854
28.52 -0.00072689
28.53 -0.0002903
28.54 4.5745e-005
28.55 0.00015374
28.56 -0.00013555
28.57 0.0002205
28.58 0.00051701
28.59 0.00042618
28.6 0.00043021
28.61 0.00042996
28.62 0.00042268
28.63 0.00039308
28.64 0.00038456
28.65 0.00037943
28.66 0.00037015
28.67 0.00059944
28.68 0.00089611
28.69 0.00084189
28.7 0.00074075
28.71 0.00021106
28.72 -0.00048642
28.73 -0.00089012
28.74 -0.00088268
28.75 -0.0012716
28.76 -0.0018662
28.77 -0.0018854
28.78 -0.0017746
28.79 -0.0017221
28.8 -0.0020025
28.81 -0.0021722
28.82 -0.0021317
28.83 -0.0024728
28.84 -0.0024358
28.85 -0.0023034
28.86 -0.0021996
28.87 -0.0020621
28.88 -0.0013979
28.89 -0.00078312
28.9 -0.00065732
28.91 -0.00063621
28.92 0.00017625
28.93 0.0007538
28.94 0.0011481
28.95 0.0021075
28.96 0.0028323
28.97 0.0028127
28.98 0.0027822
28.99 0.0035724
29 0.0037349
29.01 0.0034906
29.02 0.0034262
29.03 0.0030032
29.04 0.002596
29.05 0.0025408
29.06 0.0024081
29.07 0.0023336
29.08 0.0019407
29.09 0.0015629
29.1 0.0010416
29.11 0.00040851
29.12 0.00025848
29.13 0.0002859
29.14 -7.0967e-005
29.15 -0.00035384
29.16 -0.00032666
29.17 -0.00044207
29.18 -0.00085514
29.19 -0.00088175
29.2 -0.00081462
29.21 -0.00081532
29.22 -0.00080624
29.23 -0.00074211
29.24 -0.00093112
29.25 -0.0012557
29.26 -0.0015614
29.27 -0.0017713
29.28 -0.0016812
29.29 -0.0017595
29.3 -0.0022971
29.31 -0.0026148
29.32 -0.0024692
29.33 -0.0028138
29.34 -0.0033137
29.35 -0.0032744
29.36 -0.0030793
29.37 -0.0029997
29.38 -0.0028452
29.39 -0.002723
29.4 -0.0025511
29.41 -0.0024418
29.42 -0.0022588
29.43 -0.0021768
29.44 -0.0013587
29.45 -0.00071305
29.46 -0.00019561
29.47 0.00041429
29.48 0.0005103
29.49 0.00084106
29.5 0.0015273
29.51 0.0017336
29.52 0.0016489
29.53 0.0017039
29.54 0.0016433
29.55 0.0022643
29.56 0.0027416
29.57 0.002681
29.58 0.0031957
29.59 0.0036279
29.6 0.0035072
29.61 0.0033853
29.62 0.0033494
29.63 0.003739
29.64 0.0041413
29.65 0.0040309
29.66 0.0039011
29.67 0.0037736
29.68 0.003644
29.69 0.0034662
29.7 0.0033605
29.71 0.0029895
29.72 0.0025419
29.73 0.0024034
29.74 0.0022769
29.75 0.0017392
29.76 0.0013638
29.77 0.00071838
29.78 0.00025624
29.79 0.0002411
29.8 0.00018574
29.81 0.00014061
29.82 0.00010395
29.83 -9.0643e-005
29.84 -0.00076981
29.85 -0.00075933
29.86 -0.00045252
29.87 -0.00049712
29.88 -0.00068372
29.89 -0.001055
29.9 -0.0010804
29.91 -0.00069536
29.92 -5.4707e-005
29.93 6.8324e-005
29.94 0.00031795
29.95 0.0010995
29.96 0.0011809
29.97 0.0010402
29.98 0.0014113
29.99 0.0015256
30 0.0015297
30.01 0.0018348
30.02 0.0018199
30.03 0.0016647
30.04 0.0016027
30.05 0.0014864
30.06 0.001408
30.07 0.0012735
30.08 0.0012187
30.09 0.00076681
30.1 0.0003788
30.11 3.3621e-008
30.12 -0.00038168
30.13 -0.00077222
30.14 -0.0011525
30.15 -0.0014459
30.16 -0.0018531
30.17 -0.002435
30.18 -0.0025397
30.19 -0.0024459
30.2 -0.0024355
30.21 -0.0023812
30.22 -0.0023265
30.23 -0.0022613
30.24 -0.0022182
30.25 -0.0021568
30.26 -0.0021119
30.27 -0.0020526
30.28 -0.0020095
30.29 -0.0019519
30.3 -0.0019095
30.31 -0.0018552
30.32 -0.0018106
30.33 -0.0017493
30.34 -0.0013161
30.35 -0.00065404
30.36 -0.00046578
30.37 0.00015806
30.38 0.00059434
30.39 0.0011736
30.4 0.0016766
30.41 0.0015585
30.42 0.0014849
30.43 0.001423
30.44 0.0013456
30.45 0.0012366
30.46 0.0011451
30.47 0.00060017
30.48 -2.9464e-005
30.49 -0.00030282
30.5 -0.00095963
30.51 -0.0014022
30.52 -0.0016842
30.53 -0.0023161
30.54 -0.0025304
30.55 -0.0030243
30.56 -0.0034259
30.57 -0.003338
30.58 -0.0032204
30.59 -0.0031562
30.6 -0.0030358
30.61 -0.0029455
30.62 -0.0028104
30.63 -0.0027353
30.64 -0.0019253
30.65 -0.001343
30.66 -0.0011575
30.67 -0.00027117
30.68 -8.8212e-005
30.69 -0.00015699
30.7 -0.00011686
30.71 -8.5028e-005
30.72 -0.00013373
30.73 9.3528e-005
30.74 0.00044768
30.75 0.00073838
30.76 0.00060733
30.77 0.00044445
30.78 0.00070823
30.79 0.00058818
30.8 0.00080349
30.81 0.00082852
30.82 0.00075535
30.83 0.0007323
30.84 0.00069514
30.85 0.00065479
30.86 0.00061498
30.87 0.00057812
30.88 0.00054436
30.89 0.0005051
30.9 0.00047656
30.91 0.00043571
30.92 0.00042609
30.93 0.00039559
30.94 0.0003777
30.95 0.00032698
30.96 0.00032556
30.97 0.0002603
30.98 0.00022735
30.99 -0.00054269
31 -0.0010357
31.01 -0.0015063
31.02 -0.0020082
31.03 -0.0021475
31.04 -0.0025418
31.05 -0.0029279
31.06 -0.0034618
31.07 -0.0038171
31.08 -0.0037467
31.09 -0.0035759
31.1 -0.0038521
31.11 -0.0043145
31.12 -0.0043028
31.13 -0.0040517
31.14 -0.0039509
31.15 -0.0037419
31.16 -0.0035208
31.17 -0.0025365
31.18 -0.0020693
31.19 -0.0020292
31.2 -0.0018731
31.21 -0.0017251
31.22 -0.0016324
31.23 -0.0015195
31.24 -0.0014287
31.25 -0.0012949
31.26 -0.0012153
31.27 -0.00042599
31.28 0.00015122
31.29 0.0003263
31.3 0.0012336
31.31 0.001388
31.32 0.0019283
31.33 0.0025476
31.34 0.0025901
31.35 0.0033594
31.36 0.0035227
31.37 0.0033544
31.38 0.0033284
31.39 0.0036597
31.4 0.0041875
31.41 0.0039491
31.42 0.0036898
31.43 0.0033433
31.44 0.0026624
31.45 0.0029246
31.46 0.0026245
31.47 0.0023317
31.48 0.0020924
31.49 0.0013536
31.5 0.00063521
31.51 8.8129e-005
31.52 -0.00016967
31.53 -0.00069559
31.54 -0.0013904
31.55 -0.0016556
31.56 -0.0019411
31.57 -0.0020997
31.58 -0.0019587
31.59 -0.0018635
31.6 -0.0017524
31.61 -0.0016332
31.62 -0.0010865
31.63 -0.00037801
31.64 -0.00017978
31.65 -0.00020525
31.66 0.00046084
31.67 0.0011239
31.68 0.0011703
31.69 0.0019907
31.7 0.0020662
31.71 0.001808
31.72 0.0021129
31.73 0.0020913
31.74 0.0020088
31.75 0.0019654
31.76 0.0019357
31.77 0.0018726
31.78 0.0018324
31.79 0.0017789
31.8 0.0016675
31.81 0.0010795
31.82 0.000585
31.83 0.00029394
31.84 -0.0003315
31.85 -0.00052185
31.86 -0.00045709
31.87 -0.00039673
31.88 -0.00063137
31.89 -0.00090076
31.9 -0.0011583
31.91 -0.0013246
31.92 -0.001209
31.93 -0.0011442
31.94 -0.00083222
31.95 -0.00013132
31.96 0.00021618
31.97 0.0006625
31.98 0.0012971
31.99 0.0013483
32 0.0015381
32.01 0.0021494
32.02 0.0023631
32.03 0.0022417
32.04 0.0021872
32.05 0.0025279
32.06 0.003133
32.07 0.0030311
32.08 0.0036525
32.09 0.0039072
32.1 0.0037882
32.11 0.0042222
32.12 0.004414
32.13 0.0041778
32.14 0.0039821
32.15 0.0038155
32.16 0.0036138
32.17 0.0034172
32.18 0.0032295
32.19 0.0030098
32.2 0.002379
32.21 0.00173
32.22 0.0015825
32.23 0.001178
32.24 0.00045376
32.25 0.00017198
32.26 0.00019138
32.27 5.4184e-005
32.28 3.4669e-005
32.29 -0.00059678
32.3 -0.0010758
32.31 -0.0010236
32.32 -0.0010309
32.33 -0.0010695
32.34 -0.0010564
32.35 -0.001049
32.36 -0.0010408
32.37 -0.0010445
32.38 -0.0010301
32.39 -0.0010341
32.4 -0.0010178
32.41 -0.0010195
32.42 -0.0010839
32.43 -0.0015856
32.44 -0.0019126
32.45 -0.0018642
32.46 -0.0018394
32.47 -0.0021182
32.48 -0.0022995
32.49 -0.0024808
32.5 -0.0026644
32.51 -0.0030675
32.52 -0.0031566
32.53 -0.002958
32.54 -0.0028674
32.55 -0.0027204
32.56 -0.0028404
32.57 -0.0028896
32.58 -0.0024173
32.59 -0.0021353
32.6 -0.0020881
32.61 -0.0019285
32.62 -0.0018222
32.63 -0.0017034
32.64 -0.0014618
32.65 -0.00071405
32.66 -0.00058687
32.67 -0.00012313
32.68 0.00036978
32.69 0.00033618
32.7 0.00034115
32.71 0.00036192
32.72 0.00055055
32.73 0.0010085
32.74 0.0011574
32.75 0.0010838
32.76 0.001075
32.77 0.0010437
32.78 0.00098924
32.79 0.00093535
32.8 0.0010008
32.81 0.0015
32.82 0.0015804
32.83 0.0014234
32.84 0.0013954
32.85 0.0013077
32.86 0.0012509
32.87 0.0011544
32.88 0.0010975
32.89 0.0010051
32.9 0.00095224
32.91 0.00082367
32.92 0.00044259
32.93 3.079e-005
32.94 -0.00013214
32.95 -0.00057841
32.96 -0.0007755
32.97 -0.0012358
32.98 -0.0014478
32.99 -0.0017267
33 -0.0018955
33.01 -0.0017912
33.02 -0.0017223
33.03 -0.0019435
33.04 -0.0020409
33.05 -0.0015628
33.06 -0.0012407
33.07 -0.0011995
33.08 -0.0011016
33.09 -0.00091351
33.1 -0.00071835
33.11 -0.00085705
33.12 -0.00039773
33.13 -5.7644e-005
33.14 -7.3985e-005
33.15 -5.4108e-005
33.16 1.6708e-005
33.17 2.229e-005
33.18 0.00042992
33.19 0.00067164
33.2 0.0006036
33.21 0.00060246
33.22 0.00060033
33.23 0.00057756
33.24 0.00054689
33.25 0.00063147
33.26 0.0010251
33.27 0.00092455
33.28 0.00081734
33.29 0.00076656
33.3 0.00041774
33.31 0.00033839
33.32 0.00033001
33.33 0.00031403
33.34 0.00027991
33.35 0.00028111
33.36 0.00026246
33.37 0.00024582
33.38 0.00041025
33.39 0.00071118
33.4 0.00066889
33.41 0.00093378
33.42 0.0010399
33.43 0.000917
33.44 0.0010607
33.45 0.0012618
33.46 0.001163
33.47 0.0013704
33.48 0.0013613
33.49 0.001224
33.5 0.0009056
33.51 0.00059371
33.52 0.00052765
33.53 0.00044877
33.54 0.00035241
33.55 0.0002962
33.56 3.332e-005
33.57 -0.00021464
33.58 -0.00021662
33.59 -0.00026167
33.6 -0.00028504
33.61 -0.00040114
33.62 -0.00049102
33.63 -0.00048391
33.64 -0.00037067
33.65 -0.00037324
33.66 -0.00032405
33.67 -0.00024873
33.68 -0.00017306
33.69 -0.00019696
33.7 -0.0004368
33.71 -0.00051576
33.72 -0.00042008
33.73 -0.00045262
33.74 -0.00042727
33.75 -0.00029651
33.76 -0.00032926
33.77 -0.00049634
33.78 -0.00057341
33.79 -0.00056512
33.8 -0.00058244
33.81 -0.00069304
33.82 -0.00076713
33.83 -0.00073969
33.84 -0.00071785
33.85 -0.00071109
33.86 -0.00074854
33.87 -0.00076643
33.88 -0.00078588
33.89 -0.00075576
33.9 -0.00071153
33.91 -0.00067551
33.92 -0.00063399
33.93 -0.00060055
33.94 -0.00056201
33.95 -0.00057245
33.96 -0.00056138
33.97 -0.0005314
33.98 -0.00054294
33.99 -0.0005112
34 -0.00046388
34.01 -0.00042796
34.02 -0.00038876
34.03 -0.00035302
34.04 -0.00031469
34.05 -0.00028134
34.06 -0.00021702
34.07 -0.00013872
34.08 -0.00010516
34.09 -9.3936e-005
34.1 -7.1254e-005
34.11 -7.8668e-005
34.12 -5.5019e-005
34.13 -2.5144e-005
34.14 -1.5024e-005
34.15 -1.6966e-006
34.16 1.0734e-005
34.17 2.1664e-005
34.18 3.1398e-005
34.19 4.1313e-005
34.2 5.0164e-005
34.21 5.8956e-005
34.22 6.6631e-005
34.23 7.4609e-005
34.24 8.0934e-005
34.25 8.8876e-005
34.26 9.3722e-005
34.27 0.00011808
34.28 0.00014226
34.29 0.0001404
34.3 0.00014018
34.31 0.0001403
34.32 0.00014017
34.33 0.00013808
34.34 0.00013695
34.35 0.00011868
34.36 0.00011315
34.37 0.00011803
34.38 0.00011972
34.39 0.00011585
34.4 0.00011481
34.41 0.00012332
34.42 0.0001216
34.43 0.00011809
34.44 0.00012118
34.45 0.00012691
34.46 0.00013211
34.47 0.00013382
34.48 0.00013328
34.49 0.000133
34.5 0.00013207
34.51 0.0001309
34.52 0.00012952
34.53 0.00012807
34.54 0.00012638
34.55 0.00012459
34.56 0.00012262
34.57 0.00012057
34.58 0.000118
34.59 0.00011376
34.6 0.00011029
34.61 0.00010863
34.62 0.00010567
34.63 0.00010219
34.64 0.00010047
34.65 9.983e-005
34.66 9.8147e-005
34.67 9.5377e-005
34.68 9.3019e-005
34.69 9.0288e-005
34.7 8.7312e-005
34.71 8.397e-005
34.72 8.0401e-005
34.73 7.6888e-005
34.74 7.3303e-005
34.75 6.9746e-005
34.76 6.6163e-005
34.77 6.2544e-005
34.78 5.8831e-005
34.79 5.5327e-005
34.8 5.1897e-005
34.81 4.8467e-005
34.82 4.5035e-005
34.83 4.1628e-005
34.84 3.8225e-005
34.85 3.485e-005
34.86 3.1495e-005
34.87 2.8179e-005
34.88 2.4898e-005
34.89 2.1648e-005
34.9 1.8434e-005
34.91 1.5276e-005
34.92 1.2166e-005
34.93 9.1138e-006
34.94 6.1189e-006
34.95 3.1856e-006
