0.005 -7.3877e-006
0.01 -7.2761e-006
0.015 -7.2241e-006
0.02 -7.1013e-006
0.025 -7.0099e-006
0.03 -6.7694e-006
0.035 -6.5733e-006
0.04 -6.3803e-006
0.045 -6.2925e-006
0.05 -5.9455e-006
0.055 -5.4875e-006
0.06 -4.9912e-006
0.065 -4.9217e-006
0.07 -5.1775e-006
0.075 -5.9206e-006
0.08 -5.861e-006
0.085 -4.5597e-006
0.09 -3.3536e-006
0.095 -3.07e-006
0.1 -3.0911e-006
0.105 -2.2316e-006
0.11 -5.1985e-007
0.115 7.2142e-007
0.12 4.0541e-007
0.125 -1.3738e-006
0.13 -2.6162e-006
0.135 -2.0284e-006
0.14 -2.6634e-007
0.145 2.7633e-007
0.15 3.5639e-007
0.155 1.8611e-006
0.16 5.0809e-006
0.165 8.019e-006
0.17 8.4412e-006
0.175 6.0903e-006
0.18 1.7525e-006
0.185 -1.9793e-006
0.19 -1.6214e-006
0.195 2.5533e-006
0.2 8.0852e-006
0.205 1.1807e-005
0.21 1.2804e-005
0.215 1.1085e-005
0.22 5.9785e-006
0.225 5.4434e-006
0.23 1.3328e-005
0.235 1.9702e-005
0.24 1.6202e-005
0.245 5.9642e-006
0.25 2.775e-006
0.255 8.7124e-006
0.26 1.2677e-005
0.265 8.8313e-006
0.27 6.912e-006
0.275 1.7063e-005
0.28 3.55e-005
0.285 4.9415e-005
0.29 3.4469e-005
0.295 5.1739e-006
0.3 -8.2017e-006
0.305 -7.0212e-006
0.31 -7.0962e-007
0.315 9.3127e-006
0.32 7.5861e-006
0.325 5.0139e-006
0.33 2.2206e-005
0.335 4.976e-005
0.34 5.6114e-005
0.345 2.2285e-005
0.35 -1.6386e-005
0.355 -1.5586e-005
0.36 2.3979e-005
0.365 5.3895e-005
0.37 5.0884e-005
0.375 2.4364e-005
0.38 1.9614e-005
0.385 4.7326e-005
0.39 7.1218e-005
0.395 6.7272e-005
0.4 5.4625e-005
0.405 4.3286e-005
0.41 2.9821e-005
0.415 1.4076e-005
0.42 2.6385e-006
0.425 -4.9716e-006
0.43 -5.2003e-006
0.435 6.5999e-006
0.44 2.5952e-005
0.445 4.568e-005
0.45 5.7973e-005
0.455 6.0063e-005
0.46 5.7727e-005
0.465 4.4681e-005
0.47 2.7191e-005
0.475 2.4666e-005
0.48 3.5966e-005
0.485 4.47e-005
0.49 4.0081e-005
0.495 3.3868e-005
0.5 4.9874e-005
0.505 5.0859e-005
0.51 2.9093e-005
0.515 8.9607e-006
0.52 -2.1959e-007
0.525 1.553e-005
0.53 4.146e-005
0.535 5.4413e-005
0.54 5.2593e-005
0.545 4.7067e-005
0.55 4.6232e-005
0.555 5.5947e-005
0.56 6.9343e-005
0.565 6.0522e-005
0.57 4.3109e-005
0.575 4.7504e-005
0.58 5.8662e-005
0.585 4.9928e-005
0.59 2.276e-005
0.595 1.4814e-005
0.6 3.4996e-005
0.605 3.7984e-005
0.61 3.2326e-005
0.615 3.955e-005
0.62 5.9736e-005
0.625 8.7132e-005
0.63 9.6109e-005
0.635 5.0988e-005
0.64 -7.924e-006
0.645 -2.5654e-005
0.65 -2.0432e-005
0.655 7.8293e-006
0.66 5.3533e-005
0.665 8.5035e-005
0.67 8.1106e-005
0.675 5.8547e-005
0.68 4.5986e-005
0.685 5.5621e-005
0.69 4.8165e-005
0.695 1.323e-005
0.7 6.8063e-006
0.705 3.3563e-005
0.71 5.8249e-005
0.715 6.1558e-005
0.72 5.4105e-005
0.725 5.8524e-005
0.73 8.4507e-005
0.735 9.947e-005
0.74 7.2665e-005
0.745 3.7174e-005
0.75 3.1031e-005
0.755 2.2127e-005
0.76 -9.6418e-006
0.765 -4.1609e-005
0.77 -1.2046e-005
0.775 5.6651e-005
0.78 8.6739e-005
0.785 6.8302e-005
0.79 5.3121e-005
0.795 6.2032e-005
0.8 6.728e-005
0.805 4.5938e-005
0.81 2.7913e-005
0.815 4.0798e-005
0.82 5.7959e-005
0.825 3.4701e-005
0.83 1.6986e-006
0.835 3.9356e-006
0.84 3.0356e-005
0.845 1.7202e-005
0.85 -2.1895e-005
0.855 -3.8428e-005
0.86 -1.0307e-005
0.865 3.3589e-005
0.87 5.2978e-005
0.875 4.6714e-005
0.88 3.5289e-005
0.885 1.2542e-005
0.89 3.5956e-006
0.895 1.2065e-005
0.9 3.4089e-005
0.905 6.1317e-005
0.91 6.1642e-005
0.915 2.3207e-005
0.92 -4.3485e-006
0.925 -1.0612e-005
0.93 -2.9883e-005
0.935 -4.3047e-005
0.94 -1.8811e-005
0.945 3.4633e-005
0.95 8.1611e-005
0.955 9.2405e-005
0.96 7.2783e-005
0.965 5.584e-005
0.97 4.3513e-005
0.975 3.2709e-005
0.98 2.5406e-005
0.985 -5.5737e-006
0.99 -3.3311e-005
0.995 -3.5042e-005
1 -2.2342e-005
1.005 6.0171e-006
1.01 4.698e-005
1.015 7.4376e-005
1.02 4.8758e-005
1.025 3.749e-006
1.03 -8.9011e-008
1.035 3.5612e-005
1.04 3.1889e-005
1.045 -4.834e-006
1.05 -2.4847e-005
1.055 -8.5063e-006
1.06 3.9238e-005
1.065 7.3377e-005
1.07 6.8594e-005
1.075 5.1987e-005
1.08 5.3623e-005
1.085 8.2608e-005
1.09 8.8521e-005
1.095 3.2874e-005
1.1 -4.9192e-005
1.105 -6.3583e-005
1.11 -3.9997e-006
1.115 6.3683e-005
1.12 7.054e-005
1.125 1.8942e-005
1.13 -4.7132e-005
1.135 -5.8063e-005
1.14 -1.3129e-005
1.145 2.092e-005
1.15 -5.6374e-006
1.155 -5.6419e-005
1.16 -3.1349e-005
1.165 3.5787e-005
1.17 7.5211e-005
1.175 1.9736e-005
1.18 -6.7586e-005
1.185 -6.9136e-005
1.19 5.9661e-006
1.195 5.8267e-005
1.2 2.0927e-005
1.205 -2.4653e-005
1.21 -3.3542e-006
1.215 5.5252e-005
1.22 5.5613e-005
1.225 1.2406e-005
1.23 -1.3252e-005
1.235 1.4521e-006
1.24 1.9218e-006
1.245 -3.8371e-006
1.25 -7.2719e-006
1.255 -4.0524e-005
1.26 -7.1433e-005
1.265 -5.4654e-005
1.27 -1.9933e-005
1.275 -1.1151e-005
1.28 -2.1682e-005
1.285 -2.1757e-005
1.29 4.3332e-006
1.295 3.2532e-005
1.3 3.2409e-005
1.305 2.0171e-005
1.31 1.103e-005
1.315 2.0836e-006
1.32 -1.082e-005
1.325 -1.7115e-005
1.33 1.5414e-006
1.335 1.507e-005
1.34 -1.1237e-005
1.345 -6.5929e-005
1.35 -9.1804e-005
1.355 -4.9008e-005
1.36 2.9591e-005
1.365 6.5232e-005
1.37 3.9318e-005
1.375 -2.5646e-006
1.38 -7.0584e-006
1.385 1.6093e-005
1.39 2.4462e-005
1.395 7.6304e-006
1.4 2.0858e-006
1.405 1.3517e-005
1.41 1.6305e-005
1.415 -1.6811e-005
1.42 -2.1206e-005
1.425 1.9687e-006
1.43 -1.259e-005
1.435 -6.4197e-005
1.44 -7.6834e-005
1.445 -3.581e-005
1.45 1.0323e-005
1.455 1.2224e-005
1.46 -2.3863e-005
1.465 -3.8165e-005
1.47 -3.0381e-006
1.475 3.7032e-005
1.48 1.9329e-005
1.485 -4.9365e-005
1.49 -0.00010874
1.495 -9.1171e-005
1.5 -2.8281e-005
1.505 7.6944e-006
1.51 -1.7779e-005
1.515 -9.5701e-005
1.52 -0.00012435
1.525 -4.7625e-005
1.53 3.7666e-005
1.535 3.6135e-005
1.54 -3.1474e-005
1.545 -6.463e-005
1.55 -2.8369e-005
1.555 1.1087e-005
1.56 -8.5543e-006
1.565 -5.9791e-005
1.57 -6.702e-005
1.575 -1.9614e-005
1.58 3.6305e-005
1.585 4.0332e-005
1.59 -4.7331e-005
1.595 -0.00015384
1.6 -0.00014516
1.605 -4.9094e-005
1.61 1.6077e-005
1.615 6.6875e-006
1.62 -2.6094e-005
1.625 -3.0138e-005
1.63 -1.4965e-005
1.635 6.4166e-006
1.64 1.1872e-005
1.645 1.7838e-005
1.65 1.7501e-005
1.655 -1.0261e-005
1.66 -2.9686e-005
1.665 -1.5645e-005
1.67 1.2216e-005
1.675 -1.6176e-005
1.68 -9.5959e-005
1.685 -0.00018207
1.69 -0.00019557
1.695 -0.00012796
1.7 -8.679e-005
1.705 -0.00013574
1.71 -0.0002165
1.715 -0.00021991
1.72 -0.00013783
1.725 -4.6125e-005
1.73 4.3941e-005
1.735 0.00017913
1.74 0.00036256
1.745 0.0005129
1.75 0.00056868
1.755 0.00052818
1.76 0.00040455
1.765 0.00026948
1.77 0.00017736
1.775 9.9654e-005
1.78 -3.8012e-005
1.785 -0.00025046
1.79 -0.00043842
1.795 -0.00047117
1.8 -0.00017643
1.805 0.0004795
1.81 0.001234
1.815 0.0017282
1.82 0.0016707
1.825 0.00092267
1.83 -0.00041183
1.835 -0.0018702
1.84 -0.0028606
1.845 -0.0029531
1.85 -0.0021514
1.855 -0.00084669
1.86 0.00036288
1.865 0.00098842
1.87 0.00093238
1.875 0.00055883
1.88 0.00056452
1.885 0.0015518
1.89 0.0035581
1.895 0.0058432
1.9 0.0071266
1.905 0.0063862
1.91 0.0035692
1.915 -0.00031942
1.92 -0.0037858
1.925 -0.005592
1.93 -0.0052357
1.935 -0.0030024
1.94 0.00028364
1.945 0.0036237
1.95 0.0060678
1.955 0.0068875
1.96 0.0057317
1.965 0.002762
1.97 -0.0012816
1.975 -0.0052707
1.98 -0.0082012
1.985 -0.0095884
1.99 -0.0095752
1.995 -0.0088079
2 -0.0078684
2.005 -0.0067788
2.01 -0.0050264
2.015 -0.0022094
2.02 0.0012892
2.025 0.0045156
2.03 0.0066727
2.035 0.0075345
2.04 0.0072337
2.045 0.0057741
2.05 0.0030084
2.055 -0.00082276
2.06 -0.0047371
2.065 -0.007359
2.07 -0.0076948
2.075 -0.0056613
2.08 -0.0020958
2.085 0.0018323
2.09 0.0050857
2.095 0.0069645
2.1 0.0072514
2.105 0.0062011
2.11 0.0043498
2.115 0.0022504
2.12 0.00024639
2.125 -0.0016417
2.13 -0.0036906
2.135 -0.0062151
2.14 -0.0090188
2.145 -0.011083
2.15 -0.010889
2.155 -0.007447
2.16 -0.0014115
2.165 0.0050632
2.17 0.0096568
2.175 0.011167
2.18 0.0099068
2.185 0.0071289
2.19 0.0040265
2.195 0.0011077
2.2 -0.0016695
2.205 -0.004116
2.21 -0.0053563
2.215 -0.0044744
2.22 -0.0017345
2.225 0.0011094
2.23 0.0019833
2.235 0.00026946
2.24 -0.0024829
2.245 -0.0035813
2.25 -0.0013776
2.255 0.0034022
2.26 0.0082836
2.265 0.010829
2.27 0.010113
2.275 0.0067881
2.28 0.0023531
2.285 -0.0019714
2.29 -0.0056429
2.295 -0.0085341
2.3 -0.010507
2.305 -0.011331
2.31 -0.010902
2.315 -0.0093525
2.32 -0.0069411
2.325 -0.0038373
2.33 -0.00019424
2.335 0.0035316
2.34 0.0063938
2.345 0.0073157
2.35 0.0058991
2.355 0.0030381
2.36 0.00056895
2.365 -0.00027342
2.37 6.3695e-005
2.375 0.00017348
2.38 -0.00064787
2.385 -0.001486
2.39 -0.00055077
2.395 0.0031822
2.4 0.00886
2.405 0.014195
2.41 0.017018
2.415 0.016472
2.42 0.013025
2.425 0.007725
2.43 0.0015277
2.435 -0.0049265
2.44 -0.011107
2.445 -0.016329
2.45 -0.019634
2.455 -0.019907
2.46 -0.01641
2.465 -0.0095103
2.47 -0.00088239
2.475 0.0073091
2.48 0.013439
2.485 0.01679
2.49 0.017245
2.495 0.015009
2.5 0.01076
2.505 0.0057809
2.51 0.0014492
2.515 -0.0016596
2.52 -0.0039432
2.525 -0.0059668
2.53 -0.0076104
2.535 -0.0081047
2.54 -0.0069047
2.545 -0.0043574
2.55 -0.0014722
2.555 0.00091664
2.56 0.0024844
2.565 0.0032463
2.57 0.0034541
2.575 0.0033498
2.58 0.0029292
2.585 0.0018397
2.59 -0.00029319
2.595 -0.0033518
2.6 -0.0065354
2.605 -0.0089383
2.61 -0.010263
2.615 -0.010911
2.62 -0.011287
2.625 -0.011101
2.63 -0.0095931
2.635 -0.0065434
2.64 -0.0026493
2.645 0.00092415
2.65 0.0033262
2.655 0.0042281
2.66 0.003467
2.665 0.0011607
2.67 -0.0019648
2.675 -0.0045443
2.68 -0.0053948
2.685 -0.0043139
2.69 -0.0022615
2.695 -0.00060412
2.7 -8.924e-005
2.705 -0.00045655
2.71 -0.00073669
2.715 0.00013894
2.72 0.0027999
2.725 0.0068854
2.73 0.010954
2.735 0.01328
2.74 0.012898
2.745 0.010131
2.75 0.0061623
2.755 0.0021398
2.76 -0.0012328
2.765 -0.0035
2.77 -0.0043452
2.775 -0.0039343
2.78 -0.0031319
2.785 -0.0030638
2.79 -0.0042016
2.795 -0.0059298
2.8 -0.0069807
2.805 -0.0062561
2.81 -0.0034463
2.815 0.00066844
2.82 0.0047185
2.825 0.0074904
2.83 0.0083003
2.835 0.0070387
2.84 0.0043129
2.845 0.0013307
2.85 -0.00065733
2.855 -0.00098937
2.86 -0.00011078
2.865 0.00069764
2.87 0.00045297
2.875 -0.0011497
2.88 -0.0036664
2.885 -0.0060851
2.89 -0.0072499
2.895 -0.0061853
2.9 -0.0025387
2.905 0.0028213
2.91 0.0079188
2.915 0.010584
2.92 0.0095775
2.925 0.0051596
2.93 -0.00093934
2.935 -0.0064739
2.94 -0.0098122
2.945 -0.010399
2.95 -0.0087092
2.955 -0.0056668
2.96 -0.0020854
2.965 0.0015484
2.97 0.0048825
2.975 0.0075057
2.98 0.00901
2.985 0.009139
2.99 0.0079145
2.995 0.0056851
3 0.0030184
3.005 0.00039133
3.01 -0.0022038
3.015 -0.0051394
3.02 -0.0083872
3.025 -0.010923
3.03 -0.011192
3.035 -0.0083666
3.04 -0.0033018
3.045 0.0019368
3.05 0.0054057
3.055 0.0061508
3.06 0.0043303
3.065 0.00097973
3.07 -0.0023265
3.075 -0.0038749
3.08 -0.0027169
3.085 0.00071886
3.09 0.0047696
3.095 0.0075665
3.1 0.008163
3.105 0.0069578
3.11 0.0050307
3.115 0.0032554
3.12 0.0018693
3.125 0.00063513
3.13 -0.00054764
3.135 -0.001497
3.14 -0.0018551
3.145 -0.0012024
3.15 0.00073341
3.155 0.0037891
3.16 0.0070385
3.165 0.0091595
3.17 0.0092033
3.175 0.0072178
3.18 0.0042577
3.185 0.0015384
3.19 -0.00034358
3.195 -0.0016685
3.2 -0.0030532
3.205 -0.0048686
3.21 -0.0069624
3.215 -0.0087423
3.22 -0.0095009
3.225 -0.0086247
3.23 -0.0059045
3.235 -0.0019726
3.24 0.0018368
3.245 0.0042929
3.25 0.0049458
3.255 0.0040553
3.26 0.0019837
3.265 -0.0010742
3.27 -0.0048305
3.275 -0.0084078
3.28 -0.010603
3.285 -0.010698
3.29 -0.0089216
3.295 -0.006167
3.3 -0.0034931
3.305 -0.0017726
3.31 -0.0014333
3.315 -0.0021952
3.32 -0.0031789
3.325 -0.0032849
3.33 -0.0021591
3.335 -0.0006431
3.34 -0.00013256
3.345 -0.0016411
3.35 -0.0049431
3.355 -0.0085426
3.36 -0.010312
3.365 -0.0084688
3.37 -0.0025375
3.375 0.0062146
3.38 0.01533
3.385 0.022209
3.39 0.024948
3.395 0.022818
3.4 0.016455
3.405 0.0075956
3.41 -0.0015558
3.415 -0.0091582
3.42 -0.014234
3.425 -0.016477
3.43 -0.015789
3.435 -0.012108
3.44 -0.0058217
3.445 0.0018197
3.45 0.009025
3.455 0.014356
3.46 0.017237
3.465 0.017675
3.47 0.015595
3.475 0.010782
3.48 0.0034374
3.485 -0.005265
3.49 -0.013373
3.495 -0.018943
3.5 -0.020862
3.505 -0.019025
3.51 -0.014095
3.515 -0.0071932
3.52 0.00044852
3.525 0.0078174
3.53 0.014052
3.535 0.018348
3.54 0.020261
3.545 0.02013
3.55 0.018699
3.555 0.016265
3.56 0.012609
3.565 0.0079896
3.57 0.0034727
3.575 0.00016042
3.58 -0.0019225
3.585 -0.0036654
3.59 -0.0055055
3.595 -0.0067482
3.6 -0.0063336
3.605 -0.0042396
3.61 -0.0020713
3.615 -0.0020142
3.62 -0.004962
3.625 -0.0099054
3.63 -0.014762
3.635 -0.017639
3.64 -0.01769
3.645 -0.015147
3.65 -0.010953
3.655 -0.0065229
3.66 -0.0033977
3.665 -0.0025594
3.67 -0.0037985
3.675 -0.0057745
3.68 -0.006805
3.685 -0.0057921
3.69 -0.0026613
3.695 0.00179
3.7 0.0063992
3.705 0.010113
3.71 0.012348
3.715 0.013316
3.72 0.013722
3.725 0.014155
3.73 0.014749
3.735 0.015165
3.74 0.014989
3.745 0.014064
3.75 0.012249
3.755 0.0093147
3.76 0.0051342
3.765 8.0443e-005
3.77 -0.0047801
3.775 -0.0082764
3.78 -0.0098633
3.785 -0.0098343
3.79 -0.0091131
3.795 -0.0086757
3.8 -0.0090503
3.805 -0.010341
3.81 -0.012455
3.815 -0.01507
3.82 -0.017484
3.825 -0.018714
3.83 -0.018022
3.835 -0.015455
3.84 -0.011551
3.845 -0.0067797
3.85 -0.0015491
3.855 0.0035733
3.86 0.0077691
3.865 0.01044
3.87 0.011675
3.875 0.012118
3.88 0.012314
3.885 0.012181
3.89 0.011283
3.895 0.009433
3.9 0.0070273
3.905 0.0051039
3.91 0.0047686
3.915 0.0065405
3.92 0.0099212
3.925 0.013387
3.93 0.015167
3.935 0.01427
3.94 0.010971
3.945 0.0063221
3.95 0.0013456
3.955 -0.0034129
3.96 -0.0078951
3.965 -0.012267
3.97 -0.016542
3.975 -0.02034
3.98 -0.023104
3.985 -0.02441
3.99 -0.024282
3.995 -0.023071
4 -0.021345
4.005 -0.019472
4.01 -0.017271
4.015 -0.014258
4.02 -0.010179
4.025 -0.0053387
4.03 -0.00054493
4.035 0.0033572
4.04 0.005922
4.045 0.007219
4.05 0.0078084
4.055 0.0082931
4.06 0.0089127
4.065 0.0095697
4.07 0.010125
4.075 0.010594
4.08 0.011158
4.085 0.012059
4.09 0.01336
4.095 0.014755
4.1 0.015584
4.105 0.015152
4.11 0.013233
4.115 0.010191
4.12 0.0067702
4.125 0.0038217
4.13 0.0019959
4.135 0.0014752
4.14 0.0019282
4.145 0.002751
4.15 0.0034948
4.155 0.0040782
4.16 0.0046209
4.165 0.0052037
4.17 0.005672
4.175 0.005615
4.18 0.0046069
4.185 0.0025046
4.19 -0.00059624
4.195 -0.0044265
4.2 -0.0084828
4.205 -0.012082
4.21 -0.014497
4.215 -0.015109
4.22 -0.013642
4.225 -0.010278
4.23 -0.005712
4.235 -0.0010465
4.24 0.002441
4.245 0.0038778
4.25 0.0031009
4.255 0.00073646
4.26 -0.0022001
4.265 -0.0048936
4.27 -0.0070023
4.275 -0.0086817
4.28 -0.010374
4.285 -0.012471
4.29 -0.01494
4.295 -0.017278
4.3 -0.018766
4.305 -0.01866
4.31 -0.016407
4.315 -0.011852
4.32 -0.005471
4.325 0.0017386
4.33 0.0085329
4.335 0.013825
4.34 0.016995
4.345 0.01796
4.35 0.017086
4.355 0.015001
4.36 0.012552
4.365 0.010612
4.37 0.0097668
4.375 0.010105
4.38 0.011199
4.385 0.012285
4.39 0.01261
4.395 0.011789
4.4 0.0099262
4.405 0.0075163
4.41 0.0051567
4.415 0.0032815
4.42 0.0019724
4.425 0.001007
4.43 0.00015043
4.435 -0.00060678
4.44 -0.0011301
4.445 -0.0012595
4.45 -0.0009548
4.455 -0.00029285
4.46 0.00051544
4.465 0.0011314
4.47 0.0011362
4.475 0.00027744
4.48 -0.0015648
4.485 -0.0043223
4.49 -0.0075349
4.495 -0.010437
4.5 -0.01224
4.505 -0.01245
4.51 -0.011146
4.515 -0.0089413
4.52 -0.0065851
4.525 -0.0045981
4.53 -0.0031304
4.535 -0.0021362
4.54 -0.0014968
4.545 -0.0010755
4.55 -0.00073023
4.555 -0.00033938
4.56 -6.264e-005
4.565 -0.00021747
4.57 -0.00086032
4.575 -0.0017105
4.58 -0.0023549
4.585 -0.0024188
4.59 -0.0017825
4.595 -0.00074283
4.6 0.00013716
4.605 0.00047666
4.61 9.6111e-005
4.615 -0.0010444
4.62 -0.0027913
4.625 -0.0048373
4.63 -0.0068038
4.635 -0.0082721
4.64 -0.008857
4.645 -0.0081604
4.65 -0.005995
4.655 -0.002504
4.66 0.0019337
4.665 0.006736
4.67 0.01117
4.675 0.014475
4.68 0.016337
4.685 0.016868
4.69 0.016367
4.695 0.015181
4.7 0.013574
4.705 0.011773
4.71 0.0098954
4.715 0.0079541
4.72 0.0060002
4.725 0.0041347
4.73 0.0023904
4.735 0.00076876
4.74 -0.00077199
4.745 -0.0023155
4.75 -0.0039844
4.755 -0.0059555
4.76 -0.0083763
4.765 -0.011092
4.77 -0.013606
4.775 -0.015286
4.78 -0.015601
4.785 -0.014358
4.79 -0.011728
4.795 -0.0081738
4.8 -0.0042889
4.805 -0.00060298
4.81 0.002508
4.815 0.0047846
4.82 0.0060707
4.825 0.0063844
4.83 0.0059212
4.835 0.0049708
4.84 0.0038736
4.845 0.0029872
4.85 0.0026914
4.855 0.0031856
4.86 0.0043752
4.865 0.0058837
4.87 0.0072409
4.875 0.0081219
4.88 0.0084109
4.885 0.0081187
4.89 0.0073668
4.895 0.0062722
4.9 0.0048428
4.905 0.0029845
4.91 0.00060042
4.915 -0.0024156
4.92 -0.0061189
4.925 -0.010552
4.93 -0.015571
4.935 -0.020914
4.94 -0.026389
4.945 -0.031737
4.95 -0.036736
4.955 -0.041258
4.96 -0.04518
4.965 -0.048324
4.97 -0.050516
4.975 -0.051711
4.98 -0.051937
4.985 -0.051266
4.99 -0.04981
4.995 -0.047742
5 -0.045306
5.005 -0.042679
5.01 -0.03989
5.015 -0.036853
5.02 -0.033445
5.025 -0.029591
5.03 -0.025236
5.035 -0.020293
5.04 -0.014649
5.045 -0.008274
5.05 -0.0013857
5.055 0.0056273
5.06 0.012419
5.065 0.018742
5.07 0.024437
5.075 0.029317
5.08 0.033174
5.085 0.035835
5.09 0.037032
5.095 0.036413
5.1 0.033634
5.105 0.028524
5.11 0.021095
5.115 0.011579
5.12 0.00045802
5.125 -0.011494
5.13 -0.023303
5.135 -0.03408
5.14 -0.04328
5.145 -0.05088
5.15 -0.057195
5.155 -0.06252
5.16 -0.066921
5.165 -0.070341
5.17 -0.072783
5.175 -0.074481
5.18 -0.075848
5.185 -0.077081
5.19 -0.078082
5.195 -0.078556
5.2 -0.077881
5.205 -0.075287
5.21 -0.070057
5.215 -0.061457
5.22 -0.048582
5.225 -0.030414
5.23 -0.006386
5.235 0.022944
5.24 0.055796
5.245 0.089744
5.25 0.12244
5.255 0.15188
5.26 0.17634
5.265 0.1946
5.27 0.20685
5.275 0.21468
5.28 0.21991
5.285 0.22359
5.29 0.22575
5.295 0.22608
5.3 0.22447
5.305 0.22079
5.31 0.21484
5.315 0.20657
5.32 0.19661
5.325 0.18607
5.33 0.17567
5.335 0.16496
5.34 0.15245
5.345 0.13658
5.35 0.11673
5.355 0.093473
5.36 0.068203
5.365 0.042446
5.37 0.017449
5.375 -0.0058642
5.38 -0.026727
5.385 -0.044427
5.39 -0.058568
5.395 -0.069197
5.4 -0.076704
5.405 -0.081617
5.41 -0.084511
5.415 -0.085889
5.42 -0.086176
5.425 -0.085648
5.43 -0.084605
5.435 -0.083461
5.44 -0.082513
5.445 -0.081699
5.45 -0.080701
5.455 -0.079165
5.46 -0.076926
5.465 -0.074115
5.47 -0.070887
5.475 -0.067203
5.48 -0.062946
5.485 -0.058063
5.49 -0.052592
5.495 -0.046849
5.5 -0.04145
5.505 -0.037233
5.51 -0.034953
5.515 -0.034987
5.52 -0.0371
5.525 -0.040396
5.53 -0.043801
5.535 -0.046419
5.54 -0.047818
5.545 -0.047996
5.55 -0.047089
5.555 -0.045233
5.56 -0.042537
5.565 -0.038882
5.57 -0.03408
5.575 -0.028204
5.58 -0.021697
5.585 -0.015372
5.59 -0.010024
5.595 -0.0060703
5.6 -0.0035126
5.605 -0.0021618
5.61 -0.001771
5.615 -0.0020826
5.62 -0.0028694
5.625 -0.0039092
5.63 -0.0050094
5.635 -0.0060538
5.64 -0.0069554
5.645 -0.007667
5.65 -0.0082181
5.655 -0.0088329
5.66 -0.0098744
5.665 -0.011729
5.67 -0.014643
5.675 -0.018647
5.68 -0.023321
5.685 -0.027907
5.69 -0.031656
5.695 -0.034058
5.7 -0.035108
5.705 -0.035113
5.71 -0.034328
5.715 -0.032735
5.72 -0.030225
5.725 -0.02686
5.73 -0.022887
5.735 -0.018609
5.74 -0.014253
5.745 -0.0099183
5.75 -0.0056669
5.755 -0.0016728
5.76 0.0018511
5.765 0.0048839
5.77 0.00756
5.775 0.0099785
5.78 0.012113
5.785 0.013925
5.79 0.01538
5.795 0.016397
5.8 0.016798
5.805 0.016444
5.81 0.015282
5.815 0.013399
5.82 0.011062
5.825 0.008664
5.83 0.0065029
5.835 0.0046471
5.84 0.0030523
5.845 0.0017379
5.85 0.00093642
5.855 0.00099517
5.86 0.0022514
5.865 0.0047285
5.87 0.0081974
5.875 0.01238
5.88 0.017005
5.885 0.021787
5.89 0.026518
5.895 0.031176
5.9 0.035818
5.905 0.040458
5.91 0.044939
5.915 0.048969
5.92 0.052256
5.925 0.054586
5.93 0.055924
5.935 0.056331
5.94 0.055722
5.945 0.05374
5.95 0.050035
5.955 0.044532
5.96 0.037546
5.965 0.029441
5.97 0.020374
5.975 0.010333
5.98 -0.00042531
5.985 -0.011289
5.99 -0.021584
5.995 -0.030934
6 -0.0393
6.005 -0.046743
6.01 -0.053234
6.015 -0.058665
6.02 -0.062983
6.025 -0.066244
6.03 -0.068657
6.035 -0.070544
6.04 -0.072198
6.045 -0.073808
6.05 -0.075284
6.055 -0.076403
6.06 -0.076874
6.065 -0.076449
6.07 -0.074821
6.075 -0.071778
6.08 -0.067293
6.085 -0.061412
6.09 -0.054248
6.095 -0.045947
6.1 -0.03669
6.105 -0.026819
6.11 -0.01687
6.115 -0.0073621
6.12 0.0013594
6.125 0.0091887
6.13 0.016186
6.135 0.022459
6.14 0.028052
6.145 0.032903
6.15 0.036962
6.155 0.040294
6.16 0.043025
6.165 0.045256
6.17 0.046931
6.175 0.04784
6.18 0.047766
6.185 0.046744
6.19 0.045021
6.195 0.042773
6.2 0.039969
6.205 0.036508
6.21 0.032472
6.215 0.028211
6.22 0.023977
6.225 0.019642
6.23 0.014945
6.235 0.0098785
6.24 0.0048931
6.245 0.00069733
6.25 -0.0022815
6.255 -0.0041011
6.26 -0.0051114
6.265 -0.0056366
6.27 -0.0057622
6.275 -0.0054355
6.28 -0.0046313
6.285 -0.003563
6.29 -0.0026439
6.295 -0.0022751
6.3 -0.0026491
6.305 -0.0037656
6.31 -0.005576
6.315 -0.0079174
6.32 -0.010426
6.325 -0.012598
6.33 -0.01399
6.335 -0.014358
6.34 -0.013685
6.345 -0.011996
6.35 -0.0092703
6.355 -0.0056299
6.36 -0.0015869
6.365 0.002089
6.37 0.0048815
6.375 0.0067877
6.38 0.008034
6.385 0.0087971
6.39 0.0092343
6.395 0.009668
6.4 0.010587
6.405 0.012433
6.41 0.015416
6.415 0.019485
6.42 0.02424
6.425 0.029062
6.43 0.033242
6.435 0.036018
6.44 0.036801
6.445 0.035433
6.45 0.03217
6.455 0.027391
6.46 0.021449
6.465 0.0147
6.47 0.0074659
6.475 0.00021497
6.48 -0.0065112
6.485 -0.012352
6.49 -0.017072
6.495 -0.020517
6.5 -0.022742
6.505 -0.02403
6.51 -0.024647
6.515 -0.024827
6.52 -0.024812
6.525 -0.024812
6.53 -0.025001
6.535 -0.025304
6.54 -0.025484
6.545 -0.025401
6.55 -0.024966
6.555 -0.02413
6.56 -0.022856
6.565 -0.021179
6.57 -0.019043
6.575 -0.01646
6.58 -0.013608
6.585 -0.010665
6.59 -0.0077449
6.595 -0.0049442
6.6 -0.0023952
6.605 -0.0001962
6.61 0.0015369
6.615 0.0026809
6.62 0.0031463
6.625 0.0030012
6.63 0.002601
6.635 0.0022669
6.64 0.0021135
6.645 0.0021754
6.65 0.0024161
6.655 0.002801
6.66 0.0032662
6.665 0.00365
6.67 0.0037179
6.675 0.0033121
6.68 0.0024825
6.685 0.0014992
6.69 0.00062758
6.695 -7.1358e-005
6.7 -0.00069666
6.705 -0.0013118
6.71 -0.0017082
6.715 -0.0015116
6.72 -0.00045058
6.725 0.0014851
6.73 0.0041449
6.735 0.0073879
6.74 0.011103
6.745 0.015111
6.75 0.019119
6.755 0.022862
6.76 0.026205
6.765 0.029098
6.77 0.031481
6.775 0.03326
6.78 0.034259
6.785 0.034311
6.79 0.033397
6.795 0.031646
6.8 0.029347
6.805 0.026871
6.81 0.024477
6.815 0.022173
6.82 0.019736
6.825 0.01691
6.83 0.013581
6.835 0.0097537
6.84 0.0053226
6.845 0.00011046
6.85 -0.0059332
6.855 -0.012506
6.86 -0.019055
6.865 -0.025023
6.87 -0.030064
6.875 -0.034128
6.88 -0.037262
6.885 -0.039472
6.89 -0.040656
6.895 -0.040794
6.9 -0.040055
6.905 -0.038683
6.91 -0.036843
6.915 -0.034567
6.92 -0.031867
6.925 -0.028814
6.93 -0.025579
6.935 -0.022307
6.94 -0.019036
6.945 -0.015732
6.95 -0.012431
6.955 -0.0092123
6.96 -0.0061817
6.965 -0.0034372
6.97 -0.0010435
6.975 0.00095797
6.98 0.0024739
6.985 0.0034177
6.99 0.0038501
6.995 0.0039372
7 0.0040325
7.005 0.0044104
7.01 0.0050063
7.015 0.0055028
7.02 0.0056455
7.025 0.0054497
7.03 0.0050943
7.035 0.0046726
7.04 0.0041189
7.045 0.0033199
7.05 0.0022467
7.055 0.00096019
7.06 -0.00044294
7.065 -0.0018368
7.07 -0.0030748
7.075 -0.0040674
7.08 -0.0048009
7.085 -0.0052775
7.09 -0.0054363
7.095 -0.0051343
7.1 -0.00427
7.105 -0.0028908
7.11 -0.0012223
7.115 0.00048334
7.12 0.0020646
7.125 0.0034465
7.13 0.004553
7.135 0.0052156
7.14 0.0053638
7.145 0.0051201
7.15 0.0046693
7.155 0.0041062
7.16 0.0034227
7.165 0.0026211
7.17 0.001715
7.175 0.00068669
7.18 -0.00049473
7.185 -0.0017802
7.19 -0.0029834
7.195 -0.0038425
7.2 -0.0041714
7.205 -0.0039485
7.21 -0.0032627
7.215 -0.0021035
7.22 -0.00034227
7.225 0.0021119
7.23 0.0051866
7.235 0.008674
7.24 0.012376
7.245 0.016174
7.25 0.019903
7.255 0.023261
7.26 0.02599
7.265 0.028071
7.27 0.029533
7.275 0.030336
7.28 0.030419
7.285 0.029852
7.29 0.02875
7.295 0.027112
7.3 0.024919
7.305 0.02223
7.31 0.019241
7.315 0.016091
7.32 0.012878
7.325 0.0096264
7.33 0.0063095
7.335 0.0029343
7.34 -0.00040636
7.345 -0.0036438
7.35 -0.0066032
7.355 -0.0090696
7.36 -0.010932
7.365 -0.012092
7.37 -0.012589
7.375 -0.012433
7.38 -0.01158
7.385 -0.010069
7.39 -0.0080764
7.395 -0.0058964
7.4 -0.003853
7.405 -0.0021413
7.41 -0.00081459
7.415 0.00017274
7.42 0.00092483
7.425 0.001423
7.43 0.0015055
7.435 0.0010934
7.44 0.00024026
7.445 -0.00089937
7.45 -0.002143
7.455 -0.0032905
7.46 -0.0041823
7.465 -0.0048571
7.47 -0.0055129
7.475 -0.0062921
7.48 -0.0072406
7.485 -0.0083188
7.49 -0.0095102
7.495 -0.010804
7.5 -0.012143
7.505 -0.013456
7.51 -0.014659
7.515 -0.015702
7.52 -0.016593
7.525 -0.017265
7.53 -0.017585
7.535 -0.017419
7.54 -0.016705
7.545 -0.015491
7.55 -0.013893
7.555 -0.01193
7.56 -0.0095827
7.565 -0.0069446
7.57 -0.0042931
7.575 -0.001878
7.58 0.00030052
7.585 0.0024018
7.59 0.004475
7.595 0.0064231
7.6 0.0080921
7.605 0.0094618
7.61 0.010576
7.615 0.011388
7.62 0.011743
7.625 0.011616
7.63 0.011071
7.635 0.010195
7.64 0.0091681
7.645 0.008218
7.65 0.0073852
7.655 0.0065205
7.66 0.0054402
7.665 0.004077
7.67 0.0025459
7.675 0.001065
7.68 -0.000194
7.685 -0.0011395
7.69 -0.0017206
7.695 -0.0019003
7.7 -0.0015303
7.705 -0.0005264
7.71 0.00094469
7.715 0.0026136
7.72 0.0042308
7.725 0.0056382
7.73 0.0068177
7.735 0.0077354
7.74 0.0084516
7.745 0.008985
7.75 0.0093606
7.755 0.0096459
7.76 0.0099033
7.765 0.010135
7.77 0.010357
7.775 0.010651
7.78 0.011098
7.785 0.011666
7.79 0.012185
7.795 0.012418
7.8 0.012221
7.805 0.011521
7.81 0.01026
7.815 0.008521
7.82 0.0064739
7.825 0.00431
7.83 0.0021348
7.835 -1.6264e-005
7.84 -0.0021404
7.845 -0.0042328
7.85 -0.0063078
7.855 -0.0083436
7.86 -0.010277
7.865 -0.012064
7.87 -0.013647
7.875 -0.015064
7.88 -0.016383
7.885 -0.017526
7.89 -0.018325
7.895 -0.018709
7.9 -0.018683
7.905 -0.018327
7.91 -0.017698
7.915 -0.01673
7.92 -0.015338
7.925 -0.01361
7.93 -0.011768
7.935 -0.010037
7.94 -0.0085399
7.945 -0.0073092
7.95 -0.0063596
7.955 -0.0056679
7.96 -0.0051951
7.965 -0.0047624
7.97 -0.0040984
7.975 -0.003045
7.98 -0.0016433
7.985 -2.5164e-005
7.99 0.0017049
7.995 0.0036223
8 0.0057749
8.005 0.0081106
8.01 0.010544
8.015 0.013028
8.02 0.015522
8.025 0.017948
8.03 0.02019
8.035 0.02206
8.04 0.023322
8.045 0.023779
8.05 0.023317
8.055 0.02193
8.06 0.019743
8.065 0.016948
8.07 0.013697
8.075 0.010066
8.08 0.0061344
8.085 0.0020995
8.09 -0.0017148
8.095 -0.0051163
8.1 -0.0080676
8.105 -0.01054
8.11 -0.012416
8.115 -0.013639
8.12 -0.014184
8.125 -0.014148
8.13 -0.013723
8.135 -0.013024
8.14 -0.012096
8.145 -0.010992
8.15 -0.0098535
8.155 -0.008832
8.16 -0.0079689
8.165 -0.0072708
8.17 -0.0067247
8.175 -0.006287
8.18 -0.0059061
8.185 -0.005523
8.19 -0.0051041
8.195 -0.0045839
8.2 -0.003885
8.205 -0.0029698
8.21 -0.0018759
8.215 -0.00068158
8.22 0.00053454
8.225 0.0017233
8.23 0.0029279
8.235 0.004248
8.24 0.0057459
8.245 0.0073607
8.25 0.0089716
8.255 0.010493
8.26 0.011847
8.265 0.012895
8.27 0.013514
8.275 0.013661
8.28 0.013383
8.285 0.012734
8.29 0.011831
8.295 0.010736
8.3 0.0094413
8.305 0.008005
8.31 0.0064854
8.315 0.0050038
8.32 0.003723
8.325 0.0027038
8.33 0.0018855
8.335 0.0011445
8.34 0.00042841
8.345 -0.00022845
8.35 -0.00086149
8.355 -0.0016318
8.36 -0.002684
8.365 -0.0040127
8.37 -0.0054572
8.375 -0.0068638
8.38 -0.0081913
8.385 -0.0094448
8.39 -0.01066
8.395 -0.011738
8.4 -0.012516
8.405 -0.01306
8.41 -0.013562
8.415 -0.014081
8.42 -0.014544
8.425 -0.014726
8.43 -0.014436
8.435 -0.01361
8.44 -0.012225
8.445 -0.010275
8.45 -0.0077546
8.455 -0.0047165
8.46 -0.0013481
8.465 0.002045
8.47 0.0051772
8.475 0.0078197
8.48 0.0097849
8.485 0.010961
8.49 0.011476
8.495 0.01155
8.5 0.011253
8.505 0.010608
8.51 0.0096801
8.515 0.0086413
8.52 0.0077015
8.525 0.0069807
8.53 0.0065166
8.535 0.0062744
8.54 0.0061692
8.545 0.006122
8.55 0.0059697
8.555 0.0055193
8.56 0.0047023
8.565 0.0035961
8.57 0.0022785
8.575 0.00076829
8.58 -0.00095005
8.585 -0.0028886
8.59 -0.0049351
8.595 -0.0069018
8.6 -0.0086721
8.605 -0.010216
8.61 -0.011447
8.615 -0.012163
8.62 -0.012248
8.625 -0.011719
8.63 -0.010759
8.635 -0.009592
8.64 -0.0082833
8.645 -0.0067662
8.65 -0.0050057
8.655 -0.0031042
8.66 -0.0011461
8.665 0.00081758
8.67 0.002756
8.675 0.0047854
8.68 0.0069896
8.685 0.0093359
8.69 0.011684
8.695 0.01379
8.7 0.015488
8.705 0.016727
8.71 0.017452
8.715 0.017582
8.72 0.017109
8.725 0.016156
8.73 0.014901
8.735 0.013478
8.74 0.011942
8.745 0.010303
8.75 0.0086571
8.755 0.0072123
8.76 0.0062011
8.765 0.0057392
8.77 0.0057725
8.775 0.006163
8.78 0.0068021
8.785 0.0076091
8.79 0.0084631
8.795 0.0091509
8.8 0.0094284
8.805 0.0091955
8.81 0.0085396
8.815 0.0076193
8.82 0.0065316
8.825 0.0053373
8.83 0.0040262
8.835 0.0026096
8.84 0.0011702
8.845 -0.00021685
8.85 -0.0015242
8.855 -0.0028066
8.86 -0.0041629
8.865 -0.0056568
8.87 -0.0072055
8.875 -0.0087158
8.88 -0.010223
8.885 -0.011783
8.89 -0.013396
8.895 -0.014992
8.9 -0.016352
8.905 -0.017305
8.91 -0.017887
8.915 -0.018176
8.92 -0.018194
8.925 -0.017871
8.93 -0.017129
8.935 -0.015985
8.94 -0.014608
8.945 -0.01323
8.95 -0.01194
8.955 -0.010664
8.96 -0.0093193
8.965 -0.0079223
8.97 -0.0065801
8.975 -0.0053555
8.98 -0.0042288
8.985 -0.0031382
8.99 -0.0020789
8.995 -0.0011271
9 -0.00032614
9.005 0.00026658
9.01 0.00054831
9.015 0.00059972
9.02 0.00051411
9.025 0.0002112
9.03 -0.00029384
9.035 -0.00081549
9.04 -0.001145
9.045 -0.0012225
9.05 -0.001165
9.055 -0.0011096
9.06 -0.0010765
9.065 -0.00095129
9.07 -0.00060043
9.075 -4.0556e-005
9.08 0.00057197
9.085 0.0012298
9.09 0.0020166
9.095 0.0029336
9.1 0.0039129
9.105 0.0048052
9.11 0.0055094
9.115 0.0060402
9.12 0.0064711
9.125 0.0067969
9.13 0.0069277
9.135 0.0068017
9.14 0.0065203
9.145 0.0063036
9.15 0.0063091
9.155 0.0065711
9.16 0.0069685
9.165 0.0072227
9.17 0.0072564
9.175 0.0071528
9.18 0.0068812
9.185 0.0064466
9.19 0.0058469
9.195 0.0050841
9.2 0.0041772
9.205 0.0031186
9.21 0.0020093
9.215 0.00099192
9.22 6.1907e-005
9.225 -0.0007328
9.23 -0.0013869
9.235 -0.0019532
9.24 -0.0023642
9.245 -0.0026278
9.25 -0.0028322
9.255 -0.0030351
9.26 -0.0031658
9.265 -0.0031119
9.27 -0.0028294
9.275 -0.0024013
9.28 -0.001902
9.285 -0.001297
9.29 -0.0004942
9.295 0.00052756
9.3 0.0016831
9.305 0.002821
9.31 0.0038057
9.315 0.0045385
9.32 0.0049223
9.325 0.0048607
9.33 0.0043032
9.335 0.0033463
9.34 0.0021223
9.345 0.00067853
9.35 -0.00092028
9.355 -0.0025572
9.36 -0.004116
9.365 -0.005521
9.37 -0.0066928
9.375 -0.0075664
9.38 -0.0081456
9.385 -0.0084986
9.39 -0.0086617
9.395 -0.0086677
9.4 -0.0085884
9.405 -0.0085337
9.41 -0.0086067
9.415 -0.0087704
9.42 -0.0088652
9.425 -0.0087379
9.43 -0.0082194
9.435 -0.0073125
9.44 -0.006274
9.445 -0.0053566
9.45 -0.0045864
9.455 -0.0038435
9.46 -0.0031635
9.465 -0.0027343
9.47 -0.0026748
9.475 -0.0028999
9.48 -0.0032337
9.485 -0.0035618
9.49 -0.0039081
9.495 -0.0044305
9.5 -0.0052465
9.505 -0.0062779
9.51 -0.0073949
9.515 -0.0085677
9.52 -0.0099036
9.525 -0.011411
9.53 -0.012967
9.535 -0.014418
9.54 -0.015586
9.545 -0.016433
9.55 -0.017048
9.555 -0.017501
9.56 -0.017658
9.565 -0.01736
9.57 -0.016658
9.575 -0.015799
9.58 -0.015004
9.585 -0.0143
9.59 -0.0136
9.595 -0.012864
9.6 -0.012138
9.605 -0.01144
9.61 -0.010649
9.615 -0.0095111
9.62 -0.00785
9.625 -0.0056607
9.63 -0.0030453
9.635 -0.00016353
9.64 0.0028394
9.645 0.0058078
9.65 0.0086172
9.655 0.011183
9.66 0.013429
9.665 0.015365
9.67 0.017028
9.675 0.018432
9.68 0.019662
9.685 0.020822
9.69 0.021967
9.695 0.023147
9.7 0.02442
9.705 0.025756
9.71 0.026981
9.715 0.027822
9.72 0.028115
9.725 0.027874
9.73 0.027194
9.735 0.026163
9.74 0.024799
9.745 0.023101
9.75 0.021178
9.755 0.019198
9.76 0.017299
9.765 0.015521
9.77 0.013861
9.775 0.012255
9.78 0.010776
9.785 0.0095052
9.79 0.0084096
9.795 0.0073688
9.8 0.0062826
9.805 0.005127
9.81 0.0039095
9.815 0.0026742
9.82 0.0014353
9.825 0.0002523
9.83 -0.00074506
9.835 -0.0015555
9.84 -0.0022718
9.845 -0.0029441
9.85 -0.0035651
9.855 -0.0040824
9.86 -0.004502
9.865 -0.0048949
9.87 -0.0053169
9.875 -0.0058093
9.88 -0.0063288
9.885 -0.0067995
9.89 -0.007177
9.895 -0.007388
9.9 -0.0073814
9.905 -0.0071361
9.91 -0.0066831
9.915 -0.0059839
9.92 -0.0049864
9.925 -0.0037605
9.93 -0.0024466
9.935 -0.0011193
9.94 0.00018404
9.945 0.0014017
9.95 0.0024396
9.955 0.0032349
9.96 0.0037371
9.965 0.0039294
9.97 0.0037714
9.975 0.0032643
9.98 0.0025599
9.985 0.0018298
9.99 0.0011608
9.995 0.00053981
10 -7.5416e-005
10.005 -0.00069898
10.01 -0.0012689
10.015 -0.0016736
10.02 -0.0018932
10.025 -0.0020444
10.03 -0.0023186
10.035 -0.002815
10.04 -0.0035454
10.045 -0.0045121
10.05 -0.0057256
10.055 -0.0071016
10.06 -0.0084614
10.065 -0.0096034
10.07 -0.010424
10.075 -0.010938
10.08 -0.011161
10.085 -0.011022
10.09 -0.010416
10.095 -0.0093806
10.1 -0.0081302
10.105 -0.0067954
10.11 -0.0054192
10.115 -0.0039804
10.12 -0.0024442
10.125 -0.00087132
10.13 0.00059325
10.135 0.0018906
10.14 0.0030715
10.145 0.0041641
10.15 0.005177
10.155 0.0060979
10.16 0.0069278
10.165 0.0077246
10.17 0.0084683
10.175 0.0090127
10.18 0.0092265
10.185 0.0091091
10.19 0.0087609
10.195 0.0082203
10.2 0.0074532
10.205 0.0064748
10.21 0.0053402
10.215 0.0041514
10.22 0.0029855
10.225 0.00184
10.23 0.00070998
10.235 -0.00036379
10.24 -0.0013532
10.245 -0.0022322
10.25 -0.0029755
10.255 -0.0036067
10.26 -0.0042022
10.265 -0.0048057
10.27 -0.0054156
10.275 -0.0058914
10.28 -0.0060819
10.285 -0.0059229
10.29 -0.0054344
10.295 -0.0047105
10.3 -0.0037643
10.305 -0.0025676
10.31 -0.0011505
10.315 0.00029968
10.32 0.0015107
10.325 0.0023303
10.33 0.0027583
10.335 0.0028953
10.34 0.0028764
10.345 0.0028881
10.35 0.0030152
10.355 0.0031915
10.36 0.003438
10.365 0.0038254
10.37 0.0043194
10.375 0.0048308
10.38 0.005258
10.385 0.0055569
10.39 0.005757
10.395 0.0058648
10.4 0.0058382
10.405 0.0055617
10.41 0.0049645
10.415 0.004133
10.42 0.0032302
10.425 0.0023738
10.43 0.0015984
10.435 0.00091542
10.44 0.00034722
10.445 -0.00012019
10.45 -0.00056268
10.455 -0.0011023
10.46 -0.001819
10.465 -0.0027168
10.47 -0.0037227
10.475 -0.0047546
10.48 -0.0057037
10.485 -0.0065615
10.49 -0.0073246
10.495 -0.0079628
10.5 -0.0084609
10.505 -0.008792
10.51 -0.0089642
10.515 -0.0090179
10.52 -0.0089727
10.525 -0.0088266
10.53 -0.0085796
10.535 -0.0082685
10.54 -0.0079574
10.545 -0.0076969
10.55 -0.0074386
10.555 -0.0071248
10.56 -0.0067565
10.565 -0.0063362
10.57 -0.0058224
10.575 -0.005112
10.58 -0.0041855
10.585 -0.0031525
10.59 -0.0021943
10.595 -0.0014171
10.6 -0.00086842
10.605 -0.00057052
10.61 -0.00043767
10.615 -0.00029808
10.62 -1.7466e-005
10.625 0.00047883
10.63 0.00121
10.635 0.0021614
10.64 0.0032883
10.645 0.0045062
10.65 0.0057143
10.655 0.0068223
10.66 0.007834
10.665 0.0087474
10.67 0.0095523
10.675 0.010291
10.68 0.011043
10.685 0.011766
10.69 0.01235
10.695 0.012688
10.7 0.012719
10.705 0.012425
10.71 0.011874
10.715 0.011058
10.72 0.0099074
10.725 0.0084671
10.73 0.0068598
10.735 0.0052616
10.74 0.0037924
10.745 0.0024529
10.75 0.0012448
10.755 0.00015839
10.76 -0.0007492
10.765 -0.0013834
10.77 -0.0017477
10.775 -0.0018886
10.78 -0.0018935
10.785 -0.0018505
10.79 -0.0018312
10.795 -0.0019568
10.8 -0.0023369
10.805 -0.002986
10.81 -0.0037601
10.815 -0.0044265
10.82 -0.0049367
10.825 -0.0053665
10.83 -0.0057236
10.835 -0.0059689
10.84 -0.0060901
10.845 -0.0061234
10.85 -0.0061627
10.855 -0.0062738
10.86 -0.0065283
10.865 -0.0068816
10.87 -0.007239
10.875 -0.007541
10.88 -0.0077508
10.885 -0.0078306
10.89 -0.0077841
10.895 -0.0076381
10.9 -0.00736
10.905 -0.0069148
10.91 -0.0063435
10.915 -0.0056668
10.92 -0.0049138
10.925 -0.004205
10.93 -0.0036049
10.935 -0.0030837
10.94 -0.0026698
10.945 -0.0023435
10.95 -0.0021162
10.955 -0.0019776
10.96 -0.0018813
10.965 -0.0018489
10.97 -0.0018638
10.975 -0.0018408
10.98 -0.0017213
10.985 -0.0015622
10.99 -0.0014341
10.995 -0.0013968
11 -0.0014096
11.005 -0.0014287
11.01 -0.0014333
11.015 -0.0013853
11.02 -0.0012158
11.025 -0.00088573
11.03 -0.00043548
11.035 6.3418e-005
11.04 0.00055062
11.045 0.00092911
11.05 0.00124
11.055 0.0014802
11.06 0.001582
11.065 0.0015247
11.07 0.0013263
11.075 0.001018
11.08 0.00056945
11.085 -5.6674e-005
11.09 -0.00084584
11.095 -0.0016285
11.1 -0.0022643
11.105 -0.0027803
11.11 -0.0032277
11.115 -0.0036242
11.12 -0.0039951
11.125 -0.0043279
11.13 -0.0046393
11.135 -0.0048596
11.14 -0.0049231
11.145 -0.0048526
11.15 -0.0045942
11.155 -0.0041625
11.16 -0.0036866
11.165 -0.0031596
11.17 -0.0025299
11.175 -0.0018602
11.18 -0.0012258
11.185 -0.00064063
11.19 -8.2088e-005
11.195 0.00046341
11.2 0.00095599
11.205 0.0013829
11.21 0.0018169
11.215 0.0023161
11.22 0.002866
11.225 0.0033682
11.23 0.0038141
11.235 0.0041681
11.24 0.0043571
11.245 0.0044243
11.25 0.0045021
11.255 0.0046505
11.26 0.0048109
11.265 0.0049516
11.27 0.0050908
11.275 0.0052342
11.28 0.0054008
11.285 0.0055531
11.29 0.0056405
11.295 0.0056049
11.3 0.0055244
11.305 0.0054868
11.31 0.0054655
11.315 0.0054094
11.32 0.0053083
11.325 0.0052139
11.33 0.005154
11.335 0.0051555
11.34 0.0051869
11.345 0.0051623
11.35 0.0050467
11.355 0.0048707
11.36 0.00469
11.365 0.0044845
11.37 0.0041829
11.375 0.0037483
11.38 0.0032008
11.385 0.0025994
11.39 0.002002
11.395 0.0014349
11.4 0.00088537
11.405 0.00032714
11.41 -0.00027041
11.415 -0.00092614
11.42 -0.0016432
11.425 -0.0024165
11.43 -0.0032235
11.435 -0.0040583
11.44 -0.0048664
11.445 -0.0056185
11.45 -0.0063589
11.455 -0.0070698
11.46 -0.007703
11.465 -0.008206
11.47 -0.0085348
11.475 -0.0086239
11.48 -0.008431
11.485 -0.0079936
11.49 -0.0074259
11.495 -0.0067895
11.5 -0.0060633
11.505 -0.0052805
11.51 -0.0045211
11.515 -0.0036871
11.52 -0.0026628
11.525 -0.001482
11.53 -0.00020876
11.535 0.0010786
11.54 0.0023473
11.545 0.0035491
11.55 0.0046131
11.555 0.0054962
11.56 0.0062464
11.565 0.0068977
11.57 0.0073727
11.575 0.0075683
11.58 0.0074524
11.585 0.0070706
11.59 0.0064485
11.595 0.0056748
11.6 0.0048781
11.605 0.0041434
11.61 0.0035052
11.615 0.002992
11.62 0.0026827
11.625 0.0026382
11.63 0.0027289
11.635 0.0027618
11.64 0.00263
11.645 0.0022717
11.65 0.0017087
11.655 0.0009725
11.66 0.00011496
11.665 -0.00080025
11.67 -0.0016774
11.675 -0.0024014
11.68 -0.0029514
11.685 -0.0033603
11.69 -0.0036354
11.695 -0.0037391
11.7 -0.0036637
11.705 -0.0034283
11.71 -0.0030703
11.715 -0.0026516
11.72 -0.0022722
11.725 -0.0019971
11.73 -0.0018425
11.735 -0.0018194
11.74 -0.0019537
11.745 -0.0022104
11.75 -0.0024816
11.755 -0.0026993
11.76 -0.0028851
11.765 -0.0030409
11.77 -0.0030696
11.775 -0.0028736
11.78 -0.0024017
11.785 -0.0016377
11.79 -0.00063451
11.795 0.0005025
11.8 0.001688
11.805 0.0029087
11.81 0.0041252
11.815 0.0052263
11.82 0.0061289
11.825 0.0068117
11.83 0.0073838
11.835 0.007945
11.84 0.0084749
11.845 0.0089319
11.85 0.0093388
11.855 0.0097763
11.86 0.010248
11.865 0.010669
11.87 0.010948
11.875 0.011004
11.88 0.010782
11.885 0.010296
11.89 0.0095725
11.895 0.0086422
11.9 0.0075457
11.905 0.0063506
11.91 0.0051562
11.915 0.0040709
11.92 0.0031482
11.925 0.0023534
11.93 0.0016086
11.935 0.00087182
11.94 0.00010367
11.945 -0.00063623
11.95 -0.0013889
11.955 -0.0022211
11.96 -0.0031777
11.965 -0.0042614
11.97 -0.0053956
11.975 -0.0065098
11.98 -0.0075461
11.985 -0.0084361
11.99 -0.0091435
11.995 -0.0095479
12 -0.0095714
12.005 -0.0092624
12.01 -0.008684
12.015 -0.0079141
12.02 -0.0069859
12.025 -0.0059673
12.03 -0.0049773
12.035 -0.0041574
12.04 -0.0036451
12.045 -0.0034924
12.05 -0.0036597
12.055 -0.0040268
12.06 -0.0044573
12.065 -0.0048451
12.07 -0.0051223
12.075 -0.005231
12.08 -0.0051433
12.085 -0.0047766
12.09 -0.0041554
12.095 -0.003395
12.1 -0.0026184
12.105 -0.0018423
12.11 -0.0010632
12.115 -0.00034256
12.12 0.00027666
12.125 0.0007823
12.13 0.0012605
12.135 0.0018659
12.14 0.0027336
12.145 0.0038745
12.15 0.0051701
12.155 0.0065258
12.16 0.0078558
12.165 0.0091409
12.17 0.010267
12.175 0.010993
12.18 0.011173
12.185 0.010792
12.19 0.0099483
12.195 0.0087773
12.2 0.0074278
12.205 0.0060473
12.21 0.0047271
12.215 0.0035818
12.22 0.0027699
12.225 0.0023008
12.23 0.0020502
12.235 0.0019029
12.24 0.00178
12.245 0.0015949
12.25 0.0013074
12.255 0.00088853
12.26 0.00027597
12.265 -0.00053239
12.27 -0.0014471
12.275 -0.0023783
12.28 -0.0032314
12.285 -0.0039939
12.29 -0.0047115
12.295 -0.005361
12.3 -0.0058509
12.305 -0.006137
12.31 -0.0062766
12.315 -0.0064188
12.32 -0.0066282
12.325 -0.0068982
12.33 -0.0071777
12.335 -0.0074253
12.34 -0.0076437
12.345 -0.0077934
12.35 -0.0077735
12.355 -0.0074501
12.36 -0.0068427
12.365 -0.0061417
12.37 -0.005406
12.375 -0.0046505
12.38 -0.0038895
12.385 -0.0031237
12.39 -0.0023898
12.395 -0.0017025
12.4 -0.0010726
12.405 -0.00045714
12.41 0.00011613
12.415 0.00056029
12.42 0.00085676
12.425 0.0010582
12.43 0.0012501
12.435 0.0015224
12.44 0.0018769
12.445 0.0023274
12.45 0.0029109
12.455 0.0035891
12.46 0.0043215
12.465 0.0050391
12.47 0.0056738
12.475 0.0062298
12.48 0.0066763
12.485 0.0069376
12.49 0.0069462
12.495 0.0066735
12.5 0.0060971
12.505 0.0052814
12.51 0.0042896
12.515 0.0031712
12.52 0.0020387
12.525 0.0010133
12.53 0.00018181
12.535 -0.00041565
12.54 -0.00080907
12.545 -0.001036
12.55 -0.0011058
12.555 -0.0010065
12.56 -0.00080204
12.565 -0.00057763
12.57 -0.00038918
12.575 -0.00021388
12.58 -2.8316e-005
12.585 8.4163e-005
12.59 4.8524e-005
12.595 -0.00011773
12.6 -0.00033266
12.605 -0.00047556
12.61 -0.00055851
12.615 -0.00064345
12.62 -0.00073689
12.625 -0.00086889
12.63 -0.0011062
12.635 -0.0014881
12.64 -0.0020616
12.645 -0.002856
12.65 -0.0037839
12.655 -0.0047258
12.66 -0.0056135
12.665 -0.0064626
12.67 -0.0072307
12.675 -0.0078272
12.68 -0.0081771
12.685 -0.0082453
12.69 -0.0080153
12.695 -0.0075184
12.7 -0.0068248
12.705 -0.0059898
12.71 -0.0050802
12.715 -0.0041154
12.72 -0.0031249
12.725 -0.0022142
12.73 -0.0014648
12.735 -0.00094525
12.74 -0.00063015
12.745 -0.00044658
12.75 -0.00035999
12.755 -0.00037484
12.76 -0.00047085
12.765 -0.00057214
12.77 -0.00059603
12.775 -0.00050871
12.78 -0.00032805
12.785 -0.00014305
12.79 7.5362e-005
12.795 0.00036395
12.8 0.00061844
12.805 0.00078612
12.81 0.0008864
12.815 0.00092124
12.82 0.00087466
12.825 0.0007057
12.83 0.00040282
12.835 -4.5863e-005
12.84 -0.00047188
12.845 -0.00076566
12.85 -0.00097803
12.855 -0.0011615
12.86 -0.0013452
12.865 -0.001549
12.87 -0.0018224
12.875 -0.0022004
12.88 -0.0026213
12.885 -0.0029112
12.89 -0.0029545
12.895 -0.002764
12.9 -0.0024093
12.905 -0.0019339
12.91 -0.0013233
12.915 -0.00052884
12.92 0.00042168
12.925 0.0013614
12.93 0.0021555
12.935 0.0027751
12.94 0.0032327
12.945 0.00345
12.95 0.0034147
12.955 0.0031735
12.96 0.0028014
12.965 0.0024121
12.97 0.0020713
12.975 0.0017858
12.98 0.0015161
12.985 0.001261
12.99 0.0010734
12.995 0.0010125
13 0.0010633
13.005 0.0011148
13.01 0.0010771
13.015 0.00092789
13.02 0.00068406
13.025 0.00034698
13.03 -5.7985e-005
13.035 -0.00046239
13.04 -0.0007888
13.045 -0.001009
13.05 -0.0010459
13.055 -0.00090313
13.06 -0.00067734
13.065 -0.00041787
13.07 -0.00016921
13.075 6.1565e-005
13.08 0.00028971
13.085 0.00049621
13.09 0.00069393
13.095 0.00083544
13.1 0.00085834
13.105 0.00075201
13.11 0.00056332
13.115 0.00036317
13.12 0.00015507
13.125 -1.213e-005
13.13 -1.621e-005
13.135 0.00026247
13.14 0.0008047
13.145 0.0015048
13.15 0.0022405
13.155 0.0029016
13.16 0.0034141
13.165 0.0037307
13.17 0.0038131
13.175 0.0036006
13.18 0.0031083
13.185 0.0024513
13.19 0.001774
13.195 0.0011775
13.2 0.00073788
13.205 0.00047817
13.21 0.00035277
13.215 0.00031661
13.22 0.00035749
13.225 0.00041681
13.23 0.00045925
13.235 0.00045208
13.24 0.00046752
13.245 0.0005874
13.25 0.00080009
13.255 0.0010598
13.26 0.0013154
13.265 0.0015805
13.27 0.0019557
13.275 0.0025522
13.28 0.0033251
13.285 0.0041042
13.29 0.0047157
13.295 0.0051138
13.3 0.0053152
13.305 0.00526
13.31 0.0048488
13.315 0.004018
13.32 0.0029058
13.325 0.0016936
13.33 0.00043414
13.335 -0.00080691
13.34 -0.0020188
13.345 -0.0031757
13.35 -0.0041659
13.355 -0.0048679
13.36 -0.0052338
13.365 -0.0053206
13.37 -0.005262
13.375 -0.0051737
13.38 -0.0051085
13.385 -0.0051177
13.39 -0.0052402
13.395 -0.0054451
13.4 -0.0056532
13.405 -0.0057595
13.41 -0.0056581
13.415 -0.0052943
13.42 -0.0046963
13.425 -0.003944
13.43 -0.0031263
13.435 -0.0022831
13.44 -0.0013977
13.445 -0.00057354
13.45 5.6035e-005
13.455 0.00043691
13.46 0.00059242
13.465 0.00060261
13.47 0.00057888
13.475 0.00063452
13.48 0.00084095
13.485 0.0012487
13.49 0.0019145
13.495 0.0028218
13.5 0.0038471
13.505 0.0048809
13.51 0.005833
13.515 0.0065556
13.52 0.0070192
13.525 0.0072507
13.53 0.0072436
13.535 0.007004
13.54 0.0066198
13.545 0.0062026
13.55 0.0057935
13.555 0.0053948
13.56 0.0050039
13.565 0.004638
13.57 0.0043096
13.575 0.0040238
13.58 0.0038046
13.585 0.0036761
13.59 0.0035967
13.595 0.0034585
13.6 0.003132
13.605 0.0025638
13.61 0.0018127
13.615 0.00098697
13.62 0.00014266
13.625 -0.00076863
13.63 -0.0017294
13.635 -0.0026207
13.64 -0.0033181
13.645 -0.0036964
13.65 -0.0037813
13.655 -0.0037248
13.66 -0.0035572
13.665 -0.0032369
13.67 -0.0027697
13.675 -0.0022003
13.68 -0.0016393
13.685 -0.0011964
13.69 -0.00091505
13.695 -0.00081803
13.7 -0.00089683
13.705 -0.0010854
13.71 -0.0012801
13.715 -0.0013963
13.72 -0.0014607
13.725 -0.001507
13.73 -0.0014907
13.735 -0.0014439
13.74 -0.0015104
13.745 -0.0017681
13.75 -0.0021477
13.755 -0.0025322
13.76 -0.0028816
13.765 -0.0031315
13.77 -0.0032569
13.775 -0.0032579
13.78 -0.0030936
13.785 -0.0027454
13.79 -0.0022313
13.795 -0.0015411
13.8 -0.00068182
13.805 0.00027001
13.81 0.0012871
13.815 0.0022751
13.82 0.0030186
13.825 0.0034056
13.83 0.0034183
13.835 0.0031522
13.84 0.002692
13.845 0.0020595
13.85 0.0013444
13.855 0.00071778
13.86 0.00030482
13.865 0.00014677
13.87 0.00020021
13.875 0.00041382
13.88 0.00077392
13.885 0.001247
13.89 0.0017485
13.895 0.0021667
13.9 0.0023703
13.905 0.0023693
13.91 0.0022076
13.915 0.0018796
13.92 0.0014114
13.925 0.0008291
13.93 0.00018244
13.935 -0.00048182
13.94 -0.0010987
13.945 -0.001568
13.95 -0.0017923
13.955 -0.0017995
13.96 -0.0016821
13.965 -0.0015318
13.97 -0.0014426
13.975 -0.0014669
13.98 -0.0015936
13.985 -0.0017443
13.99 -0.001837
13.995 -0.0018252
14 -0.0017775
14.005 -0.0017294
14.01 -0.001654
14.015 -0.001578
14.02 -0.0015599
14.025 -0.0016367
14.03 -0.0017967
14.035 -0.0020167
14.04 -0.0022772
14.045 -0.0025458
14.05 -0.0027869
14.055 -0.0029449
14.06 -0.0030188
14.065 -0.0030289
14.07 -0.0030016
14.075 -0.0029546
14.08 -0.0029273
14.085 -0.0029335
14.09 -0.002957
14.095 -0.0029134
14.1 -0.0027331
14.105 -0.0024082
14.11 -0.0019694
14.115 -0.0014124
14.12 -0.00071584
14.125 0.00011589
14.13 0.00095475
14.135 0.0016432
14.14 0.0021456
14.145 0.0024659
14.15 0.0025755
14.155 0.0025152
14.16 0.0023633
14.165 0.0021994
14.17 0.0020614
14.175 0.0019419
14.18 0.0018736
14.185 0.0018917
14.19 0.0020383
14.195 0.0022845
14.2 0.0025695
14.205 0.0028168
14.21 0.0029932
14.215 0.003064
14.22 0.0030954
14.225 0.0031234
14.23 0.003124
14.235 0.003052
14.24 0.0029232
14.245 0.0027702
14.25 0.0026685
14.255 0.002649
14.26 0.002655
14.265 0.0026633
14.27 0.0027131
14.275 0.0028139
14.28 0.0028867
14.285 0.0028173
14.29 0.00257
14.295 0.002163
14.3 0.001638
14.305 0.0010117
14.31 0.00027723
14.315 -0.00057565
14.32 -0.001437
14.325 -0.0021834
14.33 -0.0027529
14.335 -0.0030901
14.34 -0.0032114
14.345 -0.0031755
14.35 -0.0030071
14.355 -0.0027144
14.36 -0.0022951
14.365 -0.0017737
14.37 -0.0012244
14.375 -0.00069403
14.38 -0.00022242
14.385 0.00010083
14.39 0.00021249
14.395 0.00015768
14.4 3.3427e-005
14.405 -8.9007e-005
14.41 -0.00020295
14.415 -0.0002788
14.42 -0.00031814
14.425 -0.0003371
14.43 -0.00033983
14.435 -0.00031555
14.44 -0.00026951
14.445 -0.00025482
14.45 -0.00028096
14.455 -0.00034741
14.46 -0.00046788
14.465 -0.00061311
14.47 -0.00072813
14.475 -0.00077016
14.48 -0.00072492
14.485 -0.00058733
14.49 -0.00037005
14.495 -0.0001193
14.5 8.4846e-005
14.505 0.0001649
14.51 4.6259e-005
14.515 -0.00030184
14.52 -0.0008879
14.525 -0.0016715
14.53 -0.0025605
14.535 -0.0034711
14.54 -0.0043406
14.545 -0.0051562
14.55 -0.0058827
14.555 -0.0064335
14.56 -0.0066962
14.565 -0.0066393
14.57 -0.0063215
14.575 -0.0058304
14.58 -0.0052764
14.585 -0.0047195
14.59 -0.004183
14.595 -0.003705
14.6 -0.0033527
14.605 -0.0031392
14.61 -0.0030587
14.615 -0.0030166
14.62 -0.0029463
14.625 -0.0028663
14.63 -0.0027506
14.635 -0.0025489
14.64 -0.0022236
14.645 -0.0017896
14.65 -0.0013066
14.655 -0.0008514
14.66 -0.00045109
14.665 -0.00012736
14.67 0.00014803
14.675 0.0004066
14.68 0.00061401
14.685 0.00076803
14.69 0.00092537
14.695 0.0011257
14.7 0.0013356
14.705 0.00156
14.71 0.0018038
14.715 0.002035
14.72 0.0022779
14.725 0.0025672
14.73 0.0029075
14.735 0.0032218
14.74 0.003502
14.745 0.0037955
14.75 0.0040692
14.755 0.0042312
14.76 0.0042576
14.765 0.0042013
14.77 0.0041801
14.775 0.0042107
14.78 0.0043342
14.785 0.0045913
14.79 0.0048719
14.795 0.0051677
14.8 0.0054422
14.805 0.0056499
14.81 0.005781
14.815 0.0057671
14.82 0.0055633
14.825 0.0051926
14.83 0.0047195
14.835 0.004195
14.84 0.0036796
14.845 0.0032153
14.85 0.0028867
14.855 0.0027467
14.86 0.0027569
14.865 0.0028597
14.87 0.0030032
14.875 0.0031382
14.88 0.0031956
14.885 0.0030968
14.89 0.0028394
14.895 0.0024786
14.9 0.0020764
14.905 0.0016498
14.91 0.0012214
14.915 0.00088501
14.92 0.00068342
14.925 0.00058015
14.93 0.00055042
14.935 0.00059767
14.94 0.00069823
14.945 0.00080159
14.95 0.00084635
14.955 0.00081407
14.96 0.00072907
14.965 0.00061151
14.97 0.00049702
14.975 0.00040169
14.98 0.00028953
14.985 0.00016949
14.99 4.6221e-005
14.995 -3.2065e-005
15 -0.00010894
15.005 -0.00023105
15.01 -0.00038666
15.015 -0.00057108
15.02 -0.00082861
15.025 -0.0011344
15.03 -0.0014145
15.035 -0.0016489
15.04 -0.0018539
15.045 -0.002039
15.05 -0.0022346
15.055 -0.0023759
15.06 -0.0023855
15.065 -0.0023238
15.07 -0.0023113
15.075 -0.0023601
15.08 -0.0023899
15.085 -0.0023631
15.09 -0.0022963
15.095 -0.0022086
15.1 -0.0020935
15.105 -0.0019526
15.11 -0.0018118
15.115 -0.0016541
15.12 -0.0015397
15.125 -0.0015391
15.13 -0.0016706
15.135 -0.001894
15.14 -0.0022035
15.145 -0.0026216
15.15 -0.0031492
15.155 -0.003746
15.16 -0.004376
15.165 -0.0049873
15.17 -0.0055628
15.175 -0.0060514
15.18 -0.0063969
15.185 -0.0065765
15.19 -0.0066074
15.195 -0.0065891
15.2 -0.0065761
15.205 -0.0066393
15.21 -0.0068184
15.215 -0.0070395
15.22 -0.0071938
15.225 -0.007189
15.23 -0.0070569
15.235 -0.006832
15.24 -0.0064664
15.245 -0.005945
15.25 -0.0053342
15.255 -0.0046854
15.26 -0.0039911
15.265 -0.0031999
15.27 -0.0022464
15.275 -0.0011546
15.28 -3.829e-005
15.285 0.0010038
15.29 0.0019304
15.295 0.0027645
15.3 0.0035172
15.305 0.0041808
15.31 0.0047031
15.315 0.0050981
15.32 0.005394
15.325 0.0056059
15.33 0.0057427
15.335 0.0057917
15.34 0.0057838
15.345 0.0057873
15.35 0.0058013
15.355 0.0058514
15.36 0.0059495
15.365 0.0060393
15.37 0.0060648
15.375 0.0060111
15.38 0.0058679
15.385 0.005643
15.39 0.0053464
15.395 0.0049828
15.4 0.0045814
15.405 0.004191
15.41 0.0038852
15.415 0.0037425
15.42 0.0037607
15.425 0.0038403
15.43 0.0038756
15.435 0.0038275
15.44 0.0036552
15.445 0.0033775
15.45 0.002977
15.455 0.0024599
15.46 0.0018349
15.465 0.0010905
15.47 0.00030251
15.475 -0.000428
15.48 -0.0010634
15.485 -0.0016204
15.49 -0.0020174
15.495 -0.0021878
15.5 -0.002147
15.505 -0.0019241
15.51 -0.0015686
15.515 -0.0011526
15.52 -0.00075155
15.525 -0.00042071
15.53 -0.00016523
15.535 7.0186e-006
15.54 7.4293e-005
15.545 4.0301e-005
15.55 -7.8543e-005
15.555 -0.00024525
15.56 -0.00038787
15.565 -0.00047692
15.57 -0.00052795
15.575 -0.00054555
15.58 -0.0004825
15.585 -0.00032093
15.59 -0.00012703
15.595 2.1569e-005
15.6 0.0001041
15.605 0.00015508
15.61 0.00020922
15.615 0.00028708
15.62 0.00036602
15.625 0.00043013
15.63 0.00049164
15.635 0.0005653
15.64 0.00065319
15.645 0.00076149
15.65 0.00087241
15.655 0.00094095
15.66 0.00097663
15.665 0.0010197
15.67 0.0010617
15.675 0.0010665
15.68 0.0010161
15.685 0.00093016
15.69 0.00081581
15.695 0.00065729
15.7 0.00046989
15.705 0.00026168
15.71 3.3432e-006
15.715 -0.0003123
15.72 -0.00067404
15.725 -0.0010442
15.73 -0.0013877
15.735 -0.0016891
15.74 -0.0019833
15.745 -0.0022805
15.75 -0.0025658
15.755 -0.0028096
15.76 -0.0030243
15.765 -0.0032379
15.77 -0.0034575
15.775 -0.0036733
15.78 -0.0038742
15.785 -0.0040294
15.79 -0.0041176
15.795 -0.0041161
15.8 -0.0040259
15.805 -0.0038494
15.81 -0.00357
15.815 -0.0031871
15.82 -0.0027365
15.825 -0.0022437
15.83 -0.0017112
15.835 -0.0011429
15.84 -0.00060324
15.845 -0.00014296
15.85 0.00024157
15.855 0.00059629
15.86 0.00094057
15.865 0.0012377
15.87 0.0014584
15.875 0.0016176
15.88 0.0017292
15.885 0.0018281
15.89 0.0019227
15.895 0.0019998
15.9 0.0020519
15.905 0.0021017
15.91 0.0021167
15.915 0.00211
15.92 0.0020715
15.925 0.0019784
15.93 0.0014398
15.935 0.00068523
15.94 0.00030891
15.945 0.00033207
15.95 0.00047028
15.955 0.00050058
15.96 0.00044418
15.965 0.00038661
15.97 0.00037433
15.975 0.00037873
15.98 0.00037637
15.985 0.00035869
15.99 0.00034087
15.995 0.00032623
16 0.00031682
16.005 0.00030556
16.01 0.00029412
16.015 0.00028091
16.02 0.00026955
16.025 0.00025778
16.03 0.00024727
16.035 0.00023576
16.04 0.00022523
16.045 0.00021405
16.05 0.00020395
16.055 0.00019327
16.06 0.0001835
16.065 0.00017321
16.07 0.00016376
16.075 0.00015389
16.08 0.00014481
16.085 0.00013535
16.09 0.00012662
16.095 0.00011758
16.1 0.00010921
16.105 0.00010057
16.11 9.2569e-005
16.115 8.4336e-005
16.12 7.6701e-005
16.125 6.8871e-005
16.13 6.1605e-005
16.135 5.4176e-005
16.14 4.7279e-005
16.145 4.0246e-005
16.15 3.3716e-005
16.155 2.7077e-005
16.16 2.0914e-005
16.165 1.4662e-005
16.17 8.863e-006
16.175 2.9962e-006
16.18 -2.4426e-006
16.185 -7.9317e-006
16.19 -1.3014e-005
16.195 -1.813e-005
16.2 -2.2859e-005
16.205 -2.7609e-005
16.21 -3.199e-005
16.215 -3.638e-005
16.22 -4.042e-005
16.225 -4.4457e-005
16.23 -4.8161e-005
16.235 -5.1854e-005
16.24 -5.5229e-005
16.245 -5.8584e-005
16.25 -6.1638e-005
16.255 -6.4664e-005
16.26 -6.7404e-005
16.265 -7.0111e-005
16.27 -7.2544e-005
16.275 -7.494e-005
16.28 -7.7076e-005
16.285 -7.917e-005
16.29 -8.1017e-005
16.295 -8.2818e-005
16.3 -8.4386e-005
16.305 -8.5903e-005
16.31 -8.72e-005
16.315 -8.8445e-005
16.32 -8.9481e-005
16.325 -9.0463e-005
16.33 -9.1248e-005
16.335 -9.1977e-005
16.34 -9.252e-005
16.345 -9.3007e-005
16.35 -9.3318e-005
16.355 -9.3573e-005
16.36 -9.3662e-005
16.365 -9.3695e-005
16.37 -9.3573e-005
16.375 -9.3394e-005
16.38 -9.307e-005
16.385 -9.2691e-005
16.39 -9.2175e-005
16.395 -9.1605e-005
16.4 -9.0907e-005
16.405 -9.0157e-005
16.41 -8.9288e-005
16.415 -8.8367e-005
16.42 -8.7336e-005
16.425 -8.6256e-005
16.43 -8.5073e-005
16.435 -8.3842e-005
16.44 -8.2517e-005
16.445 -8.1146e-005
16.45 -7.9688e-005
16.455 -7.8186e-005
16.46 -7.6605e-005
16.465 -7.4981e-005
16.47 -7.3285e-005
16.475 -7.155e-005
16.48 -6.9748e-005
16.485 -6.7909e-005
16.49 -6.601e-005
16.495 -6.4076e-005
16.5 -6.2088e-005
16.505 -6.0068e-005
16.51 -5.7999e-005
16.515 -5.5901e-005
16.52 -5.3759e-005
16.525 -5.1589e-005
16.53 -4.9382e-005
16.535 -4.7149e-005
16.54 -4.4882e-005
16.545 -4.2593e-005
16.55 -4.0274e-005
16.555 -3.7936e-005
16.56 -3.5571e-005
16.565 -3.3189e-005
16.57 -3.0785e-005
16.575 -2.8365e-005
16.58 -2.5927e-005
16.585 -2.3475e-005
16.59 -2.1008e-005
16.595 -1.8529e-005
16.6 -1.6039e-005
16.605 -1.3538e-005
16.61 -1.1028e-005
16.615 -8.5098e-006
16.62 -5.9844e-006
16.625 -3.453e-006
