0.02 2.2683e-007
0.04 8.5689e-007
0.06 2.2837e-006
0.08 -7.2421e-006
0.1 4.3716e-005
0.12 7.082e-005
0.14 -7.6934e-005
0.16 4.7159e-005
0.18 0.00011163
0.2 -1.2756e-005
0.22 0.00018488
0.24 9.1702e-005
0.26 0.00019278
0.28 0.00031785
0.3 -0.00012481
0.32 -0.00055648
0.34 4.8402e-006
0.36 0.00029859
0.38 -0.00045342
0.4 0.00022232
0.42 0.0016541
0.44 -0.00024891
0.46 -0.0012962
0.48 0.00037068
0.5 0.0010573
0.52 0.0018581
0.54 -0.0011519
0.56 -0.0039555
0.58 -0.0017829
0.6 0.00036004
0.62 0.0022725
0.64 0.000851
0.66 -0.00031508
0.68 -0.00039527
0.7 -0.0027716
0.72 -0.0022638
0.74 0.00080936
0.76 -0.00048404
0.78 0.0062619
0.8 0.0023092
0.82 -6.9072e-005
0.84 0.0053823
0.86 -0.0030871
0.88 -0.0095992
0.9 -0.0057473
0.92 -0.00095389
0.94 0.0045672
0.96 0.0060845
0.98 0.00080728
1 0.002746
1.02 0.00069734
1.04 -0.0033094
1.06 -0.003747
1.08 0.0026962
1.1 -0.0012893
1.12 -0.0010264
1.14 0.0043121
1.16 -0.0061554
1.18 -0.0013455
1.2 -0.0013266
1.22 -0.0053648
1.24 -0.00032602
1.26 0.0040286
1.28 0.0018638
1.3 0.010471
1.32 0.003112
1.34 -0.00023026
1.36 0.0073251
1.38 0.002386
1.4 -0.0047314
1.42 -0.0040993
1.44 0.0025574
1.46 -0.0009037
1.48 -0.0058625
1.5 0.0048458
1.52 0.018409
1.54 0.015117
1.56 0.0001484
1.58 -0.014225
1.6 -0.012307
1.62 -0.024027
1.64 -0.018135
1.66 0.00031583
1.68 0.0087328
1.7 0.019996
1.72 0.011697
1.74 -0.00055177
1.76 -0.0058654
1.78 -0.00537
1.8 -0.0040412
1.82 -0.010957
1.84 -0.0053586
1.86 -0.00096398
1.88 0.0010451
1.9 -0.0028659
1.92 -0.014021
1.94 -0.011418
1.96 0.0025189
1.98 -0.0021242
2 0.0027825
2.02 0.020753
2.04 0.022148
2.06 0.012144
2.08 0.0047805
2.1 0.0010016
2.12 -0.016118
2.14 -0.025641
2.16 -0.020755
2.18 -0.0014684
2.2 0.018717
2.22 0.021041
2.24 0.015573
2.26 0.010583
2.28 -3.08e-005
2.3 -0.020929
2.32 -0.010652
2.34 0.0066921
2.36 0.0079028
2.38 0.0001556
2.4 0.00466
2.42 0.010338
2.44 0.011839
2.46 -0.011687
2.48 -0.025278
2.5 -0.0096369
2.52 0.010028
2.54 0.016498
2.56 0.00065504
2.58 -0.028222
2.6 -0.06076
2.62 -0.082895
2.64 -0.068832
2.66 -0.048868
2.68 0.0023496
2.7 0.1021
2.72 0.14555
2.74 0.12646
2.76 0.092155
2.78 0.024521
2.8 -0.072299
2.82 -0.13081
2.84 -0.12127
2.86 -0.078478
2.88 0.0075109
2.9 0.095606
2.92 0.10322
2.94 0.069257
2.96 0.029823
2.98 0.018838
3 0.031248
3.02 0.065246
3.04 0.085022
3.06 0.059491
3.08 0.037782
3.1 0.036129
3.12 -0.0039865
3.14 -0.13445
3.16 -0.23463
3.18 -0.22288
3.2 -0.17051
3.22 -0.023017
3.24 0.19492
3.26 0.20504
3.28 0.062935
3.3 -0.054788
3.32 -0.10762
3.34 -0.044176
3.36 0.06124
3.38 0.14722
3.4 0.1231
3.42 -0.027896
3.44 -0.26959
3.46 -0.30825
3.48 -0.15595
3.5 0.084774
3.52 0.25598
3.54 0.36532
3.56 0.266
3.58 0.083691
3.6 -0.035917
3.62 -0.10097
3.64 -0.085631
3.66 -0.12019
3.68 -0.22243
3.7 -0.20711
3.72 -0.038792
3.74 0.076947
3.76 0.17725
3.78 0.25738
3.8 0.087473
3.82 -0.17692
3.84 -0.26078
3.86 -0.20366
3.88 -0.15856
3.9 -0.11015
3.92 -0.07221
3.94 -0.06533
3.96 0.024429
3.98 0.12987
4 0.091531
4.02 0.040998
4.04 0.049298
4.06 0.13922
4.08 0.21752
4.1 0.2292
4.12 0.26163
4.14 0.23712
4.16 0.026349
4.18 -0.13529
4.2 -0.12494
4.22 -0.16287
4.24 -0.22817
4.26 -0.19702
4.28 -0.16118
4.3 -0.15408
4.32 -0.15366
4.34 -0.12989
4.36 0.0081113
4.38 0.22218
4.4 0.37448
4.42 0.30768
4.44 0.14099
4.46 0.02581
4.48 -0.065252
4.5 -0.079658
4.52 -0.024834
4.54 0.074441
4.56 0.10388
4.58 0.010199
4.6 -0.066166
4.62 -0.17982
4.64 -0.20772
4.66 -0.097439
4.68 0.053297
4.7 0.22004
4.72 0.33531
4.74 0.27581
4.76 0.020901
4.78 -0.15535
4.8 -0.1192
4.82 -0.090311
4.84 -0.055096
4.86 -0.030713
4.88 -0.098697
4.9 -0.098159
4.92 -0.03324
4.94 -0.097684
4.96 -0.19836
4.98 -0.25886
5 -0.23954
5.02 -0.13959
5.04 0.08823
5.06 0.25797
5.08 0.3046
5.1 0.23469
5.12 0.061233
5.14 -0.11483
5.16 -0.2186
5.18 -0.24198
5.2 -0.20969
5.22 -0.1369
5.24 -0.01006
5.26 0.10075
5.28 0.24127
5.3 0.37593
5.32 0.3142
5.34 0.12738
5.36 0.046959
5.38 0.013722
5.4 0.038275
5.42 0.055737
5.44 0.028397
5.46 0.00311
5.48 -0.045327
5.5 -0.056725
5.52 0.016042
5.54 -0.0031743
5.56 -0.04653
5.58 -0.03092
5.6 -0.02107
5.62 -0.062447
5.64 -0.099757
5.66 -0.15059
5.68 -0.11351
5.7 0.051733
5.72 0.10808
5.74 0.049301
5.76 0.0002699
5.78 -0.036171
5.8 -0.13153
5.82 -0.15354
5.84 -0.070417
5.86 0.042806
5.88 0.07581
5.9 -0.020666
5.92 -0.15921
5.94 -0.17395
5.96 -0.041526
5.98 0.10784
6 0.21643
6.02 0.27104
6.04 0.22797
6.06 0.10612
6.08 -0.053073
6.1 -0.14186
6.12 -0.1815
6.14 -0.12822
6.16 -0.079241
6.18 -0.011581
6.2 0.1011
6.22 0.20477
6.24 0.21446
6.26 0.1596
6.28 0.05641
6.3 -0.072914
6.32 -0.12127
6.34 -0.11073
6.36 -0.11647
6.38 -0.087288
6.4 -0.023369
6.42 -0.013204
6.44 0.012941
6.46 0.062772
6.48 0.045219
6.5 -0.022728
6.52 -0.029155
6.54 0.0088136
6.56 0.0039953
6.58 -0.049103
6.6 -0.036461
6.62 -8.6897e-005
6.64 0.040934
6.66 0.064956
6.68 0.010542
6.7 -0.024527
6.72 -0.005951
6.74 0.0089538
6.76 -0.019089
6.78 -0.059144
6.8 -0.044822
6.82 0.028638
6.84 0.081459
6.86 0.078836
6.88 0.088842
6.9 0.085524
6.92 0.046869
6.94 0.010237
6.96 -0.012285
6.98 -0.04338
7 -0.094462
7.02 -0.10182
7.04 -0.088438
7.06 -0.079494
7.08 -0.044428
7.1 0.02144
7.12 0.052015
7.14 0.04495
7.16 0.028941
7.18 -0.017242
7.2 -0.066433
7.22 -0.099663
7.24 -0.099452
7.26 -0.048374
7.28 0.018048
7.3 0.077651
7.32 0.1242
7.34 0.12481
7.36 0.10031
7.38 0.057396
7.4 0.010953
7.42 -0.045037
7.44 -0.08309
7.46 -0.080951
7.48 -0.057309
7.5 -0.02216
7.52 0.018565
7.54 0.061474
7.56 0.0685
7.58 0.038628
7.6 0.017494
7.62 0.0013553
7.64 -0.013349
7.66 -0.027561
7.68 -0.041761
7.7 -0.067213
7.72 -0.067272
7.74 -0.034891
7.76 -0.021115
7.78 -0.012633
7.8 0.021289
7.82 0.055557
7.84 0.062262
7.86 0.055615
7.88 0.03685
7.9 0.0054647
7.92 -0.011767
7.94 -0.012772
7.96 -0.0072733
7.98 0.0048291
8 0.010633
8.02 0.0040925
8.04 -0.0077167
8.06 -0.012852
8.08 -0.025436
8.1 -0.043043
8.12 -0.054599
8.14 -0.061277
8.16 -0.060555
8.18 -0.033372
8.2 0.020092
8.22 0.084362
8.24 0.10927
8.26 0.12459
8.28 0.11556
8.3 0.076501
8.32 0.030782
8.34 -0.0016529
8.36 -0.012392
8.38 -0.025479
8.4 -0.032682
8.42 -0.023403
8.44 -0.018019
8.46 -0.021615
8.48 -0.028886
8.5 -0.025998
8.52 -0.028134
8.54 -0.031278
8.56 -0.022494
8.58 -0.021362
8.6 -0.017957
8.62 -0.020722
8.64 -0.027972
8.66 -0.048879
8.68 -0.059445
8.7 -0.060159
8.72 -0.052955
8.74 -0.040131
8.76 -0.027831
8.78 -0.014087
8.8 -0.0042839
8.82 0.02628
8.84 0.060922
8.86 0.069149
8.88 0.070985
8.9 0.086879
8.92 0.094244
8.94 0.092769
8.96 0.080327
8.98 0.05278
9 0.020873
9.02 -0.02422
9.04 -0.073364
9.06 -0.089472
9.08 -0.075105
9.1 -0.065216
9.12 -0.0444
9.14 -0.01699
9.16 0.0060496
9.18 0.022133
9.2 0.025717
9.22 0.022118
9.24 0.022988
9.26 0.028562
9.28 0.026566
9.3 0.021496
9.32 0.0082682
9.34 -0.0018818
9.36 0.006491
9.38 0.0067332
9.4 -0.0067321
9.42 -0.011465
9.44 -0.015458
9.46 -0.019593
9.48 -0.031533
9.5 -0.047275
9.52 -0.044307
9.54 -0.034861
9.56 -0.031757
9.58 -0.013489
9.6 0.019672
9.62 0.046143
9.64 0.046855
9.66 0.028281
9.68 0.0034561
9.7 -0.0027932
9.72 0.014498
9.74 0.033357
9.76 0.030007
9.78 0.020798
9.8 -0.0019652
9.82 -0.020159
9.84 -0.014725
9.86 -0.0015364
9.88 -0.0038109
9.9 -0.030349
9.92 -0.058676
9.94 -0.061161
9.96 -0.047694
9.98 -0.038016
10 -0.014827
10.02 0.03358
10.04 0.038138
10.06 0.028811
10.08 0.049654
10.1 0.060491
10.12 0.040623
10.14 0.0161
10.16 0.0012928
10.18 -0.011587
10.2 -0.012686
10.22 -0.0021675
10.24 -0.0066666
10.26 -0.012078
10.28 -0.0041781
10.3 0.0023715
10.32 0.012737
10.34 0.0166
10.36 0.016003
10.38 0.014578
10.4 0.0059616
10.42 0.0074545
10.44 0.015583
10.46 0.010094
10.48 0.012439
10.5 0.023426
10.52 0.01524
10.54 -0.011149
10.56 -0.032732
10.58 -0.030053
10.6 -0.020055
10.62 -0.018326
10.64 -0.013962
10.66 -0.016089
10.68 -0.023336
10.7 -0.028468
10.72 -0.03197
10.74 -0.03818
10.76 -0.0427
10.78 -0.030268
10.8 -0.0069928
10.82 0.017995
10.84 0.038842
10.86 0.063812
10.88 0.078905
10.9 0.075378
10.92 0.063604
10.94 0.029785
10.96 -0.017598
10.98 -0.027924
11 -0.019909
11.02 -0.023018
11.04 -0.033476
11.06 -0.038686
11.08 -0.042082
11.1 -0.033061
11.12 -0.00042209
11.14 0.0318
11.16 0.031936
11.18 0.0028386
11.2 -0.029458
11.22 -0.045719
11.24 -0.054749
11.26 -0.045812
11.28 -0.02066
11.3 0.0060322
11.32 0.018533
11.34 0.0233
11.36 0.024289
11.38 0.021301
11.4 0.017934
11.42 0.015552
11.44 0.011852
11.46 0.011615
11.48 0.013799
11.5 0.013603
11.52 0.013729
11.54 0.028336
11.56 0.039267
11.58 0.036524
11.6 0.012067
11.62 -0.013991
11.64 -0.030547
11.66 -0.03411
11.68 -0.019763
11.7 -0.0035214
11.72 0.010531
11.74 0.018936
11.76 0.010491
11.78 -0.0017143
11.8 -0.0056719
11.82 0.0027522
11.84 0.013789
11.86 0.005649
11.88 -0.0085775
11.9 -0.014666
11.92 -0.0065375
11.94 -0.010889
11.96 -0.034715
11.98 -0.048149
12 -0.050228
12.02 -0.03827
12.04 -0.021743
12.06 0.00062854
12.08 0.031176
12.1 0.040217
12.12 0.026574
12.14 0.011496
12.16 0.010538
12.18 0.00085246
12.2 -0.013057
12.22 -0.015794
12.24 -0.0031676
12.26 0.013358
12.28 0.021359
12.3 0.023872
12.32 0.012051
12.34 0.0059946
12.36 0.0087512
12.38 0.0069231
12.4 0.011128
12.42 0.021727
12.44 0.029079
12.46 0.03154
12.48 0.029429
12.5 0.0092225
12.52 -0.018059
12.54 -0.028052
12.56 -0.023753
12.58 -0.01641
12.6 -0.008231
12.62 -0.0031236
12.64 -0.0028291
12.66 -0.0062765
12.68 -0.0056522
12.7 -0.0032247
12.72 -0.007164
12.74 -0.0084736
12.76 -0.0092757
12.78 -0.007534
12.8 -0.005293
12.82 -0.0041373
12.84 0.0025293
12.86 0.00078947
12.88 -0.008484
12.9 -0.0088833
12.92 -0.0010163
12.94 0.0084841
12.96 0.0016414
12.98 -0.010564
13 -0.019243
13.02 -0.024914
13.04 -0.02365
13.06 -0.016226
13.08 -0.019512
13.1 -0.019207
13.12 -0.0092509
13.14 -0.0029551
13.16 -0.0079301
13.18 -0.0084531
13.2 0.0058641
13.22 0.018197
13.24 0.024475
13.26 0.033918
13.28 0.041814
13.3 0.032492
13.32 0.013308
13.34 -0.0028345
13.36 -0.0050882
13.38 0.011263
13.4 0.017841
13.42 0.0067061
13.44 -0.00073491
13.46 -0.002011
13.48 0.0055651
13.5 0.0084487
13.52 0.0016975
13.54 -0.0077846
13.56 -0.014497
13.58 -0.016533
13.6 -0.0077706
13.62 0.0026141
13.64 0.010434
13.66 0.010114
13.68 -0.0022888
13.7 -0.0090951
13.72 -0.0089506
13.74 -0.013346
13.76 -0.022158
13.78 -0.027753
13.8 -0.023685
13.82 -0.012715
13.84 0.0020721
13.86 0.025282
13.88 0.048211
13.9 0.051158
13.92 0.042973
13.94 0.034731
13.96 0.0098079
13.98 -0.01845
14 -0.031549
14.02 -0.032277
14.04 -0.016423
14.06 -0.0052434
14.08 -0.014553
14.1 -0.022283
14.12 -0.014428
14.14 -0.0029772
14.16 0.00946
14.18 0.0090637
14.2 -0.00016521
14.22 -0.0060077
14.24 -0.0083951
14.26 -0.0014145
14.28 0.014426
14.3 0.023624
14.32 0.025789
14.34 0.026111
14.36 0.021241
14.38 0.015896
14.4 0.016914
14.42 0.011494
14.44 -0.0033708
14.46 -0.017396
14.48 -0.027567
14.5 -0.031829
14.52 -0.022375
14.54 0.0065351
14.56 0.02705
14.58 0.019471
14.6 0.0022552
14.62 -0.01275
14.64 -0.021433
14.66 -0.018205
14.68 -0.018685
14.7 -0.01487
14.72 -0.014608
14.74 -0.021013
14.76 -0.0218
14.78 -0.00897
14.8 0.0098219
14.82 0.01618
14.84 0.016475
14.86 0.011322
14.88 0.0032179
14.9 -0.004214
14.92 -0.0075018
14.94 -0.0043002
14.96 -0.006075
14.98 -0.012156
15 -0.0062302
15.02 0.0032091
15.04 0.0094501
15.06 0.018222
15.08 0.02565
15.1 0.022203
15.12 0.012678
15.14 0.0021991
15.16 3.2923e-005
15.18 -0.0073965
15.2 -0.012555
15.22 -0.0088187
15.24 -0.0037421
15.26 -0.0021284
15.28 -0.0085584
15.3 -0.0090997
15.32 0.00092617
15.34 0.014664
15.36 0.023069
15.38 0.017031
15.4 0.0094037
15.42 0.0061521
15.44 -0.0036313
15.46 -0.016425
15.48 -0.017433
15.5 -0.009992
15.52 0.0015149
15.54 0.012238
15.56 0.01877
15.58 0.016175
15.6 0.0094706
15.62 -0.0033672
15.64 -0.017185
15.66 -0.019502
15.68 -0.014257
15.7 -0.019487
15.72 -0.018876
15.74 -0.013393
15.76 -0.0052757
15.78 -0.00045143
15.8 0.0016015
15.82 -0.0045258
15.84 -0.013943
15.86 -0.016701
15.88 -0.0083685
15.9 0.0015853
15.92 0.0080731
15.94 0.010868
15.96 0.017744
15.98 0.027647
16 0.032699
16.02 0.030631
16.04 0.02499
16.06 0.021807
16.08 0.016585
16.1 0.0070259
16.12 0.0047642
16.14 -0.0014186
16.16 -0.010981
16.18 -0.015612
16.2 -0.018643
16.22 -0.023738
16.24 -0.019109
16.26 -0.0076156
16.28 -0.0090888
16.3 -0.013679
16.32 -0.0039759
16.34 0.011002
16.36 0.017274
16.38 0.008272
16.4 -0.0010151
16.42 -0.0016189
16.44 0.00019234
16.46 0.0025712
16.48 -0.0036858
16.5 -0.011419
16.52 -0.01403
16.54 -0.020165
16.56 -0.020044
16.58 -0.0036411
16.6 0.01748
16.62 0.028081
16.64 0.030933
16.66 0.025423
16.68 0.017777
16.7 0.0036528
16.72 -0.010245
16.74 -0.013831
16.76 -0.019177
16.78 -0.02618
16.8 -0.0297
16.82 -0.03184
16.84 -0.025117
16.86 -0.010357
16.88 0.0041804
16.9 0.012207
16.92 0.01536
16.94 0.010755
16.96 0.005498
16.98 0.0091797
17 0.015993
17.02 0.015812
17.04 0.011784
17.06 0.001751
17.08 -0.011474
17.1 -0.018024
17.12 -0.013761
17.14 -0.0075764
17.16 -0.00091332
17.18 0.0033595
17.2 0.0060204
17.22 0.011315
17.24 0.016413
17.26 0.0175
17.28 0.01371
17.3 0.0040194
17.32 -0.0086092
17.34 -0.016924
17.36 -0.017167
17.38 -0.017075
17.4 -0.0013341
17.42 0.023815
17.44 0.028537
17.46 0.023753
17.48 0.019821
17.5 0.010854
17.52 0.0073796
17.54 0.0016224
17.56 -0.0065533
17.58 -0.010643
17.6 -0.013631
17.62 -0.018172
17.64 -0.017186
17.66 -0.010597
17.68 -0.0096762
17.7 -0.016373
17.72 -0.012053
17.74 -0.00051848
17.76 0.0042485
17.78 0.0097039
17.8 0.011583
17.82 0.0038366
17.84 -0.0042096
17.86 -0.0042227
17.88 -0.0063262
17.9 -0.0095674
17.92 -0.0052555
17.94 -0.00024395
17.96 0.00040297
17.98 -0.0047138
18 -0.0083966
18.02 -0.0079152
18.04 -0.0020754
18.06 0.00055795
18.08 0.00098591
18.1 0.00014143
18.12 -0.0023357
18.14 -0.0086223
18.16 -0.0066297
18.18 0.0055356
18.2 0.014487
18.22 0.019817
18.24 0.018365
18.26 0.01084
18.28 0.0035168
18.3 -0.0028796
18.32 -0.0037507
18.34 -0.0017616
18.36 -0.0030299
18.38 -0.0057899
18.4 -0.0042817
18.42 -0.0015221
18.44 0.0053592
18.46 0.019041
18.48 0.029508
18.5 0.029948
18.52 0.026145
18.54 0.017828
18.56 0.0073198
18.58 -0.00051557
18.6 -0.0012679
18.62 -0.004547
18.64 -0.0089326
18.66 -0.010093
18.68 -0.0093235
18.7 -0.0061334
18.72 -0.0033119
18.74 -0.0046654
18.76 -0.0083386
18.78 -0.011283
18.8 -0.0032291
18.82 0.0056912
18.84 0.010544
18.86 0.0038804
18.88 -0.0062552
18.9 -0.016695
18.92 -0.02422
18.94 -0.028256
18.96 -0.026
18.98 -0.017388
19 -0.004746
19.02 0.005306
19.04 0.0062646
19.06 0.0029123
19.08 0.0036807
19.1 0.0045136
19.12 0.0030433
19.14 -0.0034277
19.16 -0.0066608
19.18 -0.0027866
19.2 0.0024003
19.22 0.0067776
19.24 0.0071118
19.26 0.0059759
19.28 0.0063889
19.3 0.0060493
19.32 0.0062249
19.34 0.0032101
19.36 0.00036659
19.38 -0.0039194
19.4 -0.0004449
19.42 0.0085474
19.44 0.015918
19.46 0.014552
19.48 0.0086447
19.5 0.0074401
19.52 0.0069182
19.54 0.0036291
19.56 -0.00033051
19.58 -0.0060199
19.6 -0.010659
19.62 -0.014604
19.64 -0.022966
19.66 -0.020571
19.68 -0.0081419
19.7 0.0002986
19.72 0.0061835
19.74 0.0058918
19.76 -0.001225
19.78 -0.004748
19.8 -0.0034809
19.82 0.0008502
19.84 0.00033161
19.86 -0.0011035
19.88 -0.0058074
19.9 -0.0097608
19.92 -0.0076062
19.94 0.0021824
19.96 0.0077806
19.98 0.010989
20 0.011955
20.02 0.0090901
20.04 0.0010269
20.06 -0.0082267
20.08 -0.019103
20.1 -0.025412
20.12 -0.022753
20.14 -0.016019
20.16 -0.0087768
20.18 -0.00072629
20.2 0.0086916
20.22 0.016152
20.24 0.019958
20.26 0.022456
20.28 0.024003
20.3 0.019703
20.32 0.012582
20.34 0.007137
20.36 0.0010252
20.38 -0.0033537
20.4 -0.0041557
20.42 -0.0054979
20.44 -0.0042037
20.46 0.001803
20.48 0.0087965
20.5 0.012114
20.52 0.018037
20.54 0.025411
20.56 0.024232
20.58 0.01658
20.6 0.0081326
20.62 -0.0014212
20.64 -0.013091
20.66 -0.021386
20.68 -0.024561
20.7 -0.028393
20.72 -0.02762
20.74 -0.018042
20.76 -0.005996
20.78 0.0040878
20.8 0.014368
20.82 0.020142
20.84 0.018509
20.86 0.013363
20.88 0.003944
20.9 -0.0030177
20.92 -0.0069434
20.94 -0.0099756
20.96 -0.013406
20.98 -0.01518
21 -0.015101
21.02 -0.015245
21.04 -0.012939
21.06 -0.0020936
21.08 0.006865
21.1 0.0099757
21.12 0.010681
21.14 0.0069285
21.16 -0.0038025
21.18 -0.0098585
21.2 -0.0072672
21.22 -0.0077282
21.24 -0.010988
21.26 -0.010872
21.28 -0.0043967
21.3 0.0047838
21.32 0.015619
21.34 0.023486
21.36 0.022355
21.38 0.014441
21.4 0.0075843
21.42 0.00026415
21.44 -0.0082137
21.46 -0.0099473
21.48 -0.0086112
21.5 -0.0060326
21.52 -0.0041077
21.54 -0.0025589
21.56 -0.00041804
21.58 0.00050857
21.6 0.0030848
21.62 0.001729
21.64 -0.0014607
21.66 -0.0063326
21.68 -0.012312
21.7 -0.016363
21.72 -0.015351
21.74 -0.0098741
21.76 -0.0050443
21.78 0.00085906
21.8 0.0066168
21.82 0.008922
21.84 0.0091101
21.86 0.0071606
21.88 0.0059733
21.9 -0.00057033
21.92 -0.0069113
21.94 -0.011619
21.96 -0.009907
21.98 -0.0028351
22 0.0067598
22.02 0.015957
22.04 0.018528
22.06 0.017683
22.08 0.014532
22.1 0.0099231
22.12 0.0038268
22.14 -0.0013007
22.16 -0.0027634
22.18 -0.0037866
22.2 -0.0025143
22.22 9.1328e-005
22.24 -0.00031675
22.26 -0.0038814
22.28 -0.0063453
22.3 -0.008801
22.32 -0.014769
22.34 -0.013228
22.36 -0.0075421
22.38 -0.0028863
22.4 0.0089856
22.42 0.018112
22.44 0.022579
22.46 0.02572
22.48 0.020423
22.5 0.0095759
22.52 0.0047768
22.54 -0.0073603
22.56 -0.014377
22.58 -0.016872
22.6 -0.015111
22.62 -0.013599
22.64 -0.011755
22.66 -0.0096082
22.68 0.0018859
22.7 0.0043981
22.72 0.0080445
22.74 0.0089185
22.76 0.0047503
22.78 0.0027932
22.8 3.8953e-005
22.82 -0.0043899
22.84 -0.0095607
22.86 -0.01029
22.88 -0.0087183
22.9 -0.0075376
22.92 -0.0061141
22.94 -0.0031642
22.96 0.0054065
22.98 0.015455
23 0.020483
23.02 0.022466
23.04 0.014487
23.06 0.006738
23.08 0.0018123
23.1 -0.0013949
23.12 -0.0038812
23.14 -0.0054718
23.16 -0.0034823
23.18 0.0027784
23.2 0.0078887
23.22 0.0097129
23.24 0.0066037
23.26 0.0044589
23.28 0.0028924
23.3 -0.0033787
23.32 -0.0087768
23.34 -0.010355
23.36 -0.0064304
23.38 -0.002618
23.4 0.0024004
23.42 0.0026812
23.44 -0.0017733
23.46 -0.0019348
23.48 -0.0015335
23.5 -0.0004329
23.52 0.005601
23.54 0.0089922
23.56 0.0049708
23.58 -0.0025692
23.6 -0.010191
23.62 -0.018448
23.64 -0.02459
23.66 -0.022257
23.68 -0.013648
23.7 -0.0057674
23.72 -0.00098607
23.74 -0.00092032
23.76 -0.00069052
23.78 -6.9534e-005
23.8 0.0023995
23.82 0.0041957
23.84 0.0039394
23.86 0.0027373
23.88 0.00079068
23.9 -0.0012681
23.92 -0.0012543
23.94 0.0020051
23.96 0.0073503
23.98 0.0093036
24 0.0080671
24.02 0.0037593
24.04 -0.00089546
24.06 -0.0027399
24.08 -0.0010466
24.1 -8.1905e-005
24.12 0.0023812
24.14 -0.0018533
24.16 -0.0077098
24.18 -0.010584
24.2 -0.0099055
24.22 -0.0063352
24.24 -0.0026957
24.26 0.0013594
24.28 0.0057934
24.3 0.0072421
24.32 0.0056748
24.34 0.0047595
24.36 0.0024664
24.38 8.8981e-006
24.4 -0.00062025
24.42 -0.00079804
24.44 -0.0022537
24.46 -0.0034665
24.48 -0.0021409
24.5 0.0055046
24.52 0.012211
24.54 0.0095819
24.56 0.0047658
24.58 0.0010302
24.6 -8.1869e-006
24.62 0.00045729
24.64 -4.0317e-006
24.66 -0.0014273
24.68 -0.0078603
24.7 -0.012857
24.72 -0.010122
24.74 -0.00034361
24.76 0.0068191
24.78 0.0092308
24.8 0.0072008
24.82 0.0022375
24.84 -0.0058147
24.86 -0.0076382
24.88 -0.0026356
24.9 0.00091769
24.92 0.0058737
24.94 0.0092199
24.96 0.0087049
24.98 0.0012945
25 -0.0059075
25.02 -0.0094055
25.04 -0.0084993
25.06 -0.0011504
25.08 0.006058
25.1 0.010719
25.12 0.011714
25.14 0.0082046
25.16 0.0039679
25.18 0.0017475
25.2 -0.0016481
25.22 -0.0035356
25.24 -0.002522
25.26 -0.0010109
25.28 -0.0010289
25.3 -0.0026651
25.32 -0.0019383
25.34 -0.0048982
25.36 -0.0070456
25.38 -0.0062515
25.4 -0.000724
25.42 0.005262
25.44 0.0057885
25.46 0.0075528
25.48 0.0061619
25.5 0.0024499
25.52 0.002041
25.54 0.0018593
25.56 0.0013455
25.58 0.0012262
25.6 0.00056126
25.62 -0.0023875
25.64 -0.011227
25.66 -0.014734
25.68 -0.015752
25.7 -0.014369
25.72 -0.010734
25.74 -0.0018977
25.76 0.0018211
25.78 0.0090464
25.8 0.014307
25.82 0.016224
25.84 0.017464
25.86 0.015676
25.88 0.0091843
25.9 0.0031316
25.92 -0.0032425
25.94 -0.008094
25.96 -0.0099575
25.98 -0.0062954
26 -0.0042888
26.02 -0.0013901
26.04 -0.0016751
26.06 -0.0024055
26.08 -0.00073119
26.1 -0.00032685
26.12 0.002859
26.14 0.0053887
26.16 0.0047971
26.18 0.0067019
26.2 0.012181
26.22 0.0086625
26.24 -0.0013811
26.26 -0.0096185
26.28 -0.013697
26.3 -0.017609
26.32 -0.020392
26.34 -0.022045
26.36 -0.020123
26.38 -0.01238
26.4 -0.0010123
26.42 0.011651
26.44 0.019042
26.46 0.021227
26.48 0.018478
26.5 0.015547
26.52 0.0099044
26.54 0.0048758
26.56 0.00087202
26.58 -0.002539
26.6 -0.0052668
26.62 -0.0070729
26.64 -0.0061211
26.66 -0.0049501
26.68 -0.0013728
26.7 -0.00065948
26.72 -0.0013072
26.74 0.00163
26.76 -0.0020289
26.78 -0.002863
26.8 -0.0022382
26.82 -0.0021819
26.84 -0.003917
26.86 -0.0089172
26.88 -0.010739
26.9 -0.0076569
26.92 -0.001167
26.94 0.0060847
26.96 0.0079364
26.98 0.0098315
27 0.01322
27.02 0.013096
27.04 0.0062913
27.06 -0.0010677
27.08 -0.0072053
27.1 -0.0090638
27.12 -0.0070528
27.14 -0.0048512
27.16 -7.7136e-005
27.18 0.0066301
27.2 0.009886
27.22 0.012161
27.24 0.0063615
27.26 6.6712e-005
27.28 -0.0042435
27.3 -0.004325
27.32 -0.0037852
27.34 -0.0034656
27.36 -0.0032273
27.38 -0.0041708
27.4 -0.007008
27.42 -0.0064925
27.44 -0.0055066
27.46 -0.0040521
27.48 0.00055378
27.5 0.0043339
27.52 0.0056167
27.54 0.0046498
27.56 0.0017305
27.58 0.00096657
27.6 9.0973e-006
27.62 -0.0022757
27.64 -0.0027465
27.66 0.0017629
27.68 0.0041848
27.7 0.00088647
27.72 -0.0034448
27.74 -0.0068061
27.76 -0.0059121
27.78 -0.0051704
27.8 -0.0013391
27.82 0.0012444
27.84 0.0031248
27.86 0.0054365
27.88 0.0055329
27.9 0.0085094
27.92 0.0081964
27.94 0.0071596
27.96 0.0063449
27.98 0.0055271
28 0.004143
28.02 0.0017707
28.04 -0.00047125
28.06 -0.00043375
28.08 0.0022521
28.1 0.00067155
28.12 -0.0035275
28.14 -0.0059793
28.16 -0.0065109
28.18 -0.0069842
28.2 -0.0034796
28.22 0.00105
28.24 0.0005073
28.26 0.00056975
28.28 -0.00034715
28.3 -0.001393
28.32 -0.00016646
28.34 -0.002577
28.36 -0.0053264
28.38 -0.0069056
28.4 -0.0076799
28.42 -0.0094045
28.44 -0.0074588
28.46 -0.0052012
28.48 -0.00049152
28.5 0.0033412
28.52 0.0089133
28.54 0.014055
28.56 0.013955
28.58 0.010291
28.6 0.0072729
28.62 0.0030185
28.64 0.0019444
28.66 0.0014111
28.68 0.0020893
28.7 -0.0025536
28.72 -0.0049974
28.74 -0.0074731
28.76 -0.006261
28.78 -0.0043228
28.8 0.0013371
28.82 0.0047409
28.84 0.0077633
28.86 0.010238
28.88 0.011149
28.9 0.0059974
28.92 0.0020618
28.94 -0.0020113
28.96 -0.0033175
28.98 -0.0055977
29 -0.002632
29.02 -0.0015869
29.04 -0.002372
29.06 -0.0052697
29.08 -0.0076503
29.1 -0.0096995
29.12 -0.0084137
29.14 -0.0041249
29.16 -0.0017553
29.18 0.00035144
29.2 0.0036288
29.22 0.0056808
29.24 0.0028296
29.26 -0.00051497
29.28 -0.0060539
29.3 -0.010609
29.32 -0.012634
29.34 -0.012645
29.36 -0.01089
29.38 -0.0071378
29.4 -0.0024621
29.42 0.00024131
29.44 0.0027106
29.46 0.005184
29.48 0.007663
29.5 0.0095254
29.52 0.011186
29.54 0.0091432
29.56 0.0060119
29.58 0.0026716
29.6 0.00084088
29.62 -0.00054639
29.64 -0.00065337
29.66 0.0019485
29.68 0.0029568
29.7 0.0022507
29.72 0.0028017
29.74 0.0051861
29.76 0.0062156
29.78 0.0043195
29.8 0.0022912
29.82 -0.00014245
29.84 -0.0043259
29.86 -0.0073267
29.88 -0.0074032
29.9 -0.004885
29.92 -0.0023876
29.94 0.00086823
29.96 0.0035276
29.98 0.0047716
30 0.0053317
30.02 0.0061711
30.04 0.0033891
30.06 0.0016421
30.08 -1.5084e-005
30.1 -0.0021217
30.12 -0.0043025
30.14 -0.0070271
30.16 -0.0084128
30.18 -0.007743
30.2 -0.0063447
30.22 -0.0050535
30.24 -0.0037267
30.26 -0.0014497
30.28 0.0021571
30.3 0.0041094
30.32 0.0041447
30.34 0.0050647
30.36 0.0043883
30.38 0.0037732
30.4 0.0031516
30.42 0.0026651
30.44 0.0020985
30.46 0.0010836
30.48 -0.00014212
30.5 -0.00024257
30.52 -0.00057063
30.54 -0.00053597
30.56 -0.00036154
30.58 0.00020513
30.6 0.00037552
30.62 0.00099227
30.64 0.0010539
30.66 0.0019892
30.68 0.0021444
30.7 0.0016888
30.72 0.0006445
30.74 -0.00057921
30.76 -0.0014875
30.78 -0.0019912
30.8 -0.0023051
30.82 -0.002334
30.84 -0.0023391
30.86 -0.0021876
30.88 -0.0018025
30.9 -0.0012143
30.92 -0.00049629
30.94 -0.00012905
30.96 -7.692e-005
30.98 -0.00026521
31 -0.00015988
31.02 -3.0054e-005
31.04 -8.8501e-005
31.06 -3.221e-005
31.08 1.6515e-005
31.1 2.9248e-005
31.12 7.8967e-005
31.14 3.5579e-005
31.16 4.2548e-005
31.18 0.00011982
31.2 0.00019359
31.22 0.00025379
31.24 0.00026113
31.26 0.00027154
31.28 0.00024697
31.3 0.00022848
31.32 0.00020207
31.34 0.00016944
31.36 0.00013268
31.38 0.00010023
31.4 8.4256e-005
31.42 8.0611e-005
31.44 7.2513e-005
31.46 6.8288e-005
31.48 6.0404e-005
31.5 4.8971e-005
31.52 4.1715e-005
31.54 3.5928e-005
31.56 3.1164e-005
31.58 2.6021e-005
31.6 2.0792e-005
31.62 1.5598e-005
31.64 1.0612e-005
31.66 6.1046e-006
31.68 1.9692e-006
31.7 -1.8124e-006
