0.01 -0.00011623
0.02 -0.00019674
0.03 -0.00016344
0.04 0.00013012
0.05 0.00020934
0.06 0.00022556
0.07 0.00023952
0.08 0.00022032
0.09 0.00026555
0.1 0.00031926
0.11 0.00033685
0.12 0.00035616
0.13 0.00042014
0.14 0.00041102
0.15 0.00026498
0.16 6.7609e-005
0.17 -0.00016611
0.18 -0.00036814
0.19 -0.00044811
0.2 -0.00050357
0.21 -0.00062739
0.22 -0.00057238
0.23 -0.00023912
0.24 8.4946e-005
0.25 0.00020372
0.26 0.00023473
0.27 0.00019264
0.28 1.0536e-005
0.29 -8.7177e-005
0.3 5.4218e-005
0.31 0.0002904
0.32 0.00040378
0.33 0.00048671
0.34 0.00037121
0.35 4.043e-005
0.36 -0.00014999
0.37 -0.000254
0.38 -0.00027006
0.39 -0.00012356
0.4 0.0001867
0.41 0.00054484
0.42 0.00063276
0.43 0.00018766
0.44 -0.0003051
0.45 -2.8577e-005
0.46 1.7546e-005
0.47 -0.00070221
0.48 -0.00053994
0.49 -7.5873e-005
0.5 -0.00053983
0.51 -0.00052431
0.52 4.9195e-005
0.53 -0.00028231
0.54 -0.00061862
0.55 4.754e-005
0.56 0.0001678
0.57 -0.00028198
0.58 -1.8124e-005
0.59 2.2721e-005
0.6 -0.00012379
0.61 0.00036619
0.62 0.00057372
0.63 -0.00019941
0.64 -0.00064527
0.65 0.000203
0.66 0.00050192
0.67 -0.00015001
0.68 0.00041856
0.69 0.00027943
0.7 -0.0009401
0.71 -3.0355e-005
0.72 0.00036411
0.73 -0.00036003
0.74 0.00013683
0.75 0.00056415
0.76 -0.00028071
0.77 -0.00069415
0.78 2.8624e-005
0.79 -0.00052056
0.8 -0.001301
0.81 -0.00070733
0.82 -0.00048598
0.83 -0.00053097
0.84 -9.9701e-005
0.85 -0.00051767
0.86 -0.00040478
0.87 -0.00035258
0.88 -0.00095022
0.89 -0.00030896
0.9 0.00010756
0.91 0.00021945
0.92 -0.00011602
0.93 -9.6494e-005
0.94 -0.00072991
0.95 -0.0012691
0.96 -2.5008e-005
0.97 -0.00073702
0.98 -0.0011062
0.99 0.00031916
1 -0.00046972
1.01 -0.0019274
1.02 -0.0010833
1.03 0.00011067
1.04 2.5548e-006
1.05 -0.00025669
1.06 -2.7959e-005
1.07 0.0010259
1.08 0.0012793
1.09 -9.1826e-005
1.1 -0.00074242
1.11 -0.00054769
1.12 -0.00066637
1.13 -0.0010816
1.14 -0.0010114
1.15 2.3438e-005
1.16 0.00039878
1.17 4.6005e-005
1.18 0.00048906
1.19 -0.00012902
1.2 -0.0012696
1.21 -0.00049931
1.22 0.00080865
1.23 -7.9897e-005
1.24 -0.0012171
1.25 -0.00070095
1.26 0.0010596
1.27 0.0014378
1.28 -0.00059974
1.29 -0.0010354
1.3 -0.0014818
1.31 -0.0010857
1.32 0.00026396
1.33 -0.0009047
1.34 0.00031401
1.35 0.0010691
1.36 -8.9827e-005
1.37 0.00015581
1.38 -0.0019329
1.39 -0.0017632
1.4 -0.00012203
1.41 -6.4271e-005
1.42 0.0016054
1.43 0.0015572
1.44 -0.0020247
1.45 -0.0017871
1.46 0.0011929
1.47 0.0021093
1.48 0.000986
1.49 -0.0020807
1.5 -0.0021444
1.51 -0.00074968
1.52 -2.6946e-005
1.53 -0.00089503
1.54 0.00016219
1.55 0.0013924
1.56 -0.00023629
1.57 0.00076826
1.58 0.00030999
1.59 -0.00060238
1.6 0.00072017
1.61 0.0019813
1.62 0.0021499
1.63 0.00045875
1.64 -0.0014706
1.65 -0.0017453
1.66 -0.00037041
1.67 0.0016483
1.68 0.0010671
1.69 -0.00072995
1.7 0.00015327
1.71 -0.00055492
1.72 4.4874e-005
1.73 0.0021692
1.74 0.0012863
1.75 -0.0012886
1.76 -0.0014148
1.77 0.0013551
1.78 0.0018578
1.79 -0.00078176
1.8 -0.0020683
1.81 0.0005476
1.82 0.002369
1.83 0.0015239
1.84 0.00018741
1.85 0.0011176
1.86 0.0024155
1.87 0.001649
1.88 0.0011076
1.89 0.0014974
1.9 0.0011855
1.91 0.00029093
1.92 -0.00040517
1.93 -0.0012566
1.94 -0.00099314
1.95 0.00088211
1.96 0.0020371
1.97 0.00024869
1.98 -0.00015832
1.99 0.0010989
2 -0.00039392
2.01 0.0011463
2.02 0.00055962
2.03 -0.0017925
2.04 0.0013481
2.05 0.00025617
2.06 -0.0014191
2.07 0.0014931
2.08 0.0024225
2.09 0.00064634
2.1 -0.00077599
2.11 0.0017119
2.12 0.0022766
2.13 -0.0012111
2.14 -0.0018023
2.15 6.5792e-005
2.16 0.0011163
2.17 0.00084302
2.18 0.00089221
2.19 -0.00056504
2.2 0.00052629
2.21 0.0031998
2.22 0.0014921
2.23 -6.2177e-005
2.24 0.00084805
2.25 -0.0013817
2.26 -0.0019135
2.27 0.0018904
2.28 0.0027667
2.29 0.0020781
2.3 0.0011967
2.31 0.0018113
2.32 0.0025438
2.33 0.0024012
2.34 0.0027755
2.35 -0.00028057
2.36 -0.00164
2.37 0.0015322
2.38 -0.00031327
2.39 -0.0014819
2.4 -0.00029075
2.41 0.0010601
2.42 0.0023805
2.43 -0.00060946
2.44 -0.0015809
2.45 0.00032396
2.46 0.0018074
2.47 0.0022921
2.48 0.0018299
2.49 0.00050207
2.5 0.0012985
2.51 0.0033186
2.52 0.0020807
2.53 -0.0016711
2.54 -0.0037742
2.55 -0.0030348
2.56 -0.00013128
2.57 0.00091593
2.58 -0.0036955
2.59 -0.0032138
2.6 0.0016166
2.61 0.0018736
2.62 0.0017381
2.63 -0.00011706
2.64 -0.001742
2.65 0.0018358
2.66 0.0023488
2.67 -0.0017838
2.68 -0.0036856
2.69 -0.0027255
2.7 0.00061805
2.71 0.0043153
2.72 0.0037513
2.73 -0.0034279
2.74 -0.0059503
2.75 0.00087641
2.76 0.0023456
2.77 -0.0028477
2.78 -0.0022357
2.79 0.0013784
2.8 0.0015045
2.81 0.0017099
2.82 0.0022713
2.83 0.0021543
2.84 -0.00089652
2.85 -0.0017388
2.86 0.0030539
2.87 0.0026282
2.88 -0.00089152
2.89 0.00075016
2.9 0.0010171
2.91 -0.00083139
2.92 -0.0015697
2.93 0.0010462
2.94 0.0027606
2.95 -0.003683
2.96 -0.0085098
2.97 -0.00075781
2.98 0.0037276
2.99 -0.0011532
3 0.0020283
3.01 0.0022027
3.02 -0.0047331
3.03 -0.0022707
3.04 -0.00074076
3.05 -0.0046783
3.06 0.00035584
3.07 0.0038356
3.08 -0.0021485
3.09 -0.0021376
3.1 0.0027945
3.11 0.00015727
3.12 -0.0016684
3.13 0.0020479
3.14 -0.00037046
3.15 -0.0032859
3.16 0.0013934
3.17 0.0025415
3.18 -0.0038503
3.19 -0.0044011
3.2 -0.0020053
3.21 -0.0027698
3.22 -0.0027127
3.23 -0.001969
3.24 -0.002967
3.25 -0.0051321
3.26 0.00071299
3.27 0.0035773
3.28 -0.0020451
3.29 -0.0018328
3.3 0.0024824
3.31 0.00087841
3.32 -0.0019134
3.33 0.001135
3.34 0.00069718
3.35 -0.0034006
3.36 -0.0025694
3.37 0.00071402
3.38 -0.00055991
3.39 0.00095026
3.4 0.001995
3.41 -0.0055405
3.42 -0.0054645
3.43 0.0013598
3.44 0.0020861
3.45 -0.0044569
3.46 -0.007098
3.47 7.5874e-005
3.48 0.0028934
3.49 -0.0017299
3.5 -0.0030863
3.51 -0.0011293
3.52 -0.0023629
3.53 -0.00097271
3.54 0.0025923
3.55 0.0013045
3.56 -0.0023049
3.57 -0.0026962
3.58 0.0014848
3.59 0.0034343
3.6 0.0031448
3.61 -0.0015696
3.62 -0.0049032
3.63 0.0011883
3.64 -0.00026935
3.65 -0.0041459
3.66 -0.0014797
3.67 -0.0009745
3.68 -0.00025219
3.69 -0.00097334
3.7 0.0017794
3.71 0.0022119
3.72 -0.0047595
3.73 -0.0038594
3.74 0.0025094
3.75 0.0027144
3.76 0.00034908
3.77 0.0001202
3.78 -0.00091948
3.79 0.00143
3.8 0.0041699
3.81 0.0032624
3.82 -0.0012534
3.83 -0.0038697
3.84 0.0014322
3.85 0.0022031
3.86 -0.00062577
3.87 -0.0027154
3.88 -0.0040678
3.89 0.00036909
3.9 0.0035492
3.91 0.0021972
3.92 -0.0031092
3.93 -0.0036609
3.94 0.0031456
3.95 0.0034982
3.96 -0.0026153
3.97 -0.0062639
3.98 -0.004577
3.99 -0.0018518
4 0.00097797
4.01 0.0024831
4.02 -0.0028343
4.03 -0.0064215
4.04 -0.00012638
4.05 0.0028733
4.06 0.00077435
4.07 -0.00063206
4.08 -0.0051305
4.09 -0.0029238
4.1 0.0020943
4.11 -0.0024923
4.12 -0.0025693
4.13 0.0021798
4.14 0.0025058
4.15 0.0017681
4.16 0.0012052
4.17 0.0014144
4.18 -0.00047446
4.19 0.0011279
4.2 0.0016005
4.21 -0.0027121
4.22 -0.00070468
4.23 0.0010647
4.24 0.0014567
4.25 0.0036988
4.26 0.0031554
4.27 -0.0015114
4.28 -0.0030466
4.29 0.0017164
4.3 0.0035502
4.31 0.0015116
4.32 -0.0015797
4.33 -0.0026934
4.34 0.00039191
4.35 0.0024353
4.36 0.0012403
4.37 -0.0014321
4.38 -0.0026455
4.39 0.0016248
4.4 0.0036672
4.41 -0.001571
4.42 -0.0027889
4.43 0.0012138
4.44 0.0028793
4.45 0.001194
4.46 -0.0022467
4.47 0.00066143
4.48 0.0024795
4.49 -0.00019954
4.5 0.00062769
4.51 -0.0016919
4.52 2.4555e-005
4.53 0.002312
4.54 -0.00081901
4.55 0.0017441
4.56 0.0037641
4.57 -0.0013776
4.58 -0.0058123
4.59 -0.0016962
4.6 0.0019578
4.61 -0.0016393
4.62 0.00097396
4.63 0.0026926
4.64 -3.8783e-005
4.65 0.00073761
4.66 -0.00054649
4.67 0.00043833
4.68 0.0011345
4.69 -0.0006811
4.7 -7.8276e-005
4.71 2.6919e-005
4.72 -0.0020757
4.73 -0.0004642
4.74 -0.0020382
4.75 -0.0033216
4.76 0.027233
4.77 0.061366
4.78 0.052757
4.79 0.035926
4.8 0.020657
4.81 0.00088421
4.82 -0.0043803
4.83 -0.0084318
4.84 -0.0079715
4.85 -0.0030227
4.86 -0.0093157
4.87 -0.012082
4.88 -0.0018923
4.89 0.0090148
4.9 0.0084513
4.91 0.00041713
4.92 0.00043425
4.93 0.0032461
4.94 0.0082833
4.95 0.020135
4.96 0.028566
4.97 0.025669
4.98 0.0045037
4.99 -0.019693
5 -0.024894
5.01 -0.021948
5.02 -0.02439
5.03 -0.02339
5.04 -0.014991
5.05 -0.0081474
5.06 -0.0085156
5.07 -0.021627
5.08 -0.028864
5.09 -0.013823
5.1 -0.0032267
5.11 -0.0049852
5.12 -0.011604
5.13 -0.019667
5.14 -0.015479
5.15 -0.0068755
5.16 -0.0037546
5.17 -0.019986
5.18 -0.054224
5.19 -0.074167
5.2 -0.083201
5.21 -0.095152
5.22 -0.097996
5.23 -0.10073
5.24 -0.10988
5.25 -0.10735
5.26 -0.096219
5.27 -0.099236
5.28 -0.11781
5.29 -0.13255
5.3 -0.15097
5.31 -0.17347
5.32 -0.18252
5.33 -0.18782
5.34 -0.19207
5.35 -0.1845
5.36 -0.15424
5.37 -0.078567
5.38 0.046844
5.39 0.1792
5.4 0.26979
5.41 0.31587
5.42 0.33435
5.43 0.33084
5.44 0.31557
5.45 0.29828
5.46 0.27827
5.47 0.25953
5.48 0.23996
5.49 0.20571
5.5 0.14621
5.51 0.057222
5.52 -0.022292
5.53 -0.044151
5.54 -0.011468
5.55 0.054066
5.56 0.1115
5.57 0.14045
5.58 0.13431
5.59 0.077418
5.6 0.0028758
5.61 -0.038645
5.62 -0.041015
5.63 -0.025439
5.64 -0.0089552
5.65 0.00045405
5.66 0.0088297
5.67 0.01197
5.68 0.0040498
5.69 -0.015781
5.7 -0.03933
5.71 -0.06749
5.72 -0.098626
5.73 -0.1172
5.74 -0.12267
5.75 -0.11751
5.76 -0.11323
5.77 -0.10773
5.78 -0.098498
5.79 -0.08718
5.8 -0.075552
5.81 -0.070734
5.82 -0.065229
5.83 -0.051475
5.84 -0.041924
5.85 -0.046412
5.86 -0.049732
5.87 -0.034999
5.88 0.01147
5.89 0.080315
5.9 0.14337
5.91 0.17655
5.92 0.18324
5.93 0.19142
5.94 0.20652
5.95 0.21692
5.96 0.21213
5.97 0.16819
5.98 0.048928
5.99 -0.11111
6 -0.20937
6.01 -0.21678
6.02 -0.18932
6.03 -0.1657
6.04 -0.14548
6.05 -0.11848
6.06 -0.082494
6.07 -0.043152
6.08 0.0018664
6.09 0.032742
6.1 0.017953
6.11 -0.02387
6.12 -0.055554
6.13 -0.079175
6.14 -0.10128
6.15 -0.098369
6.16 -0.06131
6.17 0.0030976
6.18 0.075986
6.19 0.12325
6.2 0.13867
6.21 0.13051
6.22 0.1036
6.23 0.063611
6.24 0.017003
6.25 -0.025685
6.26 -0.0751
6.27 -0.11464
6.28 -0.10216
6.29 -0.06208
6.3 -0.027701
6.31 0.0035093
6.32 0.016614
6.33 0.021833
6.34 0.059324
6.35 0.11497
6.36 0.14969
6.37 0.15534
6.38 0.12658
6.39 0.070277
6.4 0.0039358
6.41 -0.057234
6.42 -0.074553
6.43 -0.042807
6.44 -0.0039542
6.45 0.018045
6.46 0.032744
6.47 0.045116
6.48 0.047809
6.49 0.060904
6.5 0.078839
6.51 0.069511
6.52 0.013797
6.53 -0.080917
6.54 -0.15822
6.55 -0.18633
6.56 -0.16622
6.57 -0.068422
6.58 0.069346
6.59 0.12756
6.6 0.10961
6.61 0.066493
6.62 -0.010604
6.63 -0.10145
6.64 -0.15723
6.65 -0.15989
6.66 -0.13512
6.67 -0.067484
6.68 0.052919
6.69 0.14948
6.7 0.1473
6.71 0.049378
6.72 -0.086566
6.73 -0.19885
6.74 -0.2537
6.75 -0.24175
6.76 -0.18563
6.77 -0.12244
6.78 -0.061915
6.79 -0.025343
6.8 -0.015296
6.81 -0.00075901
6.82 0.041486
6.83 0.1054
6.84 0.14465
6.85 0.14646
6.86 0.1182
6.87 0.043454
6.88 -0.066248
6.89 -0.14497
6.9 -0.15907
6.91 -0.1301
6.92 -0.069339
6.93 0.014071
6.94 0.086594
6.95 0.10521
6.96 0.08566
6.97 0.077206
6.98 0.08571
6.99 0.098714
7 0.10688
7.01 0.10467
7.02 0.08766
7.03 0.0562
7.04 0.023373
7.05 -0.00063817
7.06 -0.0068589
7.07 0.0051362
7.08 0.021032
7.09 0.031192
7.1 0.027132
7.11 0.0033171
7.12 -0.021683
7.13 -0.026348
7.14 -0.0080752
7.15 0.029662
7.16 0.071763
7.17 0.091823
7.18 0.080473
7.19 0.051084
7.2 0.014614
7.21 -0.017115
7.22 -0.02704
7.23 -0.023628
7.24 -0.010827
7.25 0.0087511
7.26 0.015857
7.27 0.0044496
7.28 -0.022028
7.29 -0.052627
7.3 -0.079023
7.31 -0.091729
7.32 -0.0772
7.33 -0.04401
7.34 -0.016091
7.35 0.0023804
7.36 0.019876
7.37 0.024235
7.38 0.0093002
7.39 -0.0070999
7.4 -0.011252
7.41 -0.0056354
7.42 -0.0016475
7.43 0.012047
7.44 0.040915
7.45 0.071474
7.46 0.097175
7.47 0.10818
7.48 0.10759
7.49 0.084764
7.5 0.035399
7.51 -0.0066375
7.52 -0.02448
7.53 -0.024811
7.54 -0.024519
7.55 -0.032042
7.56 -0.043297
7.57 -0.055411
7.58 -0.06545
7.59 -0.064166
7.6 -0.059406
7.61 -0.067669
7.62 -0.079227
7.63 -0.093252
7.64 -0.10894
7.65 -0.10236
7.66 -0.070353
7.67 -0.033244
7.68 0.012148
7.69 0.061853
7.7 0.099612
7.71 0.12061
7.72 0.11052
7.73 0.077984
7.74 0.029048
7.75 -0.020299
7.76 -0.030039
7.77 -0.0083605
7.78 0.024705
7.79 0.054026
7.8 0.056968
7.81 0.028146
7.82 -0.018163
7.83 -0.050779
7.84 -0.057976
7.85 -0.05395
7.86 -0.033668
7.87 0.0026325
7.88 0.029184
7.89 0.039023
7.9 0.044474
7.91 0.033465
7.92 0.0013637
7.93 -0.028451
7.94 -0.044775
7.95 -0.03273
7.96 0.0050195
7.97 0.046351
7.98 0.066607
7.99 0.057699
8 0.02503
8.01 -0.014535
8.02 -0.026743
8.03 -0.029007
8.04 -0.031825
8.05 -0.029561
8.06 -0.035337
8.07 -0.042749
8.08 -0.045666
8.09 -0.049456
8.1 -0.057907
8.11 -0.056269
8.12 -0.037433
8.13 -0.0046591
8.14 0.031511
8.15 0.054679
8.16 0.072763
8.17 0.083229
8.18 0.085786
8.19 0.080322
8.2 0.043407
8.21 -0.0042263
8.22 -0.032184
8.23 -0.042082
8.24 -0.030053
8.25 -0.0010783
8.26 0.017318
8.27 0.0007832
8.28 -0.037205
8.29 -0.067384
8.3 -0.067698
8.31 -0.038625
8.32 -0.0074754
8.33 0.016021
8.34 0.0257
8.35 0.01071
8.36 -0.017326
8.37 -0.034678
8.38 -0.031235
8.39 -0.015128
8.4 0.00074642
8.41 0.0097869
8.42 0.018646
8.43 0.026673
8.44 0.025566
8.45 0.028857
8.46 0.038952
8.47 0.042817
8.48 0.036067
8.49 0.01826
8.5 0.002641
8.51 0.0016465
8.52 0.0068099
8.53 0.0154
8.54 0.013864
8.55 -0.005048
8.56 -0.0094361
8.57 -0.0079782
8.58 -0.021502
8.59 -0.03314
8.6 -0.0341
8.61 -0.02284
8.62 -0.011851
8.63 -0.018223
8.64 -0.023538
8.65 -0.022621
8.66 -0.023793
8.67 -0.022117
8.68 -0.02109
8.69 -0.021727
8.7 -0.031911
8.71 -0.045596
8.72 -0.034429
8.73 -0.0037327
8.74 0.024423
8.75 0.044477
8.76 0.044768
8.77 0.027122
8.78 0.010301
8.79 -0.0010595
8.8 0.0017019
8.81 0.013889
8.82 0.02165
8.83 0.02343
8.84 0.011271
8.85 -0.0063122
8.86 -0.01896
8.87 -0.031058
8.88 -0.031013
8.89 -0.00032119
8.9 0.039916
8.91 0.062822
8.92 0.071754
8.93 0.067648
8.94 0.051692
8.95 0.037249
8.96 0.028958
8.97 0.023552
8.98 0.022036
8.99 0.016171
9 0.00011698
9.01 -0.017732
9.02 -0.028868
9.03 -0.0459
9.04 -0.060672
9.05 -0.062327
9.06 -0.060366
9.07 -0.052391
9.08 -0.027865
9.09 0.02338
9.1 0.053655
9.11 0.051693
9.12 0.048025
9.13 0.030415
9.14 0.009994
9.15 -0.0070077
9.16 -0.022841
9.17 -0.029357
9.18 -0.041936
9.19 -0.048589
9.2 -0.03804
9.21 -0.039418
9.22 -0.053124
9.23 -0.056758
9.24 -0.042152
9.25 -0.0085079
9.26 0.040379
9.27 0.076096
9.28 0.084369
9.29 0.068203
9.3 0.038138
9.31 0.022081
9.32 0.023423
9.33 0.036746
9.34 0.046856
9.35 0.039668
9.36 0.025918
9.37 0.01107
9.38 -0.0061349
9.39 -0.025692
9.4 -0.040694
9.41 -0.048655
9.42 -0.054425
9.43 -0.051775
9.44 -0.035109
9.45 -0.0080111
9.46 0.017421
9.47 0.034057
9.48 0.041924
9.49 0.043079
9.5 0.047744
9.51 0.048665
9.52 0.034334
9.53 0.016988
9.54 0.0024257
9.55 -0.023495
9.56 -0.054785
9.57 -0.072143
9.58 -0.081659
9.59 -0.084941
9.6 -0.077149
9.61 -0.041908
9.62 0.0077591
9.63 0.030657
9.64 0.031947
9.65 0.020062
9.66 0.010591
9.67 0.01221
9.68 0.011744
9.69 0.020844
9.7 0.031488
9.71 0.02445
9.72 0.018221
9.73 0.016375
9.74 0.017625
9.75 0.029381
9.76 0.039648
9.77 0.042802
9.78 0.028848
9.79 -0.00065333
9.8 -0.027377
9.81 -0.04422
9.82 -0.039655
9.83 -0.025325
9.84 -0.023643
9.85 -0.027009
9.86 -0.023271
9.87 -0.0085041
9.88 0.0078851
9.89 0.019483
9.9 0.029179
9.91 0.043551
9.92 0.056972
9.93 0.049923
9.94 0.026194
9.95 -0.0004173
9.96 -0.027271
9.97 -0.052743
9.98 -0.065827
9.99 -0.062864
10 -0.052444
10.01 -0.036063
10.02 -0.013894
10.03 0.010061
10.04 0.013121
10.05 0.0004095
10.06 0.00099245
10.07 0.0022473
10.08 -0.0025494
10.09 -0.0015725
10.1 -0.0032931
10.11 -0.01695
10.12 -0.024486
10.13 -0.027544
10.14 -0.032804
10.15 -0.033425
10.16 -0.034054
10.17 -0.027202
10.18 -0.0086467
10.19 0.014549
10.2 0.040116
10.21 0.05362
10.22 0.041556
10.23 0.014486
10.24 -0.016638
10.25 -0.030906
10.26 -0.02477
10.27 -0.021502
10.28 -0.022037
10.29 -0.021424
10.3 -0.021393
10.31 -0.030626
10.32 -0.047157
10.33 -0.055866
10.34 -0.063103
10.35 -0.071303
10.36 -0.071185
10.37 -0.064398
10.38 -0.057979
10.39 -0.061403
10.4 -0.073813
10.41 -0.082859
10.42 -0.088029
10.43 -0.088825
10.44 -0.078654
10.45 -0.064121
10.46 -0.053847
10.47 -0.040398
10.48 -0.014708
10.49 0.022735
10.5 0.062924
10.51 0.090079
10.52 0.092892
10.53 0.071497
10.54 0.040631
10.55 0.016549
10.56 -0.0040487
10.57 -0.022057
10.58 -0.019775
10.59 -0.0028991
10.6 0.014788
10.61 0.03631
10.62 0.055456
10.63 0.062758
10.64 0.057908
10.65 0.047935
10.66 0.044694
10.67 0.056684
10.68 0.070861
10.69 0.082956
10.7 0.09793
10.71 0.10845
10.72 0.11615
10.73 0.11926
10.74 0.11547
10.75 0.10417
10.76 0.072612
10.77 0.013708
10.78 -0.039817
10.79 -0.059958
10.8 -0.060808
10.81 -0.061353
10.82 -0.060354
10.83 -0.059312
10.84 -0.062116
10.85 -0.051728
10.86 -0.027493
10.87 0.0052795
10.88 0.032498
10.89 0.028763
10.9 0.0022667
10.91 -0.029039
10.92 -0.053796
10.93 -0.071692
10.94 -0.094337
10.95 -0.10762
10.96 -0.10545
10.97 -0.094131
10.98 -0.069391
10.99 -0.033956
11 0.0098343
11.01 0.051777
11.02 0.084114
11.03 0.11062
11.04 0.12133
11.05 0.099517
11.06 0.038102
11.07 -0.037153
11.08 -0.083299
11.09 -0.097443
11.1 -0.096305
11.11 -0.081639
11.12 -0.067969
11.13 -0.056739
11.14 -0.044768
11.15 -0.014772
11.16 0.032761
11.17 0.032754
11.18 0.014208
11.19 0.0079149
11.2 -0.0079633
11.21 -0.020245
11.22 -0.026018
11.23 -0.023712
11.24 -0.013668
11.25 -0.0038421
11.26 0.0046162
11.27 0.0089552
11.28 0.0072871
11.29 0.001352
11.3 0.0011856
11.31 0.009326
11.32 0.020072
11.33 0.044588
11.34 0.071855
11.35 0.099041
11.36 0.12453
11.37 0.14259
11.38 0.1572
11.39 0.1608
11.4 0.16123
11.41 0.15943
11.42 0.14457
11.43 0.12204
11.44 0.10567
11.45 0.10928
11.46 0.12561
11.47 0.14046
11.48 0.14158
11.49 0.11455
11.5 0.069775
11.51 0.029449
11.52 0.0015425
11.53 -0.019486
11.54 -0.025932
11.55 -0.028651
11.56 -0.047589
11.57 -0.06272
11.58 -0.072664
11.59 -0.081448
11.6 -0.077275
11.61 -0.070259
11.62 -0.065224
11.63 -0.065548
11.64 -0.071487
11.65 -0.073887
11.66 -0.074175
11.67 -0.071591
11.68 -0.067685
11.69 -0.060539
11.7 -0.046934
11.71 -0.039261
11.72 -0.042411
11.73 -0.052527
11.74 -0.069028
11.75 -0.094524
11.76 -0.11948
11.77 -0.1249
11.78 -0.11713
11.79 -0.10372
11.8 -0.079548
11.81 -0.064409
11.82 -0.047681
11.83 -0.018847
11.84 -0.0096481
11.85 0.0045046
11.86 0.019887
11.87 0.009709
11.88 -0.0073638
11.89 -0.02195
11.9 -0.014797
11.91 0.0090582
11.92 0.034263
11.93 0.066855
11.94 0.095742
11.95 0.11366
11.96 0.12313
11.97 0.11706
11.98 0.10273
11.99 0.092527
12 0.084293
12.01 0.077023
12.02 0.067178
12.03 0.039726
12.04 -0.01235
12.05 -0.057297
12.06 -0.073027
12.07 -0.066198
12.08 -0.043671
12.09 -0.024984
12.1 -0.0044177
12.11 0.016445
12.12 0.021345
12.13 0.020074
12.14 0.019768
12.15 0.033206
12.16 0.069436
12.17 0.11939
12.18 0.16511
12.19 0.17426
12.2 0.10637
12.21 -0.026742
12.22 -0.12123
12.23 -0.11614
12.24 -0.0659
12.25 -0.040497
12.26 -0.054889
12.27 -0.08157
12.28 -0.10216
12.29 -0.10271
12.3 -0.079688
12.31 -0.05211
12.32 -0.029576
12.33 0.002064
12.34 0.026334
12.35 0.0053828
12.36 -0.05069
12.37 -0.095606
12.38 -0.10271
12.39 -0.06988
12.4 -0.011239
12.41 0.044419
12.42 0.076599
12.43 0.071253
12.44 0.040639
12.45 0.014137
12.46 0.007996
12.47 0.028175
12.48 0.065457
12.49 0.091594
12.5 0.072913
12.51 0.0085762
12.52 -0.056079
12.53 -0.092689
12.54 -0.096859
12.55 -0.071102
12.56 -0.039132
12.57 -0.024225
12.58 -0.022551
12.59 -0.024999
12.6 -0.022013
12.61 -0.010562
12.62 -0.01911
12.63 -0.039487
12.64 -0.056
12.65 -0.064948
12.66 -0.038807
12.67 0.027776
12.68 0.10516
12.69 0.15198
12.7 0.15327
12.71 0.12065
12.72 0.07363
12.73 0.03617
12.74 0.0205
12.75 0.016279
12.76 -0.0029242
12.77 -0.045634
12.78 -0.090212
12.79 -0.12898
12.8 -0.15936
12.81 -0.17491
12.82 -0.16786
12.83 -0.1377
12.84 -0.10537
12.85 -0.060796
12.86 -0.0008961
12.87 0.0513
12.88 0.090667
12.89 0.1184
12.9 0.12945
12.91 0.11157
12.92 0.075892
12.93 0.054467
12.94 0.063385
12.95 0.08455
12.96 0.098013
12.97 0.097866
12.98 0.090005
12.99 0.091187
13 0.096147
13.01 0.10667
13.02 0.11551
13.03 0.10402
13.04 0.087343
13.05 0.067297
13.06 0.039637
13.07 0.013774
13.08 -0.015822
13.09 -0.039177
13.1 -0.046411
13.11 -0.036765
13.12 -0.0017614
13.13 0.042104
13.14 0.072621
13.15 0.084263
13.16 0.08558
13.17 0.078391
13.18 0.052218
13.19 0.010819
13.2 -0.033286
13.21 -0.074713
13.22 -0.10588
13.23 -0.11949
13.24 -0.12516
13.25 -0.12154
13.26 -0.11133
13.27 -0.10672
13.28 -0.099351
13.29 -0.086753
13.3 -0.073842
13.31 -0.057649
13.32 -0.038483
13.33 -0.020583
13.34 -0.0091423
13.35 -0.01639
13.36 -0.030126
13.37 -0.039951
13.38 -0.04233
13.39 -0.029201
13.4 -0.0071488
13.41 0.021511
13.42 0.04364
13.43 0.052457
13.44 0.060935
13.45 0.069272
13.46 0.074539
13.47 0.080515
13.48 0.083161
13.49 0.075329
13.5 0.061336
13.51 0.040981
13.52 0.0096013
13.53 -0.02005
13.54 -0.042738
13.55 -0.069306
13.56 -0.1017
13.57 -0.11442
13.58 -0.10939
13.59 -0.10909
13.6 -0.10055
13.61 -0.086376
13.62 -0.074015
13.63 -0.050504
13.64 -0.033465
13.65 -0.026059
13.66 -0.0091773
13.67 0.011765
13.68 0.033767
13.69 0.049077
13.7 0.048178
13.71 0.038399
13.72 0.031414
13.73 0.025703
13.74 0.01438
13.75 -0.0033875
13.76 -0.023214
13.77 -0.024863
13.78 -0.0056457
13.79 0.0096136
13.8 0.009805
13.81 0.0056516
13.82 0.0075529
13.83 0.01069
13.84 0.019112
13.85 0.035261
13.86 0.044859
13.87 0.043866
13.88 0.036979
13.89 0.02699
13.9 0.0065881
13.91 -0.022038
13.92 -0.044771
13.93 -0.058954
13.94 -0.045633
13.95 -0.0045728
13.96 0.048183
13.97 0.095728
13.98 0.11891
13.99 0.12696
14 0.11336
14.01 0.083096
14.02 0.049112
14.03 0.015334
14.04 0.0029115
14.05 -0.0040763
14.06 -0.017305
14.07 -0.036219
14.08 -0.074459
14.09 -0.11827
14.1 -0.15527
14.11 -0.17424
14.12 -0.17726
14.13 -0.16894
14.14 -0.13756
14.15 -0.09433
14.16 -0.046291
14.17 0.015098
14.18 0.08802
14.19 0.13647
14.2 0.14818
14.21 0.14299
14.22 0.10827
14.23 0.048958
14.24 -0.015298
14.25 -0.062092
14.26 -0.091144
14.27 -0.11224
14.28 -0.1097
14.29 -0.08395
14.3 -0.043791
14.31 -0.011525
14.32 0.012475
14.33 0.038352
14.34 0.054537
14.35 0.054554
14.36 0.048228
14.37 0.046622
14.38 0.035958
14.39 0.020798
14.4 0.016376
14.41 0.018197
14.42 0.02149
14.43 0.025506
14.44 0.030418
14.45 0.038182
14.46 0.04151
14.47 0.027864
14.48 0.015253
14.49 0.0057167
14.5 -0.015808
14.51 -0.028337
14.52 -0.029059
14.53 -0.026928
14.54 -0.013726
14.55 0.0029146
14.56 0.0077053
14.57 -0.017518
14.58 -0.046678
14.59 -0.055311
14.6 -0.073223
14.61 -0.079194
14.62 -0.06502
14.63 -0.040271
14.64 -0.0071537
14.65 0.0049314
14.66 -0.0088089
14.67 -0.029523
14.68 -0.033457
14.69 -0.027744
14.7 -0.022687
14.71 -0.019387
14.72 -0.021235
14.73 -0.030665
14.74 -0.039024
14.75 -0.036982
14.76 -0.0287
14.77 -0.0051905
14.78 0.032776
14.79 0.065991
14.8 0.078226
14.81 0.07572
14.82 0.05968
14.83 0.036536
14.84 0.025128
14.85 0.022301
14.86 0.029424
14.87 0.044024
14.88 0.055243
14.89 0.057727
14.9 0.044888
14.91 0.026113
14.92 0.020457
14.93 0.018841
14.94 0.018403
14.95 0.021258
14.96 0.013455
14.97 0.0014111
14.98 -0.004885
14.99 -0.00041027
15 0.012448
15.01 0.025908
15.02 0.034936
15.03 0.033252
15.04 0.02594
15.05 0.015717
15.06 0.0025041
15.07 -0.010741
15.08 -0.022415
15.09 -0.016866
15.1 0.0075246
15.11 0.02954
15.12 0.034246
15.13 0.019915
15.14 -0.0066227
15.15 -0.031808
15.16 -0.038798
15.17 -0.035204
15.18 -0.025362
15.19 -0.0027906
15.2 0.012342
15.21 0.015106
15.22 0.016
15.23 0.013598
15.24 0.0096228
15.25 -3.4168e-005
15.26 -0.019064
15.27 -0.039147
15.28 -0.049671
15.29 -0.04804
15.3 -0.03652
15.31 -0.014125
15.32 0.014502
15.33 0.032837
15.34 0.03453
15.35 0.034279
15.36 0.03262
15.37 0.030323
15.38 0.034453
15.39 0.034224
15.4 0.025524
15.41 0.015895
15.42 0.00087992
15.43 -0.017852
15.44 -0.026466
15.45 -0.040749
15.46 -0.058229
15.47 -0.063436
15.48 -0.067765
15.49 -0.064464
15.5 -0.048352
15.51 -0.033235
15.52 -0.025998
15.53 -0.024267
15.54 -0.025009
15.55 -0.029996
15.56 -0.031553
15.57 -0.032849
15.58 -0.036675
15.59 -0.035051
15.6 -0.032746
15.61 -0.031408
15.62 -0.032623
15.63 -0.033851
15.64 -0.025134
15.65 -0.0036467
15.66 0.011772
15.67 0.014824
15.68 0.0099434
15.69 -0.0018873
15.7 -0.0067356
15.71 -0.0010187
15.72 0.014107
15.73 0.032774
15.74 0.048012
15.75 0.055991
15.76 0.056467
15.77 0.059956
15.78 0.063695
15.79 0.068415
15.8 0.081374
15.81 0.089915
15.82 0.079811
15.83 0.042077
15.84 -0.011708
15.85 -0.04974
15.86 -0.066601
15.87 -0.068844
15.88 -0.068738
15.89 -0.071995
15.9 -0.072031
15.91 -0.072125
15.92 -0.068396
15.93 -0.056551
15.94 -0.032448
15.95 -0.0041355
15.96 0.015023
15.97 0.022532
15.98 0.026031
15.99 0.030886
16 0.030763
16.01 0.031466
16.02 0.033031
16.03 0.024666
16.04 0.011263
16.05 0.0019602
16.06 -0.0064706
16.07 -0.010146
16.08 -0.010484
16.09 -0.018322
16.1 -0.033713
16.11 -0.04836
16.12 -0.041987
16.13 -0.017337
16.14 0.010409
16.15 0.03611
16.16 0.056212
16.17 0.071634
16.18 0.079686
16.19 0.081902
16.2 0.077701
16.21 0.065262
16.22 0.05048
16.23 0.035341
16.24 0.02173
16.25 0.0049864
16.26 -0.017404
16.27 -0.034764
16.28 -0.051993
16.29 -0.058782
16.3 -0.048404
16.31 -0.027616
16.32 0.01206
16.33 0.036513
16.34 0.031426
16.35 0.020535
16.36 0.010642
16.37 0.0039316
16.38 -0.0043648
16.39 -0.0092432
16.4 -0.011962
16.41 -0.010538
16.42 -0.0018068
16.43 0.005564
16.44 0.016056
16.45 0.033591
16.46 0.050184
16.47 0.061331
16.48 0.068271
16.49 0.071375
16.5 0.072553
16.51 0.068463
16.52 0.066113
16.53 0.071285
16.54 0.065413
16.55 0.047804
16.56 0.023207
16.57 -0.01422
16.58 -0.044428
16.59 -0.053154
16.6 -0.040684
16.61 -0.025175
16.62 -0.027862
16.63 -0.036564
16.64 -0.043502
16.65 -0.05151
16.66 -0.049822
16.67 -0.0293
16.68 -0.0018461
16.69 0.015551
16.7 0.022324
16.71 0.033155
16.72 0.04402
16.73 0.049101
16.74 0.047315
16.75 0.032271
16.76 0.0060546
16.77 -0.020666
16.78 -0.026924
16.79 -0.022496
16.8 -0.023127
16.81 -0.024251
16.82 -0.03139
16.83 -0.053484
16.84 -0.069068
16.85 -0.065031
16.86 -0.051942
16.87 -0.014984
16.88 0.034946
16.89 0.072686
16.9 0.10226
16.91 0.11931
16.92 0.12099
16.93 0.12035
16.94 0.12088
16.95 0.12182
16.96 0.11986
16.97 0.1065
16.98 0.086092
16.99 0.066676
17 0.048383
17.01 0.036191
17.02 0.034876
17.03 0.035491
17.04 0.035825
17.05 0.034203
17.06 0.027588
17.07 0.020821
17.08 0.014276
17.09 0.00081564
17.1 -0.017382
17.11 -0.026007
17.12 -0.035989
17.13 -0.04834
17.14 -0.049437
17.15 -0.048006
17.16 -0.053625
17.17 -0.056738
17.18 -0.052001
17.19 -0.04944
17.2 -0.042611
17.21 -0.03816
17.22 -0.036618
17.23 -0.036303
17.24 -0.042221
17.25 -0.043576
17.26 -0.051941
17.27 -0.066218
17.28 -0.066039
17.29 -0.057333
17.3 -0.05375
17.31 -0.04298
17.32 -0.031956
17.33 -0.035692
17.34 -0.041058
17.35 -0.047043
17.36 -0.053348
17.37 -0.058001
17.38 -0.064908
17.39 -0.068057
17.4 -0.065394
17.41 -0.060643
17.42 -0.057292
17.43 -0.052492
17.44 -0.054323
17.45 -0.068224
17.46 -0.072843
17.47 -0.067074
17.48 -0.062175
17.49 -0.049715
17.5 -0.035049
17.51 -0.036099
17.52 -0.042735
17.53 -0.047381
17.54 -0.050356
17.55 -0.045359
17.56 -0.029613
17.57 -0.003214
17.58 0.020574
17.59 0.0296
17.6 0.026952
17.61 0.023208
17.62 0.022783
17.63 0.022679
17.64 0.02549
17.65 0.031577
17.66 0.034694
17.67 0.037764
17.68 0.038059
17.69 0.027286
17.7 0.017494
17.71 0.018341
17.72 0.022305
17.73 0.030221
17.74 0.040851
17.75 0.049035
17.76 0.060704
17.77 0.072391
17.78 0.072868
17.79 0.061077
17.8 0.039052
17.81 0.014379
17.82 0.00031464
17.83 -0.0027681
17.84 0.00013252
17.85 -0.0010862
17.86 -0.016768
17.87 -0.030517
17.88 -0.032645
17.89 -0.033405
17.9 -0.030274
17.91 -0.025058
17.92 -0.021707
17.93 -0.0099416
17.94 -0.00020189
17.95 0.0040287
17.96 0.013695
17.97 0.022562
17.98 0.030533
17.99 0.036705
18 0.037989
18.01 0.032597
18.02 0.02161
18.03 0.011555
18.04 0.0086646
18.05 0.014742
18.06 0.028138
18.07 0.036759
18.08 0.030566
18.09 0.019697
18.1 0.0020077
18.11 -0.018088
18.12 -0.027665
18.13 -0.028628
18.14 -0.024088
18.15 -0.023483
18.16 -0.023617
18.17 -0.012986
18.18 0.0050824
18.19 0.023212
18.2 0.043042
18.21 0.055886
18.22 0.055106
18.23 0.050497
18.24 0.042931
18.25 0.034461
18.26 0.026083
18.27 0.018373
18.28 0.013839
18.29 0.0012489
18.3 -0.01943
18.31 -0.0363
18.32 -0.054304
18.33 -0.070985
18.34 -0.078689
18.35 -0.074769
18.36 -0.065717
18.37 -0.051284
18.38 -0.035061
18.39 -0.031495
18.4 -0.024624
18.41 -0.0090536
18.42 -0.005858
18.43 -0.016711
18.44 -0.022244
18.45 -0.026637
18.46 -0.03024
18.47 -0.029937
18.48 -0.029852
18.49 -0.025886
18.5 -0.022505
18.51 -0.0099491
18.52 0.010523
18.53 0.025925
18.54 0.036282
18.55 0.040524
18.56 0.036246
18.57 0.02571
18.58 0.013024
18.59 0.0054381
18.6 -0.0045733
18.61 -0.018027
18.62 -0.024775
18.63 -0.028654
18.64 -0.026729
18.65 -0.025558
18.66 -0.025412
18.67 -0.0273
18.68 -0.033095
18.69 -0.040725
18.7 -0.045802
18.71 -0.036363
18.72 -0.031225
18.73 -0.030457
18.74 -0.015818
18.75 0.0010483
18.76 0.016305
18.77 0.02932
18.78 0.031659
18.79 0.024183
18.8 0.0050396
18.81 -0.015853
18.82 -0.030011
18.83 -0.04916
18.84 -0.070314
18.85 -0.086525
18.86 -0.091359
18.87 -0.084689
18.88 -0.065694
18.89 -0.039361
18.9 -0.022888
18.91 -0.0055297
18.92 0.016041
18.93 0.044113
18.94 0.072401
18.95 0.088385
18.96 0.094557
18.97 0.086074
18.98 0.069112
18.99 0.040547
19 0.003703
19.01 -0.022173
19.02 -0.0243
19.03 -0.0031301
19.04 0.011353
19.05 0.018636
19.06 0.018313
19.07 0.019541
19.08 0.02811
19.09 0.0090006
19.1 0.0092935
19.11 0.03875
19.12 0.05485
19.13 0.0604
19.14 0.048964
19.15 0.026082
19.16 0.010408
19.17 0.0087689
19.18 0.018811
19.19 0.032515
19.2 0.041322
19.21 0.044501
19.22 0.04294
19.23 0.04086
19.24 0.042121
19.25 0.0468
19.26 0.050248
19.27 0.052073
19.28 0.033966
19.29 -0.011006
19.3 -0.05257
19.31 -0.081348
19.32 -0.083392
19.33 -0.054554
19.34 -0.014425
19.35 0.034983
19.36 0.070193
19.37 0.079255
19.38 0.086294
19.39 0.085489
19.4 0.067967
19.41 0.040117
19.42 0.0015231
19.43 -0.037088
19.44 -0.067378
19.45 -0.081777
19.46 -0.075877
19.47 -0.059654
19.48 -0.029689
19.49 0.00076016
19.5 0.008565
19.51 -0.0036818
19.52 -0.022364
19.53 -0.027169
19.54 -0.024481
19.55 -0.020929
19.56 -0.011783
19.57 -0.015908
19.58 -0.030785
19.59 -0.049101
19.6 -0.061577
19.61 -0.055741
19.62 -0.044415
19.63 -0.035037
19.64 -0.02974
19.65 -0.02841
19.66 -0.028849
19.67 -0.033132
19.68 -0.036301
19.69 -0.032853
19.7 -0.024264
19.71 -0.01351
19.72 -0.0049623
19.73 -0.0031325
19.74 -0.016803
19.75 -0.026283
19.76 -0.025096
19.77 -0.036492
19.78 -0.048854
19.79 -0.045286
19.8 -0.034221
19.81 -0.024417
19.82 -0.0093364
19.83 0.0071354
19.84 0.017117
19.85 0.019767
19.86 0.015857
19.87 0.012458
19.88 0.013229
19.89 0.020156
19.9 0.03098
19.91 0.040061
19.92 0.050395
19.93 0.060247
19.94 0.065964
19.95 0.0655
19.96 0.061341
19.97 0.057474
19.98 0.051173
19.99 0.043982
20 0.035967
20.01 0.014834
20.02 -0.016393
20.03 -0.033645
20.04 -0.036399
20.05 -0.035688
20.06 -0.026405
20.07 0.00088062
20.08 0.027127
20.09 0.046134
20.1 0.066845
20.11 0.076501
20.12 0.074869
20.13 0.061738
20.14 0.044717
20.15 0.024007
20.16 -0.0059356
20.17 -0.03124
20.18 -0.047847
20.19 -0.057167
20.2 -0.055322
20.21 -0.042116
20.22 -0.025152
20.23 -0.0061293
20.24 -0.00084319
20.25 -0.019602
20.26 -0.043185
20.27 -0.054858
20.28 -0.048735
20.29 -0.032457
20.3 -0.012748
20.31 0.0015097
20.32 0.0014243
20.33 -0.0046137
20.34 0.0020825
20.35 0.016342
20.36 0.023331
20.37 0.027215
20.38 0.025517
20.39 0.017304
20.4 0.00088966
20.41 -0.021084
20.42 -0.028182
20.43 -0.01573
20.44 0.00103
20.45 0.013392
20.46 0.0147
20.47 0.0035808
20.48 -0.0085703
20.49 -0.0061337
20.5 0.013011
20.51 0.035005
20.52 0.052483
20.53 0.065356
20.54 0.073496
20.55 0.070743
20.56 0.059481
20.57 0.051321
20.58 0.047074
20.59 0.04752
20.6 0.057992
20.61 0.06796
20.62 0.071664
20.63 0.069342
20.64 0.06042
20.65 0.052801
20.66 0.046362
20.67 0.040975
20.68 0.034897
20.69 0.029478
20.7 0.022408
20.71 0.0012057
20.72 -0.019612
20.73 -0.0257
20.74 -0.023167
20.75 -0.0038925
20.76 0.015066
20.77 0.021694
20.78 0.028201
20.79 0.030263
20.8 0.031851
20.81 0.033361
20.82 0.032801
20.83 0.030013
20.84 0.026164
20.85 0.016988
20.86 0.00092486
20.87 -0.0034406
20.88 -0.0072538
20.89 -0.023773
20.9 -0.039519
20.91 -0.050576
20.92 -0.05691
20.93 -0.056586
20.94 -0.052272
20.95 -0.045724
20.96 -0.037519
20.97 -0.02573
20.98 -0.0055003
20.99 0.011701
21 0.01174
21.01 0.0041721
21.02 -0.0062869
21.03 -0.02145
21.04 -0.025874
21.05 -0.023737
21.06 -0.02287
21.07 -0.020879
21.08 -0.02079
21.09 -0.025543
21.1 -0.039594
21.11 -0.057627
21.12 -0.069732
21.13 -0.069132
21.14 -0.059741
21.15 -0.045785
21.16 -0.035127
21.17 -0.03318
21.18 -0.033581
21.19 -0.037934
21.2 -0.042618
21.21 -0.047313
21.22 -0.050239
21.23 -0.043945
21.24 -0.034375
21.25 -0.028157
21.26 -0.02313
21.27 -0.022116
21.28 -0.027546
21.29 -0.033135
21.3 -0.035692
21.31 -0.032724
21.32 -0.024704
21.33 -0.010703
21.34 0.0026111
21.35 0.0087353
21.36 0.012071
21.37 0.012519
21.38 0.010006
21.39 0.013882
21.4 0.022011
21.41 0.024994
21.42 0.020503
21.43 0.0091128
21.44 0.0038798
21.45 0.012751
21.46 0.025788
21.47 0.036367
21.48 0.041792
21.49 0.038061
21.5 0.024908
21.51 0.0060471
21.52 -0.0046278
21.53 -0.0042746
21.54 0.00046759
21.55 0.0070244
21.56 0.019017
21.57 0.033833
21.58 0.043879
21.59 0.054372
21.6 0.061384
21.61 0.0618
21.62 0.062198
21.63 0.056064
21.64 0.047851
21.65 0.048291
21.66 0.046341
21.67 0.042789
21.68 0.04303
21.69 0.03495
21.7 0.022376
21.71 0.018567
21.72 0.019249
21.73 0.02257
21.74 0.024418
21.75 0.012865
21.76 -0.0033083
21.77 -0.0075159
21.78 -0.0070448
21.79 -0.0059133
21.8 -0.0066961
21.81 -0.018137
21.82 -0.023378
21.83 -0.026835
21.84 -0.045316
21.85 -0.055183
21.86 -0.046141
21.87 -0.036677
21.88 -0.030656
21.89 -0.02338
21.9 -0.0095778
21.91 0.012904
21.92 0.032368
21.93 0.043971
21.94 0.054272
21.95 0.052868
21.96 0.039331
21.97 0.022914
21.98 0.0068407
21.99 -0.0029409
22 -0.0083519
22.01 -0.0061307
22.02 0.0044147
22.03 0.017407
22.04 0.023453
22.05 0.02354
22.06 0.022038
22.07 0.021545
22.08 0.02198
22.09 0.0169
22.1 0.011251
22.11 0.008048
22.12 0.012304
22.13 0.019875
22.14 0.022067
22.15 0.015781
22.16 -0.0039102
22.17 -0.020828
22.18 -0.022894
22.19 -0.023367
22.2 -0.029441
22.21 -0.041471
22.22 -0.053208
22.23 -0.058583
22.24 -0.063071
22.25 -0.065691
22.26 -0.068052
22.27 -0.070909
22.28 -0.08066
22.29 -0.094502
22.3 -0.10061
22.31 -0.10628
22.32 -0.10667
22.33 -0.095693
22.34 -0.080558
22.35 -0.061869
22.36 -0.041291
22.37 -0.025065
22.38 -0.0068351
22.39 0.015579
22.4 0.033055
22.41 0.040109
22.42 0.032277
22.43 0.01397
22.44 -0.0084855
22.45 -0.027159
22.46 -0.040835
22.47 -0.043576
22.48 -0.033165
22.49 -0.022417
22.5 -0.0055826
22.51 0.0066043
22.52 0.01029
22.53 0.013532
22.54 0.0082169
22.55 -0.0042756
22.56 -0.019823
22.57 -0.027795
22.58 -0.030602
22.59 -0.033171
22.6 -0.029644
22.61 -0.026382
22.62 -0.022968
22.63 -0.0073031
22.64 0.0091349
22.65 0.012793
22.66 0.010757
22.67 0.0066131
22.68 -0.00072316
22.69 -0.016964
22.7 -0.02922
22.71 -0.034798
22.72 -0.044156
22.73 -0.050132
22.74 -0.055683
22.75 -0.055434
22.76 -0.051005
22.77 -0.045704
22.78 -0.033185
22.79 -0.025663
22.8 -0.024137
22.81 -0.022256
22.82 -0.023512
22.83 -0.023867
22.84 -0.023829
22.85 -0.023164
22.86 -0.011927
22.87 -0.0014476
22.88 0.0029444
22.89 0.0056991
22.9 0.00063713
22.91 -0.0012656
22.92 0.011498
22.93 0.0235
22.94 0.029764
22.95 0.034544
22.96 0.028225
22.97 0.018512
22.98 0.015325
22.99 0.016633
23 0.022083
23.01 0.029564
23.02 0.034299
23.03 0.036336
23.04 0.043582
23.05 0.052798
23.06 0.053683
23.07 0.056303
23.08 0.060949
23.09 0.057353
23.1 0.055457
23.11 0.05068
23.12 0.034424
23.13 0.021596
23.14 0.0062124
23.15 -0.018372
23.16 -0.030394
23.17 -0.03054
23.18 -0.032412
23.19 -0.033092
23.2 -0.027065
23.21 -0.026897
23.22 -0.024699
23.23 -0.01189
23.24 -0.0092294
23.25 -0.010415
23.26 -0.01049
23.27 -0.010354
23.28 -0.0059914
23.29 -0.0010495
23.3 0.0062104
23.31 0.016126
23.32 0.018454
23.33 0.010629
23.34 0.0072269
23.35 0.0071512
23.36 0.007215
23.37 0.011939
23.38 0.017167
23.39 0.021662
23.4 0.028153
23.41 0.038308
23.42 0.04558
23.43 0.042787
23.44 0.029795
23.45 0.015607
23.46 0.010798
23.47 0.015258
23.48 0.024749
23.49 0.037523
23.5 0.051734
23.51 0.06014
23.52 0.058849
23.53 0.05155
23.54 0.038406
23.55 0.023082
23.56 0.017048
23.57 0.016783
23.58 0.019465
23.59 0.02896
23.6 0.031979
23.61 0.024752
23.62 0.014073
23.63 0.0011329
23.64 -0.0055
23.65 -0.002389
23.66 0.0047626
23.67 0.01264
23.68 0.018981
23.69 0.020667
23.7 0.019268
23.71 0.021262
23.72 0.025976
23.73 0.030937
23.74 0.040635
23.75 0.048033
23.76 0.043159
23.77 0.031821
23.78 0.023481
23.79 0.010559
23.8 -0.00425
23.81 -0.0074611
23.82 -0.0016611
23.83 0.01072
23.84 0.022064
23.85 0.029442
23.86 0.032158
23.87 0.028849
23.88 0.023053
23.89 0.016483
23.9 0.01091
23.91 -0.002294
23.92 -0.020127
23.93 -0.025293
23.94 -0.032442
23.95 -0.045304
23.96 -0.047309
23.97 -0.042267
23.98 -0.034309
23.99 -0.024531
24 -0.0097324
24.01 -0.0054565
24.02 -0.02059
24.03 -0.033446
24.04 -0.03553
24.05 -0.034922
24.06 -0.031037
24.07 -0.025755
24.08 -0.023956
24.09 -0.025148
24.1 -0.023563
24.11 -0.010427
24.12 -0.0005331
24.13 0.0071994
24.14 0.019251
24.15 0.026594
24.16 0.028268
24.17 0.023347
24.18 0.010222
24.19 -0.0037707
24.2 -0.011885
24.21 -0.02026
24.22 -0.025192
24.23 -0.031587
24.24 -0.043441
24.25 -0.050217
24.26 -0.051732
24.27 -0.051206
24.28 -0.049413
24.29 -0.045919
24.3 -0.040837
24.31 -0.032905
24.32 -0.028203
24.33 -0.024204
24.34 -0.010657
24.35 -0.001819
24.36 0.0038269
24.37 0.015346
24.38 0.026935
24.39 0.041
24.4 0.057574
24.41 0.067441
24.42 0.063764
24.43 0.05407
24.44 0.045209
24.45 0.044191
24.46 0.056134
24.47 0.067967
24.48 0.078351
24.49 0.09309
24.5 0.10464
24.51 0.11467
24.52 0.12037
24.53 0.11635
24.54 0.10341
24.55 0.086563
24.56 0.075336
24.57 0.065285
24.58 0.059107
24.59 0.061032
24.6 0.062447
24.61 0.058432
24.62 0.047028
24.63 0.036183
24.64 0.017626
24.65 -0.015327
24.66 -0.037803
24.67 -0.04797
24.68 -0.056951
24.69 -0.060638
24.7 -0.058587
24.71 -0.05693
24.72 -0.057045
24.73 -0.05959
24.74 -0.065468
24.75 -0.070066
24.76 -0.072633
24.77 -0.074239
24.78 -0.073368
24.79 -0.069605
24.8 -0.063345
24.81 -0.04819
24.82 -0.031554
24.83 -0.025482
24.84 -0.023339
24.85 -0.013997
24.86 -0.0056099
24.87 -0.0034675
24.88 0.00011943
24.89 0.0027222
24.9 0.00083868
24.91 -0.0016797
24.92 -0.00024783
24.93 0.00013882
24.94 -0.0045765
24.95 -0.018361
24.96 -0.026845
24.97 -0.026533
24.98 -0.03028
24.99 -0.03101
25 -0.029212
25.01 -0.030356
25.02 -0.030601
25.03 -0.031239
25.04 -0.031919
25.05 -0.026076
25.06 -0.024458
25.07 -0.023911
25.08 -0.023685
25.09 -0.029679
25.1 -0.030823
25.11 -0.028712
25.12 -0.027088
25.13 -0.021499
25.14 -0.0091639
25.15 -0.0014761
25.16 0.011205
25.17 0.025501
25.18 0.025853
25.19 0.027716
25.2 0.033993
25.21 0.036433
25.22 0.03022
25.23 0.021535
25.24 0.011832
25.25 0.00041261
25.26 -0.0027981
25.27 -0.0082412
25.28 -0.019741
25.29 -0.022954
25.3 -0.02247
25.31 -0.02492
25.32 -0.022988
25.33 -0.011288
25.34 0.0018946
25.35 0.0097472
25.36 0.017911
25.37 0.031021
25.38 0.046288
25.39 0.059255
25.4 0.064357
25.41 0.061766
25.42 0.056948
25.43 0.054996
25.44 0.051408
25.45 0.048226
25.46 0.05239
25.47 0.055695
25.48 0.053762
25.49 0.049341
25.5 0.048147
25.51 0.048164
25.52 0.048187
25.53 0.053112
25.54 0.056115
25.55 0.060227
25.56 0.065705
25.57 0.063561
25.58 0.057522
25.59 0.048708
25.6 0.034846
25.61 0.023228
25.62 0.019627
25.63 0.012648
25.64 0.0036244
25.65 -0.0074384
25.66 -0.024948
25.67 -0.033795
25.68 -0.032966
25.69 -0.030578
25.7 -0.029929
25.71 -0.028952
25.72 -0.024196
25.73 -0.021596
25.74 -0.021483
25.75 -0.021224
25.76 -0.022516
25.77 -0.030167
25.78 -0.046842
25.79 -0.0578
25.8 -0.061895
25.81 -0.066433
25.82 -0.060962
25.83 -0.055076
25.84 -0.056764
25.85 -0.052885
25.86 -0.048837
25.87 -0.050154
25.88 -0.045927
25.89 -0.036603
25.9 -0.031498
25.91 -0.023815
25.92 -0.0023629
25.93 0.020733
25.94 0.037092
25.95 0.050243
25.96 0.052461
25.97 0.037303
25.98 0.018131
25.99 0.0013627
26 -0.016924
26.01 -0.026936
26.02 -0.028568
26.03 -0.028719
26.04 -0.022135
26.05 -0.012214
26.06 -0.0072568
26.07 0.0028644
26.08 0.002613
26.09 -0.015499
26.1 -0.026578
26.11 -0.042672
26.12 -0.066898
26.13 -0.076982
26.14 -0.073699
26.15 -0.065354
26.16 -0.050333
26.17 -0.028234
26.18 -0.0052915
26.19 0.014196
26.2 0.023568
26.21 0.022001
26.22 0.015581
26.23 0.0073179
26.24 -0.0038313
26.25 -0.01748
26.26 -0.023993
26.27 -0.024907
26.28 -0.030756
26.29 -0.039168
26.3 -0.041844
26.31 -0.044704
26.32 -0.048476
26.33 -0.045975
26.34 -0.039843
26.35 -0.032744
26.36 -0.022931
26.37 -0.0072463
26.38 0.0051653
26.39 0.008995
26.4 0.0092754
26.41 0.011498
26.42 0.011316
26.43 0.0050055
26.44 0.0035818
26.45 0.0038833
26.46 -0.003801
26.47 -0.016336
26.48 -0.027427
26.49 -0.0395
26.5 -0.046553
26.51 -0.040487
26.52 -0.034017
26.53 -0.029355
26.54 -0.023865
26.55 -0.021064
26.56 -0.0089023
26.57 0.0046546
26.58 0.010747
26.59 0.018996
26.6 0.023756
26.61 0.024045
26.62 0.023798
26.63 0.021118
26.64 0.02023
26.65 0.019434
26.66 0.020842
26.67 0.032553
26.68 0.045731
26.69 0.05353
26.7 0.061099
26.71 0.070585
26.72 0.072744
26.73 0.065005
26.74 0.048996
26.75 0.026702
26.76 0.0069845
26.77 -0.0033395
26.78 -0.0014929
26.79 -0.002207
26.8 -0.016434
26.81 -0.025304
26.82 -0.026202
26.83 -0.02657
26.84 -0.022566
26.85 -0.021681
26.86 -0.021344
26.87 -0.01129
26.88 -0.0077614
26.89 -0.018218
26.9 -0.027475
26.91 -0.034246
26.92 -0.036261
26.93 -0.041303
26.94 -0.05037
26.95 -0.050094
26.96 -0.043728
26.97 -0.03521
26.98 -0.027978
26.99 -0.026158
27 -0.021857
27.01 -0.013369
27.02 -0.0081161
27.03 0.0010912
27.04 0.010335
27.05 0.011681
27.06 0.01334
27.07 0.016693
27.08 0.023124
27.09 0.036806
27.1 0.051708
27.11 0.07006
27.12 0.087071
27.13 0.094313
27.14 0.098413
27.15 0.099205
27.16 0.096896
27.17 0.090694
27.18 0.07922
27.19 0.065856
27.2 0.046889
27.21 0.027123
27.22 0.019604
27.23 0.016851
27.24 0.013059
27.25 0.013442
27.26 0.016249
27.27 0.019814
27.28 0.01781
27.29 0.011667
27.3 0.0099052
27.31 0.0054706
27.32 -0.00058666
27.33 -0.0088401
27.34 -0.019986
27.35 -0.023188
27.36 -0.024233
27.37 -0.025775
27.38 -0.02667
27.39 -0.027079
27.4 -0.021871
27.41 -0.020703
27.42 -0.026118
27.43 -0.026763
27.44 -0.027662
27.45 -0.032517
27.46 -0.035931
27.47 -0.033772
27.48 -0.030115
27.49 -0.029008
27.5 -0.027133
27.51 -0.027168
27.52 -0.025711
27.53 -0.021109
27.54 -0.022161
27.55 -0.021479
27.56 -0.0094166
27.57 -0.0047553
27.58 -0.0064934
27.59 -0.0032182
27.6 -0.0049416
27.61 -0.0067089
27.62 -0.0060245
27.63 -0.0051419
27.64 -0.0085846
27.65 -0.018242
27.66 -0.022298
27.67 -0.023053
27.68 -0.021997
27.69 -0.021708
27.7 -0.027439
27.71 -0.028169
27.72 -0.024592
27.73 -0.0217
27.74 -0.013066
27.75 -0.0038739
27.76 0.0029015
27.77 0.012054
27.78 0.018982
27.79 0.020831
27.8 0.016762
27.81 0.011637
27.82 0.0090177
27.83 0.0036506
27.84 0.0015497
27.85 0.0041136
27.86 0.0017703
27.87 0.0011336
27.88 0.011692
27.89 0.023046
27.9 0.027591
27.91 0.026114
27.92 0.023981
27.93 0.021813
27.94 0.011406
27.95 0.0010946
27.96 -0.0065914
27.97 -0.018179
27.98 -0.022972
27.99 -0.024312
28 -0.029778
28.01 -0.032504
28.02 -0.031011
28.03 -0.028392
28.04 -0.024313
28.05 -0.022691
28.06 -0.022847
28.07 -0.014184
28.08 -0.0028856
28.09 0.0011731
28.1 0.0020757
28.11 0.0040357
28.12 0.0025661
28.13 0.00772
28.14 0.010757
28.15 0.0037563
28.16 0.002171
28.17 0.00021697
28.18 -0.006588
28.19 -0.018349
28.2 -0.023261
28.21 -0.021686
28.22 -0.022591
28.23 -0.017495
28.24 -0.0093045
28.25 0.00181
28.26 0.015762
28.27 0.027366
28.28 0.039562
28.29 0.046742
28.3 0.050053
28.31 0.055056
28.32 0.052372
28.33 0.047187
28.34 0.040535
28.35 0.027552
28.36 0.019649
28.37 0.012386
28.38 0.0010085
28.39 -0.0063953
28.4 -0.0082034
28.41 -0.0047622
28.42 0.0010916
28.43 0.0043854
28.44 0.0054031
28.45 0.0048923
28.46 0.0042876
28.47 0.0023622
28.48 0.002232
28.49 0.0071251
28.5 0.00831
28.51 0.0083131
28.52 0.0053282
28.53 -0.0015992
28.54 -0.0044016
28.55 -0.0070167
28.56 -0.0079483
28.57 -0.0077345
28.58 -0.01047
28.59 -0.011911
28.6 -0.01127
28.61 -0.008553
28.62 -0.0078238
28.63 -0.0092941
28.64 -0.0071186
28.65 -0.0060035
28.66 -0.0036935
28.67 0.001578
28.68 0.002757
28.69 0.0019422
28.7 0.0057565
28.71 0.0086705
28.72 0.0064254
28.73 0.0034406
28.74 -0.0029433
28.75 -0.0045604
28.76 -0.0084441
28.77 -0.020217
28.78 -0.024225
28.79 -0.027146
28.8 -0.032181
28.81 -0.033821
28.82 -0.031007
28.83 -0.030773
28.84 -0.031876
28.85 -0.026907
28.86 -0.021913
28.87 -0.014298
28.88 -0.0052222
28.89 0.00079501
28.9 0.0027791
28.91 0.0024163
28.92 -0.0010518
28.93 -0.0091154
28.94 -0.021419
28.95 -0.023872
28.96 -0.0084325
28.97 -0.00031851
28.98 0.0019924
28.99 0.0081764
29 0.011797
29.01 0.01481
29.02 0.018357
29.03 0.021145
29.04 0.024914
29.05 0.030746
29.06 0.032796
29.07 0.031681
29.08 0.032128
29.09 0.034245
29.1 0.038007
29.11 0.044065
29.12 0.049371
29.13 0.046374
29.14 0.037814
29.15 0.032403
29.16 0.024968
29.17 0.016695
29.18 0.010563
29.19 0.0043349
29.2 -0.0020828
29.21 -0.0080233
29.22 -0.0059448
29.23 -0.0032312
29.24 -0.0038705
29.25 -0.0061269
29.26 -0.013647
29.27 -0.021673
29.28 -0.024721
29.29 -0.024084
29.3 -0.028833
29.31 -0.033811
29.32 -0.033959
29.33 -0.036671
29.34 -0.037985
29.35 -0.034933
29.36 -0.032411
29.37 -0.026865
29.38 -0.01112
29.39 0.00013361
29.4 0.0033239
29.41 0.014945
29.42 0.022481
29.43 0.022109
29.44 0.027873
29.45 0.031397
29.46 0.025385
29.47 0.022743
29.48 0.02263
29.49 0.019262
29.5 0.017934
29.51 0.018901
29.52 0.020666
29.53 0.020938
29.54 0.021963
29.55 0.022398
29.56 0.022038
29.57 0.022953
29.58 0.026662
29.59 0.030494
29.6 0.032174
29.61 0.037944
29.62 0.044705
29.63 0.045214
29.64 0.039374
29.65 0.036632
29.66 0.03497
29.67 0.030511
29.68 0.034145
29.69 0.041525
29.7 0.04491
29.71 0.043139
29.72 0.036488
29.73 0.031204
29.74 0.027669
29.75 0.024656
29.76 0.02237
29.77 0.020484
29.78 0.016755
29.79 0.0072742
29.8 -0.00093242
29.81 -0.008073
29.82 -0.020125
29.83 -0.026752
29.84 -0.024369
29.85 -0.022678
29.86 -0.026658
29.87 -0.03113
29.88 -0.029921
29.89 -0.029744
29.9 -0.030728
29.91 -0.030431
29.92 -0.032529
29.93 -0.036593
29.94 -0.041543
29.95 -0.045171
29.96 -0.049695
29.97 -0.052195
29.98 -0.052198
29.99 -0.053667
30 -0.054915
30.01 -0.052111
30.02 -0.04512
30.03 -0.035639
30.04 -0.028972
30.05 -0.024256
30.06 -0.010072
30.07 0.00717
30.08 0.017426
30.09 0.022293
30.1 0.025202
30.11 0.024886
30.12 0.023259
30.13 0.020553
30.14 0.014118
30.15 0.0043118
30.16 -0.0053893
30.17 -0.010534
30.18 -0.018611
30.19 -0.02239
30.2 -0.022106
30.21 -0.026759
30.22 -0.029114
30.23 -0.03495
30.24 -0.040668
30.25 -0.03776
30.26 -0.035391
30.27 -0.033731
30.28 -0.032225
30.29 -0.032609
30.3 -0.032922
30.31 -0.032801
30.32 -0.03091
30.33 -0.028451
30.34 -0.02294
30.35 -0.022408
30.36 -0.022842
30.37 -0.011281
30.38 -0.0039275
30.39 0.00054084
30.4 0.0079117
30.41 0.011108
30.42 0.014606
30.43 0.016378
30.44 0.01825
30.45 0.022592
30.46 0.02259
30.47 0.020237
30.48 0.018824
30.49 0.014684
30.5 0.0091315
30.51 0.0025661
30.52 0.00010062
30.53 0.00095684
30.54 0.0011832
30.55 0.0020094
30.56 0.00051676
30.57 0.00030343
30.58 -0.0011474
30.59 -0.0042329
30.6 -0.0038546
30.61 -0.0042016
30.62 -0.0059861
30.63 -0.010493
30.64 -0.020036
30.65 -0.023704
30.66 -0.021613
30.67 -0.023246
30.68 -0.023029
30.69 -0.013955
30.7 -0.0049188
30.71 0.0010095
30.72 0.0081098
30.73 0.010709
30.74 0.010572
30.75 0.011889
30.76 0.012236
30.77 0.011554
30.78 0.014199
30.79 0.020058
30.8 0.027706
30.81 0.033204
30.82 0.035316
30.83 0.042136
30.84 0.046535
30.85 0.051305
30.86 0.060059
30.87 0.06055
30.88 0.061032
30.89 0.062242
30.9 0.054729
30.91 0.050894
30.92 0.049076
30.93 0.037137
30.94 0.028274
30.95 0.023766
30.96 0.018874
30.97 0.01609
30.98 0.012436
30.99 0.0087522
31 0.0080272
31.01 0.010697
31.02 0.014546
31.03 0.017535
31.04 0.019216
31.05 0.018931
31.06 0.011188
31.07 0.0030046
31.08 -0.000691
31.09 -0.0054277
31.1 -0.0038943
31.11 0.0014078
31.12 0.004348
31.13 0.0079667
31.14 0.0082161
31.15 0.0094255
31.16 0.015379
31.17 0.018889
31.18 0.016492
31.19 0.016227
31.2 0.015627
31.21 0.0096117
31.22 0.010589
31.23 0.010799
31.24 0.0091648
31.25 0.0095487
31.26 0.0042139
31.27 0.001823
31.28 0.0030673
31.29 0.00243
31.3 0.001633
31.31 0.0012545
31.32 -0.0026339
31.33 -0.0060265
31.34 -0.0098607
31.35 -0.019394
31.36 -0.02327
31.37 -0.024295
31.38 -0.024125
31.39 -0.023547
31.4 -0.027482
31.41 -0.028014
31.42 -0.026343
31.43 -0.024451
31.44 -0.021304
31.45 -0.02298
31.46 -0.022133
31.47 -0.011494
31.48 -0.0023231
31.49 -7.7078e-005
31.5 0.00010369
31.51 0.0059231
31.52 0.0080707
31.53 0.0045392
31.54 0.002878
31.55 0.0071154
31.56 0.012929
31.57 0.015018
31.58 0.021189
31.59 0.028149
31.6 0.034937
31.61 0.041615
31.62 0.046479
31.63 0.049624
31.64 0.045348
31.65 0.03787
31.66 0.031595
31.67 0.022514
31.68 0.012938
31.69 0.0065538
31.7 0.003553
31.71 -5.9293e-005
31.72 -0.0023195
31.73 -0.0081771
31.74 -0.019412
31.75 -0.022356
31.76 -0.020765
31.77 -0.021426
31.78 -0.02091
31.79 -0.02205
31.8 -0.021736
31.81 -0.012553
31.82 -0.0050864
31.83 -0.0089407
31.84 -0.019049
31.85 -0.021893
31.86 -0.021472
31.87 -0.021518
31.88 -0.012297
31.89 -0.0050357
31.9 -0.0063188
31.91 -0.0074323
31.92 -0.0090099
31.93 -0.017334
31.94 -0.022442
31.95 -0.025664
31.96 -0.030787
31.97 -0.03193
31.98 -0.040056
31.99 -0.043638
32 -0.039677
32.01 -0.043222
32.02 -0.041212
32.03 -0.034967
32.04 -0.033017
32.05 -0.028754
32.06 -0.026237
32.07 -0.02633
32.08 -0.022227
32.09 -0.019521
32.1 -0.02092
32.11 -0.020066
32.12 -0.02163
32.13 -0.020513
32.14 -0.012548
32.15 -0.0061136
32.16 -0.0081753
32.17 -0.016808
32.18 -0.0084282
32.19 0.0016184
32.2 0.0022556
32.21 0.0074589
32.22 0.010875
32.23 0.011797
32.24 0.006733
32.25 0.0024376
32.26 0.0084581
32.27 0.016217
32.28 0.022674
32.29 0.029139
32.3 0.030972
32.31 0.0333
32.32 0.031557
32.33 0.025993
32.34 0.020503
32.35 0.010454
32.36 0.0089554
32.37 0.006195
32.38 -0.0010589
32.39 -0.0057075
32.4 -0.017706
32.41 -0.023805
32.42 -0.021487
32.43 -0.02256
32.44 -0.022064
32.45 -0.023338
32.46 -0.02256
32.47 -0.014151
32.48 -0.010199
32.49 -0.0058426
32.5 -0.0039404
32.51 -0.0071291
32.52 -0.008361
32.53 -0.017716
32.54 -0.024144
32.55 -0.024504
32.56 -0.024961
32.57 -0.027724
32.58 -0.030742
32.59 -0.032051
32.6 -0.033252
32.61 -0.032677
32.62 -0.032301
32.63 -0.032905
32.64 -0.03068
32.65 -0.026581
32.66 -0.019435
32.67 -0.012584
32.68 -0.016795
32.69 -0.010548
32.7 -0.0031403
32.71 -0.008988
32.72 -0.0078572
32.73 -0.008057
32.74 -0.016797
32.75 -0.021438
32.76 -0.019481
32.77 -0.011216
32.78 -0.0024555
32.79 0.0033103
32.8 0.0096481
32.81 0.013743
32.82 0.019141
32.83 0.023591
32.84 0.023552
32.85 0.02367
32.86 0.023583
32.87 0.021527
32.88 0.017366
32.89 0.012281
32.9 0.010262
32.91 0.0073392
32.92 0.0042125
32.93 0.0042566
32.94 0.0053883
32.95 0.0098814
32.96 0.013232
32.97 0.014099
32.98 0.01607
32.99 0.014721
33 0.013316
33.01 0.014044
33.02 0.010768
33.03 0.0087872
33.04 0.012305
33.05 0.013789
33.06 0.013137
33.07 0.013678
33.08 0.010871
33.09 0.0068128
33.1 0.0043474
33.11 -0.0016881
33.12 -0.0069562
33.13 -0.0068909
33.14 -0.0038605
33.15 -0.0036305
33.16 -0.0058318
33.17 -0.0032793
33.18 -0.0038669
33.19 -0.0051277
33.2 -0.0049425
33.21 -0.0058376
33.22 -0.0084021
33.23 -0.014957
33.24 -0.010694
33.25 -0.0056491
33.26 -0.0050913
33.27 -0.0010842
33.28 -0.0018328
33.29 -0.0023539
33.3 0.00063017
33.31 -0.0015645
33.32 -0.0045065
33.33 -0.0017112
33.34 -0.002214
33.35 -0.0041082
33.36 -0.0024691
33.37 -0.0053725
33.38 -0.01359
33.39 -0.016078
33.4 -0.014449
33.41 -0.016096
33.42 -0.015572
33.43 -0.015636
33.44 -0.014236
33.45 -0.0033546
33.46 0.0053352
33.47 0.01146
33.48 0.016906
33.49 0.018363
33.5 0.019108
33.51 0.018431
33.52 0.018214
33.53 0.020055
33.54 0.022687
33.55 0.023746
33.56 0.024809
33.57 0.026907
33.58 0.027295
33.59 0.026624
33.6 0.026194
33.61 0.025854
33.62 0.027907
33.63 0.027944
33.64 0.024756
33.65 0.023942
33.66 0.023058
33.67 0.021414
33.68 0.017806
33.69 0.01423
33.7 0.011993
33.71 0.007448
33.72 0.0041378
33.73 0.0032453
33.74 0.0020863
33.75 -0.0010132
33.76 -0.0036261
33.77 -0.0038616
33.78 -0.0046584
33.79 -0.0047871
33.8 -0.0048878
33.81 -0.0064353
33.82 -0.0053572
33.83 -0.0042093
33.84 -0.0045406
33.85 -0.0044005
33.86 -0.0042291
33.87 -0.0044992
33.88 -0.0034469
33.89 -0.0040426
33.9 -0.011353
33.91 -0.014164
33.92 -0.012701
33.93 -0.013611
33.94 -0.012865
33.95 -0.011662
33.96 -0.012489
33.97 -0.011632
33.98 -0.0045538
33.99 3.6002e-005
34 0.0015575
34.01 0.0055422
34.02 0.010326
34.03 0.014016
34.04 0.014449
34.05 0.015162
34.06 0.017265
34.07 0.018751
34.08 0.018791
34.09 0.017327
34.1 0.017622
34.11 0.019386
34.12 0.020354
34.13 0.022516
34.14 0.024812
34.15 0.023801
34.16 0.020386
34.17 0.020704
34.18 0.019318
34.19 0.012896
34.2 0.010465
34.21 0.0087835
34.22 0.0056179
34.23 0.0031934
34.24 0.0005343
34.25 -0.0019735
34.26 -0.0030517
34.27 -0.0037867
34.28 -0.0042696
34.29 -0.0055076
34.3 -0.0070269
34.31 -0.0062304
34.32 -0.0058071
34.33 -0.0059058
34.34 -0.0061534
34.35 -0.0082029
34.36 -0.012112
34.37 -0.01338
34.38 -0.012378
34.39 -0.012398
34.4 -0.011797
34.41 -0.011777
34.42 -0.013002
34.43 -0.01156
34.44 -0.01079
34.45 -0.010581
34.46 -0.0069242
34.47 -0.0033892
34.48 -0.0046753
34.49 -0.0081957
34.5 -0.0059603
34.51 -0.003408
34.52 -0.0043385
34.53 -0.0073
34.54 -0.0095799
34.55 -0.0081418
34.56 -0.0052593
34.57 -0.0037785
34.58 -0.0023336
34.59 -0.00071459
34.6 -0.00010894
34.61 0.0021505
34.62 0.0027866
34.63 0.0018135
34.64 0.0029737
34.65 0.0040861
34.66 0.0041829
34.67 0.0036492
34.68 0.0024675
34.69 0.0029416
34.7 0.0035106
34.71 0.003051
34.72 0.0030591
34.73 0.0027974
34.74 0.0027643
34.75 0.0033082
34.76 0.0027342
34.77 0.0015436
34.78 0.00069276
34.79 -0.00059777
34.8 -0.0018888
34.81 -0.0025905
34.82 -0.0040556
34.83 -0.0065578
34.84 -0.0075859
34.85 -0.0075192
34.86 -0.0078955
34.87 -0.0083819
34.88 -0.008754
34.89 -0.0085851
34.9 -0.0074387
34.91 -0.0064856
34.92 -0.0062696
34.93 -0.0050721
34.94 -0.0037696
34.95 -0.0035969
34.96 -0.0033104
34.97 -0.0031863
34.98 -0.00342
34.99 -0.0029395
35 -0.0024206
35.01 -0.002394
35.02 -0.0020587
35.03 -0.002132
35.04 -0.0017641
35.05 0.00019536
35.06 0.0010914
35.07 0.0010791
35.08 0.0016984
35.09 0.0021509
35.1 0.0019751
35.11 0.0020753
35.12 0.0022412
35.13 0.0021763
35.14 0.0022369
35.15 0.0019862
35.16 0.0020857
35.17 0.0021004
35.18 0.001928
35.19 0.0019157
35.2 0.001648
35.21 0.001835
35.22 0.0026404
35.23 0.00333
35.24 0.0034929
35.25 0.0035324
35.26 0.0036971
35.27 0.0036509
35.28 0.0035379
35.29 0.003466
35.3 0.0033304
35.31 0.0031001
35.32 0.0030696
35.33 0.0029766
35.34 0.0026294
35.35 0.0022868
35.36 0.0018924
35.37 0.0015609
35.38 0.0012358
35.39 0.00075547
35.4 0.0002816
35.41 -0.00023965
35.42 -0.00099575
35.43 -0.0014819
35.44 -0.0015709
35.45 -0.0016985
35.46 -0.0016882
35.47 -0.0014361
35.48 -0.0013421
35.49 -0.0014596
35.5 -0.0014197
35.51 -0.0013596
35.52 -0.0013607
35.53 -0.0013659
35.54 -0.0016145
35.55 -0.0016404
35.56 -0.0014441
35.57 -0.0013852
35.58 -0.0013225
35.59 -0.0012367
35.6 -0.0011317
35.61 -0.00099345
35.62 -0.00080758
35.63 -0.00067987
35.64 -0.0005993
35.65 -0.00047011
35.66 -0.00040225
35.67 -0.00032888
35.68 -7.9925e-005
35.69 4.1153e-005
35.7 3.0207e-005
35.71 0.00015416
35.72 0.0001898
35.73 0.00014133
35.74 0.00016129
35.75 0.00019103
35.76 0.00018692
35.77 0.00015887
35.78 0.00014888
35.79 0.00012575
35.8 7.1129e-005
35.81 1.4711e-005
35.82 -4.8355e-005
35.83 -0.00010415
35.84 -0.00016381
35.85 -0.00020797
35.86 -0.00021369
35.87 -0.00022302
35.88 -0.00022456
35.89 -0.00021279
35.9 -0.00020909
35.91 -0.00020355
35.92 -0.00019381
35.93 -0.00019348
35.94 -0.00019335
35.95 -0.0001903
