0.01 -0.00051974
0.02 -0.00093908
0.03 -0.0013067
0.04 -0.00077615
0.05 -0.00034172
0.06 -4.0879e-005
0.07 9.3099e-005
0.08 7.9597e-005
0.09 0.00032076
0.1 0.00071151
0.11 0.0010301
0.12 0.0013759
0.13 0.0016505
0.14 0.0018314
0.15 0.001871
0.16 0.0016594
0.17 0.0013224
0.18 0.001096
0.19 0.0010594
0.2 0.00086097
0.21 0.0007154
0.22 0.00095514
0.23 0.0014156
0.24 0.0020516
0.25 0.0025261
0.26 0.0029249
0.27 0.0033591
0.28 0.0032735
0.29 0.0026016
0.3 0.0015881
0.31 0.00036445
0.32 -0.00070005
0.33 -0.0011422
0.34 -0.0008005
0.35 -0.00033501
0.36 -0.00035932
0.37 -0.00039686
0.38 -0.00020961
0.39 -0.00011507
0.4 -7.7003e-005
0.41 -0.0002917
0.42 -0.00073072
0.43 -0.0012501
0.44 -0.0018808
0.45 -0.0022028
0.46 -0.0021008
0.47 -0.0018784
0.48 -0.0015721
0.49 -0.0012435
0.5 -0.0011146
0.51 -0.0010068
0.52 -0.00089554
0.53 -0.00075539
0.54 -0.00049531
0.55 -0.00019037
0.56 0.00012192
0.57 0.00030617
0.58 0.00036837
0.59 0.00037529
0.6 0.0004218
0.61 0.00023516
0.62 -0.00031792
0.63 -0.00062208
0.64 -0.00049307
0.65 -0.0001429
0.66 0.00017424
0.67 0.00016849
0.68 -5.3107e-005
0.69 -4.6119e-005
0.7 0.00026431
0.71 0.00060733
0.72 0.0010319
0.73 0.0014269
0.74 0.001524
0.75 0.0011733
0.76 0.0011223
0.77 0.0012215
0.78 0.0012372
0.79 0.0016631
0.8 0.0014979
0.81 0.0010554
0.82 0.0012569
0.83 0.00087868
0.84 0.00048897
0.85 0.00097602
0.86 0.0010114
0.87 0.00099486
0.88 0.00076001
0.89 0.00019528
0.9 0.00059602
0.91 0.001409
0.92 0.0018555
0.93 0.0024749
0.94 0.0030483
0.95 0.0031912
0.96 0.0030555
0.97 0.0024648
0.98 0.0014521
0.99 0.00052246
1 0.0020244
1.01 0.0034954
1.02 0.0045241
1.03 0.0079294
1.04 0.0087941
1.05 0.0073487
1.06 0.0055558
1.07 0.0060935
1.08 0.009723
1.09 0.010471
1.1 0.010448
1.11 0.010984
1.12 0.011665
1.13 0.0099264
1.14 0.0082744
1.15 0.013501
1.16 0.011384
1.17 0.0010556
1.18 -0.0054025
1.19 -0.0074457
1.2 -0.0051443
1.21 -0.0053952
1.22 -0.0098163
1.23 -0.0096353
1.24 -0.0076823
1.25 -0.016178
1.26 -0.0281
1.27 -0.024082
1.28 -0.022097
1.29 -0.023371
1.3 -0.012925
1.31 -0.014468
1.32 -0.028449
1.33 -0.036322
1.34 -0.022779
1.35 0.0032626
1.36 0.018499
1.37 0.01611
1.38 0.013386
1.39 0.019111
1.4 0.013791
1.41 -0.007006
1.42 -0.019586
1.43 -0.012878
1.44 -0.005428
1.45 0.0061822
1.46 0.025369
1.47 0.021148
1.48 0.0057573
1.49 0.008943
1.5 0.017306
1.51 0.039557
1.52 0.040898
1.53 0.026391
1.54 0.045168
1.55 0.051424
1.56 0.025294
1.57 -0.0030641
1.58 -0.012986
1.59 -0.014797
1.6 -0.020554
1.61 -0.021692
1.62 0.010113
1.63 0.036772
1.64 0.0094035
1.65 -0.016925
1.66 -0.0072746
1.67 0.014944
1.68 0.0049534
1.69 -0.01204
1.7 0.0025173
1.71 -0.013819
1.72 -0.05989
1.73 -0.060629
1.74 -0.015405
1.75 -0.0071371
1.76 -0.028707
1.77 -0.0072114
1.78 0.0023406
1.79 -0.012478
1.8 -0.0022319
1.81 0.026655
1.82 0.053287
1.83 0.05463
1.84 0.054092
1.85 0.051862
1.86 0.02277
1.87 0.014485
1.88 0.028253
1.89 0.045498
1.9 0.05849
1.91 0.053497
1.92 0.050462
1.93 0.036602
1.94 0.0072486
1.95 -0.01798
1.96 -0.011268
1.97 0.012111
1.98 -0.018483
1.99 -0.053397
2 -0.029328
2.01 -0.0048272
2.02 0.017214
2.03 0.039289
2.04 0.014458
2.05 -0.012418
2.06 0.0023657
2.07 -0.0089308
2.08 -0.02556
2.09 -0.0019177
2.1 -0.0094038
2.11 -0.040517
2.12 -0.031647
2.13 0.00608
2.14 0.016567
2.15 -0.023249
2.16 -0.055907
2.17 -0.034307
2.18 0.0031385
2.19 0.0067801
2.2 0.011831
2.21 0.02383
2.22 -0.036161
2.23 -0.1027
2.24 -0.0656
2.25 -0.0019763
2.26 0.0077082
2.27 -0.009143
2.28 -0.017265
2.29 -0.020396
2.3 -0.025774
2.31 -0.034259
2.32 -0.050186
2.33 -0.045529
2.34 -0.02745
2.35 -0.0016626
2.36 0.020657
2.37 -0.0089796
2.38 -0.03959
2.39 -0.029321
2.4 -0.013638
2.41 0.010601
2.42 0.050615
2.43 0.0819
2.44 0.078134
2.45 0.071475
2.46 0.067705
2.47 0.01411
2.48 -0.0073897
2.49 0.031524
2.5 0.032002
2.51 -0.02835
2.52 -0.084709
2.53 -0.085429
2.54 -0.098537
2.55 -0.1074
2.56 -0.039483
2.57 0.010599
2.58 -0.0014883
2.59 -0.0015573
2.6 0.019541
2.61 0.029135
2.62 0.0009666
2.63 -0.024614
2.64 -0.0037664
2.65 0.0029756
2.66 -0.016623
2.67 -0.02274
2.68 -0.029974
2.69 -0.026327
2.7 0.027331
2.71 0.084541
2.72 0.063029
2.73 0.027722
2.74 0.031981
2.75 0.0047561
2.76 -0.017867
2.77 -0.035398
2.78 -0.082053
2.79 -0.085041
2.8 -0.035109
2.81 0.020754
2.82 0.044144
2.83 0.011947
2.84 -0.042588
2.85 -0.076207
2.86 -0.082043
2.87 -0.059454
2.88 -0.020327
2.89 0.0045982
2.9 -0.0044931
2.91 0.014122
2.92 0.032763
2.93 -0.012316
2.94 -0.021635
2.95 0.022378
2.96 0.0086989
2.97 -0.048874
2.98 -0.047796
2.99 0.0060974
3 0.043363
3.01 0.031377
3.02 0.039879
3.03 0.047839
3.04 0.006307
3.05 0.013141
3.06 0.07775
3.07 0.10825
3.08 0.092167
3.09 0.088532
3.1 0.075354
3.11 0.039304
3.12 0.020106
3.13 0.0014269
3.14 -0.044542
3.15 -0.10618
3.16 -0.11558
3.17 -0.063292
3.18 -0.061939
3.19 -0.10603
3.2 -0.10067
3.21 -0.063174
3.22 -0.044884
3.23 -0.011745
3.24 0.077613
3.25 0.11286
3.26 0.053749
3.27 -0.0074708
3.28 -0.056537
3.29 -0.050369
3.3 -0.0025024
3.31 0.013261
3.32 0.048594
3.33 0.11137
3.34 0.12634
3.35 0.091261
3.36 0.080954
3.37 0.071744
3.38 0.027027
3.39 0.0072541
3.4 0.005999
3.41 0.0016274
3.42 0.012312
3.43 0.00087561
3.44 -0.021948
3.45 0.0054725
3.46 0.010587
3.47 -0.020318
3.48 -0.018863
3.49 -0.0030944
3.5 0.014283
3.51 0.0024978
3.52 -0.038884
3.53 -0.037583
3.54 -0.050363
3.55 -0.090552
3.56 -0.077692
3.57 -0.032699
3.58 0.00076251
3.59 0.00071898
3.6 -0.0098186
3.61 -0.03929
3.62 -0.057865
3.63 -0.046845
3.64 -0.057947
3.65 -0.069589
3.66 -0.076373
3.67 -0.083048
3.68 -0.038892
3.69 0.018135
3.7 0.021432
3.71 0.0026207
3.72 0.046792
3.73 0.15265
3.74 0.18443
3.75 0.12247
3.76 0.059409
3.77 0.012315
3.78 -0.039608
3.79 -0.040733
3.8 0.022202
3.81 0.071738
3.82 0.078641
3.83 0.056253
3.84 0.047111
3.85 0.058907
3.86 0.069788
3.87 0.09942
3.88 0.096116
3.89 0.028028
3.9 -0.023953
3.91 -0.028927
3.92 -0.051469
3.93 -0.11819
3.94 -0.1365
3.95 -0.077536
3.96 0.0091419
3.97 0.042425
3.98 0.016713
3.99 -0.026144
4 -0.11171
4.01 -0.17426
4.02 -0.12137
4.03 0.011353
4.04 0.094493
4.05 0.1074
4.06 0.052044
4.07 -0.053096
4.08 -0.10607
4.09 -0.11964
4.1 -0.13557
4.11 -0.11914
4.12 -0.05615
4.13 0.010006
4.14 0.048805
4.15 0.063613
4.16 0.11457
4.17 0.1677
4.18 0.14618
4.19 0.12111
4.2 0.078603
4.21 0.019754
4.22 0.0052298
4.23 0.011992
4.24 0.033328
4.25 0.01305
4.26 -0.027848
4.27 0.021523
4.28 0.075357
4.29 0.023163
4.3 -0.01266
4.31 0.044732
4.32 0.054435
4.33 0.0097984
4.34 0.043389
4.35 0.068178
4.36 0.0068635
4.37 -0.026202
4.38 0.0072051
4.39 0.036124
4.4 0.001494
4.41 -0.041231
4.42 -0.01188
4.43 0.020871
4.44 0.017827
4.45 -0.0033631
4.46 -0.076443
4.47 -0.14318
4.48 -0.1272
4.49 -0.082166
4.5 -0.053501
4.51 0.013999
4.52 0.11447
4.53 0.16154
4.54 0.16995
4.55 0.15483
4.56 0.13342
4.57 0.098266
4.58 -0.0053856
4.59 -0.064011
4.6 -0.046118
4.61 -0.079151
4.62 -0.11528
4.63 -0.067519
4.64 0.025778
4.65 0.10802
4.66 0.095645
4.67 0.013373
4.68 -0.062769
4.69 -0.06758
4.7 0.03477
4.71 0.11275
4.72 0.090497
4.73 0.0031636
4.74 -0.10646
4.75 -0.21403
4.76 -0.28587
4.77 -0.28815
4.78 -0.24059
4.79 -0.14697
4.8 -0.072381
4.81 -0.043574
4.82 -0.036441
4.83 -0.057689
4.84 -0.062354
4.85 -0.068514
4.86 -0.14489
4.87 -0.25211
4.88 -0.31505
4.89 -0.27808
4.9 -0.11593
4.91 0.05254
4.92 0.12754
4.93 0.1269
4.94 0.038527
4.95 -0.055354
4.96 -0.055606
4.97 -0.0091476
4.98 0.044536
4.99 0.091756
5 0.12647
5.01 0.10212
5.02 0.071425
5.03 0.10617
5.04 0.10234
5.05 0.065803
5.06 0.054721
5.07 0.042421
5.08 0.031355
5.09 0.0075488
5.1 -0.015922
5.11 0.017708
5.12 0.062618
5.13 0.069647
5.14 0.052691
5.15 0.039301
5.16 0.064496
5.17 0.06619
5.18 0.00979
5.19 -0.019955
5.2 -0.0036394
5.21 0.033141
5.22 0.081588
5.23 0.093172
5.24 0.020408
5.25 -0.088584
5.26 -0.14607
5.27 -0.13726
5.28 -0.073187
5.29 0.048199
5.3 0.18892
5.31 0.23655
5.32 0.18417
5.33 0.11258
5.34 0.038779
5.35 -0.011507
5.36 -0.028677
5.37 -0.0038777
5.38 -0.0030302
5.39 -0.046855
5.4 -0.063797
5.41 -0.15374
5.42 -0.30348
5.43 -0.40107
5.44 -0.41759
5.45 -0.32673
5.46 -0.16804
5.47 -0.017272
5.48 0.035049
5.49 -0.039697
5.5 -0.18368
5.51 -0.2689
5.52 -0.24108
5.53 -0.17524
5.54 -0.097873
5.55 0.02702
5.56 0.16565
5.57 0.22872
5.58 0.19323
5.59 0.13686
5.6 0.10973
5.61 0.056525
5.62 -0.028021
5.63 -0.09878
5.64 -0.11433
5.65 -0.066699
5.66 0.030016
5.67 0.10942
5.68 0.074969
5.69 -0.03969
5.7 -0.13082
5.71 -0.15602
5.72 -0.088796
5.73 0.079798
5.74 0.20569
5.75 0.1721
5.76 0.075198
5.77 0.024954
5.78 0.029758
5.79 0.063385
5.8 0.12023
5.81 0.1989
5.82 0.27189
5.83 0.32814
5.84 0.34496
5.85 0.31339
5.86 0.29263
5.87 0.31819
5.88 0.31201
5.89 0.22966
5.9 0.14788
5.91 0.098553
5.92 0.030985
5.93 -0.0056318
5.94 0.059345
5.95 0.098763
5.96 0.052961
5.97 0.008159
5.98 -0.0062762
5.99 -0.016546
6 -0.068247
6.01 -0.13767
6.02 -0.15982
6.03 -0.12836
6.04 -0.13339
6.05 -0.24426
6.06 -0.35659
6.07 -0.3774
6.08 -0.36226
6.09 -0.32048
6.1 -0.2421
6.11 -0.1679
6.12 -0.14612
6.13 -0.18637
6.14 -0.22343
6.15 -0.23089
6.16 -0.17196
6.17 -0.0086761
6.18 0.12443
6.19 0.15367
6.2 0.24961
6.21 0.33219
6.22 0.25943
6.23 0.17565
6.24 0.14709
6.25 0.1724
6.26 0.24793
6.27 0.30105
6.28 0.29623
6.29 0.23287
6.3 0.14772
6.31 0.088508
6.32 -0.0096554
6.33 -0.13999
6.34 -0.2229
6.35 -0.25825
6.36 -0.22879
6.37 -0.096963
6.38 0.064922
6.39 0.12176
6.4 0.081929
6.41 0.014842
6.42 -0.026561
6.43 -0.0096968
6.44 0.026022
6.45 0.1451
6.46 0.33985
6.47 0.46528
6.48 0.47812
6.49 0.42043
6.5 0.36008
6.51 0.29207
6.52 0.27546
6.53 0.30921
6.54 0.28785
6.55 0.26454
6.56 0.25758
6.57 0.16254
6.58 -0.015808
6.59 -0.15409
6.6 -0.21868
6.61 -0.3003
6.62 -0.42002
6.63 -0.48019
6.64 -0.47954
6.65 -0.48463
6.66 -0.4981
6.67 -0.53069
6.68 -0.57743
6.69 -0.59419
6.7 -0.55732
6.71 -0.46209
6.72 -0.36133
6.73 -0.28262
6.74 -0.23155
6.75 -0.23094
6.76 -0.22554
6.77 -0.19637
6.78 -0.15259
6.79 -0.056733
6.8 0.085171
6.81 0.22838
6.82 0.37198
6.83 0.47518
6.84 0.49498
6.85 0.48696
6.86 0.4767
6.87 0.42349
6.88 0.32006
6.89 0.23193
6.9 0.20792
6.91 0.23806
6.92 0.28331
6.93 0.25051
6.94 0.10436
6.95 -0.040451
6.96 -0.14641
6.97 -0.21604
6.98 -0.20574
6.99 -0.16052
7 -0.14438
7.01 -0.20952
7.02 -0.25435
7.03 -0.16223
7.04 -0.0032138
7.05 0.1628
7.06 0.24808
7.07 0.16623
7.08 0.0034121
7.09 -0.084162
7.1 -0.10493
7.11 -0.15882
7.12 -0.18583
7.13 -0.074418
7.14 0.098338
7.15 0.22878
7.16 0.27362
7.17 0.22346
7.18 0.16634
7.19 0.10791
7.2 0.029348
7.21 -0.013938
7.22 -0.060483
7.23 -0.13531
7.24 -0.19999
7.25 -0.24181
7.26 -0.25006
7.27 -0.25083
7.28 -0.22932
7.29 -0.15217
7.3 -0.10497
7.31 -0.14617
7.32 -0.2004
7.33 -0.19997
7.34 -0.13797
7.35 -0.01412
7.36 0.13912
7.37 0.2581
7.38 0.31576
7.39 0.31773
7.4 0.24895
7.41 0.10833
7.42 -0.0043249
7.43 -0.023001
7.44 0.016076
7.45 0.068076
7.46 0.12353
7.47 0.16841
7.48 0.17333
7.49 0.16927
7.5 0.159
7.51 0.10159
7.52 0.037616
7.53 0.045322
7.54 0.097924
7.55 0.16288
7.56 0.2084
7.57 0.1659
7.58 0.036386
7.59 -0.12805
7.6 -0.26019
7.61 -0.31856
7.62 -0.25718
7.63 -0.13108
7.64 -0.035128
7.65 0.040948
7.66 0.10148
7.67 0.12918
7.68 0.10874
7.69 0.049148
7.7 -0.042521
7.71 -0.1371
7.72 -0.19929
7.73 -0.18004
7.74 -0.049987
7.75 0.044283
7.76 0.014893
7.77 -0.084722
7.78 -0.23615
7.79 -0.36108
7.8 -0.38175
7.81 -0.26586
7.82 -0.048541
7.83 0.10571
7.84 0.16847
7.85 0.1763
7.86 0.10471
7.87 0.0020646
7.88 -0.10105
7.89 -0.16522
7.9 -0.17486
7.91 -0.1748
7.92 -0.087711
7.93 0.070132
7.94 0.17114
7.95 0.22042
7.96 0.25301
7.97 0.27849
7.98 0.29267
7.99 0.30065
8 0.30086
8.01 0.24237
8.02 0.12266
8.03 0.011743
8.04 -0.036687
8.05 -0.027932
8.06 -0.0035758
8.07 0.050211
8.08 0.09255
8.09 0.08826
8.1 0.049273
8.11 -0.07632
8.12 -0.23272
8.13 -0.31149
8.14 -0.31165
8.15 -0.25485
8.16 -0.12276
8.17 -0.0009813
8.18 0.023012
8.19 -0.024461
8.2 -0.096303
8.21 -0.15208
8.22 -0.16478
8.23 -0.092631
8.24 0.053258
8.25 0.18541
8.26 0.19758
8.27 0.082084
8.28 -0.066791
8.29 -0.1496
8.3 -0.13391
8.31 -0.070654
8.32 0.0024505
8.33 0.049417
8.34 0.062068
8.35 0.087898
8.36 0.11141
8.37 0.12634
8.38 0.11075
8.39 0.019621
8.4 -0.068327
8.41 -0.074095
8.42 -0.033525
8.43 0.028846
8.44 0.097924
8.45 0.10318
8.46 0.092395
8.47 0.094446
8.48 0.052061
8.49 0.032989
8.5 0.09186
8.51 0.15302
8.52 0.20504
8.53 0.26239
8.54 0.24695
8.55 0.12596
8.56 -0.013146
8.57 -0.085012
8.58 -0.12738
8.59 -0.16411
8.6 -0.17999
8.61 -0.19094
8.62 -0.19745
8.63 -0.1646
8.64 -0.12331
8.65 -0.12833
8.66 -0.15741
8.67 -0.16462
8.68 -0.12799
8.69 -0.059217
8.7 -0.0057646
8.71 0.0053299
8.72 0.057037
8.73 0.15904
8.74 0.24566
8.75 0.28744
8.76 0.27363
8.77 0.20966
8.78 0.10979
8.79 0.041323
8.8 0.046021
8.81 0.061166
8.82 -0.0053721
8.83 -0.12814
8.84 -0.18919
8.85 -0.14209
8.86 -0.0071109
8.87 0.13632
8.88 0.21136
8.89 0.23656
8.9 0.15814
8.91 -0.018351
8.92 -0.12998
8.93 -0.14131
8.94 -0.10245
8.95 -0.031283
8.96 0.055943
8.97 0.11289
8.98 0.098205
8.99 0.060767
9 0.059666
9.01 0.081294
9.02 0.097747
9.03 0.12813
9.04 0.17318
9.05 0.19344
9.06 0.17015
9.07 0.12827
9.08 0.076049
9.09 0.0088018
9.1 -0.090323
9.11 -0.2245
9.12 -0.32315
9.13 -0.38301
9.14 -0.37391
9.15 -0.28648
9.16 -0.19848
9.17 -0.12504
9.18 -0.073406
9.19 -0.032314
9.2 -0.0007841
9.21 0.00042098
9.22 0.007199
9.23 0.042657
9.24 0.088211
9.25 0.16028
9.26 0.25185
9.27 0.3017
9.28 0.30059
9.29 0.31209
9.3 0.32962
9.31 0.28871
9.32 0.19067
9.33 0.073303
9.34 -0.060644
9.35 -0.17139
9.36 -0.22097
9.37 -0.19943
9.38 -0.11881
9.39 -0.089203
9.4 -0.16347
9.41 -0.30842
9.42 -0.44972
9.43 -0.51077
9.44 -0.46631
9.45 -0.30853
9.46 -0.11617
9.47 -0.054407
9.48 -0.11137
9.49 -0.17987
9.5 -0.20469
9.51 -0.16901
9.52 -0.09549
9.53 0.022405
9.54 0.14436
9.55 0.269
9.56 0.37736
9.57 0.43394
9.58 0.45273
9.59 0.46101
9.6 0.4595
9.61 0.42886
9.62 0.40425
9.63 0.34362
9.64 0.2388
9.65 0.11661
9.66 0.0044878
9.67 -0.0011263
9.68 0.086881
9.69 0.19337
9.7 0.26179
9.71 0.25143
9.72 0.16021
9.73 0.022991
9.74 -0.094986
9.75 -0.15696
9.76 -0.14893
9.77 -0.11123
9.78 -0.11853
9.79 -0.15752
9.8 -0.22201
9.81 -0.3214
9.82 -0.4145
9.83 -0.45319
9.84 -0.45152
9.85 -0.44831
9.86 -0.35302
9.87 -0.16813
9.88 -0.041932
9.89 0.0020751
9.9 0.0040276
9.91 -0.058114
9.92 -0.12318
9.93 -0.11564
9.94 -0.04882
9.95 0.080467
9.96 0.17907
9.97 0.16623
9.98 0.14806
9.99 0.1457
10 0.083299
10.01 -0.0070387
10.02 -0.06724
10.03 -0.084476
10.04 -0.089341
10.05 -0.08611
10.06 -0.029964
10.07 0.064843
10.08 0.11842
10.09 0.09931
10.1 0.051105
10.11 0.016235
10.12 -0.012156
10.13 -0.064189
10.14 -0.16444
10.15 -0.28741
10.16 -0.35112
10.17 -0.31111
10.18 -0.16986
10.19 0.021193
10.2 0.17312
10.21 0.24832
10.22 0.2385
10.23 0.17078
10.24 0.1103
10.25 0.072917
10.26 0.027043
10.27 -0.073566
10.28 -0.19183
10.29 -0.24012
10.3 -0.24951
10.31 -0.22079
10.32 -0.14779
10.33 -0.10558
10.34 -0.15424
10.35 -0.26385
10.36 -0.31315
10.37 -0.28642
10.38 -0.23086
10.39 -0.13086
10.4 -0.012177
10.41 0.053719
10.42 0.10307
10.43 0.1982
10.44 0.28202
10.45 0.25389
10.46 0.11893
10.47 -0.028654
10.48 -0.094998
10.49 -0.082073
10.5 -0.010358
10.51 0.12239
10.52 0.19395
10.53 0.13763
10.54 0.027111
10.55 -0.036935
10.56 -0.0057636
10.57 0.031666
10.58 0.026555
10.59 0.0089154
10.6 -0.047163
10.61 -0.13725
10.62 -0.23206
10.63 -0.26579
10.64 -0.20419
10.65 -0.14749
10.66 -0.13582
10.67 -0.11907
10.68 -0.13478
10.69 -0.22009
10.7 -0.29539
10.71 -0.27653
10.72 -0.16044
10.73 -0.040069
10.74 0.024045
10.75 0.080814
10.76 0.08843
10.77 0.016284
10.78 -0.065686
10.79 -0.1302
10.8 -0.12594
10.81 -0.067911
10.82 -0.062315
10.83 -0.074514
10.84 -0.040943
10.85 -0.030808
10.86 -0.038702
10.87 -0.0093938
10.88 0.033132
10.89 0.035887
10.9 0.027782
10.91 0.078416
10.92 0.1643
10.93 0.21008
10.94 0.21291
10.95 0.23086
10.96 0.23528
10.97 0.18386
10.98 0.12308
10.99 0.098598
11 0.092296
11.01 0.10435
11.02 0.15875
11.03 0.20285
11.04 0.22548
11.05 0.25774
11.06 0.26628
11.07 0.27648
11.08 0.30394
11.09 0.32224
11.1 0.32978
11.11 0.3308
11.12 0.30541
11.13 0.21275
11.14 0.07458
11.15 -0.078617
11.16 -0.22496
11.17 -0.33349
11.18 -0.40231
11.19 -0.40461
11.2 -0.3408
11.21 -0.26189
11.22 -0.20788
11.23 -0.21007
11.24 -0.23183
11.25 -0.25113
11.26 -0.27292
11.27 -0.2511
11.28 -0.16357
11.29 -0.041225
11.3 0.026943
11.31 -0.0070746
11.32 -0.077208
11.33 -0.13621
11.34 -0.15162
11.35 -0.064372
11.36 0.10205
11.37 0.25221
11.38 0.27342
11.39 0.18148
11.4 0.059558
11.41 -0.032556
11.42 0.012394
11.43 0.14656
11.44 0.25666
11.45 0.32736
11.46 0.33391
11.47 0.2371
11.48 0.086175
11.49 -0.034962
11.5 -0.15669
11.51 -0.31274
11.52 -0.43022
11.53 -0.43379
11.54 -0.2939
11.55 -0.027731
11.56 0.24113
11.57 0.39691
11.58 0.46476
11.59 0.48045
11.6 0.44262
11.61 0.34918
11.62 0.2086
11.63 0.036041
11.64 -0.13529
11.65 -0.23693
11.66 -0.22599
11.67 -0.077347
11.68 0.098152
11.69 0.15738
11.7 0.14113
11.71 0.099515
11.72 -0.024255
11.73 -0.15194
11.74 -0.10126
11.75 0.048122
11.76 0.060014
11.77 -0.077238
11.78 -0.21653
11.79 -0.28253
11.8 -0.23864
11.81 -0.1068
11.82 0.041415
11.83 0.13677
11.84 0.16577
11.85 0.15294
11.86 0.083695
11.87 0.023105
11.88 0.041912
11.89 0.10258
11.9 0.10267
11.91 0.033265
11.92 -0.014779
11.93 -0.062724
11.94 -0.09774
11.95 -0.082766
11.96 -0.076169
11.97 -0.099235
11.98 -0.10489
11.99 -0.096304
12 -0.14172
12.01 -0.26789
12.02 -0.43514
12.03 -0.56316
12.04 -0.58623
12.05 -0.50451
12.06 -0.34379
12.07 -0.15306
12.08 -0.021787
12.09 0.055243
12.1 0.13801
12.11 0.20496
12.12 0.23826
12.13 0.25417
12.14 0.23884
12.15 0.17035
12.16 0.091321
12.17 0.077249
12.18 0.098505
12.19 0.14973
12.2 0.2485
12.21 0.2798
12.22 0.22373
12.23 0.18485
12.24 0.18116
12.25 0.19419
12.26 0.23459
12.27 0.33454
12.28 0.46355
12.29 0.49931
12.3 0.41315
12.31 0.28325
12.32 0.18261
12.33 0.11448
12.34 0.065739
12.35 0.056386
12.36 0.10306
12.37 0.15969
12.38 0.10813
12.39 -0.026743
12.4 -0.1091
12.41 -0.13147
12.42 -0.15552
12.43 -0.14025
12.44 -0.036867
12.45 0.010581
12.46 -0.089209
12.47 -0.21945
12.48 -0.25049
12.49 -0.17282
12.5 -0.079733
12.51 -0.0061821
12.52 0.064023
12.53 0.081561
12.54 0.040482
12.55 0.018867
12.56 -0.00065514
12.57 -0.02755
12.58 -0.048536
12.59 -0.096231
12.6 -0.1829
12.61 -0.25115
12.62 -0.22084
12.63 -0.13227
12.64 -0.048087
12.65 0.021448
12.66 0.055133
12.67 0.087119
12.68 0.14507
12.69 0.15366
12.7 0.10411
12.71 0.10243
12.72 0.15552
12.73 0.18526
12.74 0.19564
12.75 0.18748
12.76 0.11259
12.77 -0.02767
12.78 -0.15169
12.79 -0.16867
12.8 -0.061346
12.81 0.076836
12.82 0.13526
12.83 0.098033
12.84 -0.01392
12.85 -0.21312
12.86 -0.42516
12.87 -0.5538
12.88 -0.56116
12.89 -0.41415
12.9 -0.22122
12.91 -0.089758
12.92 -0.018173
12.93 -0.026385
12.94 -0.073844
12.95 -0.08675
12.96 -0.049615
12.97 0.034745
12.98 0.13216
12.99 0.22193
13 0.26541
13.01 0.25961
13.02 0.26593
13.03 0.26609
13.04 0.26714
13.05 0.29126
13.06 0.30588
13.07 0.31419
13.08 0.2873
13.09 0.22093
13.1 0.18122
13.11 0.16382
13.12 0.12272
13.13 0.049752
13.14 -0.040229
13.15 -0.12667
13.16 -0.14386
13.17 -0.09575
13.18 -0.023781
13.19 0.060417
13.2 0.081929
13.21 -0.0007649
13.22 -0.1459
13.23 -0.31052
13.24 -0.45612
13.25 -0.52214
13.26 -0.52082
13.27 -0.52664
13.28 -0.56302
13.29 -0.5609
13.3 -0.50722
13.31 -0.43263
13.32 -0.28705
13.33 -0.094786
13.34 0.1065
13.35 0.27445
13.36 0.32527
13.37 0.29123
13.38 0.23608
13.39 0.14248
13.4 0.082593
13.41 0.12518
13.42 0.19801
13.43 0.29858
13.44 0.41134
13.45 0.45063
13.46 0.41952
13.47 0.38837
13.48 0.3848
13.49 0.37719
13.5 0.36203
13.51 0.33836
13.52 0.23757
13.53 0.079222
13.54 -0.065755
13.55 -0.196
13.56 -0.26484
13.57 -0.25848
13.58 -0.23623
13.59 -0.19791
13.6 -0.14642
13.61 -0.11616
13.62 -0.086659
13.63 -0.03683
13.64 0.011235
13.65 0.03341
13.66 0.074908
13.67 0.12969
13.68 0.15188
13.69 0.1427
13.7 0.075283
13.71 -0.02819
13.72 -0.10415
13.73 -0.084203
13.74 -0.012108
13.75 0.034288
13.76 0.048368
13.77 -0.019828
13.78 -0.16501
13.79 -0.28999
13.8 -0.33942
13.81 -0.28695
13.82 -0.12683
13.83 0.0084234
13.84 0.042038
13.85 0.01671
13.86 -0.081596
13.87 -0.18661
13.88 -0.20652
13.89 -0.13846
13.9 -0.040058
13.91 -0.017351
13.92 -0.043823
13.93 -0.029677
13.94 0.003595
13.95 0.068882
13.96 0.18553
13.97 0.30085
13.98 0.37895
13.99 0.38653
14 0.33952
14.01 0.27118
14.02 0.19083
14.03 0.11757
14.04 0.064601
14.05 0.034197
14.06 0.011836
14.07 -0.011733
14.08 -0.037667
14.09 -0.061868
14.1 -0.051617
14.11 -0.034533
14.12 -0.05694
14.13 -0.09841
14.14 -0.12276
14.15 -0.127
14.16 -0.17007
14.17 -0.21872
14.18 -0.16119
14.19 -0.015635
14.2 0.13175
14.21 0.2135
14.22 0.19305
14.23 0.085739
14.24 -0.077091
14.25 -0.2213
14.26 -0.28813
14.27 -0.2681
14.28 -0.20113
14.29 -0.11406
14.3 0.010362
14.31 0.097643
14.32 0.10344
14.33 0.071349
14.34 0.030957
14.35 0.022048
14.36 0.030278
14.37 0.031461
14.38 0.011215
14.39 -0.097153
14.4 -0.232
14.41 -0.30151
14.42 -0.2937
14.43 -0.21578
14.44 -0.12373
14.45 -0.023933
14.46 0.052122
14.47 0.055771
14.48 0.035971
14.49 0.039486
14.5 0.046619
14.51 0.06031
14.52 0.077713
14.53 0.052651
14.54 0.00097977
14.55 -0.05642
14.56 -0.1166
14.57 -0.18366
14.58 -0.24151
14.59 -0.2591
14.6 -0.28812
14.61 -0.31672
14.62 -0.29537
14.63 -0.21683
14.64 -0.092829
14.65 0.015116
14.66 0.075558
14.67 0.086002
14.68 0.094929
14.69 0.10649
14.7 0.085378
14.71 0.076645
14.72 0.094895
14.73 0.075254
14.74 0.019858
14.75 -0.038244
14.76 -0.080252
14.77 -0.08868
14.78 -0.08632
14.79 -0.041848
14.8 0.037678
14.81 0.12754
14.82 0.21896
14.83 0.25752
14.84 0.24611
14.85 0.23453
14.86 0.22066
14.87 0.21787
14.88 0.24535
14.89 0.28542
14.9 0.33097
14.91 0.31611
14.92 0.21738
14.93 0.12484
14.94 0.07115
14.95 0.01923
14.96 -0.021977
14.97 -0.024609
14.98 -0.0098455
14.99 -0.01935
15 -0.051651
15.01 -0.091152
15.02 -0.12876
15.03 -0.14842
15.04 -0.16135
15.05 -0.1673
15.06 -0.18965
15.07 -0.2534
15.08 -0.28036
15.09 -0.25754
15.1 -0.20792
15.11 -0.08913
15.12 0.056293
15.13 0.11593
15.14 0.05501
15.15 -0.041116
15.16 -0.098286
15.17 -0.092797
15.18 -0.045841
15.19 -0.0038258
15.2 0.016618
15.21 -0.0079538
15.22 -0.10614
15.23 -0.22764
15.24 -0.32075
15.25 -0.37519
15.26 -0.34715
15.27 -0.24253
15.28 -0.1041
15.29 0.0043749
15.3 0.071051
15.31 0.13897
15.32 0.16167
15.33 0.15049
15.34 0.17133
15.35 0.17852
15.36 0.13144
15.37 0.063699
15.38 0.0082718
15.39 -0.0078148
15.4 0.03334
15.41 0.13189
15.42 0.25089
15.43 0.35382
15.44 0.43268
15.45 0.44803
15.46 0.43324
15.47 0.45215
15.48 0.46657
15.49 0.46157
15.5 0.42688
15.51 0.33176
15.52 0.20491
15.53 0.10268
15.54 0.044481
15.55 0.015769
15.56 0.0056066
15.57 -0.035952
15.58 -0.092447
15.59 -0.14094
15.6 -0.20921
15.61 -0.26564
15.62 -0.28857
15.63 -0.33165
15.64 -0.38789
15.65 -0.41002
15.66 -0.41805
15.67 -0.4309
15.68 -0.43658
15.69 -0.39566
15.7 -0.3379
15.71 -0.23298
15.72 -0.071431
15.73 0.039031
15.74 0.10695
15.75 0.17278
15.76 0.16869
15.77 0.098662
15.78 0.023281
15.79 -0.021097
15.8 0.021731
15.81 0.11653
15.82 0.2047
15.83 0.25269
15.84 0.26976
15.85 0.2707
15.86 0.23024
15.87 0.16546
15.88 0.12342
15.89 0.098792
15.9 0.062889
15.91 0.072272
15.92 0.1454
15.93 0.23505
15.94 0.27553
15.95 0.24387
15.96 0.20411
15.97 0.14618
15.98 0.079414
15.99 0.034503
16 0.014557
16.01 0.016244
16.02 -0.020281
16.03 -0.078732
16.04 -0.12613
16.05 -0.17857
16.06 -0.22028
16.07 -0.24721
16.08 -0.25311
16.09 -0.22164
16.1 -0.17146
16.11 -0.13784
16.12 -0.13211
16.13 -0.10308
16.14 -0.081153
16.15 -0.11482
16.16 -0.18543
16.17 -0.28207
16.18 -0.35222
16.19 -0.41209
16.2 -0.4768
16.21 -0.46325
16.22 -0.36345
16.23 -0.21054
16.24 -0.023093
16.25 0.13253
16.26 0.19482
16.27 0.14487
16.28 0.075657
16.29 0.07798
16.3 0.085173
16.31 0.064498
16.32 0.045261
16.33 0.035452
16.34 0.079917
16.35 0.14868
16.36 0.21573
16.37 0.30653
16.38 0.35562
16.39 0.3405
16.4 0.30531
16.41 0.26236
16.42 0.22484
16.43 0.1986
16.44 0.1749
16.45 0.16138
16.46 0.14066
16.47 0.09902
16.48 0.05724
16.49 0.025198
16.5 -0.01104
16.51 -0.03011
16.52 -0.026603
16.53 -0.034354
16.54 -0.0057076
16.55 0.077342
16.56 0.12282
16.57 0.10366
16.58 0.05179
16.59 0.0045914
16.6 0.0071764
16.61 0.037232
16.62 0.038892
16.63 0.016764
16.64 -0.021662
16.65 -0.093321
16.66 -0.14302
16.67 -0.1331
16.68 -0.098422
16.69 -0.071719
16.7 -0.046893
16.71 -0.027846
16.72 -0.034474
16.73 -0.045088
16.74 -0.015247
16.75 0.055277
16.76 0.11998
16.77 0.12054
16.78 0.081428
16.79 0.069171
16.8 0.058072
16.81 0.015222
16.82 -0.0043045
16.83 -0.00299
16.84 -0.073336
16.85 -0.21188
16.86 -0.34269
16.87 -0.40982
16.88 -0.43624
16.89 -0.41536
16.9 -0.32089
16.91 -0.18932
16.92 -0.062343
16.93 -0.010252
16.94 -0.044115
16.95 -0.10066
16.96 -0.13645
16.97 -0.13425
16.98 -0.093186
16.99 -0.046224
17 -0.045709
17.01 -0.07191
17.02 -0.10324
17.03 -0.15192
17.04 -0.19323
17.05 -0.19692
17.06 -0.14418
17.07 -0.056456
17.08 0.037685
17.09 0.090001
17.1 0.079702
17.11 0.064867
17.12 0.080435
17.13 0.11867
17.14 0.169
17.15 0.20858
17.16 0.23811
17.17 0.25247
17.18 0.22318
17.19 0.18629
17.2 0.16294
17.21 0.14426
17.22 0.15559
17.23 0.16976
17.24 0.17797
17.25 0.19921
17.26 0.15989
17.27 0.067598
17.28 -0.026071
17.29 -0.1172
17.3 -0.16606
17.31 -0.19123
17.32 -0.19004
17.33 -0.15419
17.34 -0.1809
17.35 -0.24411
17.36 -0.25802
17.37 -0.22431
17.38 -0.14801
17.39 -0.079658
17.4 -0.038968
17.41 -0.0062108
17.42 -0.017105
17.43 -0.053155
17.44 -0.062075
17.45 -0.056409
17.46 -0.016181
17.47 0.046697
17.48 0.049032
17.49 -0.0042925
17.5 -0.070572
17.51 -0.16094
17.52 -0.24104
17.53 -0.2648
17.54 -0.25235
17.55 -0.2112
17.56 -0.15651
17.57 -0.12107
17.58 -0.090213
17.59 -0.03297
17.6 0.0035946
17.61 0.0069694
17.62 0.02403
17.63 0.043542
17.64 0.055031
17.65 0.079766
17.66 0.11192
17.67 0.10147
17.68 0.0392
17.69 -0.032634
17.7 -0.063682
17.71 -0.036655
17.72 0.033418
17.73 0.12417
17.74 0.20159
17.75 0.23537
17.76 0.24364
17.77 0.22227
17.78 0.15207
17.79 0.10126
17.8 0.10531
17.81 0.15557
17.82 0.2218
17.83 0.23435
17.84 0.17831
17.85 0.10137
17.86 0.049862
17.87 0.032135
17.88 0.040007
17.89 0.084047
17.9 0.096341
17.91 0.022869
17.92 -0.053904
17.93 -0.07843
17.94 -0.05885
17.95 -0.021991
17.96 0.018791
17.97 0.050662
17.98 0.045014
17.99 0.0010452
18 -0.04582
18.01 -0.054258
18.02 -0.031508
18.03 -0.026707
18.04 -0.031879
18.05 -0.038556
18.06 -0.061068
18.07 -0.047402
18.08 -0.024122
18.09 -0.041333
18.1 -0.054011
18.11 -0.055884
18.12 -0.056866
18.13 -0.038933
18.14 0.0019649
18.15 0.029422
18.16 0.018127
18.17 -0.0014951
18.18 -0.026888
18.19 -0.043708
18.2 -0.025007
18.21 -0.00049572
18.22 0.041284
18.23 0.089857
18.24 0.10462
18.25 0.11295
18.26 0.094307
18.27 0.048832
18.28 0.013871
18.29 0.010689
18.3 0.044677
18.31 0.087392
18.32 0.1186
18.33 0.11603
18.34 0.13446
18.35 0.18116
18.36 0.19423
18.37 0.17861
18.38 0.1543
18.39 0.12937
18.4 0.11204
18.41 0.1152
18.42 0.11596
18.43 0.054592
18.44 -0.066915
18.45 -0.15179
18.46 -0.174
18.47 -0.16911
18.48 -0.11777
18.49 -0.045107
18.5 0.0061748
18.51 0.027009
18.52 0.018322
18.53 0.032221
18.54 0.097059
18.55 0.17028
18.56 0.19953
18.57 0.1937
18.58 0.1859
18.59 0.11245
18.6 -0.012905
18.61 -0.10419
18.62 -0.1732
18.63 -0.20302
18.64 -0.23552
18.65 -0.27009
18.66 -0.25915
18.67 -0.22632
18.68 -0.19927
18.69 -0.1881
18.7 -0.14186
18.71 -0.069127
18.72 -0.027245
18.73 -0.018544
18.74 -0.024655
18.75 -0.069876
18.76 -0.13444
18.77 -0.1863
18.78 -0.22435
18.79 -0.20723
18.8 -0.13849
18.81 -0.096527
18.82 -0.069022
18.83 -0.016495
18.84 0.012368
18.85 0.036689
18.86 0.082231
18.87 0.10862
18.88 0.1392
18.89 0.16857
18.9 0.14582
18.91 0.098472
18.92 0.063641
18.93 0.071823
18.94 0.096836
18.95 0.084793
18.96 0.043838
18.97 -0.045527
18.98 -0.1625
18.99 -0.2543
19 -0.29938
19.01 -0.2491
19.02 -0.1301
19.03 -0.016341
19.04 0.046353
19.05 0.058389
19.06 0.048213
19.07 -0.014299
19.08 -0.10656
19.09 -0.16708
19.1 -0.16579
19.11 -0.064228
19.12 0.073698
19.13 0.14434
19.14 0.16727
19.15 0.16584
19.16 0.11821
19.17 0.044437
19.18 0.00376
19.19 0.021106
19.2 0.053228
19.21 0.083894
19.22 0.087622
19.23 0.059003
19.24 0.037192
19.25 0.030611
19.26 0.050005
19.27 0.078542
19.28 0.10156
19.29 0.10417
19.3 0.053897
19.31 -0.031005
19.32 -0.11774
19.33 -0.181
19.34 -0.19525
19.35 -0.14253
19.36 0.00063957
19.37 0.15301
19.38 0.22869
19.39 0.25698
19.4 0.27788
19.41 0.29405
19.42 0.28024
19.43 0.26364
19.44 0.25972
19.45 0.20988
19.46 0.097323
19.47 -0.026252
19.48 -0.10217
19.49 -0.12389
19.5 -0.1471
19.51 -0.17166
19.52 -0.17512
19.53 -0.21193
19.54 -0.29486
19.55 -0.36238
19.56 -0.39642
19.57 -0.41484
19.58 -0.4129
19.59 -0.34849
19.6 -0.21641
19.61 -0.092031
19.62 -0.0098552
19.63 0.047676
19.64 0.073946
19.65 0.083525
19.66 0.08733
19.67 0.1121
19.68 0.17876
19.69 0.21996
19.7 0.2248
19.71 0.2477
19.72 0.30345
19.73 0.37757
19.74 0.45518
19.75 0.49298
19.76 0.47173
19.77 0.42557
19.78 0.37806
19.79 0.32993
19.8 0.276
19.81 0.19996
19.82 0.12802
19.83 0.086656
19.84 0.039926
19.85 0.035587
19.86 0.087726
19.87 0.11676
19.88 0.11104
19.89 0.095924
19.9 0.10046
19.91 0.095347
19.92 0.03189
19.93 -0.082911
19.94 -0.17611
19.95 -0.20737
19.96 -0.22889
19.97 -0.23496
19.98 -0.21161
19.99 -0.18631
20 -0.19941
20.01 -0.22345
20.02 -0.21813
20.03 -0.23281
20.04 -0.24742
20.05 -0.22738
20.06 -0.19058
20.07 -0.13671
20.08 -0.087312
20.09 -0.062116
20.1 -0.050617
20.11 -0.03385
20.12 -0.033615
20.13 -0.02586
20.14 0.024877
20.15 0.07302
20.16 0.10401
20.17 0.11932
20.18 0.12438
20.19 0.11198
20.2 0.10276
20.21 0.12371
20.22 0.15356
20.23 0.20156
20.24 0.26963
20.25 0.34322
20.26 0.40573
20.27 0.42143
20.28 0.33995
20.29 0.19477
20.3 0.085474
20.31 -0.010724
20.32 -0.090447
20.33 -0.1117
20.34 -0.12031
20.35 -0.14462
20.36 -0.17229
20.37 -0.17082
20.38 -0.14491
20.39 -0.099217
20.4 -0.058782
20.41 -0.043304
20.42 -0.035749
20.43 -0.071744
20.44 -0.13972
20.45 -0.19748
20.46 -0.22727
20.47 -0.21796
20.48 -0.18646
20.49 -0.14833
20.5 -0.13922
20.51 -0.20577
20.52 -0.33163
20.53 -0.43764
20.54 -0.46237
20.55 -0.46
20.56 -0.42026
20.57 -0.29137
20.58 -0.13878
20.59 0.0062066
20.6 0.1217
20.61 0.17109
20.62 0.16888
20.63 0.15298
20.64 0.1451
20.65 0.13146
20.66 0.10893
20.67 0.10659
20.68 0.11851
20.69 0.13881
20.7 0.15723
20.71 0.12445
20.72 0.085009
20.73 0.073544
20.74 -0.0047444
20.75 -0.090527
20.76 -0.083985
20.77 -0.052161
20.78 -0.029189
20.79 -0.0030603
20.8 0.014739
20.81 0.019139
20.82 0.0037104
20.83 -0.044523
20.84 -0.12673
20.85 -0.19427
20.86 -0.21215
20.87 -0.20001
20.88 -0.16364
20.89 -0.16047
20.9 -0.1804
20.91 -0.17368
20.92 -0.13139
20.93 -0.057046
20.94 -0.0012637
20.95 0.046615
20.96 0.087791
20.97 0.12819
20.98 0.15648
20.99 0.15006
21 0.15004
21.01 0.14294
21.02 0.10855
21.03 0.090471
21.04 0.091303
21.05 0.077964
21.06 0.050828
21.07 0.017482
21.08 0.0104
21.09 0.039729
21.1 0.11734
21.11 0.22594
21.12 0.31056
21.13 0.37951
21.14 0.42767
21.15 0.41897
21.16 0.36037
21.17 0.25434
21.18 0.13535
21.19 0.03592
21.2 -0.051871
21.21 -0.096212
21.22 -0.12171
21.23 -0.11197
21.24 -0.075373
21.25 -0.10426
21.26 -0.15143
21.27 -0.15884
21.28 -0.17134
21.29 -0.17988
21.3 -0.1722
21.31 -0.1963
21.32 -0.24361
21.33 -0.30513
21.34 -0.37058
21.35 -0.37146
21.36 -0.26535
21.37 -0.13684
21.38 -0.070661
21.39 -0.036035
21.4 -0.040411
21.41 -0.054427
21.42 -0.058187
21.43 -0.069235
21.44 -0.03895
21.45 0.041731
21.46 0.14381
21.47 0.23162
21.48 0.28201
21.49 0.32072
21.5 0.37812
21.51 0.41783
21.52 0.46464
21.53 0.53598
21.54 0.56873
21.55 0.52311
21.56 0.36459
21.57 0.136
21.58 -0.085573
21.59 -0.25408
21.6 -0.32657
21.61 -0.33927
21.62 -0.35496
21.63 -0.36897
21.64 -0.36797
21.65 -0.36658
21.66 -0.362
21.67 -0.32945
21.68 -0.31587
21.69 -0.29988
21.7 -0.23425
21.71 -0.16874
21.72 -0.107
21.73 -0.059815
21.74 -0.021928
21.75 0.027509
21.76 0.069644
21.77 0.045929
21.78 -0.089565
21.79 -0.27638
21.8 -0.45461
21.81 -0.5448
21.82 -0.46568
21.83 -0.25806
21.84 0.0016205
21.85 0.20967
21.86 0.31184
21.87 0.32264
21.88 0.24821
21.89 0.13332
21.9 0.032557
21.91 -0.030878
21.92 -0.075502
21.93 -0.075225
21.94 -0.035834
21.95 -0.012094
21.96 0.035193
21.97 0.14783
21.98 0.27158
21.99 0.37374
22 0.45052
22.01 0.46902
22.02 0.47333
22.03 0.47391
22.04 0.43745
22.05 0.40313
22.06 0.39219
22.07 0.3631
22.08 0.24495
22.09 0.048429
22.1 -0.15255
22.11 -0.3115
22.12 -0.42295
22.13 -0.48444
22.14 -0.44194
22.15 -0.32162
22.16 -0.23809
22.17 -0.20303
22.18 -0.19229
22.19 -0.1778
22.2 -0.14286
22.21 -0.1025
22.22 -0.05773
22.23 -0.064353
22.24 -0.065507
22.25 -0.0095879
22.26 0.038819
22.27 0.10269
22.28 0.18946
22.29 0.2367
22.3 0.22563
22.31 0.14518
22.32 0.027219
22.33 -0.085225
22.34 -0.17815
22.35 -0.20636
22.36 -0.152
22.37 -0.034629
22.38 0.068261
22.39 0.12513
22.4 0.16031
22.41 0.20417
22.42 0.27669
22.43 0.34591
22.44 0.39264
22.45 0.3924
22.46 0.34887
22.47 0.25272
22.48 0.12997
22.49 0.046755
22.5 -0.021514
22.51 -0.034023
22.52 0.0034987
22.53 0.01232
22.54 -0.004978
22.55 -0.058341
22.56 -0.15159
22.57 -0.25743
22.58 -0.32518
22.59 -0.3125
22.6 -0.22561
22.61 -0.10366
22.62 0.018999
22.63 0.088878
22.64 0.053001
22.65 -0.057776
22.66 -0.1527
22.67 -0.2165
22.68 -0.25311
22.69 -0.21962
22.7 -0.11606
22.71 0.014855
22.72 0.11321
22.73 0.18737
22.74 0.27261
22.75 0.32062
22.76 0.29863
22.77 0.233
22.78 0.14038
22.79 0.045345
22.8 -0.055146
22.81 -0.13095
22.82 -0.13117
22.83 -0.12071
22.84 -0.12827
22.85 -0.108
22.86 -0.066133
22.87 -0.024351
22.88 -0.037764
22.89 -0.090195
22.9 -0.10727
22.91 -0.14897
22.92 -0.23266
22.93 -0.28674
22.94 -0.30713
22.95 -0.29037
22.96 -0.2435
22.97 -0.18251
22.98 -0.082434
22.99 0.025876
23 0.11796
23.01 0.21284
23.02 0.27952
23.03 0.27859
23.04 0.23848
23.05 0.18736
23.06 0.11038
23.07 0.009271
23.08 -0.083108
23.09 -0.1609
23.1 -0.21306
23.11 -0.24444
23.12 -0.26357
23.13 -0.25978
23.14 -0.27972
23.15 -0.29574
23.16 -0.29753
23.17 -0.31029
23.18 -0.32039
23.19 -0.32648
23.2 -0.27938
23.21 -0.17166
23.22 -0.054196
23.23 0.022792
23.24 0.083913
23.25 0.16202
23.26 0.22508
23.27 0.29274
23.28 0.38547
23.29 0.45163
23.3 0.43427
23.31 0.33981
23.32 0.17865
23.33 -0.026067
23.34 -0.19773
23.35 -0.27485
23.36 -0.26733
23.37 -0.19643
23.38 -0.10109
23.39 -0.0061498
23.4 0.077417
23.41 0.086869
23.42 0.046223
23.43 -0.011953
23.44 -0.084732
23.45 -0.1043
23.46 -0.058741
23.47 0.019364
23.48 0.11069
23.49 0.16204
23.5 0.17814
23.51 0.17474
23.52 0.15603
23.53 0.14991
23.54 0.1475
23.55 0.16337
23.56 0.2059
23.57 0.2578
23.58 0.29133
23.59 0.28978
23.6 0.26432
23.61 0.19999
23.62 0.11053
23.63 0.053238
23.64 0.05204
23.65 0.09582
23.66 0.11552
23.67 0.084797
23.68 0.059161
23.69 0.02254
23.7 -0.025535
23.71 -0.040978
23.72 -0.034433
23.73 -0.027637
23.74 -0.049566
23.75 -0.071381
23.76 -0.038911
23.77 -0.016274
23.78 -0.018293
23.79 -0.012276
23.8 -0.030397
23.81 -0.088288
23.82 -0.1919
23.83 -0.29837
23.84 -0.36245
23.85 -0.39675
23.86 -0.38939
23.87 -0.31097
23.88 -0.18463
23.89 -0.067979
23.9 0.017918
23.91 0.094613
23.92 0.17528
23.93 0.23915
23.94 0.2256
23.95 0.14824
23.96 0.076552
23.97 -0.0069016
23.98 -0.064315
23.99 -0.048246
24 0.019027
24.01 0.096426
24.02 0.13457
24.03 0.1359
24.04 0.08133
24.05 0.030347
24.06 0.023376
24.07 -0.0015003
24.08 0.0027171
24.09 0.030005
24.1 0.030501
24.11 0.0028769
24.12 -0.056825
24.13 -0.068044
24.14 -0.0081871
24.15 0.043755
24.16 0.032003
24.17 -0.045588
24.18 -0.14279
24.19 -0.25312
24.2 -0.34212
24.21 -0.37666
24.22 -0.36766
24.23 -0.30352
24.24 -0.22697
24.25 -0.17289
24.26 -0.12578
24.27 -0.067461
24.28 0.0036279
24.29 0.058951
24.3 0.1222
24.31 0.20757
24.32 0.24519
24.33 0.25445
24.34 0.25775
24.35 0.20542
24.36 0.12696
24.37 0.026731
24.38 -0.10441
24.39 -0.19532
24.4 -0.23205
24.41 -0.23679
24.42 -0.22286
24.43 -0.22409
24.44 -0.25208
24.45 -0.28401
24.46 -0.29458
24.47 -0.30062
24.48 -0.27254
24.49 -0.16428
24.5 -0.023998
24.51 0.08256
24.52 0.14932
24.53 0.17964
24.54 0.19434
24.55 0.22372
24.56 0.23973
24.57 0.24848
24.58 0.28239
24.59 0.33462
24.6 0.37459
24.61 0.37184
24.62 0.33163
24.63 0.27939
24.64 0.23257
24.65 0.18872
24.66 0.13728
24.67 0.094444
24.68 0.081555
24.69 0.069972
24.7 0.08808
24.71 0.14157
24.72 0.20618
24.73 0.2728
24.74 0.25188
24.75 0.18319
24.76 0.135
24.77 0.09976
24.78 0.12004
24.79 0.1622
24.8 0.15975
24.81 0.12162
24.82 0.060214
24.83 -0.013149
24.84 -0.092753
24.85 -0.13502
24.86 -0.12564
24.87 -0.10305
24.88 -0.079675
24.89 -0.081845
24.9 -0.11951
24.91 -0.17887
24.92 -0.19606
24.93 -0.16614
24.94 -0.14438
24.95 -0.1159
24.96 -0.071561
24.97 -0.035223
24.98 -0.031104
24.99 -0.072832
25 -0.11646
25.01 -0.12834
25.02 -0.14785
25.03 -0.16429
25.04 -0.14472
25.05 -0.12945
25.06 -0.14001
25.07 -0.18003
25.08 -0.23405
25.09 -0.22458
25.1 -0.11221
25.11 0.057087
25.12 0.19664
25.13 0.2749
25.14 0.2904
25.15 0.25953
25.16 0.21339
25.17 0.17292
25.18 0.16039
25.19 0.16977
25.2 0.19656
25.21 0.21639
25.22 0.1982
25.23 0.15489
25.24 0.099041
25.25 0.0063496
25.26 -0.074824
25.27 -0.084572
25.28 -0.059592
25.29 -0.017168
25.3 0.0039061
25.31 -0.028135
25.32 -0.056953
25.33 -0.048959
25.34 -0.012753
25.35 0.041672
25.36 0.10315
25.37 0.14509
25.38 0.15728
25.39 0.11648
25.4 0.011569
25.41 -0.091897
25.42 -0.156
25.43 -0.2146
25.44 -0.25497
25.45 -0.26364
25.46 -0.26938
25.47 -0.26181
25.48 -0.2614
25.49 -0.28471
25.5 -0.29899
25.51 -0.2878
25.52 -0.25753
25.53 -0.22301
25.54 -0.16523
25.55 -0.080452
25.56 -0.030913
25.57 -0.010766
25.58 -0.0025079
25.59 -0.025317
25.6 -0.053763
25.61 -0.074149
25.62 -0.083119
25.63 -0.046326
25.64 0.042041
25.65 0.13703
25.66 0.19789
25.67 0.23004
25.68 0.24804
25.69 0.20995
25.7 0.15035
25.71 0.11577
25.72 0.10115
25.73 0.11217
25.74 0.1137
25.75 0.091167
25.76 0.030996
25.77 -0.046513
25.78 -0.11191
25.79 -0.14024
25.8 -0.093867
25.81 0.0016687
25.82 0.087238
25.83 0.11564
25.84 0.11026
25.85 0.10163
25.86 0.10224
25.87 0.10576
25.88 0.1257
25.89 0.17434
25.9 0.17025
25.91 0.12024
25.92 0.074233
25.93 0.037553
25.94 0.023923
25.95 0.0077577
25.96 5.7132e-006
25.97 0.014917
25.98 0.02002
25.99 0.026412
26 0.043364
26.01 0.060001
26.02 0.066734
26.03 0.054377
26.04 0.047617
26.05 0.05647
26.06 0.049195
26.07 0.032853
26.08 0.027971
26.09 0.021031
26.1 0.0037529
26.11 -0.04665
26.12 -0.08341
26.13 -0.078595
26.14 -0.084907
26.15 -0.10091
26.16 -0.11794
26.17 -0.14025
26.18 -0.17183
26.19 -0.22201
26.2 -0.25324
26.21 -0.2452
26.22 -0.22285
26.23 -0.18674
26.24 -0.12659
26.25 -0.046949
26.26 0.050592
26.27 0.14967
26.28 0.24102
26.29 0.32566
26.3 0.33614
26.31 0.28688
26.32 0.23039
26.33 0.17509
26.34 0.14095
26.35 0.098672
26.36 0.031312
26.37 -0.04407
26.38 -0.10469
26.39 -0.16133
26.4 -0.18299
26.41 -0.1396
26.42 -0.094143
26.43 -0.075369
26.44 -0.057667
26.45 -0.026656
26.46 0.0068968
26.47 0.065191
26.48 0.13482
26.49 0.16982
26.5 0.16438
26.51 0.12591
26.52 0.07436
26.53 0.023585
26.54 -0.039748
26.55 -0.092497
26.56 -0.1158
26.57 -0.15672
26.58 -0.18827
26.59 -0.18227
26.6 -0.16631
26.61 -0.11938
26.62 -0.06332
26.63 -0.023552
26.64 0.029471
26.65 0.056409
26.66 0.075707
26.67 0.10639
26.68 0.1106
26.69 0.1023
26.7 0.075433
26.71 0.061266
26.72 0.078448
26.73 0.07867
26.74 0.050907
26.75 0.034045
26.76 0.045265
26.77 0.069301
26.78 0.087861
26.79 0.09796
26.8 0.11402
26.81 0.10897
26.82 0.058246
26.83 0.0057589
26.84 -0.017241
26.85 -0.03265
26.86 -0.053258
26.87 -0.064627
26.88 -0.069937
26.89 -0.087958
26.9 -0.1399
26.91 -0.189
26.92 -0.19548
26.93 -0.20214
26.94 -0.22644
26.95 -0.25141
26.96 -0.26721
26.97 -0.28138
26.98 -0.31254
26.99 -0.33226
27 -0.32278
27.01 -0.31087
27.02 -0.32844
27.03 -0.33175
27.04 -0.2707
27.05 -0.18941
27.06 -0.078913
27.07 0.050505
27.08 0.13397
27.09 0.17676
27.1 0.16738
27.11 0.12537
27.12 0.12125
27.13 0.13378
27.14 0.16048
27.15 0.20085
27.16 0.2275
27.17 0.23737
27.18 0.20562
27.19 0.14299
27.2 0.069266
27.21 0.0094736
27.22 -0.038695
27.23 -0.074873
27.24 -0.081893
27.25 -0.064355
27.26 -0.045071
27.27 -0.060197
27.28 -0.075057
27.29 -0.076015
27.3 -0.073441
27.31 -0.067246
27.32 -0.043629
27.33 0.020022
27.34 0.0642
27.35 0.088153
27.36 0.107
27.37 0.099897
27.38 0.08069
27.39 0.052013
27.4 0.025122
27.41 -0.0069932
27.42 -0.0065242
27.43 0.021288
27.44 0.026285
27.45 0.052136
27.46 0.10587
27.47 0.13406
27.48 0.14348
27.49 0.14688
27.5 0.13308
27.51 0.11544
27.52 0.086836
27.53 0.059803
27.54 0.055167
27.55 0.06567
27.56 0.0807
27.57 0.075655
27.58 0.049056
27.59 0.016229
27.6 -0.020192
27.61 -0.054051
27.62 -0.077334
27.63 -0.078464
27.64 -0.054115
27.65 -0.02305
27.66 0.0010542
27.67 0.017806
27.68 0.034243
27.69 0.0553
27.7 0.052697
27.71 0.033105
27.72 0.024986
27.73 0.032438
27.74 0.054026
27.75 0.068907
27.76 0.071366
27.77 0.060141
27.78 0.03087
27.79 -0.0062169
27.8 -0.04303
27.81 -0.053324
27.82 -0.031026
27.83 -0.033811
27.84 -0.049491
27.85 -0.045372
27.86 -0.039989
27.87 -0.025564
27.88 -0.0091874
27.89 0.0033445
27.9 0.028059
27.91 0.0581
27.92 0.099154
27.93 0.13132
27.94 0.1291
27.95 0.13475
27.96 0.15616
27.97 0.17971
27.98 0.17894
27.99 0.15895
28 0.15327
28.01 0.16241
28.02 0.18254
28.03 0.20418
28.04 0.22062
28.05 0.21239
28.06 0.2067
28.07 0.19579
28.08 0.15801
28.09 0.11742
28.1 0.067961
28.11 0.021055
28.12 -0.026368
28.13 -0.096524
28.14 -0.16602
28.15 -0.20819
28.16 -0.24833
28.17 -0.28016
28.18 -0.27672
28.19 -0.22988
28.2 -0.15823
28.21 -0.12825
28.22 -0.1267
28.23 -0.11671
28.24 -0.11311
28.25 -0.10501
28.26 -0.11001
28.27 -0.1429
28.28 -0.16321
28.29 -0.15104
28.3 -0.12153
28.31 -0.11228
28.32 -0.11566
28.33 -0.10165
28.34 -0.068505
28.35 -0.028359
28.36 0.0037056
28.37 0.025784
28.38 0.0284
28.39 0.023733
28.4 0.014878
28.41 -0.009502
28.42 -0.016054
28.43 0.010293
28.44 0.010103
28.45 -0.015649
28.46 -0.03096
28.47 -0.040973
28.48 -0.040747
28.49 -0.045102
28.5 -0.052981
28.51 -0.060129
28.52 -0.060092
28.53 -0.055012
28.54 -0.078003
28.55 -0.11981
28.56 -0.15568
28.57 -0.16625
28.58 -0.15378
28.59 -0.1362
28.6 -0.10535
28.61 -0.06645
28.62 -0.047877
28.63 -0.039614
28.64 -0.026585
28.65 -0.019751
28.66 -0.0025114
28.67 0.0025479
28.68 -0.020375
28.69 -0.03078
28.7 -0.032012
28.71 -0.026386
28.72 -0.024908
28.73 -0.027756
28.74 -0.0080323
28.75 0.013974
28.76 0.03871
28.77 0.061413
28.78 0.065408
28.79 0.066457
28.8 0.080431
28.81 0.10205
28.82 0.11327
28.83 0.11308
28.84 0.10248
28.85 0.094952
28.86 0.089227
28.87 0.074507
28.88 0.071558
28.89 0.072438
28.9 0.069739
28.91 0.064588
28.92 0.058201
28.93 0.060044
28.94 0.075819
28.95 0.090207
28.96 0.073381
28.97 0.054211
28.98 0.031122
28.99 -0.0083913
29 -0.064275
29.01 -0.12285
29.02 -0.1449
29.03 -0.1742
29.04 -0.20664
29.05 -0.21573
29.06 -0.21656
29.07 -0.21188
29.08 -0.21747
29.09 -0.21953
29.1 -0.2076
29.11 -0.18357
29.12 -0.12367
29.13 -0.051467
29.14 0.0027277
29.15 0.042574
29.16 0.044852
29.17 0.033486
29.18 0.027388
29.19 0.024961
29.2 0.039092
29.21 0.06407
29.22 0.10187
29.23 0.13754
29.24 0.15683
29.25 0.16551
29.26 0.16474
29.27 0.15626
29.28 0.13457
29.29 0.10785
29.3 0.098741
29.31 0.098182
29.32 0.095329
29.33 0.088386
29.34 0.065032
29.35 0.036929
29.36 0.0040943
29.37 -0.036351
29.38 -0.058242
29.39 -0.066537
29.4 -0.08743
29.41 -0.10918
29.42 -0.12554
29.43 -0.14241
29.44 -0.14558
29.45 -0.13163
29.46 -0.096906
29.47 -0.050337
29.48 -0.02317
29.49 0.0020071
29.5 0.044009
29.51 0.066921
29.52 0.073801
29.53 0.079333
29.54 0.074153
29.55 0.068942
29.56 0.049969
29.57 0.036774
29.58 0.059584
29.59 0.063595
29.6 0.051152
29.61 0.048246
29.62 0.036623
29.63 0.030408
29.64 0.029735
29.65 0.018193
29.66 0.018398
29.67 0.042513
29.68 0.075562
29.69 0.080061
29.7 0.072167
29.71 0.082726
29.72 0.078445
29.73 0.066147
29.74 0.057755
29.75 0.045947
29.76 0.025931
29.77 0.013866
29.78 0.010527
29.79 -0.0039269
29.8 -0.022949
29.81 -0.04831
29.82 -0.064183
29.83 -0.058783
29.84 -0.059337
29.85 -0.045272
29.86 -0.01421
29.87 -0.0012542
29.88 -3.6802e-005
29.89 -0.0030608
29.9 0.00496
29.91 0.023512
29.92 0.02474
29.93 0.020512
29.94 0.030685
29.95 0.034747
29.96 0.029802
29.97 0.031598
29.98 0.047366
29.99 0.068238
30 0.069442
30.01 0.077629
30.02 0.10785
30.03 0.11433
30.04 0.11018
30.05 0.1138
30.06 0.11113
30.07 0.10224
30.08 0.082742
30.09 0.071749
30.1 0.080282
30.11 0.067906
30.12 0.038163
30.13 0.023978
30.14 0.025091
30.15 0.030524
30.16 0.019426
30.17 0.011928
30.18 0.023554
30.19 0.021762
30.2 0.017723
30.21 0.021096
30.22 0.034556
30.23 0.062672
30.24 0.069533
30.25 0.068393
30.26 0.06832
30.27 0.055697
30.28 0.033021
30.29 0.0071204
30.3 -0.019766
30.31 -0.040296
30.32 -0.051982
30.33 -0.090691
30.34 -0.13381
30.35 -0.14719
30.36 -0.15689
30.37 -0.17803
30.38 -0.18343
30.39 -0.16257
30.4 -0.14948
30.41 -0.13104
30.42 -0.097249
30.43 -0.068874
30.44 -0.046063
30.45 -0.036011
30.46 -0.025472
30.47 -0.003875
30.48 0.0083662
30.49 0.022813
30.5 0.052152
30.51 0.084483
30.52 0.11085
30.53 0.12841
30.54 0.126
30.55 0.10613
30.56 0.11056
30.57 0.11271
30.58 0.077687
30.59 0.045678
30.6 0.028713
30.61 -0.023025
30.62 -0.090682
30.63 -0.14101
30.64 -0.17185
30.65 -0.19281
30.66 -0.22103
30.67 -0.22591
30.68 -0.21325
30.69 -0.16879
30.7 -0.11591
30.71 -0.092009
30.72 -0.057087
30.73 -0.0091297
30.74 0.0038941
30.75 0.0039409
30.76 0.024247
30.77 0.046827
30.78 0.079767
30.79 0.097556
30.8 0.089804
30.81 0.083765
30.82 0.088995
30.83 0.099043
30.84 0.10027
30.85 0.093467
30.86 0.080099
30.87 0.080884
30.88 0.098702
30.89 0.08698
30.9 0.065606
30.91 0.083416
30.92 0.097495
30.93 0.072919
30.94 0.032185
30.95 0.022054
30.96 0.05561
30.97 0.080182
30.98 0.062187
30.99 0.013766
31 0.010465
31.01 0.043018
31.02 0.044341
31.03 0.032179
31.04 0.024776
31.05 0.042282
31.06 0.066846
31.07 0.047502
31.08 0.019616
31.09 0.026465
31.1 0.026504
31.11 0.009164
31.12 -0.009775
31.13 -0.033723
31.14 -0.034436
31.15 -0.032655
31.16 -0.059998
31.17 -0.07888
31.18 -0.084315
31.19 -0.09428
31.2 -0.097596
31.21 -0.089154
31.22 -0.094681
31.23 -0.084084
31.24 -0.062769
31.25 -0.065439
31.26 -0.066064
31.27 -0.060879
31.28 -0.051161
31.29 -0.046211
31.3 -0.040678
31.31 -0.011492
31.32 0.019961
31.33 0.016418
31.34 -0.00426
31.35 -0.016079
31.36 -0.021787
31.37 -0.032849
31.38 -0.030588
31.39 -0.025236
31.4 -0.035036
31.41 -0.030378
31.42 -0.020773
31.43 -0.018918
31.44 -0.02344
31.45 -0.034142
31.46 -0.041823
31.47 -0.041018
31.48 -0.039569
31.49 -0.038695
31.5 -0.019733
31.51 0.0012672
31.52 -0.015634
31.53 -0.04412
31.54 -0.06158
31.55 -0.067799
31.56 -0.041856
31.57 -0.016227
31.58 -0.0073033
31.59 0.0033189
31.6 0.020181
31.61 0.041813
31.62 0.060985
31.63 0.075875
31.64 0.088614
31.65 0.086689
31.66 0.066572
31.67 0.040625
31.68 0.027032
31.69 0.030492
31.7 0.021235
31.71 0.0094119
31.72 0.0084181
31.73 0.00044927
31.74 0.0056853
31.75 0.016917
31.76 0.014861
31.77 0.028686
31.78 0.064517
31.79 0.098569
31.8 0.11964
31.81 0.13442
31.82 0.1175
31.83 0.089341
31.84 0.071326
31.85 0.030266
31.86 -0.011423
31.87 -0.026895
31.88 -0.038584
31.89 -0.056891
31.9 -0.07424
31.91 -0.077946
31.92 -0.077996
31.93 -0.10571
31.94 -0.12687
31.95 -0.12294
31.96 -0.11253
31.97 -0.081447
31.98 -0.0456
31.99 -0.034683
32 -0.029891
32.01 -0.016674
32.02 0.001949
32.03 0.0067557
32.04 -0.007195
32.05 -0.015106
32.06 -0.018482
32.07 -0.019904
32.08 -0.019439
32.09 -0.02455
32.1 -0.033795
32.11 -0.055131
32.12 -0.054592
32.13 -0.028295
32.14 -0.011072
32.15 0.0015756
32.16 0.008903
32.17 0.019985
32.18 0.027449
32.19 0.016532
32.2 0.01078
32.21 0.028151
32.22 0.035344
32.23 0.030785
32.24 0.023352
32.25 0.015017
32.26 0.024744
32.27 0.015488
32.28 0.0016145
32.29 0.010865
32.3 0.030236
32.31 0.054177
32.32 0.046495
32.33 0.030674
32.34 0.035417
32.35 0.037251
32.36 0.047982
32.37 0.058061
32.38 0.049275
32.39 0.036492
32.4 0.035996
32.41 0.046797
32.42 0.056124
32.43 0.069809
32.44 0.071154
32.45 0.059094
32.46 0.050651
32.47 0.0394
32.48 0.0095731
32.49 -0.021714
32.5 -0.032935
32.51 -0.038365
32.52 -0.048603
32.53 -0.070771
32.54 -0.10445
32.55 -0.15129
32.56 -0.17021
32.57 -0.16226
32.58 -0.15829
32.59 -0.1457
32.6 -0.13233
32.61 -0.1227
32.62 -0.11304
32.63 -0.11631
32.64 -0.11287
32.65 -0.08699
32.66 -0.087202
32.67 -0.10002
32.68 -0.09793
32.69 -0.086324
32.7 -0.057357
32.71 -0.022841
32.72 0.00050359
32.73 0.015517
32.74 0.024787
32.75 0.038939
32.76 0.070848
32.77 0.083072
32.78 0.076807
32.79 0.081079
32.8 0.084264
32.81 0.084351
32.82 0.086434
32.83 0.083637
32.84 0.073279
32.85 0.063406
32.86 0.047942
32.87 0.025011
32.88 0.020651
32.89 0.03107
32.9 0.020783
32.91 0.012111
32.92 0.022488
32.93 0.035879
32.94 0.059473
32.95 0.066918
32.96 0.040639
32.97 0.016317
32.98 0.0041899
32.99 -0.011898
33 -0.025699
33.01 -0.033238
33.02 -0.031215
33.03 -0.023158
33.04 -0.020777
33.05 -0.013835
33.06 -0.00172
33.07 0.0096252
33.08 0.014553
33.09 0.0041129
33.1 -0.0036783
33.11 0.00069941
33.12 0.0054876
33.13 0.0065778
33.14 0.012057
33.15 0.020288
33.16 0.0293
33.17 0.026013
33.18 0.0095959
33.19 0.0052536
33.2 0.0088353
33.21 0.00024345
33.22 -0.010017
33.23 -0.0043905
33.24 -0.0054653
33.25 -0.0013224
33.26 0.011116
33.27 0.019547
33.28 0.03493
33.29 0.046893
33.3 0.053345
33.31 0.057971
33.32 0.060187
33.33 0.065361
33.34 0.069144
33.35 0.054425
33.36 0.039927
33.37 0.047845
33.38 0.054898
33.39 0.057989
33.4 0.055644
33.41 0.048279
33.42 0.04895
33.43 0.035687
33.44 0.020306
33.45 0.02128
33.46 0.021841
33.47 0.031978
33.48 0.036538
33.49 0.027839
33.5 0.035465
33.51 0.032418
33.52 0.023549
33.53 0.025688
33.54 0.030599
33.55 0.03123
33.56 0.0042379
33.57 -0.026388
33.58 -0.043954
33.59 -0.062162
33.6 -0.074469
33.61 -0.075511
33.62 -0.063845
33.63 -0.043274
33.64 -0.031619
33.65 -0.024922
33.66 -0.022212
33.67 -0.023503
33.68 -0.025557
33.69 -0.030396
33.7 -0.02737
33.71 -0.020522
33.72 -0.016757
33.73 -0.012113
33.74 -0.018527
33.75 -0.025541
33.76 -0.026358
33.77 -0.030721
33.78 -0.02393
33.79 0.00089557
33.8 0.0022015
33.81 -0.014122
33.82 0.0033352
33.83 0.010091
33.84 0.00025439
33.85 -0.0065985
33.86 -0.012502
33.87 -0.00090445
33.88 0.0013961
33.89 0.0041177
33.9 0.026619
33.91 0.037495
33.92 0.034969
33.93 0.033631
33.94 0.03162
33.95 0.026491
33.96 0.0092512
33.97 0.0020037
33.98 0.020013
33.99 0.018289
34 0.0081383
34.01 0.019132
34.02 0.028334
34.03 0.03754
34.04 0.03515
34.05 0.033443
34.06 0.056855
34.07 0.059573
34.08 0.0505
34.09 0.060273
34.1 0.063819
34.11 0.063908
34.12 0.044226
34.13 0.016618
34.14 0.019942
34.15 0.0096592
34.16 -0.011623
34.17 -0.012481
34.18 -0.0076008
34.19 0.0076428
34.2 0.01475
34.21 0.022684
34.22 0.052855
34.23 0.060157
34.24 0.062589
34.25 0.078504
34.26 0.094788
34.27 0.11718
34.28 0.12598
34.29 0.1307
34.3 0.14625
34.31 0.1678
34.32 0.16171
34.33 0.13742
34.34 0.11946
34.35 0.10456
34.36 0.085408
34.37 0.049988
34.38 0.026729
34.39 0.014541
34.4 -0.0041079
34.41 -0.021951
34.42 -0.033218
34.43 -0.036437
34.44 -0.041631
34.45 -0.054963
34.46 -0.076724
34.47 -0.10523
34.48 -0.11521
34.49 -0.13525
34.5 -0.17282
34.51 -0.1845
34.52 -0.18844
34.53 -0.20569
34.54 -0.22709
34.55 -0.23183
34.56 -0.23155
34.57 -0.22854
34.58 -0.22405
34.59 -0.22327
34.6 -0.20552
34.61 -0.19976
34.62 -0.20735
34.63 -0.20003
34.64 -0.17587
34.65 -0.1417
34.66 -0.11186
34.67 -0.085325
34.68 -0.059969
34.69 -0.011995
34.7 0.026065
34.71 0.027415
34.72 0.048946
34.73 0.084137
34.74 0.082747
34.75 0.068827
34.76 0.061723
34.77 0.062566
34.78 0.069578
34.79 0.065009
34.8 0.067382
34.81 0.0706
34.82 0.08792
34.83 0.11228
34.84 0.10737
34.85 0.11376
34.86 0.13971
34.87 0.12645
34.88 0.099432
34.89 0.085043
34.9 0.065431
34.91 0.069514
34.92 0.070656
34.93 0.045714
34.94 0.029949
34.95 0.022064
34.96 0.014782
34.97 0.0073375
34.98 -0.0056843
34.99 -0.0075414
35 0.00088186
35.01 -0.0099422
35.02 -0.032632
35.03 -0.036453
35.04 -0.036835
35.05 -0.071648
35.06 -0.11204
35.07 -0.12407
35.08 -0.12539
35.09 -0.12668
35.1 -0.129
35.11 -0.11571
35.12 -0.09361
35.13 -0.099969
35.14 -0.10684
35.15 -0.10255
35.16 -0.09995
35.17 -0.095171
35.18 -0.10595
35.19 -0.11272
35.2 -0.11697
35.21 -0.1187
35.22 -0.10656
35.23 -0.095996
35.24 -0.08513
35.25 -0.067405
35.26 -0.048294
35.27 -0.033354
35.28 -0.028939
35.29 -0.025716
35.3 -0.00019933
35.31 0.021424
35.32 0.027669
35.33 0.032425
35.34 0.058376
35.35 0.095938
35.36 0.094228
35.37 0.082673
35.38 0.081824
35.39 0.085927
35.4 0.092348
35.41 0.07615
35.42 0.061432
35.43 0.066032
35.44 0.070174
35.45 0.074001
35.46 0.06554
35.47 0.048228
35.48 0.044719
35.49 0.052438
35.5 0.073663
35.51 0.091533
35.52 0.091455
35.53 0.090464
35.54 0.088129
35.55 0.095182
35.56 0.10078
35.57 0.075068
35.58 0.050834
35.59 0.042968
35.6 0.049669
35.61 0.048968
35.62 0.035747
35.63 0.032584
35.64 0.031447
35.65 0.030299
35.66 0.030223
35.67 0.031928
35.68 0.021711
35.69 0.0235
35.7 0.035348
35.71 0.035695
35.72 0.036854
35.73 0.030273
35.74 0.02372
35.75 0.015239
35.76 -0.013349
35.77 -0.039146
35.78 -0.044373
35.79 -0.057169
35.8 -0.075659
35.81 -0.089555
35.82 -0.09122
35.83 -0.081161
35.84 -0.095561
35.85 -0.11015
35.86 -0.09756
35.87 -0.080753
35.88 -0.058446
35.89 -0.045397
35.9 -0.048311
35.91 -0.051421
35.92 -0.050512
35.93 -0.035415
35.94 -0.016028
35.95 -0.01767
35.96 -0.028267
35.97 -0.022333
35.98 -0.008256
35.99 0.0079135
36 0.01856
36.01 0.021712
36.02 0.01956
36.03 0.01727
36.04 0.0092663
36.05 -0.018932
36.06 -0.037871
36.07 -0.036434
36.08 -0.058246
36.09 -0.082683
36.1 -0.081285
36.11 -0.081047
36.12 -0.076365
36.13 -0.058964
36.14 -0.057413
36.15 -0.077621
36.16 -0.08951
36.17 -0.094344
36.18 -0.091951
36.19 -0.07954
36.2 -0.060642
36.21 -0.044413
36.22 -0.031651
36.23 -0.025397
36.24 -0.033485
36.25 -0.024662
36.26 -0.0010564
36.27 -0.0017077
36.28 -0.010374
36.29 -0.010646
36.3 -0.004221
36.31 0.0061688
36.32 0.007015
36.33 0.0079013
36.34 0.0059472
36.35 0.015985
36.36 0.026199
36.37 0.02029
36.38 0.033083
36.39 0.056663
36.4 0.050731
36.41 0.039087
36.42 0.042607
36.43 0.048705
36.44 0.056745
36.45 0.048933
36.46 0.045462
36.47 0.045115
36.48 0.039053
36.49 0.033804
36.5 0.022071
36.51 0.01505
36.52 0.022619
36.53 0.030826
36.54 0.0091878
36.55 -0.013145
36.56 -0.014887
36.57 -0.016466
36.58 -0.031634
36.59 -0.034884
36.6 -0.021788
36.61 -0.035124
36.62 -0.045636
36.63 -0.044227
36.64 -0.051985
36.65 -0.046502
36.66 -0.042033
36.67 -0.041319
36.68 -0.02062
36.69 -0.022165
36.7 -0.0379
36.71 -0.032659
36.72 -0.016933
36.73 0.0026658
36.74 0.012064
36.75 0.027681
36.76 0.048524
36.77 0.052548
36.78 0.049306
36.79 0.05031
36.8 0.061911
36.81 0.070479
36.82 0.059654
36.83 0.055313
36.84 0.056398
36.85 0.046256
36.86 0.035398
36.87 0.022874
36.88 0.014096
36.89 0.014497
36.9 0.0053475
36.91 -0.0025679
36.92 0.0040103
36.93 0.0061005
36.94 0.0065906
36.95 0.0075619
36.96 0.012492
36.97 0.027052
36.98 0.027273
36.99 0.031929
37 0.049043
37.01 0.049675
37.02 0.043478
37.03 0.04328
37.04 0.048749
37.05 0.051697
37.06 0.042928
37.07 0.038431
37.08 0.047228
37.09 0.039914
37.1 0.033401
37.11 0.046998
37.12 0.057582
37.13 0.072654
37.14 0.078246
37.15 0.08009
37.16 0.10525
37.17 0.10982
37.18 0.10668
37.19 0.11558
37.2 0.11176
37.21 0.11567
37.22 0.11055
37.23 0.10037
37.24 0.11805
37.25 0.12011
37.26 0.1136
37.27 0.11736
37.28 0.10813
37.29 0.10639
37.3 0.10071
37.31 0.094512
37.32 0.10834
37.33 0.10288
37.34 0.08891
37.35 0.080689
37.36 0.059353
37.37 0.050851
37.38 0.040838
37.39 0.029935
37.4 0.038703
37.41 0.028483
37.42 0.0034614
37.43 -0.021508
37.44 -0.056043
37.45 -0.08938
37.46 -0.12813
37.47 -0.15254
37.48 -0.15414
37.49 -0.17731
37.5 -0.20064
37.51 -0.20733
37.52 -0.22169
37.53 -0.21493
37.54 -0.20122
37.55 -0.18162
37.56 -0.12864
37.57 -0.10181
37.58 -0.084636
37.59 -0.054239
37.6 -0.03435
37.61 -0.013991
37.62 -0.0098488
37.63 -0.019892
37.64 -0.023844
37.65 -0.028952
37.66 -0.040643
37.67 -0.044549
37.68 -0.040275
37.69 -0.030049
37.7 -0.018232
37.71 -0.019982
37.72 -0.028952
37.73 -0.0070121
37.74 0.012719
37.75 0.0063343
37.76 0.018564
37.77 0.033247
37.78 0.024818
37.79 0.018992
37.8 0.021931
37.81 0.021928
37.82 0.026887
37.83 0.025953
37.84 0.025217
37.85 0.030262
37.86 0.027105
37.87 0.02355
37.88 0.032531
37.89 0.038265
37.9 0.052058
37.91 0.072377
37.92 0.058379
37.93 0.051519
37.94 0.053397
37.95 0.050215
37.96 0.053873
37.97 0.043598
37.98 0.045827
37.99 0.046284
38 0.031357
38.01 0.030611
38.02 0.034091
38.03 0.049704
38.04 0.064321
38.05 0.058316
38.06 0.060423
38.07 0.067448
38.08 0.066563
38.09 0.055251
38.1 0.044129
38.11 0.039428
38.12 0.039631
38.13 0.03578
38.14 0.024689
38.15 0.038178
38.16 0.06121
38.17 0.051139
38.18 0.028613
38.19 0.021074
38.2 0.011076
38.21 0.018822
38.22 0.028853
38.23 0.01472
38.24 0.012414
38.25 0.0117
38.26 0.010441
38.27 0.0086749
38.28 -0.0032826
38.29 -0.012163
38.3 -0.014867
38.31 -0.014369
38.32 -0.020559
38.33 -0.016309
38.34 0.004042
38.35 -0.006639
38.36 -0.027638
38.37 -0.021808
38.38 -0.011862
38.39 0.0093556
38.4 0.033022
38.41 0.04349
38.42 0.053002
38.43 0.060632
38.44 0.083318
38.45 0.090408
38.46 0.076067
38.47 0.080707
38.48 0.08261
38.49 0.082236
38.5 0.083844
38.51 0.085592
38.52 0.074859
38.53 0.061748
38.54 0.053657
38.55 0.036469
38.56 0.022207
38.57 -0.00068321
38.58 -0.0079229
38.59 0.0010993
38.6 -0.012075
38.61 -0.02692
38.62 -0.037067
38.63 -0.045653
38.64 -0.053683
38.65 -0.07357
38.66 -0.086821
38.67 -0.086463
38.68 -0.084481
38.69 -0.082618
38.7 -0.079851
38.71 -0.082208
38.72 -0.079688
38.73 -0.062011
38.74 -0.056768
38.75 -0.06103
38.76 -0.063651
38.77 -0.056305
38.78 -0.030801
38.79 -0.032539
38.8 -0.052254
38.81 -0.059261
38.82 -0.055669
38.83 -0.045466
38.84 -0.063174
38.85 -0.091828
38.86 -0.10019
38.87 -0.10032
38.88 -0.086841
38.89 -0.069818
38.9 -0.052859
38.91 -0.027387
38.92 -0.0033464
38.93 0.024044
38.94 0.041582
38.95 0.03412
38.96 0.018617
38.97 0.0081225
38.98 0.016723
38.99 0.011655
39 -0.018705
39.01 -0.035587
39.02 -0.042786
39.03 -0.044859
39.04 -0.054479
39.05 -0.060372
39.06 -0.058639
39.07 -0.0595
39.08 -0.058941
39.09 -0.058024
39.1 -0.061446
39.11 -0.075076
39.12 -0.066859
39.13 -0.048707
39.14 -0.053149
39.15 -0.056081
39.16 -0.045017
39.17 -0.042491
39.18 -0.052209
39.19 -0.062799
39.2 -0.05372
39.21 -0.030774
39.22 -0.02951
39.23 -0.035088
39.24 -0.024081
39.25 -0.016772
39.26 -0.00019034
39.27 0.021439
39.28 0.010235
39.29 0.0095242
39.3 0.016241
39.31 0.015318
39.32 0.02825
39.33 0.030383
39.34 0.023106
39.35 0.015407
39.36 0.012219
39.37 0.010467
39.38 0.001213
39.39 -0.0042494
39.4 0.0047204
39.41 -0.0014003
39.42 -0.023329
39.43 -0.025048
39.44 -0.023402
39.45 -0.019171
39.46 -0.01787
39.47 -0.035467
39.48 -0.046389
39.49 -0.046616
39.5 -0.044602
39.51 -0.048198
39.52 -0.050002
39.53 -0.037356
39.54 -0.032397
39.55 -0.035807
39.56 -0.034557
39.57 -0.033656
39.58 -0.037118
39.59 -0.029166
39.6 -0.023151
39.61 -0.032367
39.62 -0.031955
39.63 -0.030268
39.64 -0.029887
39.65 -0.031204
39.66 -0.035766
39.67 -0.031944
39.68 -0.028691
39.69 -0.025824
39.7 -0.020803
39.71 -0.023082
39.72 -0.01684
39.73 -0.0073254
39.74 -0.029301
39.75 -0.054821
39.76 -0.04372
39.77 -0.024976
39.78 -0.026798
39.79 -0.02286
39.8 -0.0019138
39.81 0.0042618
39.82 0.0035536
39.83 0.0091883
39.84 0.012201
39.85 0.031676
39.86 0.040007
39.87 0.037022
39.88 0.058708
39.89 0.060657
39.9 0.051779
39.91 0.058554
39.92 0.068158
39.93 0.08285
39.94 0.084645
39.95 0.088863
39.96 0.097339
39.97 0.093934
39.98 0.094251
39.99 0.089775
40 0.08468
40.01 0.084567
40.02 0.068824
40.03 0.053476
40.04 0.029068
40.05 0.014008
40.06 0.013288
40.07 -0.0083379
40.08 -0.030322
40.09 -0.043269
40.1 -0.047199
40.11 -0.05179
40.12 -0.059247
40.13 -0.071769
40.14 -0.081698
40.15 -0.090082
40.16 -0.10373
40.17 -0.10182
40.18 -0.091453
40.19 -0.084558
40.2 -0.085107
40.21 -0.09096
40.22 -0.079975
40.23 -0.075865
40.24 -0.088292
40.25 -0.092995
40.26 -0.087669
40.27 -0.087979
40.28 -0.090297
40.29 -0.085687
40.3 -0.080739
40.31 -0.079553
40.32 -0.087296
40.33 -0.086377
40.34 -0.076685
40.35 -0.064333
40.36 -0.061407
40.37 -0.057883
40.38 -0.040727
40.39 -0.037518
40.4 -0.045111
40.41 -0.043315
40.42 -0.035094
40.43 -0.024338
40.44 -0.025091
40.45 -0.024812
40.46 -0.0057202
40.47 0.0019962
40.48 -0.0029505
40.49 -0.0019463
40.5 0.010958
40.51 0.027688
40.52 0.031363
40.53 0.035251
40.54 0.046722
40.55 0.043882
40.56 0.037501
40.57 0.043269
40.58 0.049219
40.59 0.06045
40.6 0.063641
40.61 0.063268
40.62 0.081077
40.63 0.082554
40.64 0.076975
40.65 0.083293
40.66 0.086096
40.67 0.092252
40.68 0.08862
40.69 0.080887
40.7 0.082065
40.71 0.069758
40.72 0.053772
40.73 0.043514
40.74 0.03391
40.75 0.031691
40.76 0.016868
40.77 0.0015984
40.78 0.0024201
40.79 0.0063694
40.8 0.0099575
40.81 0.018353
40.82 0.027295
40.83 0.040556
40.84 0.057594
40.85 0.043876
40.86 0.029516
40.87 0.048263
40.88 0.066815
40.89 0.067427
40.9 0.079348
40.91 0.10775
40.92 0.10795
40.93 0.098171
40.94 0.097144
40.95 0.099935
40.96 0.10878
40.97 0.10678
40.98 0.10597
40.99 0.111
41 0.11304
41.01 0.11296
41.02 0.10911
41.03 0.098917
41.04 0.089023
41.05 0.094276
41.06 0.096076
41.07 0.071639
41.08 0.057903
41.09 0.053181
41.1 0.04426
41.11 0.036848
41.12 0.02097
41.13 0.010581
41.14 -0.0046442
41.15 -0.026176
41.16 -0.030838
41.17 -0.035796
41.18 -0.035316
41.19 -0.025146
41.2 -0.037073
41.21 -0.047466
41.22 -0.049621
41.23 -0.05085
41.24 -0.04198
41.25 -0.037063
41.26 -0.034344
41.27 -0.02551
41.28 -0.02179
41.29 -0.023397
41.3 -0.0047338
41.31 0.019568
41.32 0.015704
41.33 0.010669
41.34 0.016048
41.35 0.017352
41.36 0.030853
41.37 0.033012
41.38 0.0125
41.39 0.0049434
41.4 0.0049799
41.41 0.0011578
41.42 -0.0019457
41.43 -0.0083213
41.44 -0.017713
41.45 -0.023161
41.46 -0.02294
41.47 -0.025245
41.48 -0.025582
41.49 -0.0054062
41.5 0.0032109
41.51 -0.010716
41.52 -0.012864
41.53 -0.0054617
41.54 0.00042171
41.55 -0.012076
41.56 -0.027757
41.57 -0.029492
41.58 -0.032613
41.59 -0.02437
41.6 0.002661
41.61 0.0076087
41.62 -0.0051344
41.63 -0.0040702
41.64 0.0035716
41.65 0.020285
41.66 0.025432
41.67 0.02589
41.68 0.0298
41.69 0.03464
41.7 0.048737
41.71 0.053323
41.72 0.047359
41.73 0.019611
41.74 0.0071821
41.75 0.008976
41.76 -0.0087238
41.77 -0.035093
41.78 -0.049461
41.79 -0.036514
41.8 -0.050497
41.81 -0.074104
41.82 -0.072829
41.83 -0.061267
41.84 -0.053229
41.85 -0.055059
41.86 -0.052822
41.87 -0.03757
41.88 -0.0046271
41.89 0.0036649
41.9 0.00034208
41.91 0.014866
41.92 0.03014
41.93 0.052095
41.94 0.046986
41.95 0.03452
41.96 0.046884
41.97 0.048871
41.98 0.054178
41.99 0.062007
42 0.058722
42.01 0.057133
42.02 0.060281
42.03 0.087292
42.04 0.11109
42.05 0.099329
42.06 0.087339
42.07 0.091705
42.08 0.091122
42.09 0.072551
42.1 0.067414
42.11 0.06451
42.12 0.055852
42.13 0.050456
42.14 0.03455
42.15 0.021183
42.16 0.0023451
42.17 -0.0014827
42.18 0.004555
42.19 -0.015825
42.2 -0.034425
42.21 -0.029514
42.22 -0.033583
42.23 -0.049029
42.24 -0.053081
42.25 -0.038463
42.26 -0.014483
42.27 -0.021273
42.28 -0.036182
42.29 -0.030724
42.3 -0.027592
42.31 -0.015321
42.32 -0.004984
42.33 -0.012196
42.34 -0.017629
42.35 -0.013392
42.36 0.0036207
42.37 0.0068792
42.38 0.00021821
42.39 0.0029916
42.4 0.0093435
42.41 0.019287
42.42 0.021695
42.43 0.015791
42.44 0.0076923
42.45 0.0063793
42.46 0.0054009
42.47 -0.011469
42.48 -0.017121
42.49 -0.00098069
42.5 -0.011962
42.51 -0.033362
42.52 -0.032672
42.53 -0.035454
42.54 -0.031212
42.55 -0.021302
42.56 -0.032555
42.57 -0.0447
42.58 -0.045004
42.59 -0.038738
42.6 -0.031927
42.61 -0.029159
42.62 -0.02148
42.63 -0.0024157
42.64 0.0077941
42.65 -0.00064349
42.66 0.0079731
42.67 0.027432
42.68 0.020051
42.69 0.00677
42.7 -0.0042279
42.71 -0.0070874
42.72 -0.0077393
42.73 -0.025753
42.74 -0.039777
42.75 -0.061206
42.76 -0.067268
42.77 -0.067129
42.78 -0.091889
42.79 -0.10412
42.8 -0.095171
42.81 -0.10668
42.82 -0.12187
42.83 -0.11654
42.84 -0.10718
42.85 -0.091355
42.86 -0.086053
42.87 -0.088833
42.88 -0.095383
42.89 -0.092656
42.9 -0.087271
42.91 -0.09115
42.92 -0.08503
42.93 -0.068445
42.94 -0.054878
42.95 -0.058327
42.96 -0.059601
42.97 -0.052205
42.98 -0.036279
42.99 -0.028398
43 -0.026189
43.01 -0.0041436
43.02 -0.0050275
43.03 -0.011216
43.04 -0.0072349
43.05 0.00046161
43.06 0.014958
43.07 0.0027625
43.08 -0.0038211
43.09 -0.0043365
43.1 -0.019651
43.11 -0.02291
43.12 -0.018753
43.13 -0.014375
43.14 -0.0036318
43.15 0.0056795
43.16 -0.00038535
43.17 -0.016511
43.18 -0.0063536
43.19 0.0074919
43.2 0.0051142
43.21 0.0079879
43.22 0.022046
43.23 0.037451
43.24 0.026293
43.25 0.01578
43.26 0.031532
43.27 0.044949
43.28 0.043455
43.29 0.046968
43.3 0.066534
43.31 0.085102
43.32 0.078713
43.33 0.074836
43.34 0.098629
43.35 0.12002
43.36 0.12792
43.37 0.1355
43.38 0.1494
43.39 0.15707
43.4 0.12463
43.41 0.089749
43.42 0.089792
43.43 0.075076
43.44 0.04376
43.45 0.024626
43.46 0.01321
43.47 0.010209
43.48 -0.013973
43.49 -0.048279
43.5 -0.045514
43.51 -0.04444
43.52 -0.054729
43.53 -0.053183
43.54 -0.044738
43.55 -0.032938
43.56 -0.030098
43.57 -0.03383
43.58 -0.027223
43.59 -0.016722
43.6 -0.015351
43.61 -0.0087044
43.62 0.0034363
43.63 0.0099733
43.64 0.017876
43.65 0.022031
43.66 0.025776
43.67 0.033379
43.68 0.035299
43.69 0.038741
43.7 0.047798
43.71 0.045672
43.72 0.039208
43.73 0.038601
43.74 0.033902
43.75 0.02955
43.76 0.026048
43.77 0.022352
43.78 0.015991
43.79 0.0037223
43.8 -0.011142
43.81 -0.030099
43.82 -0.043005
43.83 -0.057454
43.84 -0.071852
43.85 -0.072894
43.86 -0.078834
43.87 -0.085906
43.88 -0.088826
43.89 -0.096957
43.9 -0.088754
43.91 -0.077369
43.92 -0.074335
43.93 -0.062915
43.94 -0.044547
43.95 -0.021879
43.96 -0.025956
43.97 -0.041567
43.98 -0.030859
43.99 -0.018846
44 -0.024246
44.01 -0.028194
44.02 -0.024417
44.03 -0.030604
44.04 -0.042174
44.05 -0.045104
44.06 -0.044261
44.07 -0.027928
44.08 -0.012604
44.09 -0.012467
44.1 -0.00062944
44.11 -0.0041386
44.12 -0.019279
44.13 -0.021288
44.14 -0.019489
44.15 -0.010486
44.16 -0.00039814
44.17 -0.0010126
44.18 -0.020236
44.19 -0.016164
44.2 0.0044347
44.21 -0.0058063
44.22 -0.0068064
44.23 0.01841
44.24 0.019104
44.25 0.012883
44.26 0.015339
44.27 0.026305
44.28 0.041168
44.29 0.036578
44.3 0.035148
44.31 0.025666
44.32 0.027305
44.33 0.039257
44.34 0.031392
44.35 0.03963
44.36 0.066017
44.37 0.056212
44.38 0.031454
44.39 0.018266
44.4 0.0061373
44.41 0.0070191
44.42 0.006791
44.43 -0.0012113
44.44 -0.012046
44.45 -0.0053747
44.46 0.0057217
44.47 0.0034388
44.48 0.0063935
44.49 0.025216
44.5 0.039811
44.51 0.041851
44.52 0.050689
44.53 0.066904
44.54 0.08145
44.55 0.07554
44.56 0.062649
44.57 0.058381
44.58 0.054852
44.59 0.066415
44.6 0.067837
44.61 0.04549
44.62 0.030886
44.63 0.02632
44.64 0.021575
44.65 0.010993
44.66 0.00023109
44.67 -0.020389
44.68 -0.030117
44.69 -0.023397
44.7 -0.037763
44.71 -0.05143
44.72 -0.045916
44.73 -0.05014
44.74 -0.064592
44.75 -0.077266
44.76 -0.073784
44.77 -0.054441
44.78 -0.066342
44.79 -0.084709
44.8 -0.083043
44.81 -0.077366
44.82 -0.067498
44.83 -0.075249
44.84 -0.08366
44.85 -0.079622
44.86 -0.074546
44.87 -0.052398
44.88 -0.027377
44.89 -0.024727
44.9 -0.022194
44.91 -0.0010078
44.92 0.035381
44.93 0.059423
44.94 0.061157
44.95 0.063449
44.96 0.066449
44.97 0.079829
44.98 0.085644
44.99 0.075516
45 0.071342
45.01 0.069325
45.02 0.069291
45.03 0.053986
45.04 0.034251
45.05 0.021694
45.06 0.0068751
45.07 0.00064622
45.08 -0.01779
45.09 -0.032873
45.1 -0.03754
45.11 -0.044351
45.12 -0.039323
45.13 -0.040175
45.14 -0.032683
45.15 -0.024814
45.16 -0.024199
45.17 -0.019882
45.18 -0.020447
45.19 -0.018217
45.2 -0.026097
45.21 -0.018033
45.22 -0.001323
45.23 -0.0019492
45.24 -0.0033364
45.25 -0.011476
45.26 -0.0058552
45.27 0.0029532
45.28 0.00047645
45.29 -0.0032018
45.3 -0.011743
45.31 -0.012129
45.32 -0.0098128
45.33 -0.016909
45.34 -0.024146
45.35 -0.021642
45.36 -0.024161
45.37 -0.036727
45.38 -0.056779
45.39 -0.069011
45.4 -0.056576
45.41 -0.06862
45.42 -0.090747
45.43 -0.089477
45.44 -0.083659
45.45 -0.066452
45.46 -0.061177
45.47 -0.066408
45.48 -0.061203
45.49 -0.052938
45.5 -0.026604
45.51 -0.0013207
45.52 -0.0088614
45.53 -0.015547
45.54 0.00039431
45.55 0.012654
45.56 0.013789
45.57 0.01898
45.58 0.015395
45.59 0.018577
45.6 0.037713
45.61 0.041077
45.62 0.039189
45.63 0.045516
45.64 0.042022
45.65 0.029803
45.66 0.023111
45.67 0.031721
45.68 0.0443
45.69 0.033157
45.7 0.02209
45.71 0.015327
45.72 0.012525
45.73 0.032713
45.74 0.04159
45.75 0.036392
45.76 0.035156
45.77 0.034929
45.78 0.040967
45.79 0.041529
45.8 0.040805
45.81 0.056479
45.82 0.064253
45.83 0.059349
45.84 0.062549
45.85 0.065519
45.86 0.068294
45.87 0.062769
45.88 0.045325
45.89 0.025728
45.9 0.020738
45.91 0.022157
45.92 0.0083111
45.93 -0.0013302
45.94 -0.013679
45.95 -0.023857
45.96 -0.029369
45.97 -0.044705
45.98 -0.047619
45.99 -0.033917
46 -0.035628
46.01 -0.040474
46.02 -0.036059
46.03 -0.029353
46.04 -0.01813
46.05 -0.019018
46.06 -0.020093
46.07 -0.017566
46.08 -0.010151
46.09 -0.0046432
46.1 -0.015065
46.11 -0.019948
46.12 -0.012676
46.13 0.00084294
46.14 0.0088309
46.15 -0.0027985
46.16 -0.0099885
46.17 -0.013786
46.18 -0.012371
46.19 -0.014676
46.2 -0.023796
46.21 -0.0075969
46.22 -0.015763
46.23 -0.036436
46.24 -0.040333
46.25 -0.035881
46.26 -0.024595
46.27 -0.036348
46.28 -0.04341
46.29 -0.037661
46.3 -0.046581
46.31 -0.055563
46.32 -0.054353
46.33 -0.055424
46.34 -0.0513
46.35 -0.045512
46.36 -0.058449
46.37 -0.077452
46.38 -0.068081
46.39 -0.058617
46.4 -0.063599
46.41 -0.051102
46.42 -0.028036
46.43 -0.0053641
46.44 -0.0071446
46.45 -0.016533
46.46 -0.0014053
46.47 0.012102
46.48 0.0095363
46.49 0.011773
46.5 0.027226
46.51 0.036143
46.52 0.031633
46.53 0.027815
46.54 0.032377
46.55 0.039699
46.56 0.035267
46.57 0.029891
46.58 0.037435
46.59 0.03424
46.6 0.012561
46.61 -0.00023686
46.62 0.0030585
46.63 -2.5521e-005
46.64 -0.0094644
46.65 -0.0054801
46.66 0.0073087
46.67 0.019642
46.68 0.023197
46.69 0.020241
46.7 0.032258
46.71 0.046938
46.72 0.045215
46.73 0.043454
46.74 0.057963
46.75 0.069333
46.76 0.053735
46.77 0.037635
46.78 0.039354
46.79 0.04349
46.8 0.039236
46.81 0.040228
46.82 0.056442
46.83 0.060266
46.84 0.05328
46.85 0.054016
46.86 0.049171
46.87 0.047969
46.88 0.036959
46.89 0.020802
46.9 0.029777
46.91 0.020878
46.92 0.006096
46.93 0.0084293
46.94 0.002494
46.95 0.0074128
46.96 0.0073982
46.97 0.0065412
46.98 0.035557
46.99 0.041366
47 0.035537
47.01 0.041574
47.02 0.047927
47.03 0.061653
47.04 0.05963
47.05 0.050681
47.06 0.056917
47.07 0.058221
47.08 0.052726
47.09 0.053306
47.1 0.060895
47.11 0.073127
47.12 0.070217
47.13 0.072851
47.14 0.078226
47.15 0.079028
47.16 0.081435
47.17 0.076123
47.18 0.068675
47.19 0.065295
47.2 0.066458
47.21 0.045601
47.22 0.028972
47.23 0.03401
47.24 0.040138
47.25 0.029463
47.26 0.016683
47.27 0.0364
47.28 0.034198
47.29 0.020689
47.3 0.022719
47.31 0.02819
47.32 0.038971
47.33 0.033759
47.34 0.026463
47.35 0.01293
47.36 0.011607
47.37 0.019381
47.38 0.00020091
47.39 -0.0056084
47.4 0.016568
47.41 0.0096622
47.42 -0.012327
47.43 -0.022565
47.44 -0.020494
47.45 -0.0042578
47.46 -0.0010483
47.47 -0.0094966
47.48 -0.020343
47.49 -0.012422
47.5 0.0059758
47.51 0.0057936
47.52 0.0037657
47.53 0.02342
47.54 0.025965
47.55 0.0098973
47.56 0.017052
47.57 0.02174
47.58 0.034219
47.59 0.051334
47.6 0.043651
47.61 0.029154
47.62 0.028568
47.63 0.027628
47.64 0.013384
47.65 0.0038021
47.66 -0.017459
47.67 -0.022921
47.68 -0.012182
47.69 -0.025724
47.7 -0.0395
47.71 -0.037667
47.72 -0.042561
47.73 -0.057683
47.74 -0.067241
47.75 -0.06042
47.76 -0.035702
47.77 -0.037573
47.78 -0.052983
47.79 -0.047112
47.8 -0.035847
47.81 -0.020719
47.82 -0.01063
47.83 -0.021137
47.84 -0.039584
47.85 -0.045604
47.86 -0.02468
47.87 -0.011508
47.88 -0.026376
47.89 -0.03326
47.9 -0.029119
47.91 -0.018486
47.92 -0.0158
47.93 -0.011616
47.94 -0.0047853
47.95 0.00018897
47.96 0.0025923
47.97 -0.0071771
47.98 -0.015482
47.99 -0.031861
48 -0.032038
48.01 -0.029162
48.02 -0.044071
48.03 -0.054324
48.04 -0.064003
48.05 -0.06506
48.06 -0.066095
48.07 -0.075919
48.08 -0.082963
48.09 -0.079647
48.1 -0.076375
48.11 -0.080991
48.12 -0.083382
48.13 -0.074998
48.14 -0.053555
48.15 -0.042106
48.16 -0.037413
48.17 -0.031177
48.18 -0.02419
48.19 -0.0010009
48.2 0.017122
48.21 0.025528
48.22 0.030916
48.23 0.039567
48.24 0.065798
48.25 0.076917
48.26 0.069494
48.27 0.063159
48.28 0.060279
48.29 0.071424
48.3 0.071204
48.31 0.061823
48.32 0.057179
48.33 0.056201
48.34 0.068606
48.35 0.05497
48.36 0.026858
48.37 0.013091
48.38 0.012347
48.39 0.023387
48.4 -0.00085336
48.41 -0.033189
48.42 -0.040964
48.43 -0.040744
48.44 -0.03417
48.45 -0.053176
48.46 -0.076066
48.47 -0.077344
48.48 -0.07073
48.49 -0.056032
48.5 -0.056852
48.51 -0.070418
48.52 -0.077576
48.53 -0.076673
48.54 -0.065375
48.55 -0.056769
48.56 -0.059687
48.57 -0.06831
48.58 -0.070644
48.59 -0.053292
48.6 -0.041847
48.61 -0.05055
48.62 -0.054814
48.63 -0.046329
48.64 -0.034369
48.65 -0.025176
48.66 -0.011837
48.67 -0.0076376
48.68 -0.00067759
48.69 0.013854
48.7 0.021498
48.71 0.024939
48.72 0.026997
48.73 0.029565
48.74 0.030616
48.75 0.019607
48.76 0.0096947
48.77 0.028414
48.78 0.023881
48.79 0.0023047
48.8 0.0032978
48.81 0.0046816
48.82 0.013887
48.83 0.019433
48.84 0.0053878
48.85 -0.011196
48.86 -0.011567
48.87 -0.01152
48.88 -0.022033
48.89 -0.024021
48.9 -0.030116
48.91 -0.024696
48.92 -0.0089636
48.93 -0.018904
48.94 -0.025329
48.95 -0.0030676
48.96 0.0047159
48.97 -0.0063092
48.98 -0.0016276
48.99 0.0058926
49 0.020696
49.01 0.035803
49.02 0.032343
49.03 0.032181
49.04 0.037175
49.05 0.047744
49.06 0.053744
49.07 0.047419
49.08 0.050789
49.09 0.058363
49.1 0.054813
49.11 0.050836
49.12 0.059526
49.13 0.065283
49.14 0.056551
49.15 0.048761
49.16 0.042653
49.17 0.044328
49.18 0.048572
49.19 0.034234
49.2 0.024093
49.21 0.013458
49.22 0.0065988
49.23 0.0033444
49.24 -0.019174
49.25 -0.027208
49.26 -0.024038
49.27 -0.036986
49.28 -0.049691
49.29 -0.057789
49.3 -0.062393
49.31 -0.059955
49.32 -0.065297
49.33 -0.069374
49.34 -0.06162
49.35 -0.065222
49.36 -0.07603
49.37 -0.073266
49.38 -0.070164
49.39 -0.063582
49.4 -0.051137
49.41 -0.054844
49.42 -0.061568
49.43 -0.042792
49.44 -0.021246
49.45 -0.020165
49.46 -0.0042287
49.47 0.0205
49.48 0.024225
49.49 0.030724
49.5 0.041568
49.51 0.05041
49.52 0.069456
49.53 0.078984
49.54 0.079326
49.55 0.091099
49.56 0.082167
49.57 0.062053
49.58 0.052014
49.59 0.043888
49.6 0.046027
49.61 0.031426
49.62 0.010832
49.63 0.0057189
49.64 -0.011005
49.65 -0.033564
49.66 -0.050924
49.67 -0.063939
49.68 -0.075211
49.69 -0.08382
49.7 -0.10738
49.71 -0.14527
49.72 -0.12963
49.73 -0.11824
49.74 -0.12909
49.75 -0.112
49.76 -0.09124
49.77 -0.075648
49.78 -0.070477
49.79 -0.073362
49.8 -0.078512
49.81 -0.051709
49.82 -0.033559
49.83 -0.041811
49.84 -0.026935
49.85 -0.00024368
49.86 0.01762
49.87 0.0098327
49.88 0.0014928
49.89 0.025696
49.9 0.047794
49.91 0.049051
49.92 0.058207
49.93 0.080891
49.94 0.095631
49.95 0.082545
49.96 0.06604
49.97 0.063972
49.98 0.059715
49.99 0.042967
50 0.031169
50.01 0.029132
50.02 0.01233
50.03 -0.0044363
50.04 -0.019734
50.05 -0.041186
50.06 -0.048712
50.07 -0.061195
50.08 -0.078568
50.09 -0.071787
50.1 -0.083852
50.11 -0.10912
50.12 -0.11448
50.13 -0.10615
50.14 -0.094393
50.15 -0.10404
50.16 -0.10424
50.17 -0.086058
50.18 -0.079129
50.19 -0.074827
50.2 -0.068679
50.21 -0.06091
50.22 -0.041714
50.23 -0.027591
50.24 -0.035451
50.25 -0.042728
50.26 -0.023108
50.27 -0.001632
50.28 -0.00064748
50.29 0.012841
50.3 0.035525
50.31 0.036951
50.32 0.041595
50.33 0.050258
50.34 0.052978
50.35 0.064502
50.36 0.064734
50.37 0.059594
50.38 0.064146
50.39 0.061759
50.4 0.054215
50.41 0.056988
50.42 0.061992
50.43 0.074543
50.44 0.090334
50.45 0.081411
50.46 0.076714
50.47 0.082183
50.48 0.086998
50.49 0.090626
50.5 0.088978
50.51 0.10068
50.52 0.10663
50.53 0.10107
50.54 0.10422
50.55 0.10075
50.56 0.10296
50.57 0.10924
50.58 0.090587
50.59 0.076421
50.6 0.068427
50.61 0.062854
50.62 0.062904
50.63 0.057643
50.64 0.054733
50.65 0.052125
50.66 0.038618
50.67 0.023244
50.68 0.033935
50.69 0.052059
50.7 0.044933
50.71 0.033221
50.72 0.021397
50.73 0.013533
50.74 0.01923
50.75 0.003256
50.76 -0.013793
50.77 -0.023475
50.78 -0.036307
50.79 -0.041583
50.8 -0.051252
50.81 -0.058886
50.82 -0.058355
50.83 -0.058652
50.84 -0.062957
50.85 -0.06639
50.86 -0.051239
50.87 -0.02431
50.88 -0.029004
50.89 -0.03829
50.9 -0.031653
50.91 -0.023834
50.92 -0.0050848
50.93 0.0030944
50.94 -0.00059912
50.95 -0.0048322
50.96 -0.0026996
50.97 0.019455
50.98 0.030448
50.99 0.016756
51 0.0063962
51.01 0.0054869
51.02 0.0018789
51.03 -0.014661
51.04 -0.023637
51.05 -0.036022
51.06 -0.046129
51.07 -0.047281
51.08 -0.052152
51.09 -0.044662
51.1 -0.054543
51.11 -0.057805
51.12 -0.045373
51.13 -0.038873
51.14 -0.033273
51.15 -0.029285
51.16 -0.022234
51.17 -0.020892
51.18 -0.021836
51.19 -0.01898
51.2 -0.0043188
51.21 0.0035223
51.22 0.0036899
51.23 0.0038176
51.24 0.0030348
51.25 0.016889
51.26 0.020389
51.27 0.014133
51.28 0.0085089
51.29 0.0064794
51.3 0.022846
51.31 0.026576
51.32 0.017118
51.33 0.010727
51.34 0.012442
51.35 0.029855
51.36 0.030398
51.37 0.017272
51.38 0.006047
51.39 0.0022111
51.4 0.01476
51.41 0.0060841
51.42 -0.016697
51.43 -0.029253
51.44 -0.026506
51.45 -0.0044642
51.46 -0.0077568
51.47 -0.021149
51.48 -0.025485
51.49 -0.021073
51.5 0.0070568
51.51 0.010496
51.52 0.0025416
51.53 0.0066744
51.54 0.021896
51.55 0.051808
51.56 0.045987
51.57 0.029306
51.58 0.026198
51.59 0.031439
51.6 0.047096
51.61 0.033769
51.62 0.019498
51.63 0.017449
51.64 0.016478
51.65 0.026781
51.66 0.020477
51.67 0.011821
51.68 0.013122
51.69 0.017138
51.7 0.027664
51.71 0.028838
51.72 0.021214
51.73 0.0096031
51.74 0.0086381
51.75 0.023958
51.76 0.034211
51.77 0.026616
51.78 0.012827
51.79 0.013776
51.8 0.027743
51.81 0.042486
51.82 0.042174
51.83 0.031476
51.84 0.027842
51.85 0.030956
51.86 0.035067
51.87 0.028483
51.88 0.02237
51.89 0.010546
51.9 0.0015962
51.91 -7.0465e-005
51.92 -0.012705
51.93 -0.019838
51.94 -0.029897
51.95 -0.029145
51.96 -0.020065
51.97 -0.021954
51.98 -0.022972
51.99 -0.015051
52 -0.012959
52.01 -0.020526
52.02 -0.024729
52.03 -0.012845
52.04 0.0069137
52.05 -0.0042145
52.06 -0.023355
52.07 -0.024791
52.08 -0.028027
52.09 -0.021461
52.1 -0.0095094
52.11 -0.020747
52.12 -0.032323
52.13 -0.027375
52.14 -0.024797
52.15 -0.023453
52.16 -0.023831
52.17 -0.0343
52.18 -0.030701
52.19 -0.018158
52.2 -0.024034
52.21 -0.024677
52.22 -0.0060178
52.23 -0.0086831
52.24 -0.019855
52.25 -0.019486
52.26 -0.019252
52.27 -0.0012282
52.28 0.0078323
52.29 -0.001635
52.3 -0.0045834
52.31 -0.0080791
52.32 -0.00070387
52.33 0.0077816
52.34 0.0058002
52.35 0.0091006
52.36 0.01135
52.37 0.0059981
52.38 -0.00027904
52.39 0.0091361
52.4 0.023253
52.41 0.023287
52.42 0.016091
52.43 0.0096784
52.44 0.015954
52.45 0.029362
52.46 0.027577
52.47 0.026699
52.48 0.02703
52.49 0.021836
52.5 0.010953
52.51 0.0036354
52.52 0.0014213
52.53 -0.001622
52.54 0.015169
52.55 0.01484
52.56 0.0057912
52.57 0.0035158
52.58 0.001882
52.59 -0.00094105
52.6 -0.012964
52.61 -0.0043807
52.62 -0.010194
52.63 -0.024105
52.64 -0.032135
52.65 -0.035886
52.66 -0.027141
52.67 -0.034837
52.68 -0.040966
52.69 -0.048694
52.7 -0.052113
52.71 -0.055771
52.72 -0.062484
52.73 -0.062893
52.74 -0.060641
52.75 -0.041405
52.76 -0.044885
52.77 -0.056881
52.78 -0.046058
52.79 -0.031948
52.8 -0.027739
52.81 -0.021589
52.82 -0.0024587
52.83 0.0022568
52.84 0.0038202
52.85 0.0083926
52.86 0.0074236
52.87 0.013315
52.88 0.0020482
52.89 0.00080159
52.9 0.0258
52.91 0.016545
52.92 0.0040846
52.93 0.013682
52.94 0.012743
52.95 0.021153
52.96 0.022608
52.97 0.010239
52.98 0.021151
52.99 0.016457
53 -0.00036674
53.01 -9.7271e-005
53.02 -0.0061987
53.03 -0.00098051
53.04 0.0032909
53.05 -0.0051032
53.06 0.014776
53.07 0.02526
53.08 0.0075346
53.09 0.0060533
53.1 0.0094047
53.11 0.0086143
53.12 0.017524
53.13 0.01906
53.14 0.016778
53.15 0.031638
53.16 0.028351
53.17 0.015421
53.18 0.01603
53.19 0.021923
53.2 0.029563
53.21 0.023069
53.22 0.021456
53.23 0.033035
53.24 0.031433
53.25 0.020315
53.26 0.0081294
53.27 0.0066543
53.28 0.017288
53.29 0.011802
53.3 0.0049981
53.31 0.0034112
53.32 0.0047704
53.33 0.0054353
53.34 0.00055058
53.35 -0.0025652
53.36 0.0061306
53.37 0.024845
53.38 0.015567
53.39 0.0037793
53.4 0.010643
53.41 0.023292
53.42 0.019525
53.43 0.012573
53.44 0.033817
53.45 0.031374
53.46 0.020696
53.47 0.024993
53.48 0.014591
53.49 0.017317
53.5 0.025651
53.51 0.015443
53.52 0.016835
53.53 0.019454
53.54 0.016946
53.55 0.014479
53.56 0.0097143
53.57 0.012347
53.58 0.018423
53.59 0.024761
53.6 0.020705
53.61 0.015054
53.62 0.0049927
53.63 0.0012363
53.64 0.0021636
53.65 -0.011864
53.66 -0.017841
53.67 -0.020638
53.68 -0.032713
53.69 -0.034717
53.7 -0.031297
53.71 -0.024961
53.72 -0.01756
53.73 -0.027653
53.74 -0.032255
53.75 -0.02607
53.76 -0.019964
53.77 -0.019655
53.78 -0.01572
53.79 -0.0015599
53.8 0.0016571
53.81 -1.2862e-005
53.82 -0.0078232
53.83 -0.0011474
53.84 0.020713
53.85 0.012698
53.86 0.0026578
53.87 0.00072571
53.88 0.00084093
53.89 0.018781
53.9 0.016953
53.91 0.0016025
53.92 -0.00021357
53.93 -0.0044011
53.94 -0.009902
53.95 -0.014197
53.96 -0.023648
53.97 -0.026404
53.98 -0.024876
53.99 -0.030675
54 -0.043452
54.01 -0.043168
54.02 -0.024266
54.03 -0.036332
54.04 -0.05702
54.05 -0.05389
54.06 -0.050059
54.07 -0.032999
54.08 -0.016663
54.09 -0.021392
54.1 -0.025921
54.11 -0.017253
54.12 0.0048251
54.13 0.020266
54.14 0.022947
54.15 0.027006
54.16 0.032872
54.17 0.040091
54.18 0.045967
54.19 0.049482
54.2 0.042667
54.21 0.052546
54.22 0.072017
54.23 0.07112
54.24 0.067143
54.25 0.069902
54.26 0.078756
54.27 0.082031
54.28 0.072336
54.29 0.061207
54.3 0.063023
54.31 0.057556
54.32 0.040956
54.33 0.028311
54.34 0.031259
54.35 0.048104
54.36 0.038237
54.37 0.01644
54.38 0.011227
54.39 0.022486
54.4 0.0368
54.41 0.022539
54.42 0.0082087
54.43 0.0079366
54.44 0.012025
54.45 0.020176
54.46 0.0073149
54.47 -0.0079016
54.48 -0.015037
54.49 -0.0093601
54.5 0.0045076
54.51 -0.010223
54.52 -0.024278
54.53 -0.026738
54.54 -0.019825
54.55 -0.00075163
54.56 -0.009073
54.57 -0.019961
54.58 -0.019788
54.59 -0.017213
54.6 -0.0024982
54.61 -0.010689
54.62 -0.02806
54.63 -0.037558
54.64 -0.034459
54.65 -0.023801
54.66 -0.041081
54.67 -0.054012
54.68 -0.05718
54.69 -0.052563
54.7 -0.035602
54.71 -0.044703
54.72 -0.058438
54.73 -0.068738
54.74 -0.068801
54.75 -0.052329
54.76 -0.059937
54.77 -0.067363
54.78 -0.071652
54.79 -0.065941
54.8 -0.03951
54.81 -0.044873
54.82 -0.054501
54.83 -0.047379
54.84 -0.030591
54.85 -0.0046153
54.86 -0.004411
54.87 -0.013196
54.88 -0.015439
54.89 -0.0024326
54.9 0.016939
54.91 0.00067072
54.92 -0.021275
54.93 -0.028668
54.94 -0.026269
54.95 -0.016962
54.96 -0.032655
54.97 -0.048561
54.98 -0.052822
54.99 -0.050944
55 -0.036421
55.01 -0.043666
55.02 -0.054258
55.03 -0.053672
55.04 -0.051185
55.05 -0.037811
55.06 -0.038465
55.07 -0.051139
55.08 -0.052071
55.09 -0.044813
55.1 -0.03549
55.11 -0.028156
55.12 -0.035311
55.13 -0.049255
55.14 -0.050834
55.15 -0.030709
55.16 -0.015903
55.17 -0.023207
55.18 -0.025062
55.19 -0.018326
55.2 -0.012599
55.21 -0.015369
55.22 -0.017961
55.23 -0.021971
55.24 -0.021704
55.25 -0.019183
55.26 -0.016271
55.27 -0.011404
55.28 -0.0083775
55.29 -0.00093614
55.3 0.0011891
55.31 -0.0012611
55.32 0.010295
55.33 0.033488
55.34 0.028587
55.35 0.014539
55.36 0.021841
55.37 0.025934
55.38 0.037375
55.39 0.053247
55.4 0.043611
55.41 0.035685
55.42 0.040396
55.43 0.040967
55.44 0.036802
55.45 0.031549
55.46 0.024436
55.47 0.031163
55.48 0.043035
55.49 0.034466
55.5 0.028054
55.51 0.037145
55.52 0.030442
55.53 0.022395
55.54 0.023871
55.55 0.013033
55.56 0.0044631
55.57 0.0041842
55.58 0.001296
55.59 -0.01596
55.6 -0.025499
55.61 -0.021361
55.62 -0.01087
55.63 -0.0056532
55.64 -0.0075889
55.65 -0.001333
55.66 0.001039
55.67 -0.00034345
55.68 0.0013572
55.69 0.0040142
55.7 0.021831
55.71 0.041288
55.72 0.034998
55.73 0.033265
55.74 0.035266
55.75 0.037259
55.76 0.037689
55.77 0.027374
55.78 0.034151
55.79 0.029087
55.8 0.013919
55.81 0.0072512
55.82 0.0048672
55.83 0.012423
55.84 0.0069595
55.85 0.0045358
55.86 0.0040424
55.87 0.0059896
55.88 0.0055808
55.89 -0.0087602
55.9 -0.011014
55.91 -0.0038333
55.92 -0.00045335
55.93 -0.010933
55.94 -0.022137
55.95 -0.018132
55.96 -0.0044868
55.97 -0.012217
55.98 -0.017158
55.99 0.0014551
56 0.0029966
56.01 0.0024873
56.02 0.0088788
56.03 0.011494
56.04 0.021912
56.05 0.018733
56.06 0.015144
56.07 0.036604
56.08 0.037837
56.09 0.039375
56.1 0.051988
56.11 0.050997
56.12 0.058979
56.13 0.058916
56.14 0.053091
56.15 0.060485
56.16 0.058024
56.17 0.051611
56.18 0.040303
56.19 0.02588
56.2 0.022382
56.21 0.0063303
56.22 -0.0089792
56.23 0.00080541
56.24 0.011137
56.25 -0.0084275
56.26 -0.028797
56.27 -0.025984
56.28 -0.028061
56.29 -0.035223
56.3 -0.028901
56.31 -0.015936
56.32 -0.0063856
56.33 -0.019952
56.34 -0.039522
56.35 -0.024934
56.36 -0.016932
56.37 -0.027328
56.38 -0.020625
56.39 -0.0018266
56.4 0.014274
56.41 0.0021755
56.42 -0.012039
56.43 0.010209
56.44 0.015328
56.45 0.00041336
56.46 -0.0017781
56.47 0.0073462
56.48 0.024835
56.49 0.014796
56.5 0.00056594
56.51 0.014707
56.52 0.020377
56.53 0.0091847
56.54 0.0058685
56.55 0.014115
56.56 0.019414
56.57 0.017951
56.58 0.01984
56.59 0.022342
56.6 0.030329
56.61 0.028155
56.62 0.02352
56.63 0.039291
56.64 0.030065
56.65 0.013856
56.66 0.013113
56.67 0.014029
56.68 0.020137
56.69 0.01846
56.7 0.016571
56.71 0.019896
56.72 0.018317
56.73 0.0084212
56.74 0.0037831
56.75 0.0053797
56.76 0.0092257
56.77 0.01026
56.78 -0.0088065
56.79 -0.020525
56.8 -0.010148
56.81 -0.0044433
56.82 -0.01463
56.83 -0.019175
56.84 -0.0026539
56.85 -0.010839
56.86 -0.025691
56.87 -0.022608
56.88 -0.016462
56.89 -0.0012469
56.9 0.0051946
56.91 -0.00079215
56.92 -0.013805
56.93 -0.0039331
56.94 0.019979
56.95 0.013703
56.96 0.0080213
56.97 0.027398
56.98 0.019602
56.99 -0.0021532
57 0.00038626
57.01 -0.0013282
57.02 0.0018026
57.03 0.0069709
57.04 -0.011346
57.05 -0.023553
57.06 -0.023826
57.07 -0.022084
57.08 -0.018329
57.09 -0.019688
57.1 -0.019166
57.11 -0.017637
57.12 -0.025398
57.13 -0.039888
57.14 -0.030288
57.15 -0.014176
57.16 -0.023337
57.17 -0.027604
57.18 -0.024597
57.19 -0.025162
57.2 -0.0040511
57.21 0.0031402
57.22 -0.010028
57.23 -0.0060003
57.24 -0.0053167
57.25 -0.0033745
57.26 0.0063236
57.27 0.010343
57.28 -0.0011118
57.29 0.00011403
57.3 0.010693
57.31 0.0034275
57.32 -0.00062705
57.33 0.0012641
57.34 -6.7033e-005
57.35 -0.0043039
57.36 -0.010464
57.37 -0.0056148
57.38 0.01611
57.39 0.013054
57.4 0.0023438
57.41 0.0086528
57.42 0.020771
57.43 0.03095
57.44 0.021928
57.45 0.0095455
57.46 0.0030759
57.47 -0.0012914
57.48 0.0040137
57.49 0.0087235
57.5 -0.0048394
57.51 -0.020439
57.52 -0.024246
57.53 -0.026314
57.54 -0.034969
57.55 -0.043107
57.56 -0.051026
57.57 -0.051136
57.58 -0.046339
57.59 -0.050048
57.6 -0.051063
57.61 -0.048833
57.62 -0.049689
57.63 -0.050989
57.64 -0.062451
57.65 -0.061166
57.66 -0.034507
57.67 -0.035807
57.68 -0.045745
57.69 -0.036677
57.7 -0.026545
57.71 -0.0081816
57.72 0.0006559
57.73 -0.0034235
57.74 -0.0022183
57.75 0.0039531
57.76 0.0092243
57.77 0.011565
57.78 0.016312
57.79 0.0087829
57.8 0.0099021
57.81 0.026275
57.82 0.0308
57.83 0.031382
57.84 0.034054
57.85 0.040192
57.86 0.038238
57.87 0.032625
57.88 0.045112
57.89 0.058775
57.9 0.058395
57.91 0.061425
57.92 0.060442
57.93 0.064406
57.94 0.074257
57.95 0.072129
57.96 0.069569
57.97 0.057708
57.98 0.059095
57.99 0.071565
58 0.060619
58.01 0.05736
58.02 0.072916
58.03 0.064754
58.04 0.048653
58.05 0.044116
58.06 0.03801
58.07 0.036134
58.08 0.041929
58.09 0.051983
58.1 0.038161
58.11 0.026463
58.12 0.028336
58.13 0.023943
58.14 0.020821
58.15 0.014689
58.16 0.013946
58.17 0.0055556
58.18 -0.011727
58.19 -0.015696
58.2 -0.020991
58.21 -0.020975
58.22 -0.011255
58.23 -0.026866
58.24 -0.042132
58.25 -0.042548
58.26 -0.040291
58.27 -0.035221
58.28 -0.034548
58.29 -0.025659
58.3 -0.025774
58.31 -0.034319
58.32 -0.036991
58.33 -0.033273
58.34 -0.021079
58.35 -0.012271
58.36 -0.014641
58.37 -0.024192
58.38 -0.0087478
58.39 0.0061419
58.4 0.001508
58.41 0.011954
58.42 0.02172
58.43 0.016995
58.44 0.015032
58.45 0.018553
58.46 0.012643
58.47 0.014696
58.48 0.018719
58.49 0.018301
58.5 0.031909
58.51 0.027077
58.52 0.018708
58.53 0.01985
58.54 0.010054
58.55 0.013836
58.56 0.014952
58.57 0.0076783
58.58 0.014455
58.59 0.0075203
58.6 -0.0032122
58.61 -0.0076587
58.62 -0.0089585
58.63 -0.0035338
58.64 -0.01437
58.65 -0.023313
58.66 -0.019983
58.67 -0.027242
58.68 -0.037853
58.69 -0.042578
58.7 -0.041388
58.71 -0.029805
58.72 -0.029661
58.73 -0.030344
58.74 -0.017609
58.75 -0.0095074
58.76 -0.0079147
58.77 -0.010766
58.78 -0.0076023
58.79 -0.00016852
58.8 0.0041441
58.81 0.008168
58.82 0.004152
58.83 0.0036188
58.84 0.0038405
58.85 -0.0015851
58.86 -0.0017801
58.87 0.0030574
58.88 0.0132
58.89 0.0034418
58.9 -0.013476
58.91 -0.0052152
58.92 0.00043852
58.93 -0.0021966
58.94 0.0014327
58.95 0.0069454
58.96 0.0098053
58.97 0.0033017
58.98 0.00081111
58.99 -0.00053078
59 0.0023132
59.01 0.0031614
59.02 0.0033482
59.03 0.023506
59.04 0.020113
59.05 0.0040069
59.06 -0.00021722
59.07 0.003808
59.08 0.013045
59.09 0.0055998
59.1 0.0061585
59.11 0.011911
59.12 0.016904
59.13 0.016458
59.14 0.0064037
59.15 0.010863
59.16 0.019541
59.17 0.021663
59.18 0.018293
59.19 0.012771
59.2 0.0082781
59.21 0.0091957
59.22 0.0066767
59.23 -0.00077383
59.24 -0.0022809
59.25 -0.0083516
59.26 -0.017289
59.27 -0.020755
59.28 -0.020746
59.29 -0.022312
59.3 -0.017526
59.31 -0.007974
59.32 -0.015819
59.33 -0.0203
59.34 -0.019043
59.35 -0.020117
59.36 -0.015762
59.37 -0.017894
59.38 -0.016865
59.39 -0.012853
59.4 -0.01878
59.41 -0.018955
59.42 -0.0146
59.43 -0.01073
59.44 -0.0053762
59.45 -0.0075224
59.46 -0.0060096
59.47 -0.0076633
59.48 -0.010397
59.49 -0.0053145
59.5 -0.0081949
59.51 -0.016534
59.52 -0.014324
59.53 -0.011678
59.54 -0.018103
59.55 -0.013778
59.56 -0.0028862
59.57 -0.0094901
59.58 -0.017531
59.59 -0.016484
59.6 -0.017732
59.61 -0.0038138
59.62 0.0072413
59.63 -0.001941
59.64 -0.0059814
59.65 -0.0066581
59.66 -0.0057034
59.67 -0.0056031
59.68 -0.0078746
59.69 -0.010299
59.7 -0.012089
59.71 -0.011319
59.72 -0.014148
59.73 -0.012133
59.74 -0.0029842
59.75 -0.0064316
59.76 -0.016843
59.77 -0.018009
59.78 -0.011768
59.79 -0.0061403
59.8 -0.014312
59.81 -0.021237
59.82 -0.019313
59.83 -0.01554
59.84 -0.0024361
59.85 0.0074756
59.86 0.0030108
59.87 -0.00053405
59.88 -0.00025056
59.89 0.0035235
59.9 0.0052555
59.91 0.0011396
59.92 0.0007059
59.93 0.0014913
59.94 0.0035802
59.95 -0.0019119
59.96 -0.0085625
59.97 -0.012356
59.98 -0.017236
59.99 -0.017963
60 -0.020705
60.01 -0.018389
60.02 -0.019372
60.03 -0.023239
60.04 -0.021599
60.05 -0.020974
60.06 -0.021026
60.07 -0.027707
60.08 -0.028058
60.09 -0.021105
60.1 -0.021237
60.11 -0.021707
60.12 -0.024818
60.13 -0.021681
60.14 -0.01256
60.15 -0.012711
60.16 -0.0094844
60.17 -0.0070034
60.18 -0.0070615
60.19 -0.0036398
60.2 -0.0045903
60.21 -0.00026299
60.22 0.0025054
60.23 0.0048522
60.24 0.013617
60.25 0.0082826
60.26 0.0022497
60.27 0.0019004
60.28 -0.0032016
60.29 0.00047896
60.3 0.0028389
60.31 0.0046076
60.32 0.0098701
60.33 0.0076787
60.34 0.0093628
60.35 0.0049964
60.36 0.0019144
60.37 0.011607
60.38 0.017769
60.39 0.024775
60.4 0.023203
60.41 0.01537
60.42 0.0073206
60.43 -0.0016966
60.44 -0.0046967
60.45 -0.0086218
60.46 -0.0026013
60.47 0.002577
60.48 0.0015813
60.49 0.0011987
60.5 -0.0064441
60.51 -0.0098908
60.52 -0.014726
60.53 -0.017026
60.54 -0.011745
60.55 -0.0087688
60.56 -0.0081628
60.57 -0.013537
60.58 -0.015403
60.59 -0.014544
60.6 -0.015901
60.61 -0.015949
60.62 -0.017658
60.63 -0.015235
60.64 -0.011785
60.65 -0.01457
60.66 -0.018782
60.67 -0.019022
60.68 -0.019097
60.69 -0.020289
60.7 -0.022304
60.71 -0.016306
60.72 0.0015694
60.73 0.0073249
60.74 0.0042421
60.75 0.007096
60.76 0.012685
60.77 0.016218
60.78 0.015942
60.79 0.014407
60.8 0.0090023
60.81 0.0077506
60.82 0.007654
60.83 0.0089302
60.84 0.013146
60.85 0.0079017
60.86 0.0021641
60.87 0.0023425
60.88 0.0051528
60.89 0.0063794
60.9 0.0079035
60.91 0.0069333
60.92 0.0049564
60.93 0.0059047
60.94 0.0071783
60.95 0.0074912
60.96 0.0059434
60.97 0.0067386
60.98 0.0065006
60.99 0.0030595
61 0.0043142
61.01 0.010918
61.02 0.0089455
61.03 0.0047611
61.04 0.0072413
61.05 0.0073464
61.06 0.01006
61.07 0.01433
61.08 0.0093531
61.09 0.0068718
61.1 0.010205
61.11 0.012383
61.12 0.013834
61.13 0.015282
61.14 0.016625
61.15 0.017806
61.16 0.017573
61.17 0.014533
61.18 0.017205
61.19 0.021237
61.2 0.017652
61.21 0.01336
61.22 0.0089808
61.23 0.007007
61.24 0.0073658
61.25 0.0042507
61.26 0.0026545
61.27 0.00070534
61.28 0.00029082
61.29 0.00014941
61.3 -0.0040231
61.31 -0.0028045
61.32 0.00071579
61.33 -0.0027766
61.34 -0.0051427
61.35 -0.0059742
61.36 -0.0052061
61.37 -0.0017596
61.38 -0.003187
61.39 -0.0042081
61.4 -0.0050156
61.41 -0.0036181
61.42 -0.0021732
61.43 -0.0053742
61.44 -0.0039903
61.45 -0.0012324
61.46 -0.0039729
61.47 -0.0061094
61.48 -0.0067431
61.49 -0.0082838
61.5 -0.0067649
61.51 -0.0051479
61.52 -0.0046222
61.53 -0.0035035
61.54 -0.0030443
61.55 -0.002816
61.56 -0.0031354
61.57 -0.0028175
61.58 -0.0010476
61.59 0.001401
61.6 0.00087931
61.61 -0.0013635
61.62 0.0016914
61.63 0.0031604
61.64 0.0017373
61.65 0.004393
61.66 0.0070412
61.67 0.0076859
61.68 0.0068051
61.69 0.0061438
61.7 0.005569
61.71 0.0060884
61.72 0.0058946
61.73 0.0055259
61.74 0.0085378
61.75 0.007055
61.76 0.0047243
61.77 0.0053887
61.78 0.0053102
61.79 0.0062954
61.8 0.0053519
61.81 0.0035451
61.82 0.0037929
61.83 0.0028392
61.84 0.0013643
61.85 -0.00036177
61.86 -0.00051992
61.87 0.00089429
61.88 0.00030454
61.89 0.00059106
61.9 0.0010523
61.91 0.0020028
61.92 0.0025643
61.93 0.0014672
61.94 0.0016215
61.95 0.0028716
61.96 0.0037835
61.97 0.0022439
61.98 0.00098635
61.99 0.0016157
62 0.0016888
62.01 0.0012985
62.02 0.0021219
62.03 0.0033115
62.04 0.0029729
62.05 0.0027736
62.06 0.0030752
62.07 0.0029027
62.08 0.0030237
62.09 0.0030105
62.1 0.0026517
62.11 0.0028778
62.12 0.0024846
62.13 0.0020905
62.14 0.0024137
62.15 0.002896
62.16 0.0037601
62.17 0.0035577
62.18 0.0029981
62.19 0.0025032
62.2 0.0031501
62.21 0.003694
62.22 0.0026
62.23 0.0029758
62.24 0.003572
62.25 0.0030328
62.26 0.0026688
62.27 0.0025035
62.28 0.0027305
62.29 0.0030949
62.3 0.002833
62.31 0.0023001
62.32 0.0019569
62.33 0.0020124
62.34 0.001635
62.35 0.00068328
62.36 0.00054753
62.37 0.000779
62.38 0.00034858
62.39 -0.00022385
62.4 -0.00066302
62.41 -0.00084691
62.42 -0.00089494
62.43 -0.0010519
62.44 -0.0011899
62.45 -0.0015369
62.46 -0.0014604
62.47 -0.0014946
62.48 -0.0021226
62.49 -0.0019447
62.5 -0.0013097
62.51 -0.0017669
62.52 -0.0022967
62.53 -0.0023183
62.54 -0.0022689
62.55 -0.0016186
62.56 -0.0012002
62.57 -0.0014427
62.58 -0.0015015
62.59 -0.0014091
62.6 -0.0012778
62.61 -0.00089457
62.62 -0.00075856
62.63 -0.00078265
62.64 -0.00060656
62.65 -0.00057138
62.66 -0.00067288
62.67 -0.00041612
62.68 -0.00020654
62.69 -0.00047565
62.7 -0.00064446
62.71 -0.00066596
62.72 -0.00069115
62.73 -0.00043969
62.74 -0.00025391
62.75 -0.00054231
62.76 -0.00076077
62.77 -0.00071922
62.78 -0.0008214
62.79 -0.00091337
62.8 -0.0009119
62.81 -0.0010853
62.82 -0.0011313
62.83 -0.0010612
62.84 -0.0010921
62.85 -0.0010827
62.86 -0.0010662
62.87 -0.0010065
62.88 -0.00094768
62.89 -0.0010008
62.9 -0.00095419
62.91 -0.00075549
62.92 -0.00070639
62.93 -0.00070102
62.94 -0.00065244
62.95 -0.0005747
62.96 -0.00045146
62.97 -0.00042895
62.98 -0.00042712
62.99 -0.00038188
63 -0.00033511
63.01 -0.00022656
63.02 -0.00013784
63.03 -0.00016867
63.04 -0.00019892
63.05 -0.00018701
63.06 -0.00011323
63.07 -5.4151e-005
63.08 -8.4224e-005
63.09 -9.3545e-005
63.1 -7.9219e-005
63.11 -6.6645e-005
63.12 -8.5677e-005
63.13 -0.00010436
63.14 -9.4569e-005
63.15 -9.2662e-005
63.16 -7.2305e-005
63.17 -6.838e-005
63.18 -6.4987e-005
63.19 -6.2415e-005
63.2 -6.7634e-005
63.21 -5.1038e-005
63.22 -5.0764e-005
63.23 -4.273e-005
63.24 -3.2866e-005
63.25 -2.7002e-005
63.26 -1.0552e-005
63.27 -9.6128e-006
63.28 -1.8719e-006
63.29 8.6065e-006
63.3 1.1598e-005
63.31 2.7113e-005
63.32 3.2765e-005
63.33 3.0555e-005
63.34 3.6344e-005
63.35 3.8226e-005
63.36 4.2692e-005
63.37 4.3256e-005
63.38 4.0329e-005
63.39 4.2474e-005
63.4 4.3271e-005
63.41 4.4849e-005
63.42 4.2748e-005
63.43 3.9989e-005
63.44 4.0595e-005
63.45 4.0205e-005
63.46 4.0733e-005
63.47 4.1016e-005
63.48 4.1315e-005
63.49 4.2147e-005
63.5 4.2862e-005
63.51 4.4294e-005
63.52 4.4846e-005
63.53 4.5644e-005
63.54 4.7178e-005
63.55 4.8065e-005
63.56 4.9292e-005
63.57 5.0328e-005
63.58 5.1097e-005
63.59 5.2223e-005
63.6 5.2939e-005
63.61 5.3613e-005
63.62 5.4412e-005
63.63 5.507e-005
63.64 5.5634e-005
63.65 5.6178e-005
63.66 5.672e-005
63.67 5.7174e-005
63.68 5.7568e-005
63.69 5.7934e-005
63.7 5.8304e-005
