0.005 -0.00020225
0.01 -0.00020117
0.015 -0.00019996
0.02 -0.00019889
0.025 -0.0001979
0.03 -0.00019758
0.035 -0.00019818
0.04 -0.00020007
0.045 -0.00020252
0.05 -0.0002045
0.055 -0.00020392
0.06 -0.00019875
0.065 -0.00018733
0.07 -0.00016943
0.075 -0.00014619
0.08 -0.00012187
0.085 -0.00010173
0.09 -9.0486e-005
0.095 -9.038e-005
0.1 -0.00010149
0.105 -0.00012323
0.11 -0.0001525
0.115 -0.00018453
0.12 -0.00021493
0.125 -0.00024148
0.13 -0.00026682
0.135 -0.00029207
0.14 -0.00031524
0.145 -0.00033343
0.15 -0.00034191
0.155 -0.00033544
0.16 -0.0003094
0.165 -0.00026228
0.17 -0.00019878
0.175 -0.00012749
0.18 -5.8171e-005
0.185 -3.7761e-006
0.19 2.2791e-005
0.195 2.8641e-006
0.2 -8.1077e-005
0.205 -0.00023094
0.21 -0.00041918
0.215 -0.00060245
0.22 -0.00073129
0.225 -0.00076522
0.23 -0.00067932
0.235 -0.00048201
0.24 -0.0002059
0.245 9.5751e-005
0.25 0.00035328
0.255 0.00049832
0.26 0.00047906
0.265 0.00027488
0.27 -7.7224e-005
0.275 -0.00050073
0.28 -0.00090132
0.285 -0.0011901
0.29 -0.0013009
0.295 -0.0011954
0.3 -0.00088414
0.305 -0.00043826
0.31 3.2948e-005
0.315 0.00038804
0.32 0.000507
0.325 0.00035658
0.33 5.1824e-006
0.335 -0.00040703
0.34 -0.00069528
0.345 -0.00067405
0.35 -0.00023868
0.355 0.00060618
0.36 0.0017633
0.365 0.0030402
0.37 0.0041516
0.375 0.0048091
0.38 0.0048226
0.385 0.0041228
0.39 0.0028292
0.395 0.0011844
0.4 -0.00052184
0.405 -0.0020073
0.41 -0.0030857
0.415 -0.0036515
0.42 -0.0036677
0.425 -0.0031876
0.43 -0.0023545
0.435 -0.0013811
0.44 -0.00046403
0.445 0.00025053
0.45 0.00067811
0.455 0.00082172
0.46 0.00076966
0.465 0.00065181
0.47 0.00063494
0.475 0.00085368
0.48 0.0013544
0.485 0.0020927
0.49 0.0029276
0.495 0.0036794
0.5 0.004164
0.505 0.0042233
0.51 0.0037857
0.515 0.0028742
0.52 0.001606
0.525 0.00010265
0.53 -0.0015311
0.535 -0.0032015
0.54 -0.0047738
0.545 -0.006042
0.55 -0.0067879
0.555 -0.0068734
0.56 -0.0062042
0.565 -0.0048028
0.57 -0.0027989
0.575 -0.00040243
0.58 0.0021984
0.585 0.0048029
0.59 0.0071361
0.595 0.0089008
0.6 0.0098499
0.605 0.0098559
0.61 0.0089866
0.615 0.0074943
0.62 0.0058039
0.625 0.0043349
0.63 0.0034034
0.635 0.003184
0.64 0.0036846
0.645 0.0047607
0.65 0.0059983
0.655 0.0068226
0.66 0.0067088
0.665 0.0053386
0.67 0.0026254
0.675 -0.0011974
0.68 -0.0055258
0.685 -0.0096069
0.69 -0.012724
0.695 -0.014375
0.7 -0.014449
0.705 -0.013164
0.71 -0.010992
0.715 -0.008379
0.72 -0.0055551
0.725 -0.0025425
0.73 0.00085838
0.735 0.0048032
0.74 0.0092167
0.745 0.013786
0.75 0.017794
0.755 0.020303
0.76 0.020098
0.765 0.016376
0.77 0.0092293
0.775 -0.00025443
0.78 -0.010262
0.785 -0.018942
0.79 -0.024826
0.795 -0.027163
0.8 -0.025873
0.805 -0.021253
0.81 -0.013941
0.815 -0.0051469
0.82 0.0035111
0.825 0.010144
0.83 0.01313
0.835 0.011546
0.84 0.0055903
0.845 -0.0036303
0.85 -0.014113
0.855 -0.023458
0.86 -0.029329
0.865 -0.029925
0.87 -0.024058
0.875 -0.011642
0.88 0.0058743
0.885 0.025864
0.89 0.045451
0.895 0.061941
0.9 0.07318
0.905 0.077272
0.91 0.073269
0.915 0.060767
0.92 0.040352
0.925 0.014033
0.93 -0.015757
0.935 -0.045716
0.94 -0.071242
0.945 -0.088209
0.95 -0.09303
0.955 -0.083967
0.96 -0.062176
0.965 -0.031517
0.97 0.0030156
0.975 0.036337
0.98 0.063422
0.985 0.079237
0.99 0.080533
0.995 0.067465
1 0.042795
1.005 0.011281
1.01 -0.02193
1.015 -0.051886
1.02 -0.074209
1.025 -0.085888
1.03 -0.0852
1.035 -0.072622
1.04 -0.050924
1.045 -0.024175
1.05 0.0030228
1.055 0.026767
1.06 0.044089
1.065 0.053305
1.07 0.053427
1.075 0.044983
1.08 0.029878
1.085 0.010987
1.09 -0.0084912
1.095 -0.025611
1.1 -0.038054
1.105 -0.04454
1.11 -0.04477
1.115 -0.039238
1.12 -0.029191
1.125 -0.016169
1.13 -0.0018803
1.135 0.011851
1.14 0.023328
1.145 0.0315
1.15 0.036066
1.155 0.03714
1.16 0.034992
1.165 0.0298
1.17 0.021919
1.175 0.01258
1.18 0.0036427
1.185 -0.0030578
1.19 -0.0060723
1.195 -0.0045145
1.2 0.0015052
1.205 0.010807
1.21 0.021253
1.215 0.030351
1.22 0.035632
1.225 0.035284
1.23 0.028961
1.235 0.018008
1.24 0.0047635
1.245 -0.007952
1.25 -0.017738
1.255 -0.023228
1.26 -0.024119
1.265 -0.020988
1.27 -0.015033
1.275 -0.0076706
1.28 -0.00037459
1.285 0.0055037
1.29 0.0090198
1.295 0.0098804
1.3 0.0083321
1.305 0.005076
1.31 0.00093069
1.315 -0.0035189
1.32 -0.0077815
1.325 -0.011536
1.33 -0.014656
1.335 -0.017084
1.34 -0.01882
1.345 -0.019773
1.35 -0.019969
1.355 -0.019425
1.36 -0.018125
1.365 -0.016024
1.37 -0.013138
1.375 -0.0094981
1.38 -0.0052946
1.385 -0.00082706
1.39 0.0033858
1.395 0.0067056
1.4 0.0086963
1.405 0.0092734
1.41 0.0086956
1.415 0.0074578
1.42 0.0061206
1.425 0.005098
1.43 0.0046716
1.435 0.0049507
1.44 0.0058014
1.445 0.0070146
1.45 0.0084567
1.455 0.0099372
1.46 0.011224
1.465 0.012283
1.47 0.013127
1.475 0.013852
1.48 0.014592
1.485 0.01545
1.49 0.016414
1.495 0.017303
1.5 0.017899
1.505 0.018189
1.51 0.018104
1.515 0.01745
1.52 0.015963
1.525 0.013464
1.53 0.0099926
1.535 0.0059147
1.54 0.0018069
1.545 -0.0017731
1.55 -0.0045714
1.555 -0.0067401
1.56 -0.0088138
1.565 -0.011343
1.57 -0.014672
1.575 -0.01885
1.58 -0.023541
1.585 -0.028206
1.59 -0.032092
1.595 -0.03462
1.6 -0.035396
1.605 -0.034088
1.61 -0.030434
1.615 -0.024413
1.62 -0.016446
1.625 -0.0072588
1.63 0.0022806
1.635 0.011233
1.64 0.018731
1.645 0.024151
1.65 0.027239
1.655 0.027772
1.66 0.025618
1.665 0.020453
1.67 0.011761
1.675 -0.00018037
1.68 -0.013661
1.685 -0.025833
1.69 -0.032964
1.695 -0.032397
1.7 -0.02333
1.705 -0.0074761
1.71 0.011585
1.715 0.029845
1.72 0.04356
1.725 0.049754
1.73 0.047086
1.735 0.036686
1.74 0.021415
1.745 0.0049635
1.75 -0.009356
1.755 -0.019081
1.76 -0.022917
1.765 -0.020198
1.77 -0.011633
1.775 0.0010045
1.78 0.015467
1.785 0.029299
1.79 0.040148
1.795 0.046102
1.8 0.046481
1.805 0.04139
1.81 0.031619
1.815 0.018958
1.82 0.0055113
1.825 -0.006744
1.83 -0.016143
1.835 -0.021619
1.84 -0.022911
1.845 -0.020407
1.85 -0.015137
1.855 -0.0084313
1.86 -0.0018943
1.865 0.002779
1.87 0.0042088
1.875 0.0010517
1.88 -0.0072554
1.885 -0.019851
1.89 -0.034594
1.895 -0.048414
1.9 -0.058373
1.905 -0.06242
1.91 -0.05951
1.915 -0.049759
1.92 -0.034637
1.925 -0.016401
1.93 0.0023908
1.935 0.019357
1.94 0.03234
1.945 0.039646
1.95 0.040296
1.955 0.034272
1.96 0.022628
1.965 0.0072524
1.97 -0.0093568
1.975 -0.024459
1.98 -0.03573
1.985 -0.041662
1.99 -0.041853
1.995 -0.036862
2 -0.027938
2.005 -0.016609
2.01 -0.0044265
2.015 0.0073151
2.02 0.017659
2.025 0.026087
2.03 0.03214
2.035 0.035401
2.04 0.035501
2.045 0.032385
2.05 0.025787
2.055 0.015174
2.06 3.0705e-005
2.065 -0.01885
2.07 -0.038837
2.075 -0.056466
2.08 -0.068606
2.085 -0.073064
2.09 -0.068806
2.095 -0.056362
2.1 -0.037018
2.105 -0.01321
2.11 0.011273
2.115 0.032363
2.12 0.045845
2.125 0.048845
2.13 0.041133
2.135 0.025084
2.14 0.0047837
2.145 -0.01518
2.15 -0.030791
2.155 -0.039605
2.16 -0.040638
2.165 -0.034385
2.17 -0.021897
2.175 -0.0049628
2.18 0.01334
2.185 0.029659
2.19 0.041177
2.195 0.046556
2.2 0.045927
2.205 0.040215
2.21 0.030323
2.215 0.017647
2.22 0.0042722
2.225 -0.0072794
2.23 -0.014989
2.235 -0.017888
2.24 -0.01625
2.245 -0.011207
2.25 -0.0045431
2.255 0.0018397
2.26 0.0064948
2.265 0.0087764
2.27 0.008765
2.275 0.0071445
2.28 0.0049455
2.285 0.0032313
2.29 0.0027695
2.295 0.0040269
2.3 0.0071934
2.305 0.011845
2.31 0.016834
2.315 0.020946
2.32 0.023408
2.325 0.024092
2.33 0.023161
2.335 0.020918
2.34 0.017691
2.345 0.013995
2.35 0.01032
2.355 0.0069193
2.36 0.0035894
2.365 -0.00032073
2.37 -0.0053504
2.375 -0.011487
2.38 -0.018301
2.385 -0.024848
2.39 -0.030243
2.395 -0.033831
2.4 -0.03518
2.405 -0.034039
2.41 -0.030546
2.415 -0.025177
2.42 -0.018637
2.425 -0.011488
2.43 -0.0039027
2.435 0.0040514
2.44 0.012419
2.445 0.021509
2.45 0.031305
2.455 0.041454
2.46 0.051066
2.465 0.059224
2.47 0.065025
2.475 0.067757
2.48 0.066909
2.485 0.062378
2.49 0.054498
2.495 0.044048
2.5 0.031245
2.505 0.016312
2.51 6.113e-005
2.515 -0.016551
2.52 -0.032262
2.525 -0.045562
2.53 -0.055007
2.535 -0.059661
2.54 -0.05932
2.545 -0.05449
2.55 -0.046668
2.555 -0.037807
2.56 -0.029848
2.565 -0.024425
2.57 -0.022405
2.575 -0.023861
2.58 -0.028311
2.585 -0.034789
2.59 -0.041833
2.595 -0.047917
2.6 -0.051749
2.605 -0.052481
2.61 -0.050168
2.615 -0.045463
2.62 -0.039297
2.625 -0.032777
2.63 -0.026931
2.635 -0.022377
2.64 -0.019397
2.645 -0.017685
2.65 -0.01635
2.655 -0.014082
2.66 -0.0097724
2.665 -0.0030994
2.67 0.0056382
2.675 0.015782
2.68 0.026407
2.685 0.036378
2.69 0.044711
2.695 0.050601
2.7 0.053435
2.705 0.052819
2.71 0.048748
2.715 0.041142
2.72 0.030385
2.725 0.017996
2.73 0.0059515
2.735 -0.0035029
2.74 -0.0079654
2.745 -0.0048854
2.75 0.0074094
2.755 0.028527
2.76 0.056089
2.765 0.086681
2.77 0.11647
2.775 0.14191
2.78 0.15996
2.785 0.16857
2.79 0.16582
2.795 0.15121
2.8 0.12589
2.805 0.092788
2.81 0.055945
2.815 0.018847
2.82 -0.016307
2.825 -0.047759
2.83 -0.074082
2.835 -0.094278
2.84 -0.10749
2.845 -0.11327
2.85 -0.11209
2.855 -0.10552
2.86 -0.09629
2.865 -0.087854
2.87 -0.084108
2.875 -0.088189
2.88 -0.10183
2.885 -0.12495
2.89 -0.15575
2.895 -0.1909
2.9 -0.22555
2.905 -0.25472
2.91 -0.27445
2.915 -0.2827
2.92 -0.27973
2.925 -0.26526
2.93 -0.23912
2.935 -0.20448
2.94 -0.16591
2.945 -0.12805
2.95 -0.095206
2.955 -0.070481
2.96 -0.055353
2.965 -0.049824
2.97 -0.052479
2.975 -0.060505
2.98 -0.07061
2.985 -0.079578
2.99 -0.085129
2.995 -0.08594
3 -0.081885
3.005 -0.074182
3.01 -0.065203
3.015 -0.057812
3.02 -0.054891
3.025 -0.058488
3.03 -0.07032
3.035 -0.091367
3.04 -0.1201
3.045 -0.15308
3.05 -0.18721
3.055 -0.22011
3.06 -0.24964
3.065 -0.27329
3.07 -0.2886
3.075 -0.29319
3.08 -0.2846
3.085 -0.25864
3.09 -0.21092
3.095 -0.14046
3.1 -0.051485
3.105 0.0482
3.11 0.15011
3.115 0.24603
3.12 0.3288
3.125 0.39382
3.13 0.43889
3.135 0.46434
3.14 0.47047
3.145 0.45861
3.15 0.43169
3.155 0.39439
3.16 0.35199
3.165 0.30969
3.17 0.27157
3.175 0.23965
3.18 0.21506
3.185 0.19798
3.19 0.18808
3.195 0.18416
3.2 0.18416
3.205 0.18555
3.21 0.18632
3.215 0.18534
3.22 0.1824
3.225 0.17797
3.23 0.17292
3.235 0.16831
3.24 0.16522
3.245 0.16448
3.25 0.16736
3.255 0.17489
3.26 0.1867
3.265 0.20142
3.27 0.21696
3.275 0.23074
3.28 0.23937
3.285 0.23869
3.29 0.22575
3.295 0.20074
3.3 0.16175
3.305 0.10922
3.31 0.048617
3.315 -0.012445
3.32 -0.066308
3.325 -0.10823
3.33 -0.13694
3.335 -0.15378
3.34 -0.16066
3.345 -0.16005
3.35 -0.15481
3.355 -0.14782
3.36 -0.14128
3.365 -0.13671
3.37 -0.13464
3.375 -0.13476
3.38 -0.13577
3.385 -0.1357
3.39 -0.13027
3.395 -0.11578
3.4 -0.089494
3.405 -0.049041
3.41 0.0030362
3.415 0.062452
3.42 0.12279
3.425 0.17765
3.43 0.22268
3.435 0.25336
3.44 0.2651
3.445 0.25547
3.45 0.22663
3.455 0.18203
3.46 0.12558
3.465 0.063242
3.47 0.00036585
3.475 -0.058038
3.48 -0.10662
3.485 -0.13906
3.49 -0.15022
3.495 -0.13837
3.5 -0.10701
3.505 -0.064444
3.51 -0.019706
3.515 0.020587
3.52 0.053302
3.525 0.078224
3.53 0.096242
3.535 0.10795
3.54 0.1105
3.545 0.098564
3.55 0.0693
3.555 0.026082
3.56 -0.021492
3.565 -0.063128
3.57 -0.092433
3.575 -0.10764
3.58 -0.10949
3.585 -0.10008
3.59 -0.082778
3.595 -0.059649
3.6 -0.032325
3.605 -0.0046513
3.61 0.018694
3.615 0.033846
3.62 0.039676
3.625 0.037361
3.63 0.026756
3.635 0.0074412
3.64 -0.018387
3.645 -0.050094
3.65 -0.08686
3.655 -0.12627
3.66 -0.16517
3.665 -0.20008
3.67 -0.22847
3.675 -0.2487
3.68 -0.2587
3.685 -0.25555
3.69 -0.2373
3.695 -0.20344
3.7 -0.15667
3.705 -0.10085
3.71 -0.039918
3.715 0.021642
3.72 0.078506
3.725 0.12637
3.73 0.16246
3.735 0.18503
3.74 0.18905
3.745 0.16967
3.75 0.12771
3.755 0.068662
3.76 0.0023224
3.765 -0.061133
3.77 -0.11291
3.775 -0.14783
3.78 -0.16406
3.785 -0.16229
3.79 -0.14277
3.795 -0.10808
3.8 -0.062486
3.805 -0.0096541
3.81 0.046647
3.815 0.10269
3.82 0.15647
3.825 0.2056
3.83 0.2471
3.835 0.27783
3.84 0.29452
3.845 0.29381
3.85 0.2743
3.855 0.23387
3.86 0.17655
3.865 0.1076
3.87 0.031653
3.875 -0.045913
3.88 -0.11989
3.885 -0.18409
3.89 -0.23518
3.895 -0.27189
3.9 -0.29349
3.905 -0.30005
3.91 -0.29097
3.915 -0.26575
3.92 -0.22559
3.925 -0.17362
3.93 -0.1149
3.935 -0.054281
3.94 0.0020326
3.945 0.048226
3.95 0.080979
3.955 0.099589
3.96 0.1047
3.965 0.097646
3.97 0.080512
3.975 0.054835
3.98 0.021711
3.985 -0.016575
3.99 -0.057765
3.995 -0.099703
4 -0.13978
4.005 -0.17542
4.01 -0.20425
4.015 -0.22447
4.02 -0.23484
4.025 -0.23439
4.03 -0.22259
4.035 -0.2011
4.04 -0.17185
4.045 -0.13757
4.05 -0.10233
4.055 -0.070004
4.06 -0.043899
4.065 -0.026154
4.07 -0.017984
4.075 -0.019755
4.08 -0.03086
4.085 -0.048913
4.09 -0.070044
4.095 -0.089295
4.1 -0.10191
4.105 -0.10367
4.11 -0.09154
4.115 -0.064576
4.12 -0.023689
4.125 0.029044
4.13 0.090119
4.135 0.15475
4.14 0.21849
4.145 0.27745
4.15 0.32748
4.155 0.36539
4.16 0.38789
4.165 0.39115
4.17 0.37137
4.175 0.32767
4.18 0.26235
4.185 0.18377
4.19 0.099236
4.195 0.012583
4.2 -0.072185
4.205 -0.15187
4.21 -0.22398
4.215 -0.28569
4.22 -0.33369
4.225 -0.3655
4.23 -0.37923
4.235 -0.37461
4.24 -0.35296
4.245 -0.31713
4.25 -0.26852
4.255 -0.21091
4.26 -0.15164
4.265 -0.098355
4.27 -0.056969
4.275 -0.030335
4.28 -0.018953
4.285 -0.021019
4.29 -0.032512
4.295 -0.04807
4.3 -0.062279
4.305 -0.07058
4.31 -0.06966
4.315 -0.059176
4.32 -0.040871
4.325 -0.017902
4.33 0.0054522
4.335 0.025185
4.34 0.037987
4.345 0.040266
4.35 0.029676
4.355 0.0075696
4.36 -0.022487
4.365 -0.055936
4.37 -0.088392
4.375 -0.11636
4.38 -0.1379
4.385 -0.15255
4.39 -0.16027
4.395 -0.16179
4.4 -0.15839
4.405 -0.15178
4.41 -0.14357
4.415 -0.13464
4.42 -0.1247
4.425 -0.11234
4.43 -0.095463
4.435 -0.071242
4.44 -0.038105
4.445 0.0029971
4.45 0.049904
4.455 0.098989
4.46 0.14607
4.465 0.18793
4.47 0.22226
4.475 0.24767
4.48 0.2637
4.485 0.26989
4.49 0.26591
4.495 0.25237
4.5 0.23071
4.505 0.20312
4.51 0.17215
4.515 0.1412
4.52 0.11402
4.525 0.094609
4.53 0.086777
4.535 0.093132
4.54 0.11268
4.545 0.14391
4.55 0.18544
4.555 0.23394
4.56 0.28461
4.565 0.33232
4.57 0.37205
4.575 0.40025
4.58 0.41375
4.585 0.41009
4.59 0.3888
4.595 0.35227
4.6 0.30541
4.605 0.25548
4.61 0.21052
4.615 0.18004
4.62 0.17237
4.625 0.19095
4.63 0.23264
4.635 0.28904
4.64 0.34902
4.645 0.40206
4.65 0.44064
4.655 0.46177
4.66 0.45953
4.665 0.42636
4.67 0.36187
4.675 0.27396
4.68 0.17236
4.685 0.063382
4.69 -0.049475
4.695 -0.16008
4.7 -0.26121
4.705 -0.34663
4.71 -0.40789
4.715 -0.43818
4.72 -0.43537
4.725 -0.40262
4.73 -0.34227
4.735 -0.25958
4.74 -0.16576
4.745 -0.074898
4.75 0.0018204
4.755 0.058795
4.76 0.095488
4.765 0.11208
4.77 0.10801
4.775 0.079108
4.78 0.026639
4.785 -0.038993
4.79 -0.10474
4.795 -0.15675
4.8 -0.18446
4.805 -0.18407
4.81 -0.15845
4.815 -0.11415
4.82 -0.060258
4.825 -0.0072122
4.83 0.035997
4.835 0.05951
4.84 0.054941
4.845 0.020783
4.85 -0.036719
4.855 -0.10584
4.86 -0.17342
4.865 -0.22836
4.87 -0.26366
4.875 -0.27578
4.88 -0.26299
4.885 -0.22774
4.89 -0.17352
4.895 -0.10523
4.9 -0.030849
4.905 0.041265
4.91 0.10331
4.915 0.14917
4.92 0.17504
4.925 0.17997
4.93 0.1646
4.935 0.13154
4.94 0.08459
4.945 0.028627
4.95 -0.029899
4.955 -0.084777
4.96 -0.13073
4.965 -0.16399
4.97 -0.18285
4.975 -0.18697
4.98 -0.17696
4.985 -0.15476
4.99 -0.12339
4.995 -0.086743
5 -0.048587
5.005 -0.012416
5.01 0.018804
5.015 0.042867
5.02 0.058808
5.025 0.06675
5.03 0.067673
5.035 0.061911
5.04 0.049855
5.045 0.03269
5.05 0.011539
5.055 -0.012024
5.06 -0.035939
5.065 -0.05827
5.07 -0.077533
5.075 -0.092591
5.08 -0.10236
5.085 -0.10616
5.09 -0.10322
5.095 -0.092832
5.1 -0.074896
5.105 -0.050328
5.11 -0.021324
5.115 0.0087956
5.12 0.036534
5.125 0.058822
5.13 0.073793
5.135 0.080583
5.14 0.079455
5.145 0.070373
5.15 0.053315
5.155 0.029883
5.16 0.0033716
5.165 -0.023612
5.17 -0.049181
5.175 -0.070797
5.18 -0.086235
5.185 -0.093487
5.19 -0.091953
5.195 -0.081442
5.2 -0.063193
5.205 -0.039838
5.21 -0.014452
5.215 0.0096654
5.22 0.029816
5.225 0.044532
5.23 0.05361
5.235 0.057302
5.24 0.05604
5.245 0.049909
5.25 0.038791
5.255 0.022649
5.26 0.0025727
5.265 -0.019551
5.27 -0.041503
5.275 -0.060979
5.28 -0.076102
5.285 -0.085759
5.29 -0.089573
5.295 -0.087816
5.3 -0.081188
5.305 -0.070537
5.31 -0.056837
5.315 -0.041367
5.32 -0.025324
5.325 -0.0093629
5.33 0.0061831
5.335 0.021105
5.34 0.03546
5.345 0.049277
5.35 0.062088
5.355 0.073153
5.36 0.081803
5.365 0.087205
5.37 0.088637
5.375 0.085354
5.38 0.076637
5.385 0.062365
5.39 0.043645
5.395 0.021925
5.4 -0.0011689
5.405 -0.023649
5.41 -0.043717
5.415 -0.059925
5.42 -0.071341
5.425 -0.077651
5.43 -0.079059
5.435 -0.076094
5.44 -0.069456
5.445 -0.059911
5.45 -0.048111
5.455 -0.03479
5.46 -0.020761
5.465 -0.0070161
5.47 0.0053237
5.475 0.015399
5.48 0.022783
5.485 0.027323
5.49 0.029386
5.495 0.029727
5.5 0.029124
5.505 0.027922
5.51 0.025984
5.515 0.022562
5.52 0.016803
5.525 0.0084429
5.53 -0.0018841
5.535 -0.012799
5.54 -0.022912
5.545 -0.031297
5.55 -0.037723
5.555 -0.042402
5.56 -0.04558
5.565 -0.047437
5.57 -0.047986
5.575 -0.047246
5.58 -0.045406
5.585 -0.042882
5.59 -0.040348
5.595 -0.038639
5.6 -0.038538
5.605 -0.040487
5.61 -0.044455
5.615 -0.049955
5.62 -0.056002
5.625 -0.061368
5.63 -0.064883
5.635 -0.065661
5.64 -0.063304
5.645 -0.057975
5.65 -0.050119
5.655 -0.040418
5.66 -0.02981
5.665 -0.01943
5.67 -0.010343
5.675 -0.0033528
5.68 0.0010643
5.685 0.0027428
5.69 0.0018622
5.695 -0.0011799
5.7 -0.0058525
5.705 -0.01151
5.71 -0.017464
5.715 -0.022981
5.72 -0.027477
5.725 -0.030556
5.73 -0.031961
5.735 -0.031736
5.74 -0.030247
5.745 -0.027974
5.75 -0.025321
5.755 -0.022645
5.76 -0.020185
5.765 -0.01832
5.77 -0.017497
5.775 -0.018064
5.78 -0.020117
5.785 -0.023381
5.79 -0.027472
5.795 -0.031758
5.8 -0.035595
5.805 -0.038489
5.81 -0.040134
5.815 -0.040331
5.82 -0.039134
5.825 -0.036941
5.83 -0.034301
5.835 -0.03188
5.84 -0.030285
5.845 -0.030097
5.85 -0.031639
5.855 -0.034804
5.86 -0.039392
5.865 -0.045017
5.87 -0.050767
5.875 -0.055658
5.88 -0.058577
5.885 -0.058686
5.89 -0.055463
5.895 -0.048674
5.9 -0.038035
5.905 -0.023648
5.91 -0.006008
5.915 0.014102
5.92 0.035759
5.925 0.057583
5.93 0.078117
5.935 0.096249
5.94 0.11118
5.945 0.12216
5.95 0.12866
5.955 0.12978
5.96 0.1247
5.965 0.11335
5.97 0.096566
5.975 0.076085
5.98 0.054422
5.985 0.03431
5.99 0.018152
5.995 0.0075867
6 0.0035443
6.005 0.0062909
6.01 0.015341
6.015 0.029355
6.02 0.046388
6.025 0.064609
6.03 0.08232
6.035 0.097923
6.04 0.11024
6.045 0.11869
6.05 0.12316
6.055 0.12382
6.06 0.12074
6.065 0.11422
6.07 0.10522
6.075 0.095217
6.08 0.085846
6.085 0.078512
6.09 0.074078
6.095 0.072753
6.1 0.074021
6.105 0.076882
6.11 0.080034
6.115 0.082225
6.12 0.082331
6.125 0.07932
6.13 0.072513
6.135 0.061839
6.14 0.047946
6.145 0.032219
6.15 0.015739
6.155 -0.00073027
6.16 -0.016725
6.165 -0.031908
6.17 -0.045852
6.175 -0.058129
6.18 -0.068322
6.185 -0.076007
6.19 -0.080896
6.195 -0.083138
6.2 -0.083315
6.205 -0.082277
6.21 -0.08085
6.215 -0.079683
6.22 -0.079064
6.225 -0.079014
6.23 -0.079473
6.235 -0.080276
6.24 -0.081198
6.245 -0.081959
6.25 -0.082331
6.255 -0.082129
6.26 -0.081104
6.265 -0.078989
6.27 -0.075634
6.275 -0.07125
6.28 -0.066424
6.285 -0.061997
6.29 -0.058923
6.295 -0.058056
6.3 -0.059688
6.305 -0.063614
6.31 -0.06914
6.315 -0.075259
6.32 -0.081002
6.325 -0.085575
6.33 -0.088463
6.335 -0.08946
6.34 -0.088506
6.345 -0.085603
6.35 -0.080867
6.355 -0.074434
6.36 -0.066488
6.365 -0.057408
6.37 -0.047747
6.375 -0.03813
6.38 -0.029105
6.385 -0.020849
6.39 -0.013427
6.395 -0.0068216
6.4 -0.00083623
6.405 0.0046609
6.41 0.0097252
6.415 0.014381
6.42 0.018617
6.425 0.022553
6.43 0.026356
6.435 0.030385
6.44 0.035013
6.445 0.040471
6.45 0.046716
6.455 0.053278
6.46 0.059425
6.465 0.064365
6.47 0.067373
6.475 0.067917
6.48 0.065676
6.485 0.060411
6.49 0.052258
6.495 0.041931
6.5 0.030226
6.505 0.017975
6.51 0.0060654
6.515 -0.0047096
6.52 -0.013889
6.525 -0.021148
6.53 -0.026091
6.535 -0.028412
6.54 -0.027801
6.545 -0.024204
6.55 -0.017897
6.555 -0.0094562
6.56 0.00023192
6.565 0.010405
6.57 0.020417
6.575 0.029795
6.58 0.038347
6.585 0.046017
6.59 0.052596
6.595 0.057753
6.6 0.061217
6.605 0.062843
6.61 0.062457
6.615 0.060047
6.62 0.055854
6.625 0.050408
6.63 0.044275
6.635 0.037985
6.64 0.032177
6.645 0.027408
6.65 0.024173
6.655 0.022634
6.66 0.022714
6.665 0.024022
6.67 0.025902
6.675 0.027484
6.68 0.027895
6.685 0.026458
6.69 0.022995
6.695 0.017392
6.7 0.0098128
6.705 0.00091241
6.71 -0.0084
6.715 -0.017038
6.72 -0.024066
6.725 -0.028808
6.73 -0.0311
6.735 -0.031271
6.74 -0.029951
6.745 -0.027862
6.75 -0.025597
6.755 -0.023491
6.76 -0.021562
6.765 -0.019671
6.77 -0.01766
6.775 -0.015273
6.78 -0.012304
6.785 -0.0087059
6.79 -0.0044901
6.795 0.00027171
6.8 0.0053339
6.805 0.010415
6.81 0.015088
6.815 0.018957
6.82 0.021763
6.825 0.023399
6.83 0.023819
6.835 0.023089
6.84 0.021558
6.845 0.019573
6.85 0.017545
6.855 0.016009
6.86 0.015403
6.865 0.016014
6.87 0.01785
6.875 0.020618
6.88 0.023755
6.885 0.026472
6.89 0.02798
6.895 0.027504
6.9 0.024546
6.905 0.018857
6.91 0.010535
6.915 0.00015844
6.92 -0.011417
6.925 -0.023038
6.93 -0.03357
6.935 -0.042186
6.94 -0.048543
6.945 -0.05275
6.95 -0.055069
6.955 -0.055972
6.96 -0.055994
6.965 -0.05552
6.97 -0.05468
6.975 -0.053427
6.98 -0.051636
6.985 -0.049115
6.99 -0.045761
6.995 -0.041672
7 -0.036815
7.005 -0.030978
7.01 -0.024191
7.015 -0.016714
7.02 -0.0090113
7.025 -0.0017531
7.03 0.0044751
7.035 0.0093738
7.04 0.013033
7.045 0.015666
7.05 0.017363
7.055 0.018087
7.06 0.01771
7.065 0.01613
7.07 0.013395
7.075 0.009806
7.08 0.0058714
7.085 0.002257
7.09 -0.00037497
7.095 -0.0016022
7.1 -0.001174
7.105 0.0010492
7.11 0.0049073
7.115 0.010094
7.12 0.015986
7.125 0.021753
7.13 0.026728
7.135 0.030388
7.14 0.032436
7.145 0.032648
7.15 0.030933
7.155 0.027332
7.16 0.021898
7.165 0.014834
7.17 0.0065672
7.175 -0.0024623
7.18 -0.011557
7.185 -0.019653
7.19 -0.025702
7.195 -0.028964
7.2 -0.029144
7.205 -0.026518
7.21 -0.021771
7.215 -0.015897
7.22 -0.010028
7.225 -0.0052491
7.23 -0.0024403
7.235 -0.0021209
7.24 -0.0043061
7.245 -0.0085995
7.25 -0.014441
7.255 -0.021064
7.26 -0.027548
7.265 -0.033099
7.27 -0.037163
7.275 -0.039473
7.28 -0.039892
7.285 -0.038447
7.29 -0.035248
7.295 -0.030601
7.3 -0.024949
7.305 -0.018648
7.31 -0.012098
7.315 -0.00564
7.32 0.00053181
7.325 0.0062716
7.33 0.011508
7.335 0.016243
7.34 0.020412
7.345 0.023949
7.35 0.026815
7.355 0.028984
7.36 0.030497
7.365 0.031405
7.37 0.031748
7.375 0.03168
7.38 0.03139
7.385 0.031072
7.39 0.030875
7.395 0.030884
7.4 0.031089
7.405 0.031442
7.41 0.031723
7.415 0.031574
7.42 0.030723
7.425 0.028924
7.43 0.026169
7.435 0.022484
7.44 0.01795
7.445 0.012738
7.45 0.0071631
7.455 0.0017692
7.46 -0.0028977
7.465 -0.0064458
7.47 -0.0087363
7.475 -0.0098806
7.48 -0.010165
7.485 -0.009872
7.49 -0.0093441
7.495 -0.0089449
7.5 -0.0089628
7.505 -0.0096996
7.51 -0.01145
7.515 -0.014415
7.52 -0.018808
7.525 -0.024632
7.53 -0.03152
7.535 -0.038781
7.54 -0.04546
7.545 -0.050654
7.55 -0.053749
7.555 -0.054664
7.56 -0.053665
7.565 -0.051186
7.57 -0.047579
7.575 -0.043178
7.58 -0.038298
7.585 -0.033106
7.59 -0.027721
7.595 -0.022423
7.6 -0.017565
7.605 -0.013581
7.61 -0.010839
7.615 -0.009625
7.62 -0.0101
7.625 -0.01225
7.63 -0.015865
7.635 -0.020685
7.64 -0.026345
7.645 -0.032247
7.65 -0.037765
7.655 -0.042197
7.66 -0.044899
7.665 -0.045661
7.67 -0.044659
7.675 -0.042253
7.68 -0.038741
7.685 -0.034392
7.69 -0.029413
7.695 -0.024165
7.7 -0.019121
7.705 -0.014625
7.71 -0.010897
7.715 -0.0080034
7.72 -0.0058958
7.725 -0.0044288
7.73 -0.0033801
7.735 -0.0023851
7.74 -0.00097196
7.745 0.0013658
7.75 0.0049786
7.755 0.0098205
7.76 0.015619
7.765 0.022129
7.77 0.029098
7.775 0.036266
7.78 0.043289
7.785 0.050056
7.79 0.056529
7.795 0.062519
7.8 0.067736
7.805 0.071816
7.81 0.074658
7.815 0.076304
7.82 0.076911
7.825 0.076717
7.83 0.076059
7.835 0.075259
7.84 0.074496
7.845 0.073908
7.85 0.073565
7.855 0.073387
7.86 0.073296
7.865 0.073145
7.87 0.072913
7.875 0.072518
7.88 0.071741
7.885 0.070404
7.89 0.068358
7.895 0.065558
7.9 0.061964
7.905 0.057485
7.91 0.05224
7.915 0.046571
7.92 0.040927
7.925 0.035804
7.93 0.031553
7.935 0.028405
7.94 0.026425
7.945 0.025484
7.95 0.02534
7.955 0.025639
7.96 0.0261
7.965 0.026555
7.97 0.026905
7.975 0.027054
7.98 0.026924
7.985 0.026516
7.99 0.025868
7.995 0.025025
8 0.024153
8.005 0.023325
8.01 0.022487
8.015 0.021467
8.02 0.02013
8.025 0.018481
8.03 0.016609
8.035 0.01466
8.04 0.012917
8.045 0.011686
8.05 0.011388
8.055 0.012207
8.06 0.014184
8.065 0.017099
8.07 0.020607
8.075 0.02437
8.08 0.027936
8.085 0.03085
8.09 0.032669
8.095 0.032906
8.1 0.031305
8.105 0.027714
8.11 0.021614
8.115 0.012949
8.12 0.0023643
8.125 -0.0093475
8.13 -0.021311
8.135 -0.032566
8.14 -0.042174
8.145 -0.049587
8.15 -0.054673
8.155 -0.057685
8.16 -0.059046
8.165 -0.059135
8.17 -0.058329
8.175 -0.057102
8.18 -0.056117
8.185 -0.055769
8.19 -0.05611
8.195 -0.057001
8.2 -0.058205
8.205 -0.059577
8.21 -0.06108
8.215 -0.062681
8.22 -0.064274
8.225 -0.065654
8.23 -0.066441
8.235 -0.066205
8.24 -0.064487
8.245 -0.06101
8.25 -0.056028
8.255 -0.050098
8.26 -0.043773
8.265 -0.037689
8.27 -0.032493
8.275 -0.028715
8.28 -0.02662
8.285 -0.02623
8.29 -0.027457
8.295 -0.030048
8.3 -0.033567
8.305 -0.037383
8.31 -0.040758
8.315 -0.043007
8.32 -0.043713
8.325 -0.042784
8.33 -0.040388
8.335 -0.036865
8.34 -0.032657
8.345 -0.028407
8.35 -0.024881
8.355 -0.022752
8.36 -0.022503
8.365 -0.024252
8.37 -0.027911
8.375 -0.033128
8.38 -0.039267
8.385 -0.045494
8.39 -0.050901
8.395 -0.05454
8.4 -0.055796
8.405 -0.054489
8.41 -0.05092
8.415 -0.045695
8.42 -0.039627
8.425 -0.033577
8.43 -0.028282
8.435 -0.024363
8.44 -0.022309
8.445 -0.022382
8.45 -0.024478
8.455 -0.028266
8.46 -0.033225
8.465 -0.038569
8.47 -0.043449
8.475 -0.047086
8.48 -0.048915
8.485 -0.048621
8.49 -0.046255
8.495 -0.042139
8.5 -0.036747
8.505 -0.030622
8.51 -0.024281
8.515 -0.018154
8.52 -0.012711
8.525 -0.0082369
8.53 -0.0047247
8.535 -0.0018841
8.54 0.00069874
8.545 0.0034606
8.55 0.0068979
8.555 0.011226
8.56 0.016418
8.565 0.022363
8.57 0.028908
8.575 0.035864
8.58 0.042963
8.585 0.04993
8.59 0.056415
8.595 0.062113
8.6 0.066766
8.605 0.070043
8.61 0.071485
8.615 0.070848
8.62 0.068119
8.625 0.063455
8.63 0.057322
8.635 0.050545
8.64 0.04408
8.645 0.038819
8.65 0.035341
8.655 0.033792
8.66 0.034002
8.665 0.035492
8.67 0.03756
8.675 0.039506
8.68 0.040546
8.685 0.039937
8.69 0.037147
8.695 0.032077
8.7 0.024773
8.705 0.015511
8.71 0.0050231
8.715 -0.0055902
8.72 -0.01506
8.725 -0.022299
8.73 -0.026462
8.735 -0.027073
8.74 -0.02399
8.745 -0.017593
8.75 -0.0085101
8.755 0.0024552
8.76 0.014226
8.765 0.025776
8.77 0.036213
8.775 0.044857
8.78 0.051354
8.785 0.055687
8.79 0.058095
8.795 0.058881
8.8 0.058429
8.805 0.057379
8.81 0.056433
8.815 0.056105
8.82 0.056606
8.825 0.057989
8.83 0.060114
8.835 0.062653
8.84 0.065179
8.845 0.067164
8.85 0.067861
8.855 0.066458
8.86 0.061916
8.865 0.053458
8.87 0.041075
8.875 0.025313
8.88 0.0071714
8.885 -0.011997
8.89 -0.030661
8.895 -0.047349
8.9 -0.060898
8.905 -0.070545
8.91 -0.076012
8.915 -0.077556
8.92 -0.075829
8.925 -0.071745
8.93 -0.066293
8.935 -0.060433
8.94 -0.054937
8.945 -0.050307
8.95 -0.046798
8.955 -0.044478
8.96 -0.043027
8.965 -0.041897
8.97 -0.040423
8.975 -0.03808
8.98 -0.034691
8.985 -0.030247
8.99 -0.024927
8.995 -0.019071
9 -0.013
9.005 -0.0070735
9.01 -0.0016105
9.015 0.0032435
9.02 0.007552
9.025 0.011548
9.03 0.015465
9.035 0.019312
9.04 0.023103
9.045 0.026909
9.05 0.030736
9.055 0.034411
9.06 0.037574
9.065 0.039738
9.07 0.040485
9.075 0.039448
9.08 0.036504
9.085 0.03173
9.09 0.025383
9.095 0.017984
9.1 0.010182
9.105 0.0027298
9.11 -0.0035922
9.115 -0.0082138
9.12 -0.010875
9.125 -0.01152
9.13 -0.01036
9.135 -0.0077426
9.14 -0.0040439
9.145 0.00046199
9.15 0.00543
9.155 0.010501
9.16 0.01536
9.165 0.019821
9.17 0.023716
9.175 0.026908
9.18 0.029422
9.185 0.031378
9.19 0.032814
9.195 0.03364
9.2 0.033636
9.205 0.032464
9.21 0.029779
9.215 0.025478
9.22 0.019951
9.225 0.013948
9.23 0.0083631
9.235 0.0039972
9.24 0.0013927
9.245 0.00081285
9.25 0.0021714
9.255 0.0051749
9.26 0.0092471
9.265 0.013574
9.27 0.01726
9.275 0.019354
9.28 0.019076
9.285 0.015903
9.29 0.0095682
9.295 0.00031682
9.3 -0.010856
9.305 -0.022379
9.31 -0.032536
9.315 -0.039885
9.32 -0.043556
9.325 -0.04313
9.33 -0.038804
9.335 -0.031211
9.34 -0.021541
9.345 -0.011296
9.35 -0.0018984
9.355 0.0052228
9.36 0.0088071
9.365 0.0076691
9.37 0.0013147
9.375 -0.0095753
9.38 -0.02336
9.385 -0.037695
9.39 -0.050137
9.395 -0.058775
9.4 -0.06248
9.405 -0.061077
9.41 -0.055177
9.415 -0.045623
9.42 -0.033682
9.425 -0.021147
9.43 -0.0098873
9.435 -0.0012867
9.44 0.0038015
9.445 0.0052594
9.45 0.0030469
9.455 -0.0025434
9.46 -0.010393
9.465 -0.018946
9.47 -0.02657
9.475 -0.031736
9.48 -0.033389
9.485 -0.030981
9.49 -0.024579
9.495 -0.014868
9.5 -0.0028261
9.505 0.010127
9.51 0.02243
9.515 0.032731
9.52 0.040117
9.525 0.044285
9.53 0.045536
9.535 0.044679
9.54 0.042492
9.545 0.039531
9.55 0.036256
9.555 0.032914
9.56 0.029511
9.565 0.025828
9.57 0.021665
9.575 0.016614
9.58 0.010471
9.585 0.0032871
9.59 -0.0044485
9.595 -0.012192
9.6 -0.019428
9.605 -0.02563
9.61 -0.030321
9.615 -0.033321
9.62 -0.034688
9.625 -0.034626
9.63 -0.033453
9.635 -0.031406
9.64 -0.028642
9.645 -0.025338
9.65 -0.021775
9.655 -0.018169
9.66 -0.014604
9.665 -0.011133
9.67 -0.0078584
9.675 -0.0046393
9.68 -0.0011346
9.685 0.0030631
9.69 0.0082354
9.695 0.014475
9.7 0.021656
9.705 0.029313
9.71 0.036858
9.715 0.043652
9.72 0.049119
9.725 0.052755
9.73 0.054209
9.735 0.053454
9.74 0.050671
9.745 0.046288
9.75 0.041019
9.755 0.035685
9.76 0.030961
9.765 0.027193
9.77 0.024403
9.775 0.022355
9.78 0.020568
9.785 0.018577
9.79 0.016102
9.795 0.013102
9.8 0.0097616
9.805 0.0064335
9.81 0.0034631
9.815 0.0010125
9.82 -0.00090104
9.825 -0.002386
9.83 -0.003638
9.835 -0.0048081
9.84 -0.006079
9.845 -0.0075521
9.85 -0.009078
9.855 -0.010414
9.86 -0.011266
9.865 -0.011403
9.87 -0.010857
9.875 -0.0098647
9.88 -0.0087429
9.885 -0.0078323
9.89 -0.007327
9.895 -0.007207
9.9 -0.007235
9.905 -0.0070779
9.91 -0.0064525
9.915 -0.0053441
9.92 -0.0039986
9.925 -0.0026846
9.93 -0.0017181
9.935 -0.0015058
9.94 -0.0023456
9.945 -0.0043747
9.95 -0.0076964
9.955 -0.012159
9.96 -0.017281
9.965 -0.022516
9.97 -0.027418
9.975 -0.031555
9.98 -0.034485
9.985 -0.035817
9.99 -0.035244
9.995 -0.032665
10 -0.027951
10.005 -0.021144
10.01 -0.012825
10.015 -0.0040872
10.02 0.0038257
10.025 0.0096286
10.03 0.012308
10.035 0.011077
10.04 0.0057682
10.045 -0.0028183
10.05 -0.013275
10.055 -0.023908
10.06 -0.033078
10.065 -0.039375
10.07 -0.041716
10.075 -0.039359
10.08 -0.031678
10.085 -0.018877
10.09 -0.001931
10.095 0.017474
10.1 0.036685
10.105 0.053059
10.11 0.064656
10.115 0.070434
10.12 0.070196
10.125 0.06417
10.13 0.053265
10.135 0.039277
10.14 0.02418
10.145 0.009619
10.15 -0.0031555
10.155 -0.013385
10.16 -0.020801
10.165 -0.025476
10.17 -0.027871
10.175 -0.02871
10.18 -0.028769
10.185 -0.028614
10.19 -0.028697
10.195 -0.029296
10.2 -0.030449
10.205 -0.031984
10.21 -0.033684
10.215 -0.035318
10.22 -0.036608
10.225 -0.037277
10.23 -0.037174
10.235 -0.03608
10.24 -0.033852
10.245 -0.030483
10.25 -0.026035
10.255 -0.020688
10.26 -0.014742
10.265 -0.008519
10.27 -0.0023651
10.275 0.0033824
10.28 0.0084743
10.285 0.01284
10.29 0.016649
10.295 0.020279
10.3 0.02426
10.305 0.02902
10.31 0.034661
10.315 0.040862
10.32 0.046925
10.325 0.051986
10.33 0.055243
10.335 0.056168
10.34 0.054589
10.345 0.050827
10.35 0.045642
10.355 0.040107
10.36 0.03552
10.365 0.032971
10.37 0.033137
10.375 0.036151
10.38 0.041437
10.385 0.04784
10.39 0.053903
10.395 0.058125
10.4 0.059079
10.405 0.055495
10.41 0.046685
10.415 0.032797
10.42 0.015115
10.425 -0.0043306
10.43 -0.022966
10.435 -0.038166
10.44 -0.047978
10.445 -0.05082
10.45 -0.045693
10.455 -0.032635
10.46 -0.013189
10.465 0.0097791
10.47 0.032771
10.475 0.052501
10.48 0.066475
10.485 0.073232
10.49 0.072068
10.495 0.063036
10.5 0.047202
10.505 0.026433
10.51 0.0031915
10.515 -0.019581
10.52 -0.038971
10.525 -0.05282
10.53 -0.060093
10.535 -0.060689
10.54 -0.055183
10.545 -0.044848
10.55 -0.031645
10.555 -0.017879
10.56 -0.0055788
10.565 0.003617
10.57 0.0086983
10.575 0.0093443
10.58 0.0057255
10.585 -0.0015126
10.59 -0.011229
10.595 -0.021985
10.6 -0.032148
10.605 -0.040301
10.61 -0.045463
10.615 -0.047299
10.62 -0.04615
10.625 -0.042919
10.63 -0.038579
10.635 -0.033858
10.64 -0.029093
10.645 -0.024408
10.65 -0.019838
10.655 -0.0153
10.66 -0.01069
10.665 -0.0058787
10.67 -0.00075611
10.675 0.0046087
10.68 0.010064
10.685 0.015437
10.69 0.02056
10.695 0.02521
10.7 0.02899
10.705 0.031462
10.71 0.032206
10.715 0.031007
10.72 0.028022
10.725 0.023725
10.73 0.01888
10.735 0.01428
10.74 0.010598
10.745 0.0082723
10.75 0.0075637
10.755 0.0085238
10.76 0.010802
10.765 0.013808
10.77 0.016843
10.775 0.019138
10.78 0.020051
10.785 0.019279
10.79 0.016996
10.795 0.013698
10.8 0.010026
10.805 0.0066278
10.81 0.0040192
10.815 0.0025059
10.82 0.0021445
10.825 0.0026641
10.83 0.0036113
10.835 0.0044325
10.84 0.0045896
10.845 0.0037032
10.85 0.0016174
10.855 -0.0015078
10.86 -0.0053102
10.865 -0.0093602
10.87 -0.012973
10.875 -0.015369
10.88 -0.01586
10.885 -0.014122
10.89 -0.010274
10.895 -0.0048962
10.9 0.0011476
10.905 0.0067815
10.91 0.010973
10.915 0.012926
10.92 0.012246
10.925 0.0090417
10.93 0.0039709
10.935 -0.0019602
10.94 -0.0075835
10.945 -0.011636
10.95 -0.012926
10.955 -0.010858
10.96 -0.0050006
10.965 0.0046363
10.97 0.017068
10.975 0.030712
10.98 0.043585
10.985 0.053812
10.99 0.060057
10.995 0.0615
11 0.057883
11.005 0.049086
11.01 0.035774
11.015 0.019456
11.02 0.0020885
11.025 -0.014107
11.03 -0.027221
11.035 -0.035979
11.04 -0.039662
11.045 -0.038105
11.05 -0.031942
11.055 -0.02246
11.06 -0.011516
11.065 -0.0011565
11.07 0.006881
11.075 0.011531
11.08 0.012382
11.085 0.0097966
11.09 0.0046458
11.095 -0.0019981
11.1 -0.008955
11.105 -0.015124
11.11 -0.019698
11.115 -0.022262
11.12 -0.022803
11.125 -0.021694
11.13 -0.019702
11.135 -0.017678
11.14 -0.016344
11.145 -0.016277
11.15 -0.017799
11.155 -0.020761
11.16 -0.024677
11.165 -0.02887
11.17 -0.03269
11.175 -0.035445
11.18 -0.0363
11.185 -0.034524
11.19 -0.029704
11.195 -0.021918
11.2 -0.011809
11.205 -0.00066147
11.21 0.010053
11.215 0.018896
11.22 0.024746
11.225 0.026958
11.23 0.025271
11.235 0.019841
11.24 0.011425
11.245 0.0013097
11.25 -0.0089058
11.255 -0.017695
11.26 -0.023764
11.265 -0.026349
11.27 -0.025248
11.275 -0.020785
11.28 -0.013815
11.285 -0.005395
11.29 0.0033561
11.295 0.011327
11.3 0.017668
11.305 0.021887
11.31 0.023867
11.315 0.023798
11.32 0.022046
11.325 0.018974
11.33 0.015036
11.335 0.01098
11.34 0.0074523
11.345 0.0049776
11.35 0.0037883
11.355 0.0037966
11.36 0.0046516
11.365 0.0058982
11.37 0.0071627
11.375 0.0081764
11.38 0.0086541
11.385 0.0084768
11.39 0.0077228
11.395 0.0064995
11.4 0.0049224
11.405 0.0030558
11.41 0.00083495
11.415 -0.0017877
11.42 -0.0047039
11.425 -0.0076908
11.43 -0.010657
11.435 -0.01358
11.44 -0.016383
11.445 -0.019048
11.45 -0.021624
11.455 -0.024093
11.46 -0.02626
11.465 -0.027753
11.47 -0.028243
11.475 -0.027396
11.48 -0.024855
11.485 -0.020559
11.49 -0.014786
11.495 -0.0078743
11.5 -0.0003179
11.505 0.0072633
11.51 0.014163
11.515 0.01976
11.52 0.023646
11.525 0.025694
11.53 0.025963
11.535 0.024694
11.54 0.022217
11.545 0.018931
11.55 0.015389
11.555 0.012042
11.56 0.0090765
11.565 0.0065582
11.57 0.0045397
11.575 0.0029719
11.58 0.0017774
11.585 0.00084776
11.59 0.00011026
11.595 -0.00063276
11.6 -0.001567
11.605 -0.0027549
11.61 -0.0040907
11.615 -0.0053033
11.62 -0.0060273
11.625 -0.0057703
11.63 -0.0041666
11.635 -0.0011889
11.64 0.0028758
11.645 0.0075337
11.65 0.012216
11.655 0.016198
11.66 0.018658
11.665 0.018898
11.67 0.016681
11.675 0.012126
11.68 0.0056044
11.685 -0.0020648
11.69 -0.0098146
11.695 -0.016678
11.7 -0.021912
11.705 -0.025045
11.71 -0.02601
11.715 -0.024994
11.72 -0.022468
11.725 -0.018954
11.73 -0.014991
11.735 -0.01107
11.74 -0.0075672
11.745 -0.0048391
11.75 -0.0031886
11.755 -0.0028013
11.76 -0.0036865
11.765 -0.0056181
11.77 -0.0081249
11.775 -0.010616
11.78 -0.012472
11.785 -0.013143
11.79 -0.012308
11.795 -0.0099411
11.8 -0.0062632
11.805 -0.0017375
11.81 0.002938
11.815 0.0070193
11.82 0.0099693
11.825 0.01148
11.83 0.011503
11.835 0.010248
11.84 0.008199
11.845 0.0059173
11.85 0.0040202
11.855 0.0030625
11.86 0.003488
11.865 0.005589
11.87 0.0093842
11.875 0.014657
11.88 0.020915
11.885 0.027481
11.89 0.033581
11.895 0.038448
11.9 0.041558
11.905 0.042675
11.91 0.041941
11.915 0.03981
11.92 0.036867
11.925 0.03368
11.93 0.030651
11.935 0.028011
11.94 0.025739
11.945 0.023691
11.95 0.021779
11.955 0.019966
11.96 0.018083
11.965 0.016037
11.97 0.013858
11.975 0.011782
11.98 0.010197
11.985 0.0094129
11.99 0.0095809
11.995 0.01066
12 0.012477
12.005 0.014731
12.01 0.017054
12.015 0.01904
12.02 0.020348
12.025 0.020758
12.03 0.020156
12.035 0.018226
12.04 0.014779
12.045 0.0099995
12.05 0.0042043
12.055 -0.0022062
12.06 -0.0087182
12.065 -0.014565
12.07 -0.018914
12.075 -0.021036
12.08 -0.020507
12.085 -0.017318
12.09 -0.011741
12.095 -0.0043459
12.1 0.0041621
12.105 0.013076
12.11 0.021625
12.115 0.029062
12.12 0.034823
12.125 0.038603
12.13 0.040389
12.135 0.040447
12.14 0.039269
12.145 0.037364
12.15 0.035001
12.155 0.032328
12.16 0.029378
12.165 0.026068
12.17 0.022326
12.175 0.018103
12.18 0.013324
12.185 0.0081739
12.19 0.0030483
12.195 -0.0017648
12.2 -0.0060591
12.205 -0.0097261
12.21 -0.012748
12.215 -0.015175
12.22 -0.017054
12.225 -0.018434
12.23 -0.019334
12.235 -0.019807
12.24 -0.019956
12.245 -0.01994
12.25 -0.019871
12.255 -0.019808
12.26 -0.019761
12.265 -0.019676
12.27 -0.019439
12.275 -0.018949
12.28 -0.018092
12.285 -0.016777
12.29 -0.014896
12.295 -0.012303
12.3 -0.0088937
12.305 -0.0046296
12.31 0.00047426
12.315 0.0062264
12.32 0.012302
12.325 0.018195
12.33 0.023362
12.335 0.027441
12.34 0.030191
12.345 0.031592
12.35 0.031772
12.355 0.030845
12.36 0.029124
12.365 0.027047
12.37 0.025051
12.375 0.023556
12.38 0.022884
12.385 0.023186
12.39 0.024452
12.395 0.026546
12.4 0.02916
12.405 0.03187
12.41 0.034159
12.415 0.035522
12.42 0.035575
12.425 0.034032
12.43 0.030715
12.435 0.025646
12.44 0.019131
12.445 0.01169
12.45 0.0038283
12.455 -0.0038797
12.46 -0.01087
12.465 -0.016682
12.47 -0.020971
12.475 -0.023651
12.48 -0.024803
12.485 -0.024612
12.49 -0.023374
12.495 -0.021436
12.5 -0.019264
12.505 -0.017321
12.51 -0.015941
12.515 -0.015286
12.52 -0.015338
12.525 -0.015982
12.53 -0.017023
12.535 -0.018155
12.54 -0.019122
12.545 -0.019682
12.55 -0.0198
12.555 -0.019584
12.56 -0.019323
12.565 -0.019333
12.57 -0.019723
12.575 -0.020474
12.58 -0.021434
12.585 -0.022357
12.59 -0.023043
12.595 -0.023401
12.6 -0.023423
12.605 -0.023212
12.61 -0.022914
12.615 -0.022717
12.62 -0.022768
12.625 -0.023076
12.63 -0.023532
12.635 -0.02393
12.64 -0.024168
12.645 -0.024226
12.65 -0.024141
12.655 -0.02398
12.66 -0.023766
12.665 -0.023511
12.67 -0.023277
12.675 -0.023225
12.68 -0.023435
12.685 -0.023929
12.69 -0.024712
12.695 -0.025833
12.7 -0.027362
12.705 -0.029391
12.71 -0.032054
12.715 -0.035393
12.72 -0.039172
12.725 -0.04298
12.73 -0.046371
12.735 -0.048879
12.74 -0.050224
12.745 -0.050321
12.75 -0.049256
12.755 -0.047317
12.76 -0.044827
12.765 -0.042186
12.77 -0.039813
12.775 -0.038126
12.78 -0.037401
12.785 -0.037838
12.79 -0.039487
12.795 -0.042187
12.8 -0.045605
12.805 -0.04922
12.81 -0.052412
12.815 -0.054571
12.82 -0.055146
12.825 -0.053739
12.83 -0.050265
12.835 -0.044864
12.84 -0.037939
12.845 -0.03005
12.85 -0.021796
12.855 -0.013701
12.86 -0.0061957
12.865 0.0003063
12.87 0.0056987
12.875 0.010043
12.88 0.013307
12.885 0.015478
12.89 0.016691
12.895 0.017118
12.9 0.016938
12.905 0.016284
12.91 0.01527
12.915 0.013978
12.92 0.012509
12.925 0.010942
12.93 0.0093313
12.935 0.0078838
12.94 0.0066851
12.945 0.0058594
12.95 0.0055595
12.955 0.0057662
12.96 0.0064528
12.965 0.0074312
12.97 0.0084243
12.975 0.0091784
12.98 0.0095232
12.985 0.0093181
12.99 0.0085136
12.995 0.0072397
13 0.0057428
13.005 0.0043326
13.01 0.0033213
13.015 0.0029566
13.02 0.0034039
13.025 0.0046919
13.03 0.0067034
13.035 0.0092139
13.04 0.012015
13.045 0.014858
13.05 0.017528
13.055 0.019732
13.06 0.021134
13.065 0.021557
13.07 0.021012
13.075 0.019728
13.08 0.017972
13.085 0.015962
13.09 0.013879
13.095 0.011945
13.1 0.010293
13.105 0.0089727
13.11 0.0079824
13.115 0.0072537
13.12 0.0067054
13.125 0.0063091
13.13 0.0059399
13.135 0.0054573
13.14 0.004803
13.145 0.004064
13.15 0.0033536
13.155 0.0027867
13.16 0.0024099
13.165 0.0021918
13.17 0.0020437
13.175 0.0020147
13.18 0.0022085
13.185 0.0026807
13.19 0.003443
13.195 0.0043812
13.2 0.0052396
13.205 0.005696
13.21 0.0054529
13.215 0.0043042
13.22 0.002285
13.225 -0.00038845
13.23 -0.0033328
13.235 -0.0062141
13.24 -0.0087737
13.245 -0.010892
13.25 -0.012524
13.255 -0.013691
13.26 -0.01444
13.265 -0.014881
13.27 -0.01514
13.275 -0.015327
13.28 -0.015514
13.285 -0.015763
13.29 -0.0161
13.295 -0.016437
13.3 -0.01663
13.305 -0.016499
13.31 -0.015906
13.315 -0.014713
13.32 -0.012955
13.325 -0.010704
13.33 -0.0081216
13.335 -0.0054031
13.34 -0.0027572
13.345 -0.00033992
13.35 0.0017004
13.355 0.0032026
13.36 0.0041227
13.365 0.0044763
13.37 0.0043616
13.375 0.004034
13.38 0.003827
13.385 0.0040202
13.39 0.0049643
13.395 0.0068824
13.4 0.0097007
13.405 0.013161
13.41 0.016873
13.415 0.020407
13.42 0.023482
13.425 0.025856
13.43 0.027407
13.435 0.028128
13.44 0.02799
13.445 0.026997
13.45 0.025296
13.455 0.023181
13.46 0.020987
13.465 0.01907
13.47 0.017723
13.475 0.017126
13.48 0.01732
13.485 0.018232
13.49 0.019776
13.495 0.021784
13.5 0.023997
13.505 0.026097
13.51 0.027794
13.515 0.02886
13.52 0.029146
13.525 0.028747
13.53 0.027802
13.535 0.026513
13.54 0.025137
13.545 0.023859
13.55 0.022705
13.555 0.021561
13.56 0.020168
13.565 0.018291
13.57 0.015821
13.575 0.012911
13.58 0.0097769
13.585 0.0066194
13.59 0.003675
13.595 0.0010505
13.6 -0.0011834
13.605 -0.0028915
13.61 -0.0038585
13.615 -0.0040351
13.62 -0.0034543
13.625 -0.002206
13.63 -0.00051668
13.635 0.0013737
13.64 0.0030622
13.645 0.0042338
13.65 0.0047835
13.655 0.0046147
13.66 0.0037152
13.665 0.0021549
13.67 -3.1716e-005
13.675 -0.0027886
13.68 -0.00597
13.685 -0.0093375
13.69 -0.012463
13.695 -0.014945
13.7 -0.01648
13.705 -0.016916
13.71 -0.016249
13.715 -0.014676
13.72 -0.012536
13.725 -0.010182
13.73 -0.0078275
13.735 -0.0056311
13.74 -0.0037368
13.745 -0.0022152
13.75 -0.001192
13.755 -0.00070408
13.76 -0.00069053
13.765 -0.0010934
13.77 -0.0018821
13.775 -0.0029937
13.78 -0.0042504
13.785 -0.0056099
13.79 -0.0069574
13.795 -0.0081598
13.8 -0.0091726
13.805 -0.0099852
13.81 -0.010595
13.815 -0.010985
13.82 -0.011157
13.825 -0.011176
13.83 -0.011144
13.835 -0.011191
13.84 -0.011488
13.845 -0.012168
13.85 -0.013245
13.855 -0.014627
13.86 -0.016131
13.865 -0.017569
13.87 -0.018774
13.875 -0.019627
13.88 -0.019941
13.885 -0.019616
13.89 -0.018677
13.895 -0.017205
13.9 -0.015389
13.905 -0.013433
13.91 -0.011546
13.915 -0.0099547
13.92 -0.0089246
13.925 -0.0086666
13.93 -0.0092855
13.935 -0.010722
13.94 -0.012757
13.945 -0.015017
13.95 -0.017115
13.955 -0.018677
13.96 -0.019543
13.965 -0.019611
13.97 -0.01876
13.975 -0.017032
13.98 -0.014524
13.985 -0.011368
13.99 -0.0076965
13.995 -0.0037864
14 -5.7237e-005
14.005 0.0030934
14.01 0.0053494
14.015 0.0064827
14.02 0.0064931
14.025 0.0055202
14.03 0.0037806
14.035 0.0016234
14.04 -0.00057414
14.045 -0.0024725
14.05 -0.0038609
14.055 -0.0047041
14.06 -0.0052238
14.065 -0.0058413
14.07 -0.006828
14.075 -0.0083217
14.08 -0.010199
14.085 -0.012207
14.09 -0.014083
14.095 -0.015566
14.1 -0.016578
14.105 -0.01724
14.11 -0.017721
14.115 -0.018147
14.12 -0.01864
14.125 -0.019265
14.13 -0.020021
14.135 -0.020923
14.14 -0.022005
14.145 -0.023229
14.15 -0.024535
14.155 -0.025831
14.16 -0.02704
14.165 -0.028095
14.17 -0.028978
14.175 -0.0296
14.18 -0.0298
14.185 -0.029345
14.19 -0.028062
14.195 -0.025932
14.2 -0.023103
14.205 -0.019825
14.21 -0.016518
14.215 -0.013552
14.22 -0.011179
14.225 -0.0094954
14.23 -0.0084898
14.235 -0.0080551
14.24 -0.0080077
14.245 -0.0081983
14.25 -0.0085346
14.255 -0.0090039
14.26 -0.0094988
14.265 -0.0099147
14.27 -0.010166
14.275 -0.010272
14.28 -0.010291
14.285 -0.010316
14.29 -0.010439
14.295 -0.010685
14.3 -0.011023
14.305 -0.01141
14.31 -0.011869
14.315 -0.012483
14.32 -0.013396
14.325 -0.014619
14.33 -0.015965
14.335 -0.017257
14.34 -0.018407
14.345 -0.019372
14.35 -0.02016
14.355 -0.020703
14.36 -0.020852
14.365 -0.020543
14.37 -0.019816
14.375 -0.018696
14.38 -0.017237
14.385 -0.015456
14.39 -0.013426
14.395 -0.011275
14.4 -0.00914
14.405 -0.0071488
14.41 -0.0053559
14.415 -0.003752
14.42 -0.0022983
14.425 -0.00094317
14.43 0.00039362
14.435 0.0017325
14.44 0.0030209
14.445 0.004228
14.45 0.0053729
14.455 0.0064629
14.46 0.0074743
14.465 0.0084037
14.47 0.0092152
14.475 0.0098524
14.48 0.010235
14.485 0.010361
14.49 0.010264
14.495 0.010025
14.5 0.0096005
14.505 0.0089022
14.51 0.0078782
14.515 0.0065529
14.52 0.0048773
14.525 0.0029427
14.53 0.001017
14.535 -0.00075221
14.54 -0.0022212
14.545 -0.0033284
14.55 -0.0041978
14.555 -0.0050288
14.56 -0.0060405
14.565 -0.0073467
14.57 -0.0088294
14.575 -0.010265
14.58 -0.01145
14.585 -0.0123
14.59 -0.012823
14.595 -0.01311
14.6 -0.013288
14.605 -0.013482
14.61 -0.013882
14.615 -0.014649
14.62 -0.015707
14.625 -0.017006
14.63 -0.018515
14.635 -0.020111
14.64 -0.02163
14.645 -0.022899
14.65 -0.023743
14.655 -0.023987
14.66 -0.02361
14.665 -0.022616
14.67 -0.021008
14.675 -0.018825
14.68 -0.016128
14.685 -0.012991
14.69 -0.0095629
14.695 -0.0060823
14.7 -0.0027871
14.705 5.5801e-005
14.71 0.0021921
14.715 0.0035183
14.72 0.0041284
14.725 0.0041447
14.73 0.0037744
14.735 0.0031201
14.74 0.0022353
14.745 0.0012151
14.75 0.00021257
14.755 -0.00055755
14.76 -0.00096797
14.765 -0.00097948
14.77 -0.00059483
14.775 9.0618e-005
14.78 0.00082984
14.785 0.0014415
14.79 0.0018422
14.795 0.001906
14.8 0.0016455
14.805 0.0011315
14.81 0.00037475
14.815 -0.00054858
14.82 -0.0015565
14.825 -0.0025231
14.83 -0.0033325
14.835 -0.0038104
14.84 -0.0038273
14.845 -0.0033688
14.85 -0.0024098
14.855 -0.001024
14.86 0.00064752
14.865 0.0025252
14.87 0.004529
14.875 0.006633
14.88 0.0087232
14.885 0.010569
14.89 0.012016
14.895 0.013003
14.9 0.013467
14.905 0.013413
14.91 0.012907
14.915 0.012033
14.92 0.01088
14.925 0.0095943
14.93 0.0082898
14.935 0.0070494
14.94 0.0059806
14.945 0.005142
14.95 0.0045313
14.955 0.0041569
14.96 0.003971
14.965 0.0039145
14.97 0.0039004
14.975 0.0037461
14.98 0.00334
14.985 0.0026067
14.99 0.001487
14.995 -2.9832e-005
15 -0.0018574
15.005 -0.0038406
15.01 -0.0057977
15.015 -0.0075299
15.02 -0.0088287
15.025 -0.0095744
15.03 -0.0096878
15.035 -0.0091915
15.04 -0.008082
15.045 -0.0063622
15.05 -0.0042193
15.055 -0.0019545
15.06 0.00024581
15.065 0.0021468
15.07 0.0037656
15.075 0.0052475
15.08 0.0067277
15.085 0.0082634
15.09 0.0098709
15.095 0.011537
15.1 0.0133
15.105 0.015224
15.11 0.017261
15.115 0.019376
15.12 0.021526
15.125 0.023641
15.13 0.02572
15.135 0.027768
15.14 0.029722
15.145 0.031343
15.15 0.032387
15.155 0.032754
15.16 0.032419
15.165 0.031463
15.17 0.029967
15.175 0.028138
15.18 0.026234
15.185 0.024676
15.19 0.023804
15.195 0.023752
15.2 0.024459
15.205 0.025775
15.21 0.027507
15.215 0.029431
15.22 0.031397
15.225 0.033352
15.23 0.035167
15.235 0.036629
15.24 0.037688
15.245 0.03838
15.25 0.038737
15.255 0.038671
15.26 0.038115
15.265 0.037139
15.27 0.035883
15.275 0.034548
15.28 0.033222
15.285 0.031884
15.29 0.030561
15.295 0.02931
15.3 0.028288
15.305 0.02766
15.31 0.027452
15.315 0.02755
15.32 0.027807
15.325 0.027976
15.33 0.027838
15.335 0.027279
15.34 0.026344
15.345 0.025182
15.35 0.024014
15.355 0.023012
15.36 0.022313
15.365 0.022005
15.37 0.022079
15.375 0.022517
15.38 0.023296
15.385 0.024328
15.39 0.025465
15.395 0.026498
15.4 0.027297
15.405 0.027819
15.41 0.028086
15.415 0.028088
15.42 0.027795
15.425 0.027252
15.43 0.02659
15.435 0.02593
15.44 0.025399
15.445 0.025039
15.45 0.024839
15.455 0.024838
15.46 0.02503
15.465 0.025296
15.47 0.025498
15.475 0.025538
15.48 0.025319
15.485 0.024832
15.49 0.024141
15.495 0.023313
15.5 0.02238
15.505 0.021309
15.51 0.02009
15.515 0.018738
15.52 0.017297
15.525 0.01573
15.53 0.013945
15.535 0.011943
15.54 0.0098636
15.545 0.0080363
15.55 0.0066146
15.555 0.0056035
15.56 0.0049076
15.565 0.0043676
15.57 0.0038293
15.575 0.0032172
15.58 0.00253
15.585 0.0017401
15.59 0.00086645
15.595 -4.4845e-005
15.6 -0.00094407
15.605 -0.001845
15.61 -0.0027468
15.615 -0.0037009
15.62 -0.0047532
15.625 -0.0058702
15.63 -0.0070058
15.635 -0.0081196
15.64 -0.0090964
15.645 -0.0099422
15.65 -0.01075
15.655 -0.011634
15.66 -0.012665
15.665 -0.013947
15.67 -0.015513
15.675 -0.01721
15.68 -0.018776
15.685 -0.020011
15.69 -0.020841
15.695 -0.021303
15.7 -0.021535
15.705 -0.021652
15.71 -0.021782
15.715 -0.022025
15.72 -0.022333
15.725 -0.022594
15.73 -0.02271
15.735 -0.022567
15.74 -0.022082
15.745 -0.02122
15.75 -0.01994
15.755 -0.018192
15.76 -0.015967
15.765 -0.013341
15.77 -0.010387
15.775 -0.0072177
15.78 -0.0039674
15.785 -0.00070003
15.79 0.0024404
15.795 0.0051672
15.8 0.0072491
15.805 0.0086217
15.81 0.0092984
15.815 0.009295
15.82 0.0086734
15.825 0.0075699
15.83 0.0061396
15.835 0.0045969
15.84 0.0030848
15.845 0.0017358
15.85 0.00065994
15.855 -9.6379e-005
15.86 -0.00057346
15.865 -0.00084709
15.87 -0.0009359
15.875 -0.0008615
15.88 -0.00074832
15.885 -0.00068733
15.89 -0.00073697
15.895 -0.00095396
15.9 -0.001402
15.905 -0.002024
15.91 -0.0028797
15.915 -0.0040317
15.92 -0.0054505
15.925 -0.0068765
15.93 -0.0080819
15.935 -0.0089529
15.94 -0.0093582
15.945 -0.009234
15.95 -0.0085864
15.955 -0.0075721
15.96 -0.0063477
15.965 -0.0051123
15.97 -0.0039886
15.975 -0.0030693
15.98 -0.0023789
15.985 -0.0019098
15.99 -0.0015997
15.995 -0.0014086
16 -0.0013663
16.005 -0.0014412
16.01 -0.0015501
16.015 -0.0014811
16.02 -0.0011366
16.025 -0.00058423
16.03 0.0001452
16.035 0.0011263
16.04 0.0024286
16.045 0.0040282
16.05 0.0058558
16.055 0.0077112
16.06 0.009409
16.065 0.010808
16.07 0.011876
16.075 0.012673
16.08 0.013263
16.085 0.013694
16.09 0.013969
16.095 0.01406
16.1 0.013952
16.105 0.013599
16.11 0.013
16.115 0.012216
16.12 0.011391
16.125 0.010635
16.13 0.01004
16.135 0.0096232
16.14 0.0093776
16.145 0.0092871
16.15 0.0093236
16.155 0.0094505
16.16 0.0095884
16.165 0.0097005
16.17 0.009727
16.175 0.0096117
16.18 0.0093172
16.185 0.0088534
16.19 0.0082484
16.195 0.0075332
16.2 0.0067436
16.205 0.0059055
16.21 0.005117
16.215 0.0045129
16.22 0.0041471
16.225 0.0040062
16.23 0.0040288
16.235 0.004166
16.24 0.00437
16.245 0.0046482
16.25 0.0050967
16.255 0.0057113
16.26 0.0064894
16.265 0.0073671
16.27 0.0082558
16.275 0.0089967
16.28 0.0093827
16.285 0.0092499
16.29 0.0085489
16.295 0.0074202
16.3 0.0061448
16.305 0.0050096
16.31 0.0041873
16.315 0.0037468
16.32 0.0036856
16.325 0.0038173
16.33 0.0039824
16.335 0.0040204
16.34 0.0039461
16.345 0.0038919
16.35 0.0038601
16.355 0.0038947
16.36 0.004078
16.365 0.0043889
16.37 0.004677
16.375 0.0047857
16.38 0.0046704
16.385 0.0043676
16.39 0.0039381
16.395 0.0034523
16.4 0.0029646
16.405 0.0024786
16.41 0.0020363
16.415 0.0016518
16.42 0.0013447
16.425 0.0011136
16.43 0.00090348
16.435 0.00065268
16.44 0.00026438
16.445 -0.00035669
16.45 -0.0012436
16.455 -0.0023058
16.46 -0.0034223
16.465 -0.0044784
16.47 -0.0053912
16.475 -0.006183
16.48 -0.0069018
16.485 -0.0074889
16.49 -0.0078309
16.495 -0.0078415
16.5 -0.0075204
16.505 -0.0070285
16.51 -0.0065955
16.515 -0.0063752
16.52 -0.006365
16.525 -0.0065295
16.53 -0.0067524
16.535 -0.006978
16.54 -0.0071414
16.545 -0.0071619
16.55 -0.0070039
16.555 -0.0068151
16.56 -0.0068926
16.565 -0.0074834
16.57 -0.0085694
16.575 -0.0099926
16.58 -0.01145
16.585 -0.012652
16.59 -0.013392
16.595 -0.013637
16.6 -0.013547
16.605 -0.013408
16.61 -0.013357
16.615 -0.013463
16.62 -0.01382
16.625 -0.014481
16.63 -0.015444
16.635 -0.016653
16.64 -0.018026
16.645 -0.01954
16.65 -0.021135
16.655 -0.022687
16.66 -0.023984
16.665 -0.024958
16.67 -0.025689
16.675 -0.026273
16.68 -0.0267
16.685 -0.026861
16.69 -0.026681
16.695 -0.026168
16.7 -0.025466
16.705 -0.024792
16.71 -0.024335
16.715 -0.02414
16.72 -0.024195
16.725 -0.024532
16.73 -0.02516
16.735 -0.025989
16.74 -0.026892
16.745 -0.027682
16.75 -0.028202
16.755 -0.028406
16.76 -0.028217
16.765 -0.02762
16.77 -0.026722
16.775 -0.025647
16.78 -0.024587
16.785 -0.023649
16.79 -0.022767
16.795 -0.021872
16.8 -0.020978
16.805 -0.020166
16.81 -0.019427
16.815 -0.018671
16.82 -0.017777
16.825 -0.016689
16.83 -0.015447
16.835 -0.014059
16.84 -0.01263
16.845 -0.011242
16.85 -0.0099863
16.855 -0.0089898
16.86 -0.008318
16.865 -0.007919
16.87 -0.007697
16.875 -0.0076401
16.88 -0.0077319
16.885 -0.007911
16.89 -0.0081123
16.895 -0.0082783
16.9 -0.0083549
16.905 -0.0081711
16.91 -0.0077522
16.915 -0.0071592
16.92 -0.0063755
16.925 -0.0054638
16.93 -0.0046098
16.935 -0.0039645
16.94 -0.0036067
16.945 -0.0035198
16.95 -0.0036356
16.955 -0.0038838
16.96 -0.0041916
16.965 -0.0045211
16.97 -0.0048121
16.975 -0.0050582
16.98 -0.0053137
16.985 -0.0056566
16.99 -0.0061239
16.995 -0.0067556
17 -0.0075218
17.005 -0.0083557
17.01 -0.0091518
17.015 -0.0098459
17.02 -0.010403
17.025 -0.010843
17.03 -0.011205
17.035 -0.011431
17.04 -0.011403
17.045 -0.011068
17.05 -0.010476
17.055 -0.009846
17.06 -0.0094224
17.065 -0.0094572
17.07 -0.010118
17.075 -0.011291
17.08 -0.012753
17.085 -0.014262
17.09 -0.01558
17.095 -0.016592
17.1 -0.017186
17.105 -0.017289
17.11 -0.016908
17.115 -0.016114
17.12 -0.015109
17.125 -0.014095
17.13 -0.013094
17.135 -0.012095
17.14 -0.011103
17.145 -0.010038
17.15 -0.0088918
17.155 -0.0077191
17.16 -0.0065828
17.165 -0.0055447
17.17 -0.0047065
17.175 -0.0041337
17.18 -0.0037262
17.185 -0.0031773
17.19 -0.0021922
17.195 -0.00065027
17.2 0.0013178
17.205 0.0034511
17.21 0.0055352
17.215 0.0074185
17.22 0.0090611
17.225 0.010486
17.23 0.01166
17.235 0.012562
17.24 0.013246
17.245 0.013775
17.25 0.014208
17.255 0.014579
17.26 0.014951
17.265 0.015401
17.27 0.016039
17.275 0.01689
17.28 0.017843
17.285 0.018735
17.29 0.019326
17.295 0.019463
17.3 0.019199
17.305 0.018696
17.31 0.018089
17.315 0.017483
17.32 0.016927
17.325 0.016418
17.33 0.015898
17.335 0.015328
17.34 0.014759
17.345 0.014257
17.35 0.01388
17.355 0.013656
17.36 0.013505
17.365 0.013406
17.37 0.013318
17.375 0.013156
17.38 0.012779
17.385 0.01209
17.39 0.011102
17.395 0.0098792
17.4 0.008507
17.405 0.0070837
17.41 0.0057578
17.415 0.0046386
17.42 0.0038827
17.425 0.0034259
17.43 0.0032126
17.435 0.0032034
17.44 0.0033666
17.445 0.0036204
17.45 0.0038451
17.455 0.0038549
17.46 0.0034257
17.465 0.0023773
17.47 0.00080137
17.475 -0.0011248
17.48 -0.0032156
17.485 -0.0052618
17.49 -0.007093
17.495 -0.0084806
17.5 -0.0090822
17.505 -0.0088131
17.51 -0.0079722
17.515 -0.0068928
17.52 -0.0058688
17.525 -0.005046
17.53 -0.004512
17.535 -0.0043466
17.54 -0.0045578
17.545 -0.0050925
17.55 -0.0059466
17.555 -0.007195
17.56 -0.0088359
17.565 -0.01084
17.57 -0.013155
17.575 -0.015639
17.58 -0.018016
17.585 -0.019885
17.59 -0.021018
17.595 -0.021344
17.6 -0.020978
17.605 -0.020143
17.61 -0.019098
17.615 -0.018073
17.62 -0.017291
17.625 -0.016833
17.63 -0.016652
17.635 -0.016651
17.64 -0.016859
17.645 -0.017257
17.65 -0.017878
17.655 -0.018624
17.66 -0.01932
17.665 -0.019834
17.67 -0.020089
17.675 -0.020019
17.68 -0.019477
17.685 -0.018333
17.69 -0.016639
17.695 -0.014592
17.7 -0.012484
17.705 -0.010618
17.71 -0.0091271
17.715 -0.0080024
17.72 -0.0071456
17.725 -0.0064183
17.73 -0.0057354
17.735 -0.0050268
17.74 -0.0042695
17.745 -0.0035068
17.75 -0.0027579
17.755 -0.0020318
17.76 -0.001269
17.765 -0.00039293
17.77 0.0006843
17.775 0.0019938
17.78 0.0034433
17.785 0.0049865
17.79 0.0066651
17.795 0.0085149
17.8 0.010447
17.805 0.01236
17.81 0.014222
17.815 0.015922
17.82 0.017299
17.825 0.018182
17.83 0.018517
17.835 0.018378
17.84 0.01795
17.845 0.017487
17.85 0.017165
17.855 0.01707
17.86 0.017234
17.865 0.017756
17.87 0.018725
17.875 0.020118
17.88 0.021876
17.885 0.023792
17.89 0.025605
17.895 0.02714
17.9 0.02823
17.905 0.028828
17.91 0.028923
17.915 0.028633
17.92 0.028099
17.925 0.027508
17.93 0.027098
17.935 0.027056
17.94 0.027507
17.945 0.028464
17.95 0.029922
17.955 0.031821
17.96 0.034009
17.965 0.036239
17.97 0.0382
17.975 0.039607
17.98 0.040315
17.985 0.040343
17.99 0.039761
17.995 0.038658
18 0.037166
18.005 0.035462
18.01 0.033746
18.015 0.032183
18.02 0.030925
18.025 0.030085
18.03 0.029627
18.035 0.029455
18.04 0.02943
18.045 0.02949
18.05 0.029566
18.055 0.029484
18.06 0.028973
18.065 0.027891
18.07 0.026233
18.075 0.024209
18.08 0.022115
18.085 0.020237
18.09 0.018745
18.095 0.017747
18.1 0.01723
18.105 0.017137
18.11 0.017338
18.115 0.017568
18.12 0.01757
18.125 0.017108
18.13 0.016061
18.135 0.014359
18.14 0.011959
18.145 0.0089955
18.15 0.0057063
18.155 0.0022695
18.16 -0.0010445
18.165 -0.0039492
18.17 -0.006246
18.175 -0.0077959
18.18 -0.0084107
18.185 -0.0079657
18.19 -0.0065372
18.195 -0.0042758
18.2 -0.0014127
18.205 0.0016706
18.21 0.0045707
18.215 0.0069105
18.22 0.0084327
18.225 0.0090743
18.23 0.0088022
18.235 0.0076644
18.24 0.0058408
18.245 0.0036625
18.25 0.0014599
18.255 -0.00048664
18.26 -0.0019994
18.265 -0.0030142
18.27 -0.0035455
18.275 -0.0036549
18.28 -0.0034033
18.285 -0.0029472
18.29 -0.002505
18.295 -0.0022063
18.3 -0.0020395
18.305 -0.0019919
18.31 -0.0020804
18.315 -0.0023609
18.32 -0.0029675
18.325 -0.0039879
18.33 -0.0053473
18.335 -0.0068865
18.34 -0.0084736
18.345 -0.0098654
18.35 -0.010788
18.355 -0.011026
18.36 -0.010537
18.365 -0.0094501
18.37 -0.0079636
18.375 -0.0063394
18.38 -0.0047657
18.385 -0.0033771
18.39 -0.0022891
18.395 -0.0015575
18.4 -0.0012342
18.405 -0.0012781
18.41 -0.0015685
18.415 -0.0020583
18.42 -0.0027931
18.425 -0.0037015
18.43 -0.0046287
18.435 -0.0055338
18.44 -0.0064739
18.445 -0.0074522
18.45 -0.0084143
18.455 -0.009353
18.46 -0.01035
18.465 -0.011498
18.47 -0.012838
18.475 -0.014419
18.48 -0.016217
18.485 -0.018128
18.49 -0.019941
18.495 -0.021437
18.5 -0.022439
18.505 -0.022862
18.51 -0.022727
18.515 -0.022128
18.52 -0.021198
18.525 -0.020001
18.53 -0.018542
18.535 -0.01687
18.54 -0.015087
18.545 -0.013351
18.55 -0.011828
18.555 -0.010808
18.56 -0.010607
18.565 -0.011438
18.57 -0.013256
18.575 -0.015686
18.58 -0.018191
18.585 -0.020339
18.59 -0.021789
18.595 -0.022322
18.6 -0.021897
18.605 -0.020616
18.61 -0.018629
18.615 -0.016179
18.62 -0.013422
18.625 -0.010513
18.63 -0.0077246
18.635 -0.0053055
18.64 -0.0034159
18.645 -0.0020975
18.65 -0.0013088
18.655 -0.00090284
18.66 -0.00080259
18.665 -0.00091966
18.67 -0.0011877
18.675 -0.0015075
18.68 -0.0016923
18.685 -0.0015549
18.69 -0.00097236
18.695 5.7608e-005
18.7 0.001317
18.705 0.0025411
18.71 0.0035186
18.715 0.0040486
18.72 0.0040009
18.725 0.0034224
18.73 0.0025684
18.735 0.0017233
18.74 0.0011317
18.745 0.00095244
18.75 0.0012626
18.755 0.0020993
18.76 0.0034991
18.765 0.0053883
18.77 0.0075579
18.775 0.0097875
18.78 0.011842
18.785 0.013383
18.79 0.014124
18.795 0.013942
18.8 0.012854
18.805 0.011071
18.81 0.0088566
18.815 0.006459
18.82 0.0041815
18.825 0.0023948
18.83 0.0014297
18.835 0.0014374
18.84 0.0022878
18.845 0.0037559
18.85 0.0056064
18.855 0.0076273
18.86 0.0095352
18.865 0.011035
18.87 0.011888
18.875 0.011895
18.88 0.010943
18.885 0.0091084
18.89 0.0065806
18.895 0.0036409
18.9 0.00061961
18.905 -0.0022329
18.91 -0.0046905
18.915 -0.0065561
18.92 -0.007693
18.925 -0.0080483
18.93 -0.0078111
18.935 -0.0072278
18.94 -0.0066096
18.945 -0.0062485
18.95 -0.0062852
18.955 -0.0066711
18.96 -0.0072754
18.965 -0.0079562
18.97 -0.0085205
18.975 -0.0088365
18.98 -0.0087812
18.985 -0.0081287
18.99 -0.0067921
18.995 -0.0047905
19 -0.0021845
19.005 0.00079018
19.01 0.0037543
19.015 0.006387
19.02 0.0085557
19.025 0.010178
19.03 0.011173
19.035 0.011512
19.04 0.011221
19.045 0.010406
19.05 0.0091649
19.055 0.0076968
19.06 0.0060684
19.065 0.0042878
19.07 0.0024794
19.075 0.00080002
19.08 -0.00049952
19.085 -0.0012617
19.09 -0.0014492
19.095 -0.0012729
19.1 -0.0010169
19.105 -0.00098912
19.11 -0.0013911
19.115 -0.0023485
19.12 -0.0038644
19.125 -0.0059238
19.13 -0.0083992
19.135 -0.011114
19.14 -0.013886
19.145 -0.016524
19.15 -0.018832
19.155 -0.020579
19.16 -0.021723
19.165 -0.022284
19.17 -0.022346
19.175 -0.021966
19.18 -0.021032
19.185 -0.019446
19.19 -0.017206
19.195 -0.01455
19.2 -0.011773
19.205 -0.0092153
19.21 -0.00716
19.215 -0.0057794
19.22 -0.0051564
19.225 -0.0052227
19.23 -0.0057624
19.235 -0.0064569
19.24 -0.0069981
19.245 -0.0072555
19.25 -0.0072005
19.255 -0.0068539
19.26 -0.0063124
19.265 -0.0057388
19.27 -0.0052365
19.275 -0.0048681
19.28 -0.0047019
19.285 -0.0047943
19.29 -0.0051982
19.295 -0.0058041
19.3 -0.0064547
19.305 -0.0069945
19.31 -0.007352
19.315 -0.0075359
19.32 -0.0076118
19.325 -0.0076994
19.33 -0.0079082
19.335 -0.0083561
19.34 -0.0090072
19.345 -0.009725
19.35 -0.010317
19.355 -0.010594
19.36 -0.010474
19.365 -0.0098139
19.37 -0.0085112
19.375 -0.0066504
19.38 -0.0043513
19.385 -0.0017802
19.39 0.00089122
19.395 0.0035009
19.4 0.005916
19.405 0.007996
19.41 0.009638
19.415 0.010852
19.42 0.011688
19.425 0.012899
19.43 0.013301
19.435 0.013597
19.44 0.013863
19.445 0.014249
19.45 0.014873
19.455 0.015769
19.46 0.016875
19.465 0.018078
19.47 0.019273
19.475 0.020383
19.48 0.02132
19.485 0.021937
19.49 0.02215
19.495 0.021883
19.5 0.021139
19.505 0.019914
19.51 0.018256
19.515 0.016323
19.52 0.014334
19.525 0.012451
19.53 0.010861
19.535 0.0097031
19.54 0.009164
19.545 0.0093157
19.55 0.010007
19.555 0.010896
19.56 0.011569
19.565 0.011713
19.57 0.011094
19.575 0.0097378
19.58 0.007775
19.585 0.005463
19.59 0.0031324
19.595 0.0010492
19.6 -0.00060507
19.605 -0.0017278
19.61 -0.0022064
19.615 -0.0020075
19.62 -0.0012464
19.625 -0.00021592
19.63 0.00093962
19.635 0.0021928
19.64 0.0035313
19.645 0.0048042
19.65 0.0058423
19.655 0.0064519
19.66 0.0065022
19.665 0.0059571
19.67 0.0048534
19.675 0.0033041
19.68 0.0015873
19.685 3.7173e-005
19.69 -0.0010437
19.695 -0.0014692
19.7 -0.0012189
19.705 -0.00035947
19.71 0.00095446
19.715 0.0024359
19.72 0.0037686
19.725 0.0046731
19.73 0.0049826
19.735 0.0046513
19.74 0.0036902
19.745 0.0022053
19.75 0.00032607
19.755 -0.0018158
19.76 -0.004032
19.765 -0.0061691
19.77 -0.0081151
19.775 -0.0098175
19.78 -0.011264
19.785 -0.012478
19.79 -0.013498
19.795 -0.014399
19.8 -0.015107
19.805 -0.015449
19.81 -0.015434
19.815 -0.01508
19.82 -0.014528
19.825 -0.013989
19.83 -0.013526
19.835 -0.013107
19.84 -0.012654
19.845 -0.012057
19.85 -0.011214
19.855 -0.010116
19.86 -0.0088439
19.865 -0.0075737
19.87 -0.0064673
19.875 -0.0056149
19.88 -0.004994
19.885 -0.0045076
19.89 -0.0041081
19.895 -0.0038033
19.9 -0.0035775
19.905 -0.0034889
19.91 -0.0034256
19.915 -0.0032825
19.92 -0.0029592
19.925 -0.0022853
19.93 -0.0012724
19.935 -0.00010331
19.94 0.00098821
19.945 0.0018646
19.95 0.0024872
19.955 0.0029156
19.96 0.0031899
19.965 0.0032588
19.97 0.0031561
19.975 0.0029706
19.98 0.0028038
19.985 0.0027806
19.99 0.0029387
19.995 0.0032842
20 0.0037612
20.005 0.0043787
20.01 0.0051388
20.015 0.0059921
20.02 0.0069213
20.025 0.007861
20.03 0.0087072
20.035 0.0093426
20.04 0.0096879
20.045 0.0097458
20.05 0.0094852
20.055 0.0088273
20.06 0.0077146
20.065 0.006217
20.07 0.0045174
20.075 0.0029065
20.08 0.001676
20.085 0.0010099
20.09 0.00099291
20.095 0.0015573
20.1 0.0026153
20.105 0.004084
20.11 0.0057873
20.115 0.0075077
20.12 0.00904
20.125 0.010183
20.13 0.010773
20.135 0.010826
20.14 0.010419
20.145 0.0095869
20.15 0.0084107
20.155 0.0070308
20.16 0.0056625
20.165 0.004497
20.17 0.0036618
20.175 0.003101
20.18 0.002738
20.185 0.0026341
20.19 0.0028493
20.195 0.0033458
20.2 0.0040427
20.205 0.0048315
20.21 0.005611
20.215 0.0062703
20.22 0.0067309
20.225 0.006954
20.23 0.0069195
20.235 0.0065774
20.24 0.0058862
20.245 0.0049489
20.25 0.0038869
20.255 0.0028001
20.26 0.0018056
20.265 0.0010003
20.27 0.00044304
20.275 0.00016337
20.28 0.0001821
20.285 0.00041641
20.29 0.0007515
20.295 0.0011075
20.3 0.0014537
20.305 0.0017848
20.31 0.0020754
20.315 0.0022373
20.32 0.0022267
20.325 0.0020501
20.33 0.0016875
20.335 0.0011882
20.34 0.00064817
20.345 0.00019552
20.35 -5.9528e-005
20.355 -7.2369e-005
20.36 0.00010431
20.365 0.00036656
20.37 0.00065149
20.375 0.0009123
20.38 0.0010995
20.385 0.0012179
20.39 0.0012307
20.395 0.0010696
20.4 0.00073845
20.405 0.00031151
20.41 -0.00016652
20.415 -0.00061763
20.42 -0.00090418
20.425 -0.00098998
20.43 -0.00089338
20.435 -0.00068776
20.44 -0.00046388
20.445 -0.00029372
20.45 -0.00021843
20.455 -0.00024495
20.46 -0.00040768
20.465 -0.00067076
20.47 -0.00098919
20.475 -0.001335
20.48 -0.0016991
20.485 -0.002052
20.49 -0.0023668
20.495 -0.0026083
20.5 -0.0027811
20.505 -0.002951
20.51 -0.0031944
20.515 -0.0035644
20.52 -0.0040568
20.525 -0.0046374
20.53 -0.005228
20.535 -0.0057321
20.54 -0.0060807
20.545 -0.0062351
20.55 -0.0061997
20.555 -0.0060548
20.56 -0.005884
20.565 -0.0057212
20.57 -0.0055647
20.575 -0.0053962
20.58 -0.0051812
20.585 -0.0049541
20.59 -0.0047335
20.595 -0.0045709
20.6 -0.0045647
20.605 -0.0047624
20.61 -0.0051693
20.615 -0.0057101
20.62 -0.0063061
20.625 -0.0068588
20.63 -0.0073065
20.635 -0.0076439
20.64 -0.0078893
20.645 -0.0080415
20.65 -0.0081146
20.655 -0.0081378
20.66 -0.0081435
20.665 -0.0081605
20.67 -0.0081992
20.675 -0.0082589
20.68 -0.0083114
20.685 -0.0083195
20.69 -0.008257
20.695 -0.0081198
20.7 -0.0079426
20.705 -0.0077649
20.71 -0.0075989
20.715 -0.0074407
20.72 -0.0072932
20.725 -0.0071611
20.73 -0.0070341
20.735 -0.0068934
20.74 -0.0067224
20.745 -0.0065091
20.75 -0.0062619
20.755 -0.0059884
20.76 -0.0057047
20.765 -0.0054317
20.77 -0.0052016
20.775 -0.0050266
20.78 -0.0048942
20.785 -0.0047851
20.79 -0.0046805
20.795 -0.004594
20.8 -0.0045231
20.805 -0.0044609
20.81 -0.0044043
20.815 -0.0043523
20.82 -0.0042945
20.825 -0.0042419
20.83 -0.0042235
20.835 -0.0042476
20.84 -0.0043125
20.845 -0.0043977
20.85 -0.0044713
20.855 -0.004514
20.86 -0.0045069
20.865 -0.0044552
20.87 -0.0043591
20.875 -0.0042148
20.88 -0.0040228
20.885 -0.0037808
20.89 -0.0034942
20.895 -0.0031655
20.9 -0.0028002
20.905 -0.0024192
20.91 -0.0020195
20.915 -0.0016111
20.92 -0.0012166
20.925 -0.00085346
20.93 -0.00053472
20.935 -0.00025789
20.94 -2.3388e-005
20.945 0.00017356
20.95 0.00034418
20.955 0.00049485
20.96 0.00062971
20.965 0.00074894
20.97 0.00085486
20.975 0.000946
20.98 0.0010159
20.985 0.0010657
20.99 0.0011033
20.995 0.001141
21 0.0011949
21.005 0.0012667
21.01 0.0013503
21.015 0.0014462
21.02 0.0015496
21.025 0.0016559
21.03 0.0017585
21.035 0.0018465
21.04 0.0019178
21.045 0.0019749
21.05 0.0020153
21.055 0.002037
21.06 0.0020375
21.065 0.0020096
21.07 0.0019554
21.075 0.0018899
21.08 0.0018317
21.085 0.0017932
21.09 0.0017802
21.095 0.0017918
21.1 0.0018198
21.105 0.0018573
21.11 0.0018952
21.115 0.0019263
21.12 0.0019441
21.125 0.0019464
21.13 0.0019367
21.135 0.0019201
21.14 0.0019
21.145 0.0018764
21.15 0.0018472
21.155 0.0018117
21.16 0.0017695
21.165 0.001722
21.17 0.0016689
21.175 0.0016102
21.18 0.0015508
21.185 0.0014968
21.19 0.001452
21.195 0.0014186
21.2 0.0013958
21.205 0.0013806
21.21 0.0013701
21.215 0.0013622
21.22 0.0013552
21.225 0.0013463
21.23 0.0013355
21.235 0.0013234
21.24 0.0013128
21.245 0.0013079
21.25 0.0013102
21.255 0.0013183
21.26 0.0013302
21.265 0.0013444
21.27 0.0013601
21.275 0.0013758
21.28 0.0013901
21.285 0.0014017
21.29 0.0014091
21.295 0.0014123
21.3 0.001412
21.305 0.0014093
21.31 0.0014053
21.315 0.0014008
21.32 0.0013958
21.325 0.0013899
21.33 0.001383
21.335 0.0013753
21.34 0.0013667
21.345 0.001358
21.35 0.0013493
21.355 0.0013406
21.36 0.0013317
21.365 0.0013228
21.37 0.0013136
21.375 0.001304
21.38 0.0012937
21.385 0.0012829
21.39 0.0012716
21.395 0.0012599
21.4 0.0012478
21.405 0.0012355
21.41 0.0012232
21.415 0.001211
21.42 0.0011991
21.425 0.0011873
21.43 0.0011758
21.435 0.0011644
21.44 0.0011531
21.445 0.0011417
21.45 0.0011303
21.455 0.0011187
21.46 0.0011071
21.465 0.0010955
21.47 0.001084
21.475 0.0010727
21.48 0.0010615
21.485 0.0010506
21.49 0.0010398
21.495 0.0010291
21.5 0.0010186
21.505 0.0010081
21.51 0.00099769
21.515 0.00098732
21.52 0.00097698
21.525 0.00096666
21.53 0.00095637
21.535 0.00094609
21.54 0.00093585
21.545 0.00092562
21.55 0.00091543
