0.005 -0.00057092
0.01 -0.00056709
0.015 -0.00056591
0.02 -0.00056207
0.025 -0.00056078
0.03 -0.00055688
0.035 -0.00055553
0.04 -0.00055157
0.045 -0.00055019
0.05 -0.00054615
0.055 -0.00054474
0.06 -0.00054064
0.065 -0.00053918
0.07 -0.00053503
0.075 -0.00053355
0.08 -0.00052935
0.085 -0.00052781
0.09 -0.00052356
0.095 -0.00052205
0.1 -0.00051772
0.105 -0.00051615
0.11 -0.00051179
0.115 -0.00051019
0.12 -0.00050579
0.125 -0.00050411
0.13 -0.00049966
0.135 -0.00049804
0.14 -0.00049354
0.145 -0.00049188
0.15 -0.00048732
0.155 -0.00048564
0.16 -0.000481
0.165 -0.00047932
0.17 -0.00047466
0.175 -0.00047295
0.18 -0.00046825
0.185 -0.00046655
0.19 -0.00046179
0.195 -0.00046006
0.2 -0.00045524
0.205 -0.00045351
0.21 -0.00044869
0.215 -0.00044697
0.22 -0.00044211
0.225 -0.00044035
0.23 -0.00043545
0.235 -0.00043361
0.24 -0.00042869
0.245 -0.00042692
0.25 -0.00042199
0.255 -0.0004202
0.26 -0.00041528
0.265 -0.00041331
0.27 -0.00040851
0.275 -0.00040234
0.28 -0.00038982
0.285 -0.00038439
0.29 -0.00036656
0.295 -0.00035677
0.3 -0.0003472
0.305 -0.00033647
0.31 -0.00032519
0.315 -0.00030815
0.32 -0.00029253
0.325 -0.00028517
0.33 -0.00026835
0.335 -0.00025919
0.34 -0.00023505
0.345 -0.00022117
0.35 -0.00020781
0.355 -0.00019984
0.36 -0.00020358
0.365 -0.00020656
0.37 -0.00021703
0.375 -0.00022539
0.38 -0.00022266
0.385 -0.00024027
0.39 -0.00024647
0.395 -0.00024781
0.4 -0.00026432
0.405 -0.00027576
0.41 -0.00027426
0.415 -0.0002968
0.42 -0.00030597
0.425 -0.00030969
0.43 -0.00032084
0.435 -0.00030797
0.44 -0.00028192
0.445 -0.0002838
0.45 -0.00026933
0.455 -0.00024606
0.46 -0.00024349
0.465 -0.00023149
0.47 -0.00020404
0.475 -0.00020364
0.48 -0.00020098
0.485 -0.0001837
0.49 -0.00015587
0.495 -0.00015655
0.5 -0.00013907
0.505 -0.00011114
0.51 -0.00012161
0.515 -0.0001446
0.52 -0.00014741
0.525 -0.00016678
0.53 -0.00017343
0.535 -0.00020965
0.54 -0.00022558
0.545 -0.00023525
0.55 -0.00025302
0.555 -0.00026676
0.56 -0.00030056
0.565 -0.00032613
0.57 -0.00032968
0.575 -0.00037416
0.58 -0.00039508
0.585 -0.00040597
0.59 -0.00041287
0.595 -0.00036292
0.6 -0.00032794
0.605 -0.00031809
0.61 -0.00028377
0.615 -0.00026634
0.62 -0.00021376
0.625 -0.00018302
0.63 -0.00016548
0.635 -0.00011374
0.64 -7.5369e-005
0.645 -6.4875e-005
0.65 -3.4143e-006
0.655 2.9178e-005
0.66 4.8136e-005
0.665 8.3586e-005
0.67 6.7592e-005
0.675 2.4752e-005
0.68 4.0227e-005
0.685 2.1367e-005
0.69 -1.3103e-005
0.695 -8.9447e-006
0.7 4.1887e-006
0.705 -2.3263e-005
0.71 -5.6582e-005
0.715 -5.0035e-005
0.72 -6.395e-005
0.725 -0.00010953
0.73 -9.6083e-005
0.735 -0.00011676
0.74 -0.00015565
0.745 -0.0001527
0.75 -0.00011517
0.755 -7.5979e-005
0.76 -7.589e-005
0.765 -5.4805e-005
0.77 -7.2378e-007
0.775 -8.7289e-006
0.78 1.849e-005
0.785 6.6635e-005
0.79 6.7526e-005
0.795 5.8483e-005
0.8 9.6326e-005
0.805 0.00014275
0.81 0.00013963
0.815 0.00016239
0.82 0.00022018
0.825 0.00021136
0.83 0.0002383
0.835 0.0002923
0.84 0.00028815
0.845 0.00031013
0.85 0.00036931
0.855 0.00036185
0.86 0.00035762
0.865 0.00039071
0.87 0.00044782
0.875 0.00043521
0.88 0.00046651
0.885 0.00051992
0.89 0.00051684
0.895 0.00053574
0.9 0.00060247
0.905 0.00052663
0.91 0.00035292
0.915 0.00019117
0.92 8.1606e-005
0.925 -2.5732e-005
0.93 -0.00018379
0.935 -0.00035009
0.94 -0.00049711
0.945 -0.00065978
0.95 -0.00078004
0.955 -0.00088115
0.96 -0.0010441
0.965 -0.0012085
0.97 -0.0013633
0.975 -0.0015154
0.98 -0.0016564
0.985 -0.0012464
0.99 -1.9114e-006
0.995 0.0011469
1 0.0022711
1.005 0.0029046
1.01 0.0027661
1.015 0.0026654
1.02 0.0026131
1.025 0.0025271
1.03 0.0024915
1.035 0.0023864
1.04 0.002282
1.045 0.0021823
1.05 0.0020886
1.055 0.0019816
1.06 0.0018888
1.065 0.0017826
1.07 0.0016899
1.075 0.0015845
1.08 0.0014915
1.085 0.0014205
1.09 0.0013984
1.095 0.0011364
1.1 0.00063474
1.105 0.00016369
1.11 -0.00026745
1.115 -0.00073232
1.12 -0.0011765
1.125 -0.0016299
1.13 -0.002032
1.135 -0.0024141
1.14 -0.0028613
1.145 -0.0033068
1.15 -0.0037425
1.155 -0.0041628
1.16 -0.0046228
1.165 -0.0042602
1.17 -0.0025006
1.175 -0.00094167
1.18 0.00047872
1.185 0.0019579
1.19 0.0034712
1.195 0.0048384
1.2 0.0062769
1.205 0.0070485
1.21 0.0067283
1.215 0.0064905
1.22 0.0064315
1.225 0.0062437
1.23 0.0061003
1.235 0.0059433
1.24 0.0058097
1.245 0.0056383
1.25 0.0055153
1.255 0.0053391
1.26 0.0052256
1.265 0.0050347
1.27 0.0049507
1.275 0.0040081
1.28 0.0018006
1.285 -0.00028885
1.29 -0.0021386
1.295 -0.004151
1.3 -0.0060491
1.305 -0.0080135
1.31 -0.0092938
1.315 -0.0096606
1.32 -0.010006
1.325 -0.010658
1.33 -0.0095153
1.335 -0.0058589
1.34 -0.0023825
1.345 -0.0015513
1.35 -0.0043386
1.355 -0.0067275
1.36 -0.0086908
1.365 -0.010796
1.37 -0.013029
1.375 -0.013693
1.38 -0.012175
1.385 -0.010864
1.39 -0.0098233
1.395 -0.0086632
1.4 -0.0075477
1.405 -0.0064264
1.41 -0.0052601
1.415 -0.0041961
1.42 -0.0030886
1.425 -0.0019665
1.43 -0.00091252
1.435 9.9657e-005
1.44 0.0011995
1.445 0.0022518
1.45 0.0033079
1.455 0.0032196
1.46 0.0012517
1.465 -0.00051909
1.47 -0.0020081
1.475 -0.0037191
1.48 -0.0048752
1.485 -0.0050169
1.49 -0.005471
1.495 -0.0044188
1.5 -0.00056501
1.505 0.0029025
1.51 0.0060256
1.515 0.0079777
1.52 0.0076101
1.525 0.0073754
1.53 0.0075007
1.535 0.0074707
1.54 0.007366
1.545 0.0073594
1.55 0.0073556
1.555 0.0072805
1.56 0.0072449
1.565 0.0072518
1.57 0.0072167
1.575 0.0072021
1.58 0.0071526
1.585 0.0062206
1.59 0.0036751
1.595 0.0013921
1.6 -0.00078414
1.605 -0.002902
1.61 -0.0066371
1.615 -0.012863
1.62 -0.018985
1.625 -0.02224
1.63 -0.021745
1.635 -0.021626
1.64 -0.021937
1.645 -0.021974
1.65 -0.022131
1.655 -0.020432
1.66 -0.015396
1.665 -0.01093
1.67 -0.0066016
1.675 -0.004818
1.68 -0.0072869
1.685 -0.009299
1.69 -0.01076
1.695 -0.011651
1.7 -0.010895
1.705 -0.010329
1.71 -0.0099141
1.715 -0.0094407
1.72 -0.0087879
1.725 -0.0084901
1.73 -0.0057119
1.735 0.00091129
1.74 0.0071619
1.745 0.011497
1.75 0.014008
1.755 0.016718
1.76 0.020877
1.765 0.027705
1.77 0.029608
1.775 0.023633
1.78 0.018814
1.785 0.014867
1.79 0.010384
1.795 0.0058469
1.8 0.0028581
1.805 0.0019619
1.81 0.00084438
1.815 0.00026756
1.82 0.0013263
1.825 0.0021307
1.83 0.0027857
1.835 0.0035138
1.84 0.0042764
1.845 0.0049558
1.85 0.0056678
1.855 0.0076474
1.86 0.012056
1.865 0.015907
1.87 0.019822
1.875 0.021362
1.88 0.019099
1.885 0.017098
1.89 0.015814
1.895 0.013508
1.9 0.010601
1.905 0.0075903
1.91 0.0077632
1.915 0.013246
1.92 0.014664
1.925 0.0094816
1.93 0.0055691
1.935 0.0039739
1.94 0.0055414
1.945 0.0023275
1.95 -0.0076142
1.955 -0.016994
1.96 -0.021513
1.965 -0.020475
1.97 -0.019934
1.975 -0.0187
1.98 -0.014028
1.985 -0.010132
1.99 -0.0061948
1.995 -0.0062185
2 -0.012063
2.005 -0.017933
2.01 -0.017074
2.015 -0.0080973
2.02 0.00038519
2.025 0.0011755
2.03 -0.0076421
2.035 -0.015591
2.04 -0.017495
2.045 -0.012017
2.05 -0.0075134
2.055 -0.0037469
2.06 0.00041558
2.065 0.0046178
2.07 0.008513
2.075 0.012605
2.08 0.016483
2.085 0.020514
2.09 0.021927
2.095 0.0189
2.1 0.016667
2.105 0.012361
2.11 0.0036681
2.115 -0.0046121
2.12 -0.01192
2.125 -0.020071
2.13 -0.022271
2.135 -0.015194
2.14 -0.009046
2.145 -0.0071873
2.15 -0.0093897
2.155 -0.011344
2.16 -0.0084117
2.165 0.0017212
2.17 0.010843
2.175 0.019066
2.18 0.027799
2.185 0.032525
2.19 0.029705
2.195 0.028232
2.2 0.024753
2.205 0.01671
2.21 0.0089769
2.215 0.0023079
2.22 -0.0051196
2.225 -0.011995
2.23 -0.019259
2.235 -0.021794
2.24 -0.017069
2.245 -0.013161
2.25 -0.0090355
2.255 -0.0021208
2.26 0.0042475
2.265 0.0094246
2.27 0.013128
2.275 0.017254
2.28 0.018889
2.285 0.016554
2.29 0.014499
2.295 0.013107
2.3 0.011297
2.305 0.0096928
2.31 0.0079794
2.315 0.0063893
2.32 0.00475
2.325 0.0031542
2.33 0.0015272
2.335 -6.2057e-006
2.34 0.0015459
2.345 0.009525
2.35 0.00951
2.355 -0.0029748
2.36 -0.013311
2.365 -0.02252
2.37 -0.025277
2.375 -0.014806
2.38 -0.0060661
2.385 0.0014333
2.39 0.0055024
2.395 0.0029249
2.4 0.0004435
2.405 0.00094053
2.41 0.0030095
2.415 0.0052615
2.42 0.0080952
2.425 0.014665
2.43 0.010109
2.435 -0.011022
2.44 -0.030547
2.445 -0.037798
2.45 -0.029943
2.455 -0.023948
2.46 -0.019409
2.465 -0.019985
2.47 -0.03161
2.475 -0.033624
2.48 -0.019804
2.485 -0.0060509
2.49 0.011598
2.495 0.023646
2.5 0.025374
2.505 0.028005
2.51 0.03252
2.515 0.03058
2.52 0.020246
2.525 0.014643
2.53 0.016578
2.535 0.012933
2.54 0.0022465
2.545 -0.0071211
2.55 -0.015419
2.555 -0.024843
2.56 -0.028185
2.565 -0.021989
2.57 -0.017065
2.575 -0.013367
2.58 -0.0059401
2.585 0.0070621
2.59 0.012896
2.595 0.0080982
2.6 0.0048772
2.605 0.002877
2.61 -5.2055e-005
2.615 -0.0027871
2.62 -0.0062893
2.625 -0.011887
2.63 -0.016891
2.635 -0.023966
2.64 -0.034389
2.645 -0.044786
2.65 -0.049412
2.655 -0.046211
2.66 -0.043699
2.665 -0.042588
2.67 -0.033638
2.675 -0.012087
2.68 0.0015087
2.685 0.0036025
2.69 0.0078256
2.695 0.013869
2.7 0.0209
2.705 0.022076
2.71 0.013925
2.715 0.006791
2.72 0.004312
2.725 0.0067789
2.73 0.0086164
2.735 0.0087436
2.74 0.0071494
2.745 0.0058314
2.75 0.0060783
2.755 0.0089627
2.76 0.011434
2.765 0.012792
2.77 0.012316
2.775 0.012238
2.78 0.012806
2.785 0.014895
2.79 0.016433
2.795 0.022062
2.8 0.034878
2.805 0.04105
2.81 0.036324
2.815 0.033563
2.82 0.031697
2.825 0.029227
2.83 0.026622
2.835 0.024539
2.84 0.021977
2.845 0.018625
2.85 0.012791
2.855 0.0076517
2.86 0.0022978
2.865 -0.0024795
2.87 -0.0096523
2.875 -0.018976
2.88 -0.028788
2.885 -0.032681
2.89 -0.029366
2.895 -0.026329
2.9 -0.025005
2.905 -0.02221
2.91 -0.020597
2.915 -0.012304
2.92 0.0049834
2.925 0.02226
2.93 0.027013
2.935 0.015965
2.94 0.0061511
2.945 0.0024985
2.95 0.0027739
2.955 0.0035668
2.96 -0.0064341
2.965 -0.031966
2.97 -0.056074
2.975 -0.072235
2.98 -0.080864
2.985 -0.083899
2.99 -0.077011
2.995 -0.070954
3 -0.066073
3.005 -0.060771
3.01 -0.055288
3.015 -0.05031
3.02 -0.044964
3.025 -0.041562
3.03 -0.040949
3.035 -0.040031
3.04 -0.038719
3.045 -0.037702
3.05 -0.036748
3.055 -0.034479
3.06 -0.030831
3.065 -0.023335
3.07 -0.0094179
3.075 0.0037387
3.08 0.015815
3.085 0.028616
3.09 0.036938
3.095 0.037743
3.1 0.039492
3.105 0.045648
3.11 0.058307
3.115 0.063346
3.12 0.057116
3.125 0.052412
3.13 0.049265
3.135 0.044922
3.14 0.040914
3.145 0.037056
3.15 0.033231
3.155 0.029267
3.16 0.025497
3.165 0.021636
3.17 0.018
3.175 0.014045
3.18 0.012931
3.185 0.015951
3.19 0.018663
3.195 0.020485
3.2 0.023126
3.205 0.017971
3.21 -0.0010463
3.215 -0.011111
3.22 -0.0076525
3.225 -0.006656
3.23 -0.0070472
3.235 -0.0060945
3.24 -0.0088738
3.245 -0.01857
3.25 -0.019156
3.255 -0.0058709
3.26 0.0097548
3.265 0.032588
3.27 0.047504
3.275 0.049235
3.28 0.045642
3.285 0.032069
3.29 0.018741
3.295 0.0070732
3.3 -0.0051563
3.305 -0.017728
3.31 -0.029558
3.315 -0.042055
3.32 -0.04718
3.325 -0.041048
3.33 -0.029491
3.335 -0.0066462
3.34 0.0053341
3.345 -0.00090954
3.35 -0.0046028
3.355 -0.0060096
3.36 -0.0091601
3.365 -0.011926
3.37 -0.014476
3.375 -0.017031
3.38 -0.0198
3.385 -0.022204
3.39 -0.024936
3.395 -0.027176
3.4 -0.0302
3.405 -0.024087
3.41 -0.0041507
3.415 0.014614
3.42 0.021178
3.425 0.011412
3.43 0.0040717
3.435 -0.0021729
3.44 0.00064727
3.445 0.020755
3.45 0.031469
3.455 0.026887
3.46 0.022374
3.465 0.012955
3.47 0.0036254
3.475 -0.0055778
3.48 -0.0081249
3.485 -0.0018335
3.49 0.0048223
3.495 -2.862e-005
3.5 -0.018077
3.505 -0.035909
3.51 -0.035277
3.515 -0.0097739
3.52 0.013382
3.525 0.01971
3.53 0.0049658
3.535 -0.0099128
3.54 -0.029512
3.545 -0.042362
3.55 -0.045505
3.555 -0.036625
3.56 -0.0096932
3.565 0.016862
3.57 0.028365
3.575 0.021688
3.58 0.017489
3.585 0.01481
3.59 0.017643
3.595 0.031118
3.6 0.044273
3.605 0.04439
3.61 0.026499
3.615 0.0073248
3.62 -0.018082
3.625 -0.030588
3.63 -0.021519
3.635 -0.014755
3.64 -0.011255
3.645 -0.00527
3.65 -0.00031701
3.655 0.009037
3.66 0.025487
3.665 0.041274
3.67 0.056614
3.675 0.075454
3.68 0.087232
3.685 0.089617
3.69 0.08673
3.695 0.075042
3.7 0.063445
3.705 0.053678
3.71 0.042816
3.715 0.0328
3.72 0.016685
3.725 -0.0086412
3.73 -0.03331
3.735 -0.051433
3.74 -0.063605
3.745 -0.066149
3.75 -0.05257
3.755 -0.037283
3.76 -0.017572
3.765 -0.0072825
3.77 -0.014037
3.775 -0.022364
3.78 -0.035909
3.785 -0.040599
3.79 -0.029936
3.795 -0.017462
3.8 -0.001936
3.805 0.015136
3.81 0.021658
3.815 0.01359
3.82 0.0016759
3.825 -0.017874
3.83 -0.037457
3.835 -0.055359
3.84 -0.074077
3.845 -0.084901
3.85 -0.082665
3.855 -0.075062
3.86 -0.056612
3.865 -0.039127
3.87 -0.022889
3.875 -0.007065
3.88 0.009461
3.885 0.024791
3.89 0.041055
3.895 0.056114
3.9 0.072259
3.905 0.08213
3.91 0.085125
3.915 0.079887
3.92 0.062685
3.925 0.045607
3.93 0.031499
3.935 0.014962
3.94 0.0085934
3.945 0.016796
3.95 0.024302
3.955 0.018994
3.96 -0.0011456
3.965 -0.020301
3.97 -0.030364
3.975 -0.03151
3.98 -0.023405
3.985 0.00048677
3.99 0.022878
3.995 0.042884
4 0.064169
4.005 0.079294
4.01 0.083725
4.015 0.08449
4.02 0.075887
4.025 0.069076
4.03 0.052762
4.035 0.021213
4.04 -0.018108
4.045 -0.068915
4.05 -0.12033
4.055 -0.15381
4.06 -0.16277
4.065 -0.17489
4.07 -0.18597
4.075 -0.18019
4.08 -0.14345
4.085 -0.085874
4.09 -0.038214
4.095 -0.014753
4.1 -0.0067432
4.105 0.0040682
4.11 0.015862
4.115 0.026377
4.12 0.033104
4.125 0.031978
4.13 0.039865
4.135 0.061551
4.14 0.081482
4.145 0.091155
4.15 0.087456
4.155 0.085633
4.16 0.081575
4.165 0.07092
4.17 0.061067
4.175 0.052111
4.18 0.050902
4.185 0.065222
4.19 0.076789
4.195 0.087893
4.2 0.087556
4.205 0.068859
4.21 0.046664
4.215 0.019997
4.22 -0.0083373
4.225 -0.023589
4.23 -0.020674
4.235 -0.019971
4.24 -0.021394
4.245 -0.020934
4.25 -0.020826
4.255 -0.023627
4.26 -0.032415
4.265 -0.030209
4.27 -0.01202
4.275 0.014308
4.28 0.056043
4.285 0.096434
4.29 0.13484
4.295 0.15793
4.3 0.13837
4.305 0.090763
4.31 0.036619
4.315 0.004084
4.32 0.0036515
4.325 -0.0092589
4.33 -0.040861
4.335 -0.054703
4.34 -0.043975
4.345 -0.048033
4.35 -0.071699
4.355 -0.082113
4.36 -0.075083
4.365 -0.068876
4.37 -0.057467
4.375 -0.055033
4.38 -0.068765
4.385 -0.080685
4.39 -0.090106
4.395 -0.1011
4.4 -0.11171
4.405 -0.1176
4.41 -0.11501
4.415 -0.12021
4.42 -0.13688
4.425 -0.14418
4.43 -0.11817
4.435 -0.052454
4.44 0.029353
4.445 0.091394
4.45 0.11577
4.455 0.12305
4.46 0.1353
4.465 0.14742
4.47 0.15875
4.475 0.16964
4.48 0.19094
4.485 0.22905
4.49 0.26459
4.495 0.29831
4.5 0.31972
4.505 0.30265
4.51 0.24344
4.515 0.1428
4.52 0.023238
4.525 -0.080812
4.53 -0.15081
4.535 -0.18921
4.54 -0.2068
4.545 -0.19914
4.55 -0.17181
4.555 -0.15553
4.56 -0.16044
4.565 -0.17618
4.57 -0.17646
4.575 -0.14126
4.58 -0.066581
4.585 0.030105
4.59 0.11722
4.595 0.17132
4.6 0.16267
4.605 0.10542
4.61 0.039196
4.615 -0.00092828
4.62 0.013356
4.625 0.064666
4.63 0.12714
4.635 0.16376
4.64 0.13284
4.645 0.041671
4.65 -0.054739
4.655 -0.10918
4.66 -0.11692
4.665 -0.090239
4.67 -0.030147
4.675 0.047398
4.68 0.10892
4.685 0.13142
4.69 0.131
4.695 0.13541
4.7 0.14151
4.705 0.14304
4.71 0.14128
4.715 0.14148
4.72 0.14603
4.725 0.12627
4.73 0.042595
4.735 -0.073577
4.74 -0.16595
4.745 -0.21746
4.75 -0.23619
4.755 -0.2305
4.76 -0.19756
4.765 -0.14522
4.77 -0.097203
4.775 -0.057785
4.78 -0.045074
4.785 -0.061634
4.79 -0.08593
4.795 -0.093506
4.8 -0.081921
4.805 -0.065074
4.81 -0.03707
4.815 -0.014869
4.82 -0.014667
4.825 -0.041339
4.83 -0.093397
4.835 -0.15849
4.84 -0.20428
4.845 -0.19844
4.85 -0.15816
4.855 -0.13292
4.86 -0.12191
4.865 -0.098743
4.87 -0.058936
4.875 -0.035239
4.88 -0.03253
4.885 -0.021537
4.89 0.021978
4.895 0.10733
4.9 0.19678
4.905 0.24328
4.91 0.24814
4.915 0.23329
4.92 0.19654
4.925 0.12373
4.93 0.028099
4.935 -0.054737
4.94 -0.10139
4.945 -0.09411
4.95 -0.056253
4.955 -0.034896
4.96 -0.030079
4.965 -0.021253
4.97 -0.011406
4.975 -0.0032623
4.98 0.0055883
4.985 0.01402
4.99 0.02848
4.995 0.053668
5 0.072543
5.005 0.071767
5.01 0.049086
5.015 0.024578
5.02 0.011978
5.025 -0.0013668
5.03 -0.016587
5.035 -0.030849
5.04 -0.049305
5.045 -0.075549
5.05 -0.10012
5.055 -0.12419
5.06 -0.14476
5.065 -0.15967
5.07 -0.17434
5.075 -0.18565
5.08 -0.17406
5.085 -0.14399
5.09 -0.10967
5.095 -0.064786
5.1 -0.018559
5.105 0.028074
5.11 0.060876
5.115 0.051456
5.12 0.018952
5.125 -0.0078078
5.13 -0.021745
5.135 -0.018315
5.14 -0.02271
5.145 -0.040548
5.15 -0.044349
5.155 -0.016832
5.16 0.024842
5.165 0.051467
5.17 0.058337
5.175 0.079762
5.18 0.12106
5.185 0.15851
5.19 0.18562
5.195 0.18861
5.2 0.16157
5.205 0.097222
5.21 0.010221
5.215 -0.072339
5.22 -0.13785
5.225 -0.16547
5.23 -0.15787
5.235 -0.13983
5.24 -0.11642
5.245 -0.079941
5.25 -0.034297
5.255 0.02645
5.26 0.088037
5.265 0.15285
5.27 0.20464
5.275 0.22358
5.28 0.21667
5.285 0.18754
5.29 0.14197
5.295 0.10056
5.3 0.059564
5.305 0.026945
5.31 0.0075503
5.315 -0.0022891
5.32 0.0031069
5.325 -0.0048673
5.33 -0.055093
5.335 -0.12788
5.34 -0.19474
5.345 -0.24808
5.35 -0.26938
5.355 -0.25372
5.36 -0.20395
5.365 -0.1373
5.37 -0.089025
5.375 -0.074843
5.38 -0.070574
5.385 -0.054031
5.39 -0.022016
5.395 -0.0043128
5.4 -0.0054656
5.405 -0.0042951
5.41 9.6234e-005
5.415 -0.0076858
5.42 -0.030353
5.425 -0.047893
5.43 -0.042476
5.435 -0.017831
5.44 0.01098
5.445 0.049466
5.45 0.088197
5.455 0.11918
5.46 0.14173
5.465 0.16492
5.47 0.19669
5.475 0.24141
5.48 0.28399
5.485 0.3188
5.49 0.33293
5.495 0.31915
5.5 0.27186
5.505 0.20879
5.51 0.14903
5.515 0.1002
5.52 0.06403
5.525 0.039394
5.53 0.049534
5.535 0.082898
5.54 0.1023
5.545 0.093441
5.55 0.059299
5.555 0.014065
5.56 -0.01891
5.565 -0.036865
5.57 -0.049677
5.575 -0.051035
5.58 -0.052877
5.585 -0.056087
5.59 -0.058867
5.595 -0.061098
5.6 -0.064026
5.605 -0.066454
5.61 -0.06911
5.615 -0.081205
5.62 -0.11266
5.625 -0.12628
5.63 -0.11448
5.635 -0.10337
5.64 -0.091269
5.645 -0.076601
5.65 -0.063958
5.655 -0.050456
5.66 -0.038129
5.665 -0.018101
5.67 0.011863
5.675 0.042069
5.68 0.052922
5.685 0.037176
5.69 0.024056
5.695 0.015042
5.7 -0.0028004
5.705 -0.030175
5.71 -0.061342
5.715 -0.10137
5.72 -0.13063
5.725 -0.12797
5.73 -0.10685
5.735 -0.095454
5.74 -0.10155
5.745 -0.1334
5.75 -0.18364
5.755 -0.23032
5.76 -0.26319
5.765 -0.26313
5.77 -0.2305
5.775 -0.16145
5.78 -0.068466
5.785 0.01991
5.79 0.093913
5.795 0.13715
5.8 0.16006
5.805 0.18794
5.81 0.21581
5.815 0.25382
5.82 0.31191
5.825 0.3571
5.83 0.3678
5.835 0.34639
5.84 0.29176
5.845 0.21403
5.85 0.12945
5.855 0.063706
5.86 0.031286
5.865 0.0089618
5.87 -0.018197
5.875 -0.043463
5.88 -0.069325
5.885 -0.085226
5.89 -0.087933
5.895 -0.074575
5.9 -0.036456
5.905 0.0076417
5.91 0.060347
5.915 0.10938
5.92 0.1341
5.925 0.13796
5.93 0.13375
5.935 0.11074
5.94 0.089356
5.945 0.069843
5.95 0.058458
5.955 0.061137
5.96 0.062813
5.965 0.062414
5.97 0.056702
5.975 0.038277
5.98 0.021967
5.985 0.0063071
5.99 0.0019153
5.995 0.027451
6 0.079218
6.005 0.14106
6.01 0.19362
6.015 0.21924
6.02 0.22736
6.025 0.22568
6.03 0.1908
6.035 0.12576
6.04 0.046715
6.045 -0.020919
6.05 -0.076754
6.055 -0.12423
6.06 -0.15747
6.065 -0.17765
6.07 -0.17661
6.075 -0.18271
6.08 -0.19958
6.085 -0.21457
6.09 -0.22242
6.095 -0.22328
6.1 -0.21337
6.105 -0.17543
6.11 -0.12228
6.115 -0.079291
6.12 -0.045756
6.125 -0.01018
6.13 0.025449
6.135 0.061053
6.14 0.097989
6.145 0.13492
6.15 0.16042
6.155 0.15396
6.16 0.12694
6.165 0.11276
6.17 0.11207
6.175 0.1088
6.18 0.097937
6.185 0.077552
6.19 0.058005
6.195 0.04541
6.2 0.042044
6.205 0.037412
6.21 0.030783
6.215 0.021615
6.22 0.013572
6.225 -0.00078863
6.23 -0.024971
6.235 -0.048071
6.24 -0.069465
6.245 -0.091602
6.25 -0.11366
6.255 -0.12836
6.26 -0.14111
6.265 -0.18195
6.27 -0.23321
6.275 -0.28128
6.28 -0.31365
6.285 -0.32488
6.29 -0.3283
6.295 -0.3206
6.3 -0.3069
6.305 -0.28583
6.31 -0.27406
6.315 -0.28007
6.32 -0.27553
6.325 -0.25754
6.33 -0.24119
6.335 -0.24191
6.34 -0.26633
6.345 -0.28165
6.35 -0.26075
6.355 -0.19528
6.36 -0.11387
6.365 -0.045857
6.37 0.0087863
6.375 0.065926
6.38 0.11482
6.385 0.13402
6.39 0.13282
6.395 0.13662
6.4 0.14079
6.405 0.14456
6.41 0.13553
6.415 0.10598
6.42 0.069923
6.425 0.011942
6.43 -0.059539
6.435 -0.12719
6.44 -0.18452
6.445 -0.21937
6.45 -0.22843
6.455 -0.2102
6.46 -0.16329
6.465 -0.10325
6.47 -0.040579
6.475 0.031149
6.48 0.10231
6.485 0.17085
6.49 0.24014
6.495 0.29725
6.5 0.33356
6.505 0.37254
6.51 0.40467
6.515 0.408
6.52 0.37267
6.525 0.29475
6.53 0.18358
6.535 0.063349
6.54 -0.041456
6.545 -0.1038
6.55 -0.12415
6.555 -0.13042
6.56 -0.15147
6.565 -0.18733
6.57 -0.22088
6.575 -0.2418
6.58 -0.2343
6.585 -0.20912
6.59 -0.18933
6.595 -0.1634
6.6 -0.12622
6.605 -0.082577
6.61 -0.027333
6.615 0.023022
6.62 0.062679
6.625 0.11583
6.63 0.18898
6.635 0.25307
6.64 0.29454
6.645 0.31009
6.65 0.29451
6.655 0.25845
6.66 0.22699
6.665 0.18999
6.67 0.12733
6.675 0.039425
6.68 -0.057192
6.685 -0.1415
6.69 -0.20168
6.695 -0.24011
6.7 -0.25083
6.705 -0.24202
6.71 -0.24573
6.715 -0.265
6.72 -0.28122
6.725 -0.2894
6.73 -0.27747
6.735 -0.23349
6.74 -0.16765
6.745 -0.11431
6.75 -0.085839
6.755 -0.071039
6.76 -0.053131
6.765 -0.03305
6.77 -0.018864
6.775 -0.034434
6.78 -0.067261
6.785 -0.10432
6.79 -0.15278
6.795 -0.19482
6.8 -0.20514
6.805 -0.19327
6.81 -0.17493
6.815 -0.14034
6.82 -0.10666
6.825 -0.075264
6.83 -0.052608
6.835 -0.045845
6.84 -0.037904
6.845 -0.027624
6.85 -0.01936
6.855 0.010158
6.86 0.099847
6.865 0.22005
6.87 0.32148
6.875 0.38407
6.88 0.4209
6.885 0.45264
6.89 0.45956
6.895 0.43687
6.9 0.40156
6.905 0.37787
6.91 0.36884
6.915 0.35664
6.92 0.35363
6.925 0.36883
6.93 0.38188
6.935 0.37658
6.94 0.31615
6.945 0.19896
6.95 0.066223
6.955 -0.040984
6.96 -0.10015
6.965 -0.1155
6.97 -0.10942
6.975 -0.10788
6.98 -0.10767
6.985 -0.10277
6.99 -0.092561
6.995 -0.083956
7 -0.07187
7.005 -0.054337
7.01 -0.037002
7.015 -0.030604
7.02 -0.050825
7.025 -0.087484
7.03 -0.11325
7.035 -0.12846
7.04 -0.14047
7.045 -0.1443
7.05 -0.15097
7.055 -0.16463
7.06 -0.17091
7.065 -0.16702
7.07 -0.16482
7.075 -0.16369
7.08 -0.16167
7.085 -0.1522
7.09 -0.11351
7.095 -0.052012
7.1 0.0014342
7.105 0.047638
7.11 0.09612
7.115 0.15787
7.12 0.27743
7.125 0.44958
7.13 0.57914
7.135 0.60144
7.14 0.53522
7.145 0.457
7.15 0.41106
7.155 0.36236
7.16 0.26515
7.165 0.15529
7.17 0.077518
7.175 0.029622
7.18 -0.0020286
7.185 -0.053059
7.19 -0.15318
7.195 -0.2805
7.2 -0.35676
7.205 -0.30829
7.21 -0.20637
7.215 -0.16595
7.22 -0.15583
7.225 -0.096968
7.23 0.0047629
7.235 0.10147
7.24 0.16368
7.245 0.20562
7.25 0.24759
7.255 0.27194
7.26 0.25049
7.265 0.18996
7.27 0.12612
7.275 0.079151
7.28 0.052143
7.285 0.022573
7.29 -0.0087986
7.295 -0.039194
7.3 -0.069213
7.305 -0.094517
7.31 -0.10953
7.315 -0.12661
7.32 -0.14171
7.325 -0.15484
7.33 -0.15704
7.335 -0.1449
7.34 -0.12623
7.345 -0.10019
7.35 -0.057623
7.355 0.0091241
7.36 0.065687
7.365 0.085494
7.37 0.077995
7.375 0.075825
7.38 0.075567
7.385 0.073351
7.39 0.071348
7.395 0.070141
7.4 0.061707
7.405 0.027209
7.41 -0.046901
7.415 -0.1558
7.42 -0.27926
7.425 -0.38545
7.43 -0.44949
7.435 -0.46517
7.44 -0.4424
7.445 -0.39152
7.45 -0.31539
7.455 -0.22485
7.46 -0.14701
7.465 -0.085618
7.47 -0.021388
7.475 0.03547
7.48 0.077447
7.485 0.12041
7.49 0.17309
7.495 0.23796
7.5 0.30056
7.505 0.35166
7.51 0.36463
7.515 0.32243
7.52 0.22143
7.525 0.092352
7.53 -0.030602
7.535 -0.13661
7.54 -0.22291
7.545 -0.29563
7.55 -0.32378
7.555 -0.2952
7.56 -0.23438
7.565 -0.16927
7.57 -0.1206
7.575 -0.095486
7.58 -0.066859
7.585 -0.043038
7.59 -0.030921
7.595 -0.023277
7.6 -0.022411
7.605 -0.022153
7.61 -0.020182
7.615 -0.02147
7.62 -0.026651
7.625 -0.031274
7.63 -0.0354
7.635 -0.034253
7.64 -0.02173
7.645 -0.026008
7.65 -0.058376
7.655 -0.068124
7.66 -0.041966
7.665 -0.036032
7.67 -0.05626
7.675 -0.047575
7.68 0.038329
7.685 0.14173
7.69 0.15154
7.695 0.10181
7.7 0.081508
7.705 0.071588
7.71 0.021234
7.715 -0.038834
7.72 -0.050938
7.725 -0.027602
7.73 -0.016711
7.735 -0.031477
7.74 -0.069019
7.745 -0.090523
7.75 -0.088996
7.755 -0.093879
7.76 -0.10565
7.765 -0.11419
7.77 -0.13248
7.775 -0.16894
7.78 -0.19461
7.785 -0.20619
7.79 -0.21254
7.795 -0.20805
7.8 -0.19727
7.805 -0.17797
7.81 -0.15923
7.815 -0.1418
7.82 -0.12391
7.825 -0.1063
7.83 -0.078357
7.835 -0.021843
7.84 0.046555
7.845 0.10425
7.85 0.13338
7.855 0.14017
7.86 0.14585
7.865 0.14541
7.87 0.14446
7.875 0.13988
7.88 0.12804
7.885 0.10959
7.89 0.080554
7.895 0.047561
7.9 0.0075156
7.905 -0.03135
7.91 -0.069893
7.915 -0.09997
7.92 -0.11733
7.925 -0.13489
7.93 -0.16523
7.935 -0.21237
7.94 -0.25858
7.945 -0.30559
7.95 -0.34336
7.955 -0.34962
7.96 -0.31349
7.965 -0.23479
7.97 -0.13519
7.975 -0.053074
7.98 0.010626
7.985 0.061858
7.99 0.087778
7.995 0.11555
8 0.14175
8.005 0.15987
8.01 0.16847
8.015 0.16284
8.02 0.15787
8.025 0.14978
8.03 0.11724
8.035 0.056822
8.04 -0.013533
8.045 -0.05939
8.05 -0.048356
8.055 -0.0076553
8.06 0.024123
8.065 0.055497
8.07 0.076204
8.075 0.075242
8.08 0.076159
8.085 0.088718
8.09 0.11552
8.095 0.13309
8.1 0.13922
8.105 0.13618
8.11 0.11762
8.115 0.088087
8.12 0.040606
8.125 0.002608
8.13 -0.019958
8.135 -0.043417
8.14 -0.066035
8.145 -0.088083
8.15 -0.11337
8.155 -0.12729
8.16 -0.1215
8.165 -0.13024
8.17 -0.16161
8.175 -0.17897
8.18 -0.16489
8.185 -0.13568
8.19 -0.11082
8.195 -0.078602
8.2 -0.017602
8.205 0.063364
8.21 0.13871
8.215 0.21275
8.22 0.28063
8.225 0.33639
8.23 0.38148
8.235 0.39066
8.24 0.37256
8.245 0.36055
8.25 0.35034
8.255 0.33939
8.26 0.33106
8.265 0.32311
8.27 0.30792
8.275 0.26877
8.28 0.21012
8.285 0.15978
8.29 0.13088
8.295 0.1304
8.3 0.14561
8.305 0.17058
8.31 0.17311
8.315 0.14337
8.32 0.11697
8.325 0.10979
8.33 0.13291
8.335 0.16711
8.34 0.19664
8.345 0.22628
8.35 0.25208
8.355 0.2597
8.36 0.24053
8.365 0.20876
8.37 0.18004
8.375 0.15277
8.38 0.11448
8.385 0.050059
8.39 -0.028047
8.395 -0.10116
8.4 -0.16701
8.405 -0.20356
8.41 -0.21487
8.415 -0.2237
8.42 -0.22575
8.425 -0.21422
8.43 -0.18433
8.435 -0.15659
8.44 -0.13119
8.445 -0.10481
8.45 -0.071151
8.455 -0.023233
8.46 0.001567
8.465 -0.010798
8.47 -0.017804
8.475 -0.015708
8.48 -0.0068201
8.485 8.1337e-005
8.49 0.019841
8.495 0.060449
8.5 0.091292
8.505 0.084901
8.51 0.037322
8.515 -0.023407
8.52 -0.063275
8.525 -0.060477
8.53 -0.038013
8.535 -0.014134
8.54 0.020259
8.545 0.054955
8.55 0.077283
8.555 0.069059
8.56 0.027315
8.565 -0.031046
8.57 -0.086605
8.575 -0.14645
8.58 -0.19094
8.585 -0.20096
8.59 -0.18793
8.595 -0.14724
8.6 -0.072375
8.605 0.016499
8.61 0.092282
8.615 0.13764
8.62 0.16362
8.625 0.19867
8.63 0.23029
8.635 0.20448
8.64 0.1885
8.645 0.29371
8.65 0.39728
8.655 0.34129
8.66 0.19012
8.665 0.094376
8.67 0.050866
8.675 -0.014175
8.68 -0.097196
8.685 -0.16574
8.69 -0.22163
8.695 -0.28023
8.7 -0.32011
8.705 -0.29268
8.71 -0.20725
8.715 -0.11461
8.72 -0.036116
8.725 0.031984
8.73 0.087182
8.735 0.10786
8.74 0.10521
8.745 0.080521
8.75 0.038745
8.755 -0.00047003
8.76 -0.030715
8.765 -0.049968
8.77 -0.081623
8.775 -0.13326
8.78 -0.18154
8.785 -0.21921
8.79 -0.24253
8.795 -0.28501
8.8 -0.34579
8.805 -0.33177
8.81 -0.22481
8.815 -0.13925
8.82 -0.10065
8.825 -0.054111
8.83 -0.0024705
8.835 0.026113
8.84 0.013553
8.845 -0.012187
8.85 -0.033098
8.855 -0.044506
8.86 -0.048577
8.865 -0.077056
8.87 -0.10228
8.875 -0.083764
8.88 -0.058903
8.885 -0.080029
8.89 -0.1316
8.895 -0.18261
8.9 -0.24388
8.905 -0.29669
8.91 -0.31628
8.915 -0.29941
8.92 -0.26714
8.925 -0.23884
8.93 -0.21176
8.935 -0.17803
8.94 -0.13464
8.945 -0.10315
8.95 -0.080557
8.955 -0.024074
8.96 0.06357
8.965 0.15798
8.97 0.2366
8.975 0.29672
8.98 0.34317
8.985 0.34093
8.99 0.2775
8.995 0.18469
9 0.11039
9.005 0.064751
9.01 0.038352
9.015 0.012791
9.02 -0.019882
9.025 -0.058528
9.03 -0.10685
9.035 -0.14443
9.04 -0.15267
9.045 -0.1362
9.05 -0.09166
9.055 -0.031976
9.06 0.024892
9.065 0.067976
9.07 0.093588
9.075 0.11274
9.08 0.12102
9.085 0.12936
9.09 0.14599
9.095 0.18274
9.1 0.23081
9.105 0.26588
9.11 0.26088
9.115 0.2289
9.12 0.19096
9.125 0.13668
9.13 0.07903
9.135 0.017029
9.14 -0.034639
9.145 -0.05794
9.15 -0.050831
9.155 -0.027961
9.16 -0.0076051
9.165 0.0027168
9.17 0.00072279
9.175 -0.00022582
9.18 0.00061231
9.185 1.5488e-005
9.19 0.0082338
9.195 0.031953
9.2 0.045648
9.205 0.034676
9.21 -0.0023138
9.215 -0.053804
9.22 -0.10204
9.225 -0.14876
9.23 -0.18443
9.235 -0.18213
9.24 -0.15792
9.245 -0.13857
9.25 -0.13468
9.255 -0.15235
9.26 -0.16767
9.265 -0.17829
9.27 -0.18572
9.275 -0.19459
9.28 -0.19405
9.285 -0.18028
9.29 -0.16082
9.295 -0.13256
9.3 -0.094023
9.305 -0.02713
9.31 0.057824
9.315 0.13104
9.32 0.17774
9.325 0.19167
9.33 0.19043
9.335 0.19289
9.34 0.19628
9.345 0.19033
9.35 0.15479
9.355 0.092226
9.36 0.058563
9.365 0.067156
9.37 0.067935
9.375 0.07987
9.38 0.12073
9.385 0.15751
9.39 0.18929
9.395 0.22074
9.4 0.26394
9.405 0.32769
9.41 0.36914
9.415 0.35815
9.42 0.32828
9.425 0.3053
9.43 0.28249
9.435 0.25814
9.44 0.23512
9.445 0.21192
9.45 0.18915
9.455 0.16613
9.46 0.13948
9.465 0.10192
9.47 0.095188
9.475 0.12153
9.48 0.10271
9.485 0.079266
9.49 0.060936
9.495 -0.048191
9.5 -0.22451
9.505 -0.35975
9.51 -0.42792
9.515 -0.46729
9.52 -0.50435
9.525 -0.4863
9.53 -0.39722
9.535 -0.29876
9.54 -0.21839
9.545 -0.15085
9.55 -0.081499
9.555 -0.012355
9.56 0.055914
9.565 0.11716
9.57 0.16774
9.575 0.20585
9.58 0.18682
9.585 0.091736
9.59 -0.0098163
9.595 -0.081157
9.6 -0.15593
9.605 -0.22199
9.61 -0.25082
9.615 -0.25968
9.62 -0.28058
9.625 -0.30093
9.63 -0.28525
9.635 -0.24996
9.64 -0.22043
9.645 -0.19322
9.65 -0.16512
9.655 -0.15009
9.66 -0.15549
9.665 -0.15821
9.67 -0.15873
9.675 -0.16056
9.68 -0.16263
9.685 -0.16376
9.69 -0.16595
9.695 -0.16685
9.7 -0.17821
9.705 -0.19152
9.71 -0.14482
9.715 -0.043249
9.72 0.016275
9.725 0.019457
9.73 0.060772
9.735 0.16783
9.74 0.24564
9.745 0.2377
9.75 0.24627
9.755 0.33702
9.76 0.41716
9.765 0.40832
9.77 0.35981
9.775 0.33527
9.78 0.33029
9.785 0.31244
9.79 0.28145
9.795 0.26176
9.8 0.25835
9.805 0.24161
9.81 0.20711
9.815 0.17584
9.82 0.14698
9.825 0.11626
9.83 0.086865
9.835 0.056951
9.84 0.039332
9.845 0.04155
9.85 0.041757
9.855 0.03522
9.86 0.022786
9.865 0.014573
9.87 0.013076
9.875 0.0048541
9.88 -0.013991
9.885 -0.03325
9.89 -0.057042
9.895 -0.069552
9.9 -0.054527
9.905 -0.02665
9.91 -0.012847
9.915 -0.013337
9.92 -0.021549
9.925 -0.045016
9.93 -0.073681
9.935 -0.11172
9.94 -0.13633
9.945 -0.12523
9.95 -0.078611
9.955 -0.01481
9.96 0.046161
9.965 0.095187
9.97 0.1307
9.975 0.15285
9.98 0.14275
9.985 0.11832
9.99 0.10479
9.995 0.10056
10 0.094529
10.005 0.076587
10.01 0.039638
10.015 0.0056757
10.02 -0.026441
10.025 -0.061918
10.03 -0.10395
10.035 -0.13277
10.04 -0.14462
10.045 -0.14769
10.05 -0.12497
10.055 -0.068494
10.06 0.0051103
10.065 0.071122
10.07 0.11359
10.075 0.136
10.08 0.15558
10.085 0.16834
10.09 0.18007
10.095 0.20022
10.1 0.23235
10.105 0.26198
10.11 0.29116
10.115 0.30788
10.12 0.29488
10.125 0.25296
10.13 0.18981
10.135 0.12887
10.14 0.065965
10.145 0.014214
10.15 -0.018426
10.155 -0.046258
10.16 -0.065929
10.165 -0.084919
10.17 -0.1052
10.175 -0.12894
10.18 -0.16058
10.185 -0.18396
10.19 -0.19479
10.195 -0.20311
10.2 -0.20569
10.205 -0.20781
10.21 -0.2112
10.215 -0.20943
10.22 -0.19936
10.225 -0.19081
10.23 -0.18285
10.235 -0.17518
10.24 -0.15385
10.245 -0.095188
10.25 -0.024593
10.255 0.012745
10.26 0.03
10.265 0.056927
10.27 0.092833
10.275 0.11378
10.28 0.11448
10.285 0.11845
10.29 0.11638
10.295 0.083184
10.3 0.0061798
10.305 -0.095894
10.31 -0.18751
10.315 -0.26046
10.32 -0.31162
10.325 -0.34
10.33 -0.33633
10.335 -0.29594
10.34 -0.23859
10.345 -0.19478
10.35 -0.16527
10.355 -0.13348
10.36 -0.095675
10.365 -0.049409
10.37 -0.019694
10.375 -0.017253
10.38 -0.010697
10.385 -0.0020028
10.39 0.005678
10.395 -0.0071273
10.4 -0.064815
10.405 -0.11744
10.41 -0.11422
10.415 -0.090928
10.42 -0.064224
10.425 -0.040536
10.43 -0.075504
10.435 -0.16019
10.44 -0.22233
10.445 -0.1996
10.45 -0.14201
10.455 -0.15935
10.46 -0.24077
10.465 -0.28086
10.47 -0.25082
10.475 -0.20781
10.48 -0.20668
10.485 -0.22048
10.49 -0.17432
10.495 -0.050269
10.5 0.077053
10.505 0.16711
10.51 0.29872
10.515 0.50248
10.52 0.63138
10.525 0.59196
10.53 0.48006
10.535 0.41556
10.54 0.40114
10.545 0.38859
10.55 0.30797
10.555 0.18246
10.56 0.16403
10.565 0.16629
10.57 0.0015777
10.575 -0.25655
10.58 -0.44395
10.585 -0.51983
10.59 -0.55187
10.595 -0.58228
10.6 -0.58068
10.605 -0.54963
10.61 -0.50691
10.615 -0.45176
10.62 -0.34618
10.625 -0.21928
10.63 -0.14697
10.635 -0.11945
10.64 -0.065277
10.645 0.016671
10.65 0.091406
10.655 0.16341
10.66 0.23041
10.665 0.28294
10.67 0.33314
10.675 0.37671
10.68 0.41093
10.685 0.38481
10.69 0.29489
10.695 0.21557
10.7 0.13996
10.705 0.066943
10.71 0.04507
10.715 0.058895
10.72 0.054365
10.725 0.028207
10.73 0.033687
10.735 0.083819
10.74 0.11786
10.745 0.13186
10.75 0.15138
10.755 0.17569
10.76 0.20608
10.765 0.22679
10.77 0.23295
10.775 0.24007
10.78 0.25034
10.785 0.24435
10.79 0.21602
10.795 0.18144
10.8 0.13403
10.805 0.08746
10.81 0.035352
10.815 -0.030534
10.82 -0.096878
10.825 -0.16674
10.83 -0.22248
10.835 -0.25413
10.84 -0.28784
10.845 -0.32502
10.85 -0.33152
10.855 -0.25594
10.86 -0.13299
10.865 -0.041708
10.87 -0.00028913
10.875 0.025869
10.88 0.056933
10.885 0.082085
10.89 0.085735
10.895 0.06096
10.9 0.019885
10.905 -0.016955
10.91 -0.05374
10.915 -0.092985
10.92 -0.11879
10.925 -0.10101
10.93 -0.056144
10.935 -0.016793
10.94 0.0085502
10.945 0.01801
10.95 0.020783
10.955 0.011825
10.96 -0.00085258
10.965 -0.021784
10.97 -0.024473
10.975 0.0015979
10.98 0.028894
10.985 0.060116
10.99 0.085242
10.995 0.082543
11 0.06233
11.005 0.042619
11.01 0.016907
11.015 -0.0047332
11.02 -0.017542
11.025 -0.031451
11.03 -0.039326
11.035 -0.022953
11.04 0.0081816
11.045 0.036134
11.05 0.051965
11.055 0.050285
11.06 0.050814
11.065 0.052865
11.07 0.054195
11.075 0.05471
11.08 0.052629
11.085 0.029252
11.09 -0.011821
11.095 -0.051002
11.1 -0.073458
11.105 -0.075931
11.11 -0.076025
11.115 -0.073445
11.12 -0.061023
11.125 -0.035975
11.13 -0.012216
11.135 0.0098924
11.14 0.034507
11.145 0.058817
11.15 0.08651
11.155 0.09778
11.16 0.10024
11.165 0.14077
11.17 0.18729
11.175 0.19096
11.18 0.16629
11.185 0.13831
11.19 0.10399
11.195 0.098989
11.2 0.11948
11.205 0.10007
11.21 -0.0063875
11.215 -0.12178
11.22 -0.15623
11.225 -0.14279
11.23 -0.14687
11.235 -0.15787
11.24 -0.16484
11.245 -0.171
11.25 -0.17684
11.255 -0.18167
11.26 -0.18042
11.265 -0.15614
11.27 -0.11856
11.275 -0.083713
11.28 -0.05816
11.285 -0.052396
11.29 -0.070512
11.295 -0.10052
11.3 -0.1227
11.305 -0.12231
11.31 -0.10515
11.315 -0.091303
11.32 -0.078702
11.325 -0.070861
11.33 -0.074117
11.335 -0.075835
11.34 -0.081536
11.345 -0.097176
11.35 -0.11127
11.355 -0.13119
11.36 -0.16415
11.365 -0.19507
11.37 -0.22456
11.375 -0.25546
11.38 -0.28134
11.385 -0.29784
11.39 -0.31087
11.395 -0.30394
11.4 -0.2823
11.405 -0.25442
11.41 -0.21513
11.415 -0.15952
11.42 -0.071626
11.425 0.024707
11.43 0.10707
11.435 0.16056
11.44 0.19557
11.445 0.22813
11.45 0.25248
11.455 0.27607
11.46 0.3039
11.465 0.33644
11.47 0.35728
11.475 0.34468
11.48 0.29151
11.485 0.20273
11.49 0.099949
11.495 0.014607
11.5 -0.030532
11.505 -0.037174
11.51 -0.015419
11.515 0.01999
11.52 0.052104
11.525 0.08345
11.53 0.10103
11.535 0.075734
11.54 0.026013
11.545 -0.0083436
11.55 -0.025494
11.555 -0.030773
11.56 0.023089
11.565 0.057521
11.57 -0.0018324
11.575 0.0019602
11.58 0.060899
11.585 0.067708
11.59 0.021997
11.595 -0.015921
11.6 0.0012946
11.605 0.035552
11.61 0.06147
11.615 0.088392
11.62 0.11807
11.625 0.13614
11.63 0.13828
11.635 0.12904
11.64 0.089265
11.645 0.036275
11.65 -0.005036
11.655 -0.033827
11.66 -0.065694
11.665 -0.090212
11.67 -0.089704
11.675 -0.070891
11.68 -0.057047
11.685 -0.046341
11.69 -0.041304
11.695 -0.03406
11.7 -0.040121
11.705 -0.06504
11.71 -0.089427
11.715 -0.0992
11.72 -0.095367
11.725 -0.081764
11.73 -0.054059
11.735 -0.018071
11.74 0.029448
11.745 0.076365
11.75 0.12092
11.755 0.15542
11.76 0.15548
11.765 0.13558
11.77 0.11512
11.775 0.08792
11.78 0.059482
11.785 0.03392
11.79 -0.00062629
11.795 -0.047724
11.8 -0.093558
11.805 -0.12981
11.81 -0.15541
11.815 -0.18133
11.82 -0.20923
11.825 -0.22224
11.83 -0.20554
11.835 -0.17984
11.84 -0.16376
11.845 -0.15582
11.85 -0.14662
11.855 -0.13248
11.86 -0.11231
11.865 -0.087583
11.87 -0.054675
11.875 -0.022803
11.88 0.0078504
11.885 0.038522
11.89 0.069387
11.895 0.091714
11.9 0.090822
11.905 0.076419
11.91 0.065565
11.915 0.055459
11.92 0.044256
11.925 0.033915
11.93 0.022989
11.935 0.028606
11.94 0.063537
11.945 0.087206
11.95 0.096665
11.955 0.10828
11.96 0.13551
11.965 0.18413
11.97 0.22309
11.975 0.23096
11.98 0.2048
11.985 0.16208
11.99 0.12458
11.995 0.086858
12 0.063741
12.005 0.06605
12.01 0.066049
12.015 0.05989
12.02 0.052708
12.025 0.031754
12.03 -0.013677
12.035 -0.055396
12.04 -0.096311
12.045 -0.12441
12.05 -0.13143
12.055 -0.12737
12.06 -0.10578
12.065 -0.080353
12.07 -0.049239
12.075 -0.031179
12.08 -0.036415
12.085 -0.038419
12.09 -0.042928
12.095 -0.057307
12.1 -0.079006
12.105 -0.11398
12.11 -0.14734
12.115 -0.18492
12.12 -0.23253
12.125 -0.27932
12.13 -0.31455
12.135 -0.32628
12.14 -0.31083
12.145 -0.27771
12.15 -0.24338
12.155 -0.20258
12.16 -0.16211
12.165 -0.11975
12.17 -0.072288
12.175 -0.032366
12.18 -0.016545
12.185 -0.014248
12.19 -0.0091764
12.195 -0.0028961
12.2 0.0016303
12.205 0.0085187
12.21 0.016862
12.215 0.031134
12.22 0.05436
12.225 0.077096
12.23 0.091511
12.235 0.095399
12.24 0.10076
12.245 0.10051
12.25 0.087463
12.255 0.076474
12.26 0.064067
12.265 0.046906
12.27 0.029503
12.275 0.023576
12.28 0.033238
12.285 0.049836
12.29 0.080449
12.295 0.098342
12.3 0.094968
12.305 0.090773
12.31 0.082025
12.315 0.072459
12.32 0.063761
12.325 0.055523
12.33 0.04621
12.335 0.046765
12.34 0.062159
12.345 0.075929
12.35 0.087452
12.355 0.10059
12.36 0.11268
12.365 0.13607
12.37 0.17965
12.375 0.21269
12.38 0.23134
12.385 0.24127
12.39 0.23191
12.395 0.22445
12.4 0.21357
12.405 0.19351
12.41 0.16544
12.415 0.12644
12.42 0.08695
12.425 0.061848
12.43 0.053984
12.435 0.05256
12.44 0.061811
12.445 0.078121
12.45 0.10429
12.455 0.12955
12.46 0.15713
12.465 0.19256
12.47 0.21802
12.475 0.22879
12.48 0.22542
12.485 0.19441
12.49 0.1753
12.495 0.17522
12.5 0.15684
12.505 0.094652
12.51 0.016678
12.515 -0.065282
12.52 -0.15971
12.525 -0.25475
12.53 -0.32884
12.535 -0.37547
12.54 -0.42515
12.545 -0.47141
12.55 -0.50531
12.555 -0.5246
12.56 -0.50062
12.565 -0.45495
12.57 -0.4069
12.575 -0.3477
12.58 -0.27211
12.585 -0.16375
12.59 -0.042511
12.595 0.061365
12.6 0.14606
12.605 0.22497
12.61 0.27668
12.615 0.2929
12.62 0.27138
12.625 0.22643
12.63 0.18608
12.635 0.14638
12.64 0.10174
12.645 0.058605
12.65 0.01619
12.655 -0.024267
12.66 -0.061321
12.665 -0.096091
12.67 -0.12779
12.675 -0.16318
12.68 -0.20703
12.685 -0.23869
12.69 -0.25246
12.695 -0.2625
12.7 -0.26436
12.705 -0.25429
12.71 -0.20879
12.715 -0.13317
12.72 -0.050331
12.725 0.017097
12.73 0.068091
12.735 0.11172
12.74 0.14362
12.745 0.16769
12.75 0.18205
12.755 0.18837
12.76 0.18128
12.765 0.17596
12.77 0.16481
12.775 0.14131
12.78 0.11647
12.785 0.088817
12.79 0.067542
12.795 0.059925
12.8 0.049859
12.805 0.047105
12.81 0.058547
12.815 0.074539
12.82 0.098489
12.825 0.12243
12.83 0.14607
12.835 0.17279
12.84 0.19081
12.845 0.18258
12.85 0.15911
12.855 0.1395
12.86 0.12505
12.865 0.11704
12.87 0.10799
12.875 0.10656
12.88 0.11807
12.885 0.12875
12.89 0.1198
12.895 0.067319
12.9 -0.0027667
12.905 -0.066747
12.91 -0.12904
12.915 -0.1937
12.92 -0.24014
12.925 -0.25872
12.93 -0.28057
12.935 -0.30522
12.94 -0.32632
12.945 -0.33571
12.95 -0.31724
12.955 -0.26364
12.96 -0.19365
12.965 -0.12444
12.97 -0.050849
12.975 0.023143
12.98 0.089982
12.985 0.14805
12.99 0.20004
12.995 0.2291
13 0.24236
13.005 0.25556
13.01 0.26399
13.015 0.2563
13.02 0.20719
13.025 0.11818
13.03 0.019234
13.035 -0.057656
13.04 -0.087298
13.045 -0.09437
13.05 -0.10044
13.055 -0.095403
13.06 -0.090085
13.065 -0.086447
13.07 -0.090723
13.075 -0.10924
13.08 -0.12607
13.085 -0.13662
13.09 -0.12944
13.095 -0.095842
13.1 -0.047278
13.105 -0.012417
13.11 0.0080141
13.115 0.021554
13.12 0.021955
13.125 0.022075
13.13 0.030588
13.135 0.047815
13.14 0.063604
13.145 0.078636
13.15 0.083756
13.155 0.058407
13.16 0.017212
13.165 -0.019712
13.17 -0.050416
13.175 -0.074244
13.18 -0.10223
13.185 -0.14016
13.19 -0.16297
13.195 -0.16504
13.2 -0.15836
13.205 -0.13602
13.21 -0.1007
13.215 -0.035485
13.22 0.043751
13.225 0.11756
13.23 0.19072
13.235 0.25603
13.24 0.30663
13.245 0.34575
13.25 0.35441
13.255 0.34898
13.26 0.3483
13.265 0.34046
13.27 0.31869
13.275 0.29117
13.28 0.24996
13.285 0.21076
13.29 0.17241
13.295 0.13515
13.3 0.0959
13.305 0.07295
13.31 0.071603
13.315 0.075328
13.32 0.085136
13.325 0.097571
13.33 0.09194
13.335 0.062216
13.34 0.03051
13.345 -0.0051973
13.35 -0.04246
13.355 -0.07076
13.36 -0.08704
13.365 -0.10498
13.37 -0.12048
13.375 -0.12907
13.38 -0.13841
13.385 -0.14857
13.39 -0.15321
13.395 -0.14812
13.4 -0.15536
13.405 -0.18127
13.41 -0.19861
13.415 -0.191
13.42 -0.16712
13.425 -0.15233
13.43 -0.16012
13.435 -0.18241
13.44 -0.20188
13.445 -0.20994
13.45 -0.18799
13.455 -0.13204
13.46 -0.0461
13.465 0.052491
13.47 0.13958
13.475 0.20086
13.48 0.23833
13.485 0.24759
13.49 0.24144
13.495 0.22695
13.5 0.19685
13.505 0.15899
13.51 0.11139
13.515 0.057626
13.52 -0.0040947
13.525 -0.072276
13.53 -0.15144
13.535 -0.229
13.54 -0.29398
13.545 -0.32754
13.55 -0.34356
13.555 -0.36347
13.56 -0.37805
13.565 -0.3681
13.57 -0.33079
13.575 -0.27799
13.58 -0.23577
13.585 -0.20559
13.59 -0.16565
13.595 -0.11086
13.6 -0.053703
13.605 0.014432
13.61 0.072889
13.615 0.11868
13.62 0.15265
13.625 0.16941
13.63 0.17843
13.635 0.17858
13.64 0.17744
13.645 0.18526
13.65 0.20283
13.655 0.21953
13.66 0.23418
13.665 0.25038
13.67 0.26531
13.675 0.28124
13.68 0.28897
13.685 0.28679
13.69 0.27183
13.695 0.23772
13.7 0.19858
13.705 0.1528
13.71 0.10611
13.715 0.068746
13.72 0.042311
13.725 0.022717
13.73 0.015475
13.735 0.0074556
13.74 -0.002065
13.745 -0.0090879
13.75 -0.012476
13.755 -0.017178
13.76 -0.016744
13.765 -0.008728
13.77 -0.0008719
13.775 -0.003681
13.78 -0.020777
13.785 -0.041448
13.79 -0.069457
13.795 -0.096933
13.8 -0.12505
13.805 -0.15617
13.81 -0.18026
13.815 -0.19024
13.82 -0.20335
13.825 -0.2114
13.83 -0.21217
13.835 -0.2007
13.84 -0.17234
13.845 -0.13406
13.85 -0.081972
13.855 -0.035056
13.86 -0.014485
13.865 -0.011607
13.87 -0.015706
13.875 -0.033828
13.88 -0.052516
13.885 -0.059251
13.89 -0.05305
13.895 -0.041075
13.9 -0.018601
13.905 0.003376
13.91 0.023371
13.915 0.044274
13.92 0.064525
13.925 0.08957
13.93 0.12222
13.935 0.15442
13.94 0.17828
13.945 0.19267
13.95 0.1957
13.955 0.17945
13.96 0.16497
13.965 0.15306
13.97 0.13984
13.975 0.12645
13.98 0.11295
13.985 0.099708
13.99 0.085977
13.995 0.082222
14 0.093955
14.005 0.11061
14.01 0.13665
14.015 0.16264
14.02 0.18106
14.025 0.19007
14.03 0.19484
14.035 0.18998
14.04 0.18641
14.045 0.18316
14.05 0.18342
14.055 0.18829
14.06 0.19361
14.065 0.19547
14.07 0.1964
14.075 0.18787
14.08 0.16475
14.085 0.14334
14.09 0.12019
14.095 0.088696
14.1 0.058702
14.105 0.030008
14.11 0.0006318
14.115 -0.019352
14.12 -0.022104
14.125 -0.027989
14.13 -0.02936
14.135 -0.021789
14.14 -0.0066155
14.145 0.019508
14.15 0.045646
14.155 0.068918
14.16 0.093621
14.165 0.11602
14.17 0.14944
14.175 0.2001
14.18 0.24271
14.185 0.25935
14.19 0.24861
14.195 0.20647
14.2 0.14561
14.205 0.083105
14.21 0.014739
14.215 -0.054763
14.22 -0.11165
14.225 -0.15284
14.23 -0.18732
14.235 -0.20941
14.24 -0.23189
14.245 -0.25552
14.25 -0.28547
14.255 -0.32761
14.26 -0.36791
14.265 -0.40677
14.27 -0.43298
14.275 -0.42056
14.28 -0.3715
14.285 -0.30792
14.29 -0.25474
14.295 -0.2132
14.3 -0.1693
14.305 -0.12567
14.31 -0.08238
14.315 -0.046953
14.32 -0.022257
14.325 -0.0047173
14.33 0.003026
14.335 -0.00070822
14.34 -0.021891
14.345 -0.041529
14.35 -0.058621
14.355 -0.076956
14.36 -0.095074
14.365 -0.11273
14.37 -0.13022
14.375 -0.14918
14.38 -0.16962
14.385 -0.19064
14.39 -0.20023
14.395 -0.19358
14.4 -0.17763
14.405 -0.14636
14.41 -0.1031
14.415 -0.040012
14.42 0.020433
14.425 0.072065
14.43 0.098592
14.435 0.093847
14.44 0.053003
14.445 -0.010049
14.45 -0.072015
14.455 -0.13423
14.46 -0.19853
14.465 -0.25992
14.47 -0.32255
14.475 -0.37557
14.48 -0.4172
14.485 -0.44331
14.49 -0.44644
14.495 -0.44033
14.5 -0.4112
14.505 -0.35204
14.51 -0.27676
14.515 -0.19907
14.52 -0.11214
14.525 -0.02609
14.53 0.053264
14.535 0.11596
14.54 0.15219
14.545 0.15373
14.55 0.13675
14.555 0.12348
14.56 0.11663
14.565 0.11635
14.57 0.1158
14.575 0.11418
14.58 0.11338
14.585 0.10839
14.59 0.096457
14.595 0.085379
14.6 0.076348
14.605 0.068628
14.61 0.060993
14.615 0.051541
14.62 0.040131
14.625 0.017347
14.63 -0.025349
14.635 -0.064915
14.64 -0.10269
14.645 -0.1408
14.65 -0.1799
14.655 -0.20925
14.66 -0.22749
14.665 -0.23498
14.67 -0.22684
14.675 -0.21214
14.68 -0.18834
14.685 -0.16451
14.69 -0.14263
14.695 -0.12137
14.7 -0.10282
14.705 -0.083929
14.71 -0.067699
14.715 -0.055422
14.72 -0.043476
14.725 -0.024171
14.73 0.0054056
14.735 0.03349
14.74 0.064165
14.745 0.1031
14.75 0.1402
14.755 0.17194
14.76 0.18212
14.765 0.17392
14.77 0.16258
14.775 0.14422
14.78 0.12439
14.785 0.11473
14.79 0.11647
14.795 0.12391
14.8 0.14117
14.805 0.15849
14.81 0.16645
14.815 0.16242
14.82 0.16006
14.825 0.15875
14.83 0.1609
14.835 0.17086
14.84 0.17947
14.845 0.18812
14.85 0.18168
14.855 0.14993
14.86 0.11538
14.865 0.073719
14.87 0.032044
14.875 -0.0086952
14.88 -0.041523
14.885 -0.062042
14.89 -0.083385
14.895 -0.10273
14.9 -0.11413
14.905 -0.12021
14.91 -0.10337
14.915 -0.070403
14.92 -0.032869
14.925 0.015694
14.93 0.068911
14.935 0.12753
14.94 0.18576
14.945 0.23733
14.95 0.27905
14.955 0.32245
14.96 0.35665
14.965 0.37536
14.97 0.38798
14.975 0.38992
14.98 0.39207
14.985 0.39189
14.99 0.38431
14.995 0.37755
15 0.37189
15.005 0.35948
15.01 0.32458
15.015 0.27327
15.02 0.22554
15.025 0.17991
15.03 0.13267
15.035 0.094213
15.04 0.069331
15.045 0.042864
15.05 0.01525
15.055 -0.011194
15.06 -0.037403
15.065 -0.063734
15.07 -0.089414
15.075 -0.1152
15.08 -0.13947
15.085 -0.16225
15.09 -0.17912
15.095 -0.18596
15.1 -0.18963
15.105 -0.17296
15.11 -0.13605
15.115 -0.096302
15.12 -0.048139
15.125 0.00038372
15.13 0.039221
15.135 0.064405
15.14 0.092175
15.145 0.11246
15.15 0.12017
15.155 0.1207
15.16 0.111
15.165 0.091468
15.17 0.057308
15.175 0.023372
15.18 -0.011763
15.185 -0.034504
15.19 -0.035529
15.195 -0.035523
15.2 -0.031308
15.205 -0.035189
15.21 -0.054
15.215 -0.071586
15.22 -0.079164
15.225 -0.075714
15.23 -0.073433
15.235 -0.072556
15.24 -0.070474
15.245 -0.076615
15.25 -0.096967
15.255 -0.11477
15.26 -0.13178
15.265 -0.1407
15.27 -0.13567
15.275 -0.1263
15.28 -0.10947
15.285 -0.092775
15.29 -0.077124
15.295 -0.068832
15.3 -0.073525
15.305 -0.076627
15.31 -0.078506
15.315 -0.075466
15.32 -0.062602
15.325 -0.050804
15.33 -0.038023
15.335 -0.020208
15.34 -0.0032794
15.345 0.013062
15.35 0.025668
15.355 0.031226
15.36 0.037574
15.365 0.045535
15.37 0.055978
15.375 0.054981
15.38 0.036495
15.385 0.013711
15.39 -0.017986
15.395 -0.049383
15.4 -0.079277
15.405 -0.10928
15.41 -0.13529
15.415 -0.1527
15.42 -0.1719
15.425 -0.19165
15.43 -0.21455
15.435 -0.2239
15.44 -0.21538
15.445 -0.19467
15.45 -0.15472
15.455 -0.11526
15.46 -0.080071
15.465 -0.042206
15.47 -0.01949
15.475 -0.020533
15.48 -0.022698
15.485 -0.028261
15.49 -0.035296
15.495 -0.040966
15.5 -0.050508
15.505 -0.06649
15.51 -0.081523
15.515 -0.095434
15.52 -0.11455
15.525 -0.14136
15.53 -0.16697
15.535 -0.18109
15.54 -0.16523
15.545 -0.13357
15.55 -0.098516
15.555 -0.050978
15.56 -0.0045109
15.565 0.040345
15.57 0.075742
15.575 0.096003
15.58 0.107
15.585 0.1025
15.59 0.098882
15.595 0.097251
15.6 0.094874
15.605 0.091909
15.61 0.090204
15.615 0.078687
15.62 0.051668
15.625 0.026954
15.63 0.0019985
15.635 -0.027607
15.64 -0.056569
15.645 -0.08412
15.65 -0.11253
15.655 -0.13972
15.66 -0.16796
15.665 -0.18309
15.67 -0.17895
15.675 -0.1641
15.68 -0.1306
15.685 -0.09822
15.69 -0.068703
15.695 -0.038318
15.7 -0.0079526
15.705 0.021592
15.71 0.051183
15.715 0.080543
15.72 0.10564
15.725 0.12425
15.73 0.13642
15.735 0.13762
15.74 0.13231
15.745 0.11442
15.75 0.098477
15.755 0.082831
15.76 0.074858
15.765 0.07745
15.77 0.087108
15.775 0.10633
15.78 0.12591
15.785 0.14274
15.79 0.16128
15.795 0.17844
15.8 0.19687
15.805 0.20199
15.81 0.18807
15.815 0.16709
15.82 0.1352
15.825 0.10259
15.83 0.081303
15.835 0.073996
15.84 0.064949
15.845 0.056361
15.85 0.052267
15.855 0.04752
15.86 0.042418
15.865 0.037484
15.87 0.03303
15.875 0.02783
15.88 0.027072
15.885 0.031718
15.89 0.044631
15.895 0.070949
15.9 0.096239
15.905 0.12013
15.91 0.14802
15.915 0.16661
15.92 0.17192
15.925 0.16661
15.93 0.1427
15.935 0.11464
15.94 0.079547
15.945 0.044849
15.95 0.015064
15.955 -0.006333
15.96 -0.030213
15.965 -0.042508
15.97 -0.037759
15.975 -0.027752
15.98 -0.010793
15.985 0.0079434
15.99 0.015782
15.995 0.011974
16 -0.0014544
16.005 -0.030357
16.01 -0.05892
16.015 -0.076926
16.02 -0.084329
16.025 -0.084322
16.03 -0.070477
16.035 -0.057962
16.04 -0.047167
16.045 -0.0364
16.05 -0.024814
16.055 -0.020553
16.06 -0.026378
16.065 -0.031465
16.07 -0.034571
16.075 -0.039462
16.08 -0.032845
16.085 -0.0074624
16.09 0.015244
16.095 0.035939
16.1 0.057064
16.105 0.07845
16.11 0.089163
16.115 0.084987
16.12 0.073016
16.125 0.047782
16.13 0.022963
16.135 0.0060646
16.14 -0.0014195
16.145 -0.010501
16.15 -0.020484
16.155 -0.031762
16.16 -0.041784
16.165 -0.053181
16.17 -0.055334
16.175 -0.045696
16.18 -0.027174
16.185 0.0045454
16.19 0.036329
16.195 0.057659
16.2 0.068697
16.205 0.07274
16.21 0.065521
16.215 0.052026
16.22 0.028783
16.225 0.0061414
16.23 -0.01472
16.235 -0.044335
16.24 -0.088834
16.245 -0.12997
16.25 -0.1706
16.255 -0.203
16.26 -0.22316
16.265 -0.23574
16.27 -0.2386
16.275 -0.23218
16.28 -0.214
16.285 -0.18652
16.29 -0.14376
16.295 -0.10281
16.3 -0.063535
16.305 -0.032965
16.31 -0.017987
16.315 -0.0018153
16.32 0.014336
16.325 0.025246
16.33 0.03687
16.335 0.044815
16.34 0.044892
16.345 0.04598
16.35 0.04788
16.355 0.049395
16.36 0.050498
16.365 0.052335
16.37 0.053132
16.375 0.063971
16.38 0.090264
16.385 0.11498
16.39 0.12826
16.395 0.12673
16.4 0.12754
16.405 0.12092
16.41 0.098632
16.415 0.078323
16.42 0.059319
16.425 0.037668
16.43 0.016274
16.435 0.0015664
16.44 -0.0034148
16.445 -0.0094334
16.45 -0.01656
16.455 -0.018214
16.46 -0.011088
16.465 -0.0059785
16.47 0.0039709
16.475 0.022726
16.48 0.040755
16.485 0.05672
16.49 0.074342
16.495 0.082508
16.5 0.076193
16.505 0.071354
16.51 0.068758
16.515 0.06092
16.52 0.047044
16.525 0.034227
16.53 0.022132
16.535 0.0097146
16.54 -0.0050001
16.545 -0.024385
16.55 -0.042634
16.555 -0.060854
16.56 -0.071683
16.565 -0.070646
16.57 -0.070475
16.575 -0.076203
16.58 -0.087273
16.585 -0.098069
16.59 -0.10242
16.595 -0.098156
16.6 -0.090119
16.605 -0.074661
16.61 -0.059889
16.615 -0.045916
16.62 -0.03441
16.625 -0.027107
16.63 -0.019856
16.635 -0.011701
16.64 -0.0042457
16.645 0.0033845
16.65 0.010842
16.655 0.018278
16.66 0.025588
16.665 0.027759
16.67 0.019829
16.675 0.014068
16.68 0.0012665
16.685 -0.023966
16.69 -0.048496
16.695 -0.060249
16.7 -0.055896
16.705 -0.053333
16.71 -0.051911
16.715 -0.047761
16.72 -0.043969
16.725 -0.040691
16.73 -0.037005
16.735 -0.03355
16.74 -0.026103
16.745 -0.011393
16.75 0.0020271
16.755 0.014952
16.76 0.027775
16.765 0.041189
16.77 0.048177
16.775 0.046736
16.78 0.045376
16.785 0.053434
16.79 0.073369
16.795 0.092079
16.8 0.11037
16.805 0.1335
16.81 0.14763
16.815 0.14974
16.82 0.13961
16.825 0.10811
16.83 0.078258
16.835 0.056804
16.84 0.043519
16.845 0.028564
16.85 0.019153
16.855 0.018948
16.86 0.018508
16.865 0.0095982
16.87 -0.0096065
16.875 -0.03071
16.88 -0.056921
16.885 -0.072638
16.89 -0.070638
16.895 -0.064956
16.9 -0.051035
16.905 -0.037356
16.91 -0.02452
16.915 -0.016882
16.92 -0.017296
16.925 -0.017418
16.93 -0.015886
16.935 -0.015691
16.94 -0.014663
16.945 -0.019118
16.95 -0.031686
16.955 -0.043659
16.96 -0.053763
16.965 -0.065574
16.97 -0.063102
16.975 -0.037196
16.98 -0.014682
16.985 0.0055581
16.99 0.017815
16.995 0.013876
17 0.01133
17.005 0.012408
17.01 0.016823
17.015 0.02461
17.02 0.032808
17.025 0.035152
17.03 0.028744
17.035 0.023708
17.04 0.01701
17.045 0.0054495
17.05 -0.0056744
17.055 -0.015593
17.06 -0.029708
17.065 -0.049602
17.07 -0.068603
17.075 -0.087179
17.08 -0.10756
17.085 -0.12026
17.09 -0.12
17.095 -0.12182
17.1 -0.11937
17.105 -0.10651
17.11 -0.09509
17.115 -0.084979
17.12 -0.076574
17.125 -0.072452
17.13 -0.068443
17.135 -0.058773
17.14 -0.041208
17.145 -0.024763
17.15 -0.01242
17.155 -0.0054714
17.16 0.0024262
17.165 0.010183
17.17 0.01834
17.175 0.019004
17.18 0.008413
17.185 -0.0010769
17.19 -0.0087034
17.195 -0.017655
17.2 -0.024586
17.205 -0.028777
17.21 -0.03318
17.215 -0.039167
17.22 -0.046905
17.225 -0.054237
17.23 -0.061691
17.235 -0.06014
17.24 -0.042847
17.245 -0.02488
17.25 -0.0020552
17.255 0.010982
17.26 0.0085487
17.265 0.0021691
17.27 -0.0099423
17.275 -0.023393
17.28 -0.029
17.285 -0.026217
17.29 -0.018533
17.295 -0.0031336
17.3 0.012376
17.305 0.019936
17.31 0.017394
17.315 0.016203
17.32 0.013292
17.325 0.0044904
17.33 -0.0032301
17.335 -0.010662
17.34 -0.011908
17.345 -0.0023836
17.35 0.0061402
17.355 0.012893
17.36 0.020834
17.365 0.028243
17.37 0.03591
17.375 0.037427
17.38 0.02941
17.385 0.022189
17.39 0.016898
17.395 0.0038365
17.4 -0.019901
17.405 -0.042162
17.41 -0.064314
17.415 -0.09098
17.42 -0.10941
17.425 -0.11652
17.43 -0.11472
17.435 -0.097641
17.44 -0.075896
17.445 -0.046964
17.45 -0.018168
17.455 0.003317
17.46 0.014188
17.465 0.026972
17.47 0.039833
17.475 0.052709
17.48 0.064469
17.485 0.077717
17.49 0.081687
17.495 0.073644
17.5 0.060302
17.505 0.039607
17.51 0.018028
17.515 0.0072231
17.52 0.009691
17.525 0.016465
17.53 0.031502
17.535 0.046033
17.54 0.059785
17.545 0.064099
17.55 0.052183
17.555 0.039962
17.56 0.025409
17.565 0.016734
17.57 0.01869
17.575 0.01995
17.58 0.014662
17.585 0.0024411
17.59 -0.0090444
17.595 -0.01942
17.6 -0.029904
17.605 -0.038954
17.61 -0.048383
17.615 -0.051118
17.62 -0.042479
17.625 -0.035331
17.63 -0.029532
17.635 -0.022936
17.64 -0.016256
17.645 -0.010252
17.65 -0.001789
17.655 0.0098016
17.66 0.021276
17.665 0.027409
17.67 0.026
17.675 0.025606
17.68 0.023052
17.685 0.014186
17.69 0.01146
17.695 0.018211
17.7 0.023375
17.705 0.027394
17.71 0.03237
17.715 0.033077
17.72 0.026447
17.725 0.021109
17.73 0.016307
17.735 0.011257
17.74 0.0059527
17.745 0.0013304
17.75 -0.00404
17.755 -0.0035213
17.76 0.0057173
17.765 0.014228
17.77 0.021067
17.775 0.029265
17.78 0.031198
17.785 0.023616
17.79 0.017085
17.795 0.012057
17.8 0.0058145
17.805 0.0044538
17.81 0.010758
17.815 0.016147
17.82 0.020292
17.825 0.025555
17.83 0.025283
17.835 0.016223
17.84 0.0081052
17.845 0.0056011
17.85 0.010323
17.855 0.013867
17.86 0.018303
17.865 0.025151
17.87 0.031915
17.875 0.03792
17.88 0.044585
17.885 0.050585
17.89 0.057222
17.895 0.058293
17.9 0.051562
17.905 0.041616
17.91 0.026715
17.915 0.011456
17.92 0.0027947
17.925 0.0030482
17.93 0.0021567
17.935 0.00033361
17.94 -0.00091895
17.945 -0.0020112
17.95 -0.0034466
17.955 -0.0045263
17.96 -0.0059698
17.965 -0.0069979
17.97 -0.012317
17.975 -0.024408
17.98 -0.03575
17.985 -0.045958
17.99 -0.056936
17.995 -0.065031
18 -0.06843
18.005 -0.072371
18.01 -0.076893
18.015 -0.080912
18.02 -0.085068
18.025 -0.08522
18.03 -0.078384
18.035 -0.07261
18.04 -0.067432
18.045 -0.061963
18.05 -0.056329
18.055 -0.051008
18.06 -0.048583
18.065 -0.053164
18.07 -0.049686
18.075 -0.03529
18.08 -0.018823
18.085 0.00080739
18.09 0.02185
18.095 0.032234
18.1 0.029089
18.105 0.017467
18.11 -0.008789
18.115 -0.034183
18.12 -0.056997
18.125 -0.081019
18.13 -0.097374
18.135 -0.099803
18.14 -0.10449
18.145 -0.10494
18.15 -0.095345
18.155 -0.087016
18.16 -0.075849
18.165 -0.055649
18.17 -0.037242
18.175 -0.017007
18.18 0.0077226
18.185 0.032323
18.19 0.055157
18.195 0.079466
18.2 0.091528
18.205 0.085007
18.21 0.074618
18.215 0.056559
18.22 0.038351
18.225 0.021381
18.23 0.0074009
18.235 -0.0019129
18.24 -0.011178
18.245 -0.021416
18.25 -0.032182
18.255 -0.046594
18.26 -0.052511
18.265 -0.046581
18.27 -0.032739
18.275 -0.0050823
18.28 0.021795
18.285 0.046647
18.29 0.073823
18.295 0.091772
18.3 0.093784
18.305 0.098236
18.31 0.10155
18.315 0.099727
18.32 0.098151
18.325 0.097881
18.33 0.096524
18.335 0.095894
18.34 0.089816
18.345 0.075519
18.35 0.061975
18.355 0.050078
18.36 0.036994
18.365 0.03153
18.37 0.038756
18.375 0.044042
18.38 0.048459
18.385 0.046152
18.39 0.031874
18.395 0.012627
18.4 -0.015039
18.405 -0.042432
18.41 -0.06422
18.415 -0.078646
18.42 -0.094549
18.425 -0.10572
18.43 -0.10917
18.435 -0.11284
18.44 -0.11832
18.445 -0.11913
18.45 -0.11587
18.455 -0.10297
18.46 -0.074263
18.465 -0.043825
18.47 -0.0092917
18.475 0.019806
18.48 0.039442
18.485 0.052454
18.49 0.053796
18.495 0.055841
18.5 0.05887
18.505 0.060714
18.51 0.062126
18.515 0.064442
18.52 0.060679
18.525 0.047705
18.53 0.035896
18.535 0.025223
18.54 0.018955
18.545 0.022111
18.55 0.023868
18.555 0.02801
18.56 0.037867
18.565 0.047444
18.57 0.053852
18.575 0.057869
18.58 0.061786
18.585 0.066441
18.59 0.069762
18.595 0.072999
18.6 0.069948
18.605 0.057261
18.61 0.045366
18.615 0.037325
18.62 0.031946
18.625 0.026517
18.63 0.019193
18.635 0.0096374
18.64 0.00033903
18.645 -0.0071764
18.65 -0.012128
18.655 -0.017678
18.66 -0.015553
18.665 0.00042486
18.67 0.014406
18.675 0.026071
18.68 0.036467
18.685 0.047816
18.69 0.051362
18.695 0.044375
18.7 0.033682
18.705 0.017774
18.71 0.0010778
18.715 -0.0083807
18.72 -0.0093201
18.725 -0.010869
18.73 -0.013986
18.735 -0.015596
18.74 -0.024904
18.745 -0.046072
18.75 -0.065964
18.755 -0.083645
18.76 -0.10306
18.765 -0.11207
18.77 -0.1046
18.775 -0.099089
18.78 -0.095771
18.785 -0.090775
18.79 -0.090359
18.795 -0.097434
18.8 -0.10347
18.805 -0.10842
18.81 -0.11427
18.815 -0.11482
18.82 -0.10636
18.825 -0.099154
18.83 -0.095142
18.835 -0.094835
18.84 -0.089811
18.845 -0.078022
18.85 -0.067144
18.855 -0.057323
18.86 -0.04683
18.865 -0.036593
18.87 -0.027953
18.875 -0.022347
18.88 -0.016073
18.885 -0.012645
18.89 -0.01387
18.895 -0.014759
18.9 -0.014623
18.905 -0.015532
18.91 -0.010694
18.915 0.003143
18.92 0.015889
18.925 0.028434
18.93 0.044496
18.935 0.051043
18.94 0.042059
18.945 0.035498
18.95 0.029569
18.955 0.021196
18.96 0.012789
18.965 0.0088539
18.97 0.010501
18.975 0.011698
18.98 0.011997
18.985 0.012956
18.99 0.013666
18.995 0.014452
19 0.015108
19.005 0.015953
19.01 0.016551
19.015 0.017407
19.02 0.017954
19.025 0.018864
19.03 0.017653
19.035 0.013674
19.04 0.0097878
19.045 0.0066678
19.05 0.0029877
19.055 -0.00028346
19.06 -0.003988
19.065 -0.0069878
19.07 -0.01096
19.075 -0.0050096
19.08 0.016211
19.085 0.035852
19.09 0.052865
19.095 0.071683
19.1 0.083978
19.105 0.086343
19.11 0.089716
19.115 0.094625
19.12 0.092245
19.125 0.079462
19.13 0.068224
19.135 0.058171
19.14 0.047515
19.145 0.036722
19.15 0.02982
19.155 0.028504
19.16 0.026583
19.165 0.024021
19.17 0.022981
19.175 0.023699
19.18 0.023891
19.185 0.024274
19.19 0.024436
19.195 0.026398
19.2 0.030423
19.205 0.034745
19.21 0.032553
19.215 0.020986
19.22 0.010504
19.225 0.0013687
19.23 -0.0085835
19.235 -0.018423
19.24 -0.028443
19.245 -0.038239
19.25 -0.048159
19.255 -0.057649
19.26 -0.067527
19.265 -0.076626
19.27 -0.086681
19.275 -0.084817
19.28 -0.064153
19.285 -0.045674
19.29 -0.029298
19.295 -0.010011
19.3 0.0057028
19.305 0.016105
19.31 0.02696
19.315 0.042225
19.32 0.063137
19.325 0.083337
19.33 0.10234
19.335 0.12223
19.34 0.13335
19.345 0.12975
19.35 0.12831
19.355 0.12513
19.36 0.11552
19.365 0.10652
19.37 0.098986
19.375 0.084606
19.38 0.059927
19.385 0.037009
19.39 0.015005
19.395 -0.0073246
19.4 -0.030124
19.405 -0.046461
19.41 -0.054704
19.415 -0.05626
19.42 -0.047607
19.425 -0.034811
19.43 -0.016221
19.435 0.0023824
19.44 0.019548
19.445 0.037531
19.45 0.048345
19.455 0.047866
19.46 0.042962
19.465 0.029387
19.47 0.016424
19.475 0.0025066
19.48 -0.015652
19.485 -0.033182
19.49 -0.050181
19.495 -0.060524
19.5 -0.058922
19.505 -0.058768
19.51 -0.059922
19.515 -0.057278
19.52 -0.049227
19.525 -0.042554
19.53 -0.035708
19.535 -0.033062
19.54 -0.036786
19.545 -0.040114
19.55 -0.041081
19.555 -0.040493
19.56 -0.044746
19.565 -0.058087
19.57 -0.069457
19.575 -0.080723
19.58 -0.083353
19.585 -0.071911
19.59 -0.056184
19.595 -0.033104
19.6 -0.010236
19.605 0.011619
19.61 0.024877
19.615 0.022971
19.62 0.022929
19.625 0.024421
19.63 0.025823
19.635 0.028028
19.64 0.031188
19.645 0.028334
19.65 0.017839
19.655 0.002787
19.66 -0.019623
19.665 -0.041873
19.67 -0.062313
19.675 -0.083803
19.68 -0.096785
19.685 -0.095745
19.69 -0.0965
19.695 -0.096906
19.7 -0.093113
19.705 -0.089671
19.71 -0.087117
19.715 -0.083809
19.72 -0.081012
19.725 -0.073648
19.73 -0.0585
19.735 -0.044461
19.74 -0.031346
19.745 -0.017974
19.75 -0.0043118
19.755 0.0025173
19.76 -0.0013601
19.765 -0.003937
19.77 -0.0052895
19.775 -0.0071361
19.78 -0.0085682
19.785 -0.0097129
19.79 -0.011193
19.795 -0.012395
19.8 -0.013837
19.805 -0.013433
19.81 -0.010412
19.815 -0.0075389
19.82 -0.0052832
19.825 -0.0025002
19.83 -0.0034116
19.835 -0.010039
19.84 -0.016064
19.845 -0.021159
19.85 -0.02691
19.855 -0.031411
19.86 -0.034389
19.865 -0.037288
19.87 -0.04283
19.875 -0.051653
19.88 -0.06038
19.885 -0.064226
19.89 -0.06112
19.895 -0.058815
19.9 -0.05736
19.905 -0.05533
19.91 -0.05343
19.915 -0.051549
19.92 -0.049852
19.925 -0.043434
19.93 -0.029038
19.935 -0.015887
19.94 -0.0034663
19.945 0.0092375
19.95 0.022225
19.955 0.029645
19.96 0.028764
19.965 0.028805
19.97 0.029819
19.975 0.030168
19.98 0.030578
19.985 0.033619
19.99 0.041462
19.995 0.042099
20 0.03111
20.005 0.022038
20.01 0.013978
20.015 0.0055555
20.02 -0.0034224
20.025 -0.0040262
20.03 0.008027
20.035 0.01873
20.04 0.02749
20.045 0.037649
20.05 0.043137
20.055 0.041206
20.06 0.040061
20.065 0.042178
20.07 0.047359
20.075 0.052141
20.08 0.057495
20.085 0.06521
20.09 0.065638
20.095 0.054345
20.1 0.04455
20.105 0.039066
20.11 0.037932
20.115 0.036061
20.12 0.034154
20.125 0.031619
20.13 0.028584
20.135 0.025241
20.14 0.022594
20.145 0.0192
20.15 0.019177
20.155 0.023354
20.16 0.027704
20.165 0.024875
20.17 0.013093
20.175 -0.0010452
20.18 -0.01915
20.185 -0.03775
20.19 -0.048084
20.195 -0.046241
20.2 -0.046443
20.205 -0.042715
20.21 -0.029855
20.215 -0.017938
20.22 -0.0076738
20.225 0.0037606
20.23 0.014368
20.235 0.030408
20.24 0.055266
20.245 0.079073
20.25 0.095923
20.255 0.10347
20.26 0.11246
20.265 0.117
20.27 0.11315
20.275 0.10326
20.28 0.082943
20.285 0.063538
20.29 0.044818
20.295 0.024722
20.3 0.0041901
20.305 -0.0062893
20.31 -0.0014744
20.315 0.0014595
20.32 0.0049922
20.325 0.014081
20.33 0.022364
20.335 0.030022
20.34 0.033709
20.345 0.029996
20.35 0.027025
20.355 0.02503
20.36 0.022504
20.365 0.02001
20.37 0.016062
20.375 0.0088238
20.38 0.0023898
20.385 -0.004118
20.39 -0.005346
20.395 0.0025051
20.4 0.0093176
20.405 0.014947
20.41 0.019921
20.415 0.022669
20.42 0.025338
20.425 0.028601
20.43 0.029972
20.435 0.028824
20.44 0.0278
20.445 0.027473
20.45 0.021552
20.455 0.0069206
20.46 -0.0064563
20.465 -0.01879
20.47 -0.031712
20.475 -0.043882
20.48 -0.054729
20.485 -0.065726
20.49 -0.076817
20.495 -0.084407
20.5 -0.085768
20.505 -0.088308
20.51 -0.087048
20.515 -0.078222
20.52 -0.070454
20.525 -0.060528
20.53 -0.044533
20.535 -0.029435
20.54 -0.019114
20.545 -0.015949
20.55 -0.011228
20.555 -0.012469
20.56 -0.023614
20.565 -0.037912
20.57 -0.056841
20.575 -0.076472
20.58 -0.086887
20.585 -0.084385
20.59 -0.083686
20.595 -0.081254
20.6 -0.07259
20.605 -0.064804
20.61 -0.057767
20.615 -0.050424
20.62 -0.039407
20.625 -0.022283
20.63 -0.0027067
20.635 0.021731
20.64 0.04534
20.645 0.068748
20.65 0.088692
20.655 0.10462
20.66 0.11137
20.665 0.1041
20.67 0.093103
20.675 0.076059
20.68 0.058836
20.685 0.045286
20.69 0.03628
20.695 0.026221
20.7 0.019917
20.705 0.019818
20.71 0.019212
20.715 0.017596
20.72 0.016841
20.725 0.015683
20.73 0.014696
20.735 0.013536
20.74 0.013173
20.745 0.013063
20.75 0.013505
20.755 0.0076992
20.76 -0.0076491
20.765 -0.021768
20.77 -0.037426
20.775 -0.058909
20.78 -0.079187
20.785 -0.098992
20.79 -0.11417
20.795 -0.12128
20.8 -0.12904
20.805 -0.13489
20.81 -0.13433
20.815 -0.13507
20.82 -0.1284
20.825 -0.10806
20.83 -0.089486
20.835 -0.070819
20.84 -0.047431
20.845 -0.025026
20.85 -0.0032029
20.855 0.018446
20.86 0.040539
20.865 0.054321
20.87 0.05535
20.875 0.057538
20.88 0.061739
20.885 0.059267
20.89 0.04776
20.895 0.037782
20.9 0.028659
20.905 0.019095
20.91 0.0087501
20.915 -0.0024529
20.92 -0.013685
20.925 -0.024446
20.93 -0.035475
20.935 -0.043852
20.94 -0.047685
20.945 -0.052335
20.95 -0.050991
20.955 -0.037929
20.96 -0.026746
20.965 -0.013908
20.97 0.0043592
20.975 0.022294
20.98 0.03377
20.985 0.036915
20.99 0.040931
20.995 0.044682
21 0.045333
21.005 0.04971
21.01 0.062097
21.015 0.071802
21.02 0.073864
21.025 0.077123
21.03 0.078522
21.035 0.07483
21.04 0.071863
21.045 0.069517
21.05 0.06673
21.055 0.06402
21.06 0.061546
21.065 0.056973
21.07 0.049288
21.075 0.041921
21.08 0.036074
21.085 0.031798
21.09 0.027316
21.095 0.022802
21.1 0.018339
21.105 0.014026
21.11 0.0087817
21.115 0.0022665
21.12 -0.0039896
21.125 -0.010144
21.13 -0.016245
21.135 -0.022461
21.14 -0.023897
21.145 -0.017331
21.15 -0.012016
21.155 -0.0055111
21.16 0.0045528
21.165 0.014499
21.17 0.018513
21.175 0.014148
21.18 0.011037
21.185 0.0059782
21.19 -0.0043973
21.195 -0.014225
21.2 -0.020542
21.205 -0.022837
21.21 -0.025637
21.215 -0.028826
21.22 -0.031657
21.225 -0.034458
21.23 -0.037314
21.235 -0.040161
21.24 -0.040588
21.245 -0.036806
21.25 -0.03361
21.255 -0.030897
21.26 -0.025907
21.265 -0.017126
21.27 -0.0091716
21.275 -0.0013864
21.28 0.0062918
21.285 0.014234
21.29 0.021611
21.295 0.029474
21.3 0.036657
21.305 0.044615
21.31 0.046631
21.315 0.04091
21.32 0.030843
21.325 0.014619
21.33 -0.0020643
21.335 -0.010378
21.34 -0.0083701
21.345 -0.0038146
21.35 0.0058348
21.355 0.015405
21.36 0.024303
21.365 0.029643
21.37 0.028545
21.375 0.028186
21.38 0.028463
21.385 0.028497
21.39 0.02814
21.395 0.028567
21.4 0.022758
21.405 0.0077095
21.41 -0.0065485
21.415 -0.018873
21.42 -0.032836
21.425 -0.036903
21.43 -0.025879
21.435 -0.012634
21.44 0.0051614
21.445 0.023382
21.45 0.040385
21.455 0.057699
21.46 0.071771
21.465 0.080279
21.47 0.089246
21.475 0.099095
21.48 0.1015
21.485 0.091985
21.49 0.084379
21.495 0.075454
21.5 0.06176
21.505 0.048561
21.51 0.036399
21.515 0.023625
21.52 0.011183
21.525 -0.0010326
21.53 -0.013379
21.535 -0.019967
21.54 -0.016371
21.545 -0.01453
21.55 -0.0098814
21.555 0.00090195
21.56 0.011424
21.565 0.013907
21.57 0.0057239
21.575 -0.0010687
21.58 -0.0083091
21.585 -0.019213
21.59 -0.029854
21.595 -0.033701
21.6 -0.027486
21.605 -0.022757
21.61 -0.018843
21.615 -0.017037
21.62 -0.019097
21.625 -0.021367
21.63 -0.019102
21.635 -0.01163
21.64 -0.0045494
21.645 0.0013964
21.65 0.0082858
21.655 0.0096793
21.66 0.0023365
21.665 -0.0039097
21.67 -0.0090418
21.675 -0.014812
21.68 -0.0205
21.685 -0.025938
21.69 -0.033434
21.695 -0.044586
21.7 -0.054907
21.705 -0.06513
21.71 -0.069878
21.715 -0.065287
21.72 -0.06171
21.725 -0.059378
21.73 -0.054885
21.735 -0.047912
21.74 -0.041663
21.745 -0.035367
21.75 -0.029337
21.755 -0.019944
21.76 -0.0055053
21.765 0.0084936
21.77 0.021386
21.775 0.03498
21.78 0.043616
21.785 0.044255
21.79 0.045905
21.795 0.048446
21.8 0.049821
21.805 0.05044
21.81 0.051344
21.815 0.05216
21.82 0.052994
21.825 0.053799
21.83 0.054685
21.835 0.055354
21.84 0.056282
21.845 0.054919
21.85 0.050117
21.855 0.045663
21.86 0.041728
21.865 0.036633
21.87 0.030015
21.875 0.023721
21.88 0.017551
21.885 0.011343
21.89 0.0052108
21.895 -0.00074319
21.9 -0.0069495
21.905 -0.013234
21.91 -0.019699
21.915 -0.023204
21.92 -0.022234
21.925 -0.021764
21.93 -0.021868
21.935 -0.021561
21.94 -0.021337
21.945 -0.02115
21.95 -0.020975
21.955 -0.020701
21.96 -0.020615
21.965 -0.018632
21.97 -0.013761
21.975 -0.0090207
21.98 -0.0075347
21.985 -0.010538
21.99 -0.01288
21.995 -0.014857
22 -0.01587
22.005 -0.01498
22.01 -0.014167
22.015 -0.01378
22.02 -0.01264
22.025 -0.01059
22.03 -0.0087544
22.035 -0.0070341
22.04 -0.0052457
22.045 -0.0034383
22.05 -0.0016569
22.055 7.9537e-005
22.06 0.0017523
22.065 0.0034834
22.07 0.005144
22.075 0.0072312
22.08 0.0096293
22.085 0.012163
22.09 0.01438
22.095 0.016964
22.1 0.014752
22.105 0.0050704
22.11 -0.003937
22.115 -0.0080903
22.12 -0.0065636
22.125 -0.005782
22.13 -0.0055639
22.135 -0.0050493
22.14 -0.0045248
22.145 -0.0043855
22.15 -0.004179
22.155 -0.001535
22.16 0.0058566
22.165 0.012187
22.17 0.018541
22.175 0.020288
22.18 0.014501
22.185 0.0092689
22.19 0.0055455
22.195 -0.0021278
22.2 -0.014411
22.205 -0.026106
22.21 -0.036848
22.215 -0.048416
22.22 -0.053443
22.225 -0.048053
22.23 -0.04391
22.235 -0.041128
22.24 -0.035383
22.245 -0.025997
22.25 -0.017502
22.255 -0.0091792
22.26 -0.0010029
22.265 0.0086548
22.27 0.019873
22.275 0.031254
22.28 0.038593
22.285 0.040683
22.29 0.043016
22.295 0.046501
22.3 0.043118
22.305 0.029365
22.31 0.01703
22.315 0.0057247
22.32 -0.0064039
22.325 -0.018724
22.33 -0.024372
22.335 -0.019556
22.34 -0.016221
22.345 -0.010891
22.35 0.00011001
22.355 0.010584
22.36 0.019891
22.365 0.030068
22.37 0.035834
22.375 0.034767
22.38 0.034388
22.385 0.035045
22.39 0.03481
22.395 0.035109
22.4 0.030145
22.405 0.016554
22.41 0.0039673
22.415 -0.0072245
22.42 -0.019421
22.425 -0.025454
22.43 -0.021173
22.435 -0.018423
22.44 -0.014906
22.445 -0.0076837
22.45 -0.00089316
22.455 0.0052443
22.46 0.011813
22.465 0.018174
22.47 0.024461
22.475 0.030728
22.48 0.036848
22.485 0.043003
22.49 0.046351
22.495 0.044845
22.5 0.04401
22.505 0.043589
22.51 0.046238
22.515 0.045432
22.52 0.044868
22.525 0.044154
22.53 0.043483
22.535 0.042724
22.54 0.042089
22.545 0.041429
22.55 0.040686
22.555 0.040046
22.56 0.036149
22.565 0.026456
22.57 0.017755
22.575 0.0084265
22.58 -0.0030559
22.585 -0.014376
22.59 -0.024946
22.595 -0.036008
22.6 -0.044225
22.605 -0.048449
22.61 -0.052929
22.615 -0.058047
22.62 -0.06011
22.625 -0.058014
22.63 -0.056539
22.635 -0.05547
22.64 -0.054188
22.645 -0.048907
22.65 -0.036729
22.655 -0.025616
22.66 -0.014035
22.665 -0.0001054
22.67 0.013722
22.675 0.023238
22.68 0.02696
22.685 0.031391
22.69 0.034654
22.695 0.034231
22.7 0.034359
22.705 0.034867
22.71 0.0351
22.715 0.035212
22.72 0.036676
22.725 0.039654
22.73 0.042722
22.735 0.042665
22.74 0.038184
22.745 0.034233
22.75 0.030912
22.755 0.027283
22.76 0.023659
22.765 0.020173
22.77 0.016661
22.775 0.013229
22.78 0.0098022
22.785 0.0064765
22.79 0.0031372
22.795 2.8189e-005
22.8 -0.0033838
22.805 -0.0026243
22.81 0.0050446
22.815 0.011671
22.82 0.017608
22.825 0.02141
22.83 0.020997
22.835 0.020911
22.84 0.021428
22.845 0.021559
22.85 0.021707
22.855 0.021955
22.86 0.022058
22.865 0.022208
22.87 0.022276
22.875 0.023529
22.88 0.026636
22.885 0.029439
22.89 0.031911
22.895 0.034628
22.9 0.037147
22.905 0.039781
22.91 0.037866
22.915 0.028289
22.92 0.019936
22.925 0.0098588
22.93 -0.0052029
22.935 -0.019341
22.94 -0.032782
22.945 -0.040723
22.95 -0.038524
22.955 -0.037805
22.96 -0.034421
22.965 -0.024363
22.97 -0.014987
22.975 -0.0069971
22.98 0.0019042
22.985 0.0083339
22.99 0.011451
22.995 0.014698
23 0.018759
23.005 0.017192
23.01 0.0073906
23.015 -0.0012525
23.02 -0.0087609
23.025 -0.017552
23.03 -0.027526
23.035 -0.036819
23.04 -0.046217
23.045 -0.05163
23.05 -0.050722
23.055 -0.050523
23.06 -0.05117
23.065 -0.049806
23.07 -0.046017
23.075 -0.042763
23.08 -0.039705
23.085 -0.036779
23.09 -0.034007
23.095 -0.031494
23.1 -0.028756
23.105 -0.026274
23.11 -0.02242
23.115 -0.016511
23.12 -0.010782
23.125 -0.0056493
23.13 -0.00016045
23.135 0.0030517
23.14 0.0030361
23.145 0.003349
23.15 0.0040897
23.155 0.0044327
23.16 0.0050201
23.165 0.0053477
23.17 0.0080725
23.175 0.014273
23.18 0.020256
23.185 0.021058
23.19 0.014598
23.195 0.0092161
23.2 0.0045926
23.205 -0.00025172
23.21 -0.0053273
23.215 -0.00614
23.22 -0.00074207
23.225 0.0040093
23.23 0.0077196
23.235 0.01201
23.24 0.015041
23.245 0.016265
23.25 0.017553
23.255 0.020362
23.26 0.024818
23.265 0.029231
23.27 0.02885
23.275 0.020966
23.28 0.014304
23.285 0.0050725
23.29 -0.01042
23.295 -0.02473
23.3 -0.0381
23.305 -0.047937
23.31 -0.051141
23.315 -0.054833
23.32 -0.059379
23.325 -0.06064
23.33 -0.057089
23.335 -0.054648
23.34 -0.050054
23.345 -0.041331
23.35 -0.033086
23.355 -0.025789
23.36 -0.018068
23.365 -0.01088
23.37 -0.0035296
23.375 0.00012894
23.38 -0.0017234
23.385 -0.0030886
23.39 -0.003586
23.395 -0.0056148
23.4 -0.0091606
23.405 -0.012403
23.41 -0.015354
23.415 -0.018397
23.42 -0.021238
23.425 -0.024112
23.43 -0.026833
23.435 -0.029564
23.44 -0.032098
23.445 -0.034673
23.45 -0.03697
23.455 -0.039472
23.46 -0.041576
23.465 -0.044067
23.47 -0.041417
23.475 -0.030854
23.48 -0.021349
23.485 -0.013146
23.49 -0.0041521
23.495 0.0049163
23.5 0.013767
23.505 0.019857
23.51 0.021531
23.515 0.023775
23.52 0.024159
23.525 0.020377
23.53 0.017305
23.535 0.01366
23.54 0.0079638
23.545 0.0025303
23.55 -8.1696e-005
23.555 0.00098096
23.56 0.0016067
23.565 0.0017977
23.57 0.0023276
23.575 0.0029498
23.58 0.0034516
23.585 0.0039884
23.59 0.0044883
23.595 0.0049587
23.6 0.0054001
23.605 0.0058902
23.61 0.0062628
23.615 0.00671
23.62 0.0070643
23.625 0.0075384
23.63 0.0056626
23.635 -0.00013055
23.64 -0.0052553
23.645 -0.0098143
23.65 -0.014395
23.655 -0.019034
23.66 -0.021233
23.665 -0.020075
23.67 -0.019152
23.675 -0.019961
23.68 -0.022488
23.685 -0.024789
23.69 -0.026695
23.695 -0.028785
23.7 -0.028827
23.705 -0.025547
23.71 -0.022766
23.715 -0.020421
23.72 -0.017902
23.725 -0.015448
23.73 -0.013048
23.735 -0.010421
23.74 -0.0079605
23.745 -0.0055427
23.75 -0.0032519
23.755 -0.00078982
23.76 0.0017847
23.765 0.004325
23.77 0.0060057
23.775 0.0065038
23.78 0.0070488
23.785 0.0077384
23.79 0.0082956
23.795 0.0088946
23.8 0.0093828
23.805 0.0107
23.81 0.013376
23.815 0.015758
23.82 0.017883
23.825 0.020049
23.83 0.022067
23.835 0.023979
23.84 0.025834
23.845 0.027554
23.85 0.029189
23.855 0.030769
23.86 0.032195
23.865 0.033628
23.87 0.033054
23.875 0.029111
23.88 0.025863
23.885 0.020672
23.89 0.011508
23.895 0.003181
23.9 -0.0042972
23.905 -0.010963
23.91 -0.015609
23.915 -0.020369
23.92 -0.02197
23.925 -0.01814
23.93 -0.015115
23.935 -0.01254
23.94 -0.009277
23.945 -0.0061306
23.95 -0.004477
23.955 -0.0046424
23.96 -0.0046228
23.965 -0.0043486
23.97 -0.0042848
23.975 -0.0041761
23.98 -0.0040514
23.985 -0.0039133
23.99 -0.0038367
23.995 -0.0037161
24 -0.0036382
24.005 -0.0034841
24.01 -0.0034606
24.015 -0.0025107
24.02 -0.00021014
24.025 0.0018757
24.03 0.0035627
24.035 0.0054119
24.04 0.0052225
24.045 0.0018532
24.05 -0.00093569
24.055 -0.0036087
24.06 -0.006914
24.065 -0.010007
24.07 -0.011899
24.075 -0.012289
24.08 -0.01284
24.085 -0.01284
24.09 -0.011603
24.095 -0.01057
24.1 -0.0097195
24.105 -0.0088242
24.11 -0.0079584
24.115 -0.0071603
24.12 -0.0063712
24.125 -0.0056434
24.13 -0.004924
24.135 -0.0048627
24.14 -0.0058502
24.145 -0.0066021
24.15 -0.0072561
24.155 -0.006819
24.16 -0.004585
24.165 -0.0026582
24.17 -0.0010791
24.175 0.00076724
24.18 0.0028954
24.185 0.0047779
24.19 0.0065252
24.195 0.00814
24.2 0.0095148
24.205 0.010451
24.21 0.011438
24.215 0.011143
24.22 0.0088955
24.225 0.0070068
24.23 0.0051285
24.235 0.002617
24.24 0.00037355
24.245 -0.0016234
24.25 -0.0035345
24.255 -0.0053281
24.26 -0.0064635
24.265 -0.0066876
24.27 -0.0069979
24.275 -0.0070302
24.28 -0.0064517
24.285 -0.0059639
24.29 -0.0055876
24.295 -0.005162
24.3 -0.0047723
24.305 -0.0041518
24.31 -0.0031024
24.315 -0.0022103
24.32 -0.0014017
24.325 -0.0010681
24.33 -0.001481
24.335 -0.0017826
24.34 -0.0019678
24.345 -0.0021809
24.35 -0.0023822
24.355 -0.0022757
24.36 -0.0017392
24.365 -0.0012872
24.37 -0.00092352
24.375 -0.00055803
24.38 -0.00022588
24.385 0.00018895
24.39 0.00079839
24.395 0.0013017
24.4 0.0017594
24.405 0.0018591
24.41 0.0014222
24.415 0.0010804
24.42 0.0006864
24.425 3.171e-005
24.43 -0.00052479
24.435 -0.00099621
24.44 -0.0014308
24.445 -0.0018227
24.45 -0.0021503
24.455 -0.0024524
24.46 -0.0026912
24.465 -0.0029219
24.47 -0.0027759
24.475 -0.0021095
24.48 -0.0015596
24.485 -0.0011204
24.49 -0.00067553
24.495 -0.00028001
24.5 5.1071e-005
24.505 0.00031779
24.51 0.00056151
24.515 0.0007738
24.52 0.0009675
24.525 0.001016
24.53 0.00086729
24.535 0.00075251
24.54 0.00067158
24.545 0.00057824
24.55 0.00048415
24.555 0.0004066
24.56 0.00033719
24.565 0.00027747
24.57 0.00022826
24.575 0.00018905
24.58 0.0001555
24.585 0.00013186
24.59 0.00011318
24.595 0.00016297
24.6 0.00031345
24.605 0.00043165
24.61 0.0005598
24.615 0.00072823
24.62 0.00087039
24.625 0.00094365
24.63 0.00095102
24.635 0.00096003
24.64 0.00097156
24.645 0.0009728
24.65 0.00096179
24.655 0.00092994
24.66 0.00090521
24.665 0.00083686
24.67 0.00070413
24.675 0.00060098
24.68 0.0005275
24.685 0.00046532
24.69 0.00041969
24.695 0.00038755
24.7 0.00038328
24.705 0.00041264
24.71 0.00044204
24.715 0.00047152
24.72 0.00050616
24.725 0.00054303
24.73 0.00058181
24.735 0.00062262
24.74 0.00066546
24.745 0.00070885
24.75 0.00076394
24.755 0.00083416
24.76 0.0008969
24.765 0.00095342
24.77 0.0010075
24.775 0.0010577
24.78 0.0011037
24.785 0.0011478
24.79 0.0011855
24.795 0.0012164
24.8 0.0012483
24.805 0.0012811
24.81 0.0013133
24.815 0.0013456
24.82 0.001378
24.825 0.0014107
24.83 0.0014437
24.835 0.0014761
24.84 0.0015079
24.845 0.0015393
24.85 0.0015702
24.855 0.0016006
24.86 0.0016306
24.865 0.0016601
24.87 0.0016892
24.875 0.0017179
24.88 0.0017461
24.885 0.001774
24.89 0.0018016
24.895 0.0018286
24.9 0.0018552
24.905 0.0018814
24.91 0.0019072
24.915 0.0019326
24.92 0.0019576
24.925 0.0019822
24.93 0.0020065
24.935 0.0020304
24.94 0.0020539
24.945 0.0020771
24.95 0.0021
24.955 0.0021225
24.96 0.0021448
24.965 0.0021667
24.97 0.0021882
24.975 0.0022094
24.98 0.0022302
24.985 0.0022506
24.99 0.0022707
24.995 0.0022904
25 0.0023098
