0.01 -2.1796e-005
0.02 4.8097e-007
0.03 -2.4594e-005
0.04 -5.3855e-006
0.05 -2.9667e-005
0.06 -8.6587e-006
0.07 -3.4498e-005
0.08 -6.0433e-006
0.09 -3.3933e-005
0.1 -6.4521e-006
0.11 -3.2068e-005
0.12 -5.005e-006
0.13 -4.7167e-005
0.14 1.0093e-008
0.15 -2.3873e-005
0.16 -6.0637e-005
0.17 -0.00010889
0.18 -5.6756e-005
0.19 -0.00013593
0.2 -0.00018021
0.21 -0.00020736
0.22 -9.1751e-005
0.23 -9.588e-005
0.24 4.6873e-005
0.25 3.4986e-005
0.26 7.5866e-005
0.27 0.00033952
0.28 0.00052091
0.29 0.0001648
0.3 -0.00028615
0.31 -0.00078161
0.32 -0.00070768
0.33 -0.00061943
0.34 -0.00079492
0.35 -0.00033085
0.36 0.00023665
0.37 -0.00024439
0.38 0.00024921
0.39 0.00078619
0.4 0.00041397
0.41 0.00043164
0.42 0.00056019
0.43 -0.00036152
0.44 0.00060193
0.45 0.0013671
0.46 -0.0010627
0.47 -0.0021781
0.48 -0.00015267
0.49 0.00049631
0.5 -0.0015124
0.51 -0.0021577
0.52 -2.2955e-005
0.53 0.0014664
0.54 0.001151
0.55 0.00036905
0.56 0.0019143
0.57 0.002765
0.58 0.001699
0.59 -0.0003673
0.6 -0.0010198
0.61 -0.002007
0.62 -0.0018783
0.63 -0.0016638
0.64 -0.002276
0.65 -0.0015654
0.66 0.0014703
0.67 0.00016401
0.68 0.0018812
0.69 0.0068645
0.7 0.0038587
0.71 -0.0049064
0.72 -0.0034635
0.73 0.0026352
0.74 4.8142e-005
0.75 -0.0047242
0.76 -0.0036281
0.77 0.0002517
0.78 0.0038688
0.79 0.0042636
0.8 -0.00043339
0.81 -0.0090589
0.82 -0.0097792
0.83 -0.0027147
0.84 -0.0029733
0.85 -0.004973
0.86 -0.0014722
0.87 0.0027851
0.88 0.0074437
0.89 0.0072619
0.9 0.00062842
0.91 -0.003192
0.92 -0.0012852
0.93 -0.00065087
0.94 0.0022337
0.95 -0.002763
0.96 -0.012565
0.97 -0.011351
0.98 0.0018733
0.99 0.01285
1 0.020382
1.01 0.017647
1.02 0.0069945
1.03 0.00047464
1.04 -0.00095722
1.05 -0.0056679
1.06 -0.014937
1.07 -0.0064829
1.08 0.012731
1.09 0.016684
1.1 0.0037171
1.11 0.0047223
1.12 0.0092088
1.13 0.0045195
1.14 0.0050061
1.15 -0.00033719
1.16 -0.01241
1.17 -0.01085
1.18 0.0013812
1.19 -0.0047428
1.2 -0.0054488
1.21 0.015766
1.22 0.027931
1.23 0.017237
1.24 0.014211
1.25 0.011293
1.26 -0.0028894
1.27 -0.01103
1.28 -0.0036788
1.29 -0.0015007
1.3 -0.013404
1.31 -0.018672
1.32 -0.0079103
1.33 -0.0016184
1.34 -0.0075452
1.35 0.00030734
1.36 0.013528
1.37 0.01132
1.38 0.013514
1.39 0.026336
1.4 0.030928
1.41 0.02724
1.42 0.026516
1.43 0.016029
1.44 0.0015668
1.45 -0.0093944
1.46 -0.025725
1.47 -0.050578
1.48 -0.044546
1.49 -0.0048424
1.5 0.036898
1.51 0.066362
1.52 0.063511
1.53 0.035739
1.54 0.017691
1.55 0.008052
1.56 -0.0034652
1.57 -0.020102
1.58 -0.045084
1.59 -0.061157
1.6 -0.045062
1.61 -0.010822
1.62 0.0069538
1.63 0.01433
1.64 0.021053
1.65 0.012207
1.66 0.0069173
1.67 0.0079162
1.68 -0.0086147
1.69 -0.03979
1.7 -0.042415
1.71 -0.0088631
1.72 0.03584
1.73 0.066469
1.74 0.061426
1.75 0.025282
1.76 -0.012841
1.77 -0.025352
1.78 -0.035878
1.79 -0.069097
1.8 -0.066793
1.81 -0.03559
1.82 0.0026697
1.83 0.041111
1.84 0.067295
1.85 0.064595
1.86 0.040474
1.87 0.0034039
1.88 -0.030336
1.89 -0.055036
1.9 -0.049595
1.91 -0.033089
1.92 -0.027107
1.93 -0.014478
1.94 -0.0098596
1.95 -0.022484
1.96 -0.035071
1.97 -0.022559
1.98 -0.0068455
1.99 -0.0055551
2 -0.013755
2.01 -0.020073
2.02 -0.019932
2.03 -0.012698
2.04 -0.011436
2.05 -0.024189
2.06 -0.019365
2.07 -0.00012274
2.08 0.012782
2.09 0.008129
2.1 -0.0040275
2.11 0.00037679
2.12 0.0015607
2.13 -0.012307
2.14 -0.030439
2.15 -0.028095
2.16 0.0049846
2.17 0.048432
2.18 0.056403
2.19 0.029409
2.2 0.0015159
2.21 0.0012584
2.22 0.0057932
2.23 -0.0064662
2.24 -0.02516
2.25 -0.016593
2.26 -0.00095554
2.27 -0.0018665
2.28 -0.013767
2.29 -0.030585
2.3 -0.041765
2.31 -0.035265
2.32 -0.041795
2.33 -0.052671
2.34 -0.037755
2.35 -0.0038495
2.36 0.035123
2.37 0.054759
2.38 0.054374
2.39 0.049802
2.4 0.031595
2.41 -0.0045835
2.42 -0.062473
2.43 -0.08329
2.44 -0.04971
2.45 -0.017674
2.46 -0.021005
2.47 -0.025354
2.48 0.0028877
2.49 0.027809
2.5 0.038352
2.51 0.043768
2.52 0.057793
2.53 0.058081
2.54 0.037674
2.55 0.041803
2.56 0.044798
2.57 0.024839
2.58 0.0014538
2.59 -0.0015393
2.6 0.0069784
2.61 0.0004451
2.62 -0.04302
2.63 -0.067488
2.64 -0.05195
2.65 -0.030984
2.66 -0.013654
2.67 0.0023768
2.68 0.00087021
2.69 -0.015108
2.7 -0.0027419
2.71 0.029835
2.72 0.043132
2.73 0.028525
2.74 -0.0038914
2.75 -0.037061
2.76 -0.06656
2.77 -0.070842
2.78 -0.058555
2.79 -0.022319
2.8 0.024718
2.81 0.042817
2.82 0.029638
2.83 0.01244
2.84 0.0046649
2.85 -0.0034812
2.86 -0.0066596
2.87 -0.0058805
2.88 -0.0090077
2.89 -0.025469
2.9 -0.035074
2.91 -0.014116
2.92 0.012565
2.93 0.014602
2.94 0.010327
2.95 0.025001
2.96 0.03753
2.97 0.039468
2.98 0.03219
2.99 -0.00072426
3 -0.037278
3.01 -0.020508
3.02 0.022991
3.03 0.04376
3.04 0.019096
3.05 -0.021883
3.06 -0.033006
3.07 -0.027101
3.08 -0.021206
3.09 -0.020464
3.1 -0.029385
3.11 -0.032562
3.12 -0.013671
3.13 0.019624
3.14 0.039726
3.15 0.030258
3.16 0.020966
3.17 0.045979
3.18 0.077099
3.19 0.074519
3.2 0.05215
3.21 0.034172
3.22 0.017287
3.23 0.0076637
3.24 0.0096433
3.25 0.001397
3.26 -0.018873
3.27 -0.024109
3.28 -0.021906
3.29 -0.038391
3.3 -0.055075
3.31 -0.063323
3.32 -0.08202
3.33 -0.11074
3.34 -0.13333
3.35 -0.12938
3.36 -0.11198
3.37 -0.096814
3.38 -0.093678
3.39 -0.098586
3.4 -0.10053
3.41 -0.086196
3.42 -0.063311
3.43 -0.033583
3.44 0.004
3.45 0.040429
3.46 0.069764
3.47 0.076867
3.48 0.075614
3.49 0.098174
3.5 0.13099
3.51 0.13765
3.52 0.12065
3.53 0.11772
3.54 0.13283
3.55 0.14128
3.56 0.11595
3.57 0.048524
3.58 -0.053403
3.59 -0.1185
3.6 -0.13934
3.61 -0.155
3.62 -0.18144
3.63 -0.20028
3.64 -0.20745
3.65 -0.20691
3.66 -0.19521
3.67 -0.16725
3.68 -0.13784
3.69 -0.11949
3.7 -0.10722
3.71 -0.091806
3.72 -0.064091
3.73 -0.0089235
3.74 0.056153
3.75 0.10932
3.76 0.16308
3.77 0.21792
3.78 0.25655
3.79 0.27513
3.8 0.27145
3.81 0.2658
3.82 0.26981
3.83 0.27575
3.84 0.27487
3.85 0.26758
3.86 0.26356
3.87 0.25654
3.88 0.23631
3.89 0.20561
3.9 0.18211
3.91 0.16934
3.92 0.16496
3.93 0.15115
3.94 0.12495
3.95 0.11175
3.96 0.11293
3.97 0.10246
3.98 0.069146
3.99 0.029569
4 0.010901
4.01 0.0071683
4.02 0.00092109
4.03 -0.0032939
4.04 -0.026239
4.05 -0.055794
4.06 -0.083653
4.07 -0.10878
4.08 -0.13541
4.09 -0.16669
4.1 -0.22749
4.11 -0.27608
4.12 -0.27691
4.13 -0.24603
4.14 -0.21684
4.15 -0.17739
4.16 -0.13869
4.17 -0.12249
4.18 -0.12642
4.19 -0.10233
4.2 -0.06476
4.21 -0.047078
4.22 -0.032136
4.23 0.0031372
4.24 0.062799
4.25 0.1187
4.26 0.12383
4.27 0.11153
4.28 0.11322
4.29 0.11901
4.3 0.11633
4.31 0.11179
4.32 0.11255
4.33 0.10911
4.34 0.10387
4.35 0.10581
4.36 0.12547
4.37 0.15776
4.38 0.15211
4.39 0.081652
4.4 -0.019911
4.41 -0.095121
4.42 -0.13923
4.43 -0.1692
4.44 -0.19419
4.45 -0.19634
4.46 -0.15101
4.47 -0.062914
4.48 -0.0059235
4.49 0.038299
4.5 0.11454
4.51 0.18111
4.52 0.20582
4.53 0.2156
4.54 0.2205
4.55 0.227
4.56 0.21827
4.57 0.20974
4.58 0.11893
4.59 -0.04524
4.6 -0.18884
4.61 -0.30641
4.62 -0.4002
4.63 -0.42312
4.64 -0.35299
4.65 -0.25527
4.66 -0.18786
4.67 -0.10945
4.68 -0.048651
4.69 -0.024983
4.7 -0.0061755
4.71 0.0048208
4.72 0.0024557
4.73 0.0042704
4.74 0.027098
4.75 0.059152
4.76 0.092266
4.77 0.10172
4.78 0.08513
4.79 0.064307
4.8 0.049566
4.81 0.036505
4.82 0.020934
4.83 0.010405
4.84 0.025193
4.85 0.067477
4.86 0.11454
4.87 0.1276
4.88 0.11428
4.89 0.093493
4.9 0.10179
4.91 0.14464
4.92 0.17162
4.93 0.16589
4.94 0.16616
4.95 0.16325
4.96 0.15122
4.97 0.060207
4.98 -0.081698
4.99 -0.1912
5 -0.27414
5.01 -0.31656
5.02 -0.32312
5.03 -0.2962
5.04 -0.24324
5.05 -0.20123
5.06 -0.17966
5.07 -0.17866
5.08 -0.17034
5.09 -0.15042
5.1 -0.13298
5.11 -0.10674
5.12 -0.076034
5.13 -0.036561
5.14 -0.012374
5.15 0.010544
5.16 0.064131
5.17 0.15463
5.18 0.20842
5.19 0.21401
5.2 0.19802
5.21 0.15585
5.22 0.13134
5.23 0.14976
5.24 0.18525
5.25 0.19841
5.26 0.18029
5.27 0.11798
5.28 0.016185
5.29 -0.10555
5.3 -0.25533
5.31 -0.34526
5.32 -0.31648
5.33 -0.31334
5.34 -0.32193
5.35 -0.27853
5.36 -0.2221
5.37 -0.19652
5.38 -0.19606
5.39 -0.20474
5.4 -0.22143
5.41 -0.22666
5.42 -0.20489
5.43 -0.16889
5.44 -0.11862
5.45 -0.065835
5.46 -0.024556
5.47 0.013133
5.48 0.049907
5.49 0.092625
5.5 0.13443
5.51 0.1689
5.52 0.19608
5.53 0.22072
5.54 0.23414
5.55 0.23061
5.56 0.20933
5.57 0.1832
5.58 0.16921
5.59 0.15669
5.6 0.13304
5.61 0.096728
5.62 0.055088
5.63 0.022492
5.64 0.0050137
5.65 0.011034
5.66 0.014727
5.67 -0.0042957
5.68 -0.049243
5.69 -0.10833
5.7 -0.1674
5.71 -0.20242
5.72 -0.21428
5.73 -0.2087
5.74 -0.18198
5.75 -0.13921
5.76 -0.074317
5.77 -0.029324
5.78 0.0022448
5.79 0.013681
5.8 0.0099522
5.81 -0.021624
5.82 -0.057646
5.83 -0.052902
5.84 -0.0024265
5.85 0.055048
5.86 0.10637
5.87 0.13954
5.88 0.16645
5.89 0.16616
5.9 0.10995
5.91 -0.017404
5.92 -0.097625
5.93 -0.092149
5.94 -0.066214
5.95 -0.045951
5.96 -0.021974
5.97 0.011104
5.98 0.02386
5.99 0.009524
6 -0.011871
6.01 -0.021886
6.02 -0.02749
6.03 -0.027822
6.04 -0.01015
6.05 0.0065993
6.06 0.01864
6.07 0.024625
6.08 0.032379
6.09 0.051472
6.1 0.074753
6.11 0.089203
6.12 0.077977
6.13 0.066523
6.14 0.065558
6.15 0.056509
6.16 0.0038442
6.17 -0.061171
6.18 -0.084066
6.19 -0.076102
6.2 -0.079233
6.21 -0.095402
6.22 -0.10257
6.23 -0.081545
6.24 -0.054364
6.25 -0.051128
6.26 -0.074283
6.27 -0.097836
6.28 -0.10996
6.29 -0.12572
6.3 -0.13016
6.31 -0.11201
6.32 -0.087559
6.33 -0.084477
6.34 -0.11201
6.35 -0.1372
6.36 -0.12783
6.37 -0.11516
6.38 -0.11556
6.39 -0.10551
6.4 -0.08131
6.41 -0.035357
6.42 0.039773
6.43 0.12057
6.44 0.18096
6.45 0.19972
6.46 0.20196
6.47 0.21032
6.48 0.21869
6.49 0.22852
6.5 0.23356
6.51 0.24887
6.52 0.2678
6.53 0.26444
6.54 0.23087
6.55 0.1719
6.56 0.086348
6.57 0.0051751
6.58 -0.043837
6.59 -0.085705
6.6 -0.12171
6.61 -0.1502
6.62 -0.16033
6.63 -0.15055
6.64 -0.092855
6.65 -0.0068256
6.66 0.056354
6.67 0.097168
6.68 0.12662
6.69 0.13367
6.7 0.11569
6.71 0.087716
6.72 0.087999
6.73 0.10523
6.74 0.094315
6.75 0.07447
6.76 0.066136
6.77 0.052677
6.78 0.021403
6.79 -0.0059505
6.8 -0.023901
6.81 -0.03558
6.82 -0.042905
6.83 -0.048525
6.84 -0.046395
6.85 -0.032128
6.86 -0.0084572
6.87 0.012435
6.88 0.021291
6.89 0.030408
6.9 0.031185
6.91 0.020122
6.92 0.01864
6.93 0.05098
6.94 0.077422
6.95 0.070408
6.96 0.028825
6.97 -0.010875
6.98 -0.034726
6.99 -0.033308
7 -0.017329
7.01 -0.001591
7.02 0.020273
7.03 0.051863
7.04 0.085609
7.05 0.1176
7.06 0.1482
7.07 0.17182
7.08 0.19314
7.09 0.18586
7.1 0.14044
7.11 0.096598
7.12 0.069277
7.13 0.047715
7.14 0.025238
7.15 -0.00075499
7.16 -0.045091
7.17 -0.12073
7.18 -0.15412
7.19 -0.15729
7.2 -0.17697
7.21 -0.18356
7.22 -0.15701
7.23 -0.098346
7.24 -0.040876
7.25 0.0057543
7.26 0.024743
7.27 0.023486
7.28 0.014532
7.29 -0.0035804
7.3 -0.025477
7.31 -0.055395
7.32 -0.10437
7.33 -0.14056
7.34 -0.15642
7.35 -0.15379
7.36 -0.1409
7.37 -0.13451
7.38 -0.13971
7.39 -0.16704
7.4 -0.22541
7.41 -0.23763
7.42 -0.209
7.43 -0.18207
7.44 -0.15923
7.45 -0.128
7.46 -0.084486
7.47 -0.042232
7.48 -0.012038
7.49 0.0094681
7.5 0.031299
7.51 0.045873
7.52 0.054767
7.53 0.051236
7.54 0.050977
7.55 0.056868
7.56 0.054785
7.57 0.033585
7.58 0.010933
7.59 0.00026056
7.6 0.0051133
7.61 0.025536
7.62 0.061692
7.63 0.092364
7.64 0.12638
7.65 0.15911
7.66 0.17363
7.67 0.15762
7.68 0.14661
7.69 0.14543
7.7 0.12824
7.71 0.10071
7.72 0.079321
7.73 0.068809
7.74 0.073512
7.75 0.081499
7.76 0.080518
7.77 0.077018
7.78 0.10059
7.79 0.12444
7.8 0.10282
7.81 0.035038
7.82 -0.040821
7.83 -0.10335
7.84 -0.16577
7.85 -0.22291
7.86 -0.24452
7.87 -0.19328
7.88 -0.10336
7.89 -0.058697
7.9 -0.0494
7.91 -0.049507
7.92 -0.045745
7.93 -0.031252
7.94 -0.013139
7.95 0.0027588
7.96 0.0098355
7.97 0.004488
7.98 0.0045301
7.99 0.016009
8 0.02476
8.01 0.034696
8.02 0.041834
8.03 0.052146
8.04 0.045146
8.05 0.017157
8.06 -0.014515
8.07 0.00051845
8.08 0.053628
8.09 0.097271
8.1 0.11395
8.11 0.13509
8.12 0.17082
8.13 0.22098
8.14 0.26533
8.15 0.27835
8.16 0.26754
8.17 0.23602
8.18 0.18016
8.19 0.10908
8.2 0.037073
8.21 -0.0095646
8.22 -0.033205
8.23 -0.021021
8.24 -0.010828
8.25 -0.022342
8.26 -0.024999
8.27 -0.0098409
8.28 0.011
8.29 0.025481
8.3 0.043332
8.31 0.067585
8.32 0.095852
8.33 0.11095
8.34 0.11069
8.35 0.10839
8.36 0.12224
8.37 0.13176
8.38 0.12773
8.39 0.099727
8.4 0.060556
8.41 0.032399
8.42 0.015308
8.43 -0.0026515
8.44 -0.020431
8.45 -0.035235
8.46 -0.046202
8.47 -0.071795
8.48 -0.1183
8.49 -0.15023
8.5 -0.16655
8.51 -0.17936
8.52 -0.18047
8.53 -0.16794
8.54 -0.14636
8.55 -0.11783
8.56 -0.096046
8.57 -0.093113
8.58 -0.10528
8.59 -0.11804
8.6 -0.12932
8.61 -0.15233
8.62 -0.17195
8.63 -0.18881
8.64 -0.20097
8.65 -0.21234
8.66 -0.21605
8.67 -0.21913
8.68 -0.22708
8.69 -0.23481
8.7 -0.23873
8.71 -0.23027
8.72 -0.20553
8.73 -0.17397
8.74 -0.15182
8.75 -0.14586
8.76 -0.15049
8.77 -0.16503
8.78 -0.18004
8.79 -0.18419
8.8 -0.17172
8.81 -0.14615
8.82 -0.11716
8.83 -0.094001
8.84 -0.075241
8.85 -0.055603
8.86 -0.023322
8.87 0.017832
8.88 0.058734
8.89 0.08595
8.9 0.098573
8.91 0.10813
8.92 0.11797
8.93 0.12241
8.94 0.12002
8.95 0.12585
8.96 0.13803
8.97 0.14607
8.98 0.14495
8.99 0.13559
9 0.11889
9.01 0.091005
9.02 0.055735
9.03 0.014353
9.04 -0.032061
9.05 -0.079923
9.06 -0.12489
9.07 -0.15748
9.08 -0.14513
9.09 -0.10111
9.1 -0.034404
9.11 0.034094
9.12 0.082665
9.13 0.12247
9.14 0.16714
9.15 0.2056
9.16 0.2327
9.17 0.24386
9.18 0.24809
9.19 0.24435
9.2 0.22599
9.21 0.172
9.22 0.11855
9.23 0.061348
9.24 0.014881
9.25 -0.018378
9.26 -0.047301
9.27 -0.076934
9.28 -0.1063
9.29 -0.12326
9.3 -0.12888
9.31 -0.12104
9.32 -0.081134
9.33 -0.013542
9.34 0.05887
9.35 0.12402
9.36 0.16308
9.37 0.17767
9.38 0.186
9.39 0.19355
9.4 0.19629
9.41 0.18988
9.42 0.17712
9.43 0.1566
9.44 0.15698
9.45 0.16742
9.46 0.16842
9.47 0.1617
9.48 0.15081
9.49 0.13965
9.5 0.12626
9.51 0.091453
9.52 0.040557
9.53 0.0075085
9.54 0.0010797
9.55 0.0086436
9.56 0.025026
9.57 0.045742
9.58 0.070526
9.59 0.087246
9.6 0.10224
9.61 0.11717
9.62 0.12326
9.63 0.11797
9.64 0.10259
9.65 0.057293
9.66 0.024664
9.67 0.013356
9.68 0.0092126
9.69 0.010125
9.7 0.016101
9.71 0.028496
9.72 0.044206
9.73 0.055767
9.74 0.05891
9.75 0.052606
9.76 0.032741
9.77 -0.032794
9.78 -0.09846
9.79 -0.11357
9.8 -0.12665
9.81 -0.12702
9.82 -0.11475
9.83 -0.098491
9.84 -0.083754
9.85 -0.078328
9.86 -0.086354
9.87 -0.10054
9.88 -0.11628
9.89 -0.1337
9.9 -0.14838
9.91 -0.15163
9.92 -0.14095
9.93 -0.12409
9.94 -0.1104
9.95 -0.092621
9.96 -0.059275
9.97 -0.022454
9.98 -0.00536
9.99 -0.0044156
10 -0.0043694
10.01 0.011202
10.02 0.022857
10.03 0.021475
10.04 0.012335
10.05 0.0034221
10.06 -0.0020513
10.07 -0.0062125
10.08 -0.0091408
10.09 -0.0077109
10.1 -0.0056654
10.11 -0.0056119
10.12 -0.0094209
10.13 -0.015737
10.14 -0.026672
10.15 -0.042422
10.16 -0.065588
10.17 -0.086864
10.18 -0.1084
10.19 -0.1285
10.2 -0.14691
10.21 -0.15799
10.22 -0.15266
10.23 -0.14353
10.24 -0.14516
10.25 -0.14018
10.26 -0.12585
10.27 -0.11312
10.28 -0.10992
10.29 -0.10349
10.3 -0.087175
10.31 -0.069719
10.32 -0.046092
10.33 -0.018902
10.34 0.0051898
10.35 0.011406
10.36 0.0061803
10.37 0.0020933
10.38 0.0082089
10.39 0.011951
10.4 0.004912
10.41 -0.017332
10.42 -0.04324
10.43 -0.056749
10.44 -0.065197
10.45 -0.070902
10.46 -0.065388
10.47 -0.029855
10.48 0.034899
10.49 0.086815
10.5 0.1183
10.51 0.13893
10.52 0.14962
10.53 0.15198
10.54 0.14078
10.55 0.11399
10.56 0.078247
10.57 0.053142
10.58 0.044026
10.59 0.04814
10.6 0.059939
10.61 0.06303
10.62 0.052496
10.63 0.022564
10.64 -0.011425
10.65 -0.045856
10.66 -0.078864
10.67 -0.10201
10.68 -0.10534
10.69 -0.09105
10.7 -0.051898
10.71 -0.0074067
10.72 0.02047
10.73 0.041169
10.74 0.062941
10.75 0.085599
10.76 0.10488
10.77 0.11317
10.78 0.1102
10.79 0.098353
10.8 0.074998
10.81 0.048481
10.82 0.025416
10.83 0.0082703
10.84 -0.0062471
10.85 -0.02052
10.86 -0.031239
10.87 -0.030638
10.88 -0.026003
10.89 -0.019511
10.9 -0.016658
10.91 -0.016925
10.92 -0.020466
10.93 -0.028669
10.94 -0.040177
10.95 -0.052241
10.96 -0.061875
10.97 -0.072733
10.98 -0.091342
10.99 -0.108
11 -0.10327
11.01 -0.074256
11.02 -0.04472
11.03 -0.028197
11.04 -0.018606
11.05 -0.012503
11.06 -0.0058459
11.07 -0.0040291
11.08 -0.0034848
11.09 -0.00084005
11.1 0.01033
11.11 0.021668
11.12 0.035232
11.13 0.051417
11.14 0.068735
11.15 0.089106
11.16 0.11022
11.17 0.12844
11.18 0.13943
11.19 0.14505
11.2 0.14682
11.21 0.14634
11.22 0.14358
11.23 0.13761
11.24 0.12631
11.25 0.10724
11.26 0.079474
11.27 0.052649
11.28 0.023763
11.29 -0.0034394
11.3 -0.01912
11.31 -0.027905
11.32 -0.032443
11.33 -0.031288
11.34 -0.035467
11.35 -0.045875
11.36 -0.059063
11.37 -0.072174
11.38 -0.083279
11.39 -0.089305
11.4 -0.084777
11.41 -0.079109
11.42 -0.08356
11.43 -0.096003
11.44 -0.098798
11.45 -0.078081
11.46 -0.03656
11.47 0.012276
11.48 0.053529
11.49 0.077538
11.5 0.096526
11.51 0.10818
11.52 0.10882
11.53 0.10078
11.54 0.095626
11.55 0.097141
11.56 0.099492
11.57 0.09409
11.58 0.083969
11.59 0.056997
11.6 0.024064
11.61 -0.0088977
11.62 -0.040377
11.63 -0.072805
11.64 -0.098731
11.65 -0.11206
11.66 -0.11722
11.67 -0.11874
11.68 -0.12119
11.69 -0.12136
11.7 -0.12141
11.71 -0.12152
11.72 -0.12211
11.73 -0.12611
11.74 -0.13304
11.75 -0.14631
11.76 -0.1626
11.77 -0.17144
11.78 -0.16602
11.79 -0.1527
11.8 -0.13569
11.81 -0.11565
11.82 -0.09315
11.83 -0.073748
11.84 -0.061429
11.85 -0.052268
11.86 -0.044114
11.87 -0.034483
11.88 -0.023899
11.89 -0.013286
11.9 -0.00088006
11.91 0.010861
11.92 0.02361
11.93 0.045769
11.94 0.071068
11.95 0.095113
11.96 0.11947
11.97 0.13374
11.98 0.13838
11.99 0.13655
12 0.12847
12.01 0.10284
12.02 0.065215
12.03 0.026906
12.04 -0.0091076
12.05 -0.039856
12.06 -0.051728
12.07 -0.048759
12.08 -0.043253
12.09 -0.037469
12.1 -0.036768
12.11 -0.03894
12.12 -0.042115
12.13 -0.040781
12.14 -0.030441
12.15 -0.0059372
12.16 0.021381
12.17 0.048329
12.18 0.073562
12.19 0.085523
12.2 0.084107
12.21 0.07279
12.22 0.053419
12.23 0.035204
12.24 0.026724
12.25 0.027884
12.26 0.030871
12.27 0.03204
12.28 0.032497
12.29 0.034232
12.3 0.033732
12.31 0.031746
12.32 0.027502
12.33 0.01882
12.34 0.0034091
12.35 -0.016137
12.36 -0.035104
12.37 -0.048078
12.38 -0.052842
12.39 -0.04602
12.4 -0.02575
12.41 -0.0030658
12.42 0.017661
12.43 0.038145
12.44 0.052619
12.45 0.062137
12.46 0.069089
12.47 0.074089
12.48 0.071213
12.49 0.056627
12.5 0.031667
12.51 0.0021221
12.52 -0.013024
12.53 -0.013231
12.54 -0.0082698
12.55 0.0056997
12.56 0.02096
12.57 0.028732
12.58 0.027009
12.59 0.01977
12.6 0.011787
12.61 0.0032145
12.62 -0.0071657
12.63 -0.016161
12.64 -0.027606
12.65 -0.040877
12.66 -0.048783
12.67 -0.051359
12.68 -0.051107
12.69 -0.047662
12.7 -0.042747
12.71 -0.036073
12.72 -0.028707
12.73 -0.019493
12.74 -0.010844
12.75 -0.0077237
12.76 -0.0090486
12.77 -0.01309
12.78 -0.018249
12.79 -0.020414
12.8 -0.018134
12.81 -0.016525
12.82 -0.018628
12.83 -0.022282
12.84 -0.024792
12.85 -0.031262
12.86 -0.040076
12.87 -0.049231
12.88 -0.056851
12.89 -0.059927
12.9 -0.063464
12.91 -0.06063
12.92 -0.053304
12.93 -0.046119
12.94 -0.039781
12.95 -0.036584
12.96 -0.029035
12.97 -0.020941
12.98 -0.013035
12.99 -0.0055475
13 -0.00079758
13.01 0.0024763
13.02 0.0025836
13.03 0.0016898
13.04 -0.0026377
13.05 -0.0097573
13.06 -0.015692
13.07 -0.023628
13.08 -0.029223
13.09 -0.03153
13.1 -0.030898
13.11 -0.031301
13.12 -0.033363
13.13 -0.035023
13.14 -0.034015
13.15 -0.032005
13.16 -0.033212
13.17 -0.034704
13.18 -0.034486
13.19 -0.033551
13.2 -0.035871
13.21 -0.038083
13.22 -0.038915
13.23 -0.033983
13.24 -0.02752
13.25 -0.020717
13.26 -0.017518
13.27 -0.018089
13.28 -0.021597
13.29 -0.025324
13.3 -0.025986
13.31 -0.02538
13.32 -0.02338
13.33 -0.019654
13.34 -0.013837
13.35 -0.0073851
13.36 -0.00085736
13.37 0.0074288
13.38 0.02019
13.39 0.03861
13.4 0.061417
13.41 0.083869
13.42 0.10635
13.43 0.12283
13.44 0.1426
13.45 0.15636
13.46 0.1622
13.47 0.16431
13.48 0.1633
13.49 0.16242
13.5 0.16138
13.51 0.16146
13.52 0.15984
13.53 0.15676
13.54 0.15126
13.55 0.1455
13.56 0.13578
13.57 0.12682
13.58 0.11746
13.59 0.10864
13.6 0.10157
13.61 0.09316
13.62 0.076577
13.63 0.052055
13.64 0.024732
13.65 -0.0020092
13.66 -0.027909
13.67 -0.055475
13.68 -0.074462
13.69 -0.084631
13.7 -0.087608
13.71 -0.086429
13.72 -0.081114
13.73 -0.072557
13.74 -0.061759
13.75 -0.051324
13.76 -0.042123
13.77 -0.03334
13.78 -0.022515
13.79 -0.0066677
13.8 0.0085957
13.81 0.024692
13.82 0.039125
13.83 0.046869
13.84 0.052176
13.85 0.051643
13.86 0.043305
13.87 0.0347
13.88 0.027806
13.89 0.025559
13.9 0.029242
13.91 0.030122
13.92 0.026106
13.93 0.022045
13.94 0.017696
13.95 0.013446
13.96 0.0099609
13.97 0.008108
13.98 0.008508
13.99 0.013065
14 0.019328
14.01 0.026153
14.02 0.028357
14.03 0.025021
14.04 0.026346
14.05 0.031445
14.06 0.033409
14.07 0.026507
14.08 0.016099
14.09 0.0020731
14.1 -0.015036
14.11 -0.031813
14.12 -0.047907
14.13 -0.058676
14.14 -0.064904
14.15 -0.065774
14.16 -0.062034
14.17 -0.053808
14.18 -0.04471
14.19 -0.035058
14.2 -0.027383
14.21 -0.019522
14.22 -0.0065929
14.23 0.0084488
14.24 0.022608
14.25 0.034379
14.26 0.044348
14.27 0.051329
14.28 0.054702
14.29 0.057636
14.3 0.055782
14.31 0.051731
14.32 0.050595
14.33 0.049553
14.34 0.04776
14.35 0.046077
14.36 0.045793
14.37 0.045869
14.38 0.044799
14.39 0.043175
14.4 0.042896
14.41 0.041873
14.42 0.043671
14.43 0.046299
14.44 0.044978
14.45 0.042247
14.46 0.036376
14.47 0.025708
14.48 0.01416
14.49 0.0039727
14.5 -0.0020538
14.51 -0.0062106
14.52 -0.010394
14.53 -0.014097
14.54 -0.018504
14.55 -0.025759
14.56 -0.030558
14.57 -0.038523
14.58 -0.045198
14.59 -0.047556
14.6 -0.049502
14.61 -0.047953
14.62 -0.041473
14.63 -0.03357
14.64 -0.029249
14.65 -0.02939
14.66 -0.030617
14.67 -0.028962
14.68 -0.028581
14.69 -0.029131
14.7 -0.028739
14.71 -0.025971
14.72 -0.024366
14.73 -0.024321
14.74 -0.022522
14.75 -0.01946
14.76 -0.016681
14.77 -0.009531
14.78 0.0024921
14.79 0.017922
14.8 0.030627
14.81 0.03553
14.82 0.036377
14.83 0.032435
14.84 0.021558
14.85 0.0047711
14.86 -0.012973
14.87 -0.02885
14.88 -0.045408
14.89 -0.062628
14.9 -0.078806
14.91 -0.093902
14.92 -0.10634
14.93 -0.11584
14.94 -0.12206
14.95 -0.12464
14.96 -0.12322
14.97 -0.12065
14.98 -0.11465
14.99 -0.10861
15 -0.10233
15.01 -0.094451
15.02 -0.0848
15.03 -0.076815
15.04 -0.072589
15.05 -0.070718
15.06 -0.07017
15.07 -0.073131
15.08 -0.077016
15.09 -0.082053
15.1 -0.0859
15.11 -0.08799
15.12 -0.087153
15.13 -0.083575
15.14 -0.07725
15.15 -0.069707
15.16 -0.059154
15.17 -0.04999
15.18 -0.040245
15.19 -0.03305
15.2 -0.026873
15.21 -0.019993
15.22 -0.017895
15.23 -0.014853
15.24 -0.006159
15.25 0.0031689
15.26 0.011762
15.27 0.018314
15.28 0.022603
15.29 0.023617
15.3 0.021624
15.31 0.015225
15.32 0.0059201
15.33 -0.0029345
15.34 -0.0064513
15.35 -0.0062332
15.36 -0.0058357
15.37 -0.0055379
15.38 -0.0057016
15.39 -0.0049914
15.4 -0.0031009
15.41 0.0012163
15.42 0.0077548
15.43 0.01478
15.44 0.021243
15.45 0.025398
15.46 0.028358
15.47 0.032601
15.48 0.037755
15.49 0.046118
15.5 0.057432
15.51 0.070184
15.52 0.081285
15.53 0.089538
15.54 0.092323
15.55 0.091038
15.56 0.08801
15.57 0.081403
15.58 0.071329
15.59 0.058699
15.6 0.045696
15.61 0.033178
15.62 0.026252
15.63 0.025414
15.64 0.025266
15.65 0.027887
15.66 0.031902
15.67 0.036278
15.68 0.04385
15.69 0.049261
15.7 0.053038
15.71 0.058184
15.72 0.062966
15.73 0.069644
15.74 0.075638
15.75 0.080598
15.76 0.083878
15.77 0.087051
15.78 0.088896
15.79 0.093622
15.8 0.099167
15.81 0.10768
15.82 0.11826
15.83 0.12804
15.84 0.13512
15.85 0.13988
15.86 0.14289
15.87 0.14313
15.88 0.13962
15.89 0.13395
15.9 0.12556
15.91 0.11448
15.92 0.098664
15.93 0.080487
15.94 0.062304
15.95 0.046956
15.96 0.032353
15.97 0.020456
15.98 0.0081778
15.99 -0.003487
16 -0.020214
16.01 -0.037686
16.02 -0.057379
16.03 -0.075036
16.04 -0.085427
16.05 -0.089263
16.06 -0.090352
16.07 -0.087524
16.08 -0.082803
16.09 -0.080657
16.1 -0.080069
16.11 -0.075835
16.12 -0.074761
16.13 -0.074882
16.14 -0.078075
16.15 -0.082689
16.16 -0.08713
16.17 -0.093551
16.18 -0.10026
16.19 -0.10533
16.2 -0.11164
16.21 -0.11258
16.22 -0.11482
16.23 -0.11382
16.24 -0.10159
16.25 -0.087972
16.26 -0.075116
16.27 -0.06209
16.28 -0.049646
16.29 -0.041596
16.3 -0.039444
16.31 -0.037455
16.32 -0.035628
16.33 -0.030492
16.34 -0.025935
16.35 -0.017021
16.36 -0.0053249
16.37 0.00338
16.38 0.0069811
16.39 0.0062899
16.4 0.0026327
16.41 -0.0055714
16.42 -0.018188
16.43 -0.031118
16.44 -0.041449
16.45 -0.044745
16.46 -0.045817
16.47 -0.046837
16.48 -0.04692
16.49 -0.045988
16.5 -0.043614
16.51 -0.04304
16.52 -0.042045
16.53 -0.043242
16.54 -0.041355
16.55 -0.041314
16.56 -0.039331
16.57 -0.035016
16.58 -0.031472
16.59 -0.026496
16.6 -0.022399
16.61 -0.014574
16.62 -0.0074332
16.63 -0.0059307
16.64 -0.0075943
16.65 -0.0081583
16.66 -0.0088665
16.67 -0.014884
16.68 -0.023981
16.69 -0.02816
16.7 -0.030502
16.71 -0.034532
16.72 -0.035154
16.73 -0.033997
16.74 -0.027343
16.75 -0.015042
16.76 0.00095671
16.77 0.017391
16.78 0.032541
16.79 0.050142
16.8 0.066686
16.81 0.080162
16.82 0.091871
16.83 0.10084
16.84 0.10706
16.85 0.11165
16.86 0.11259
16.87 0.11106
16.88 0.10699
16.89 0.10179
16.9 0.095405
16.91 0.089233
16.92 0.084471
16.93 0.077767
16.94 0.067541
16.95 0.060088
16.96 0.049298
16.97 0.04098
16.98 0.03723
16.99 0.034785
17 0.033099
17.01 0.034061
17.02 0.035259
17.03 0.035776
17.04 0.036747
17.05 0.037807
17.06 0.036631
17.07 0.035276
17.08 0.032248
17.09 0.028806
17.1 0.02661
17.11 0.026183
17.12 0.024774
17.13 0.025066
17.14 0.02553
17.15 0.02461
17.16 0.024661
17.17 0.025493
17.18 0.027626
17.19 0.026303
17.2 0.022148
17.21 0.016405
17.22 0.0075564
17.23 -0.005952
17.24 -0.023426
17.25 -0.042467
17.26 -0.062119
17.27 -0.080024
17.28 -0.09207
17.29 -0.10175
17.3 -0.10424
17.31 -0.10195
17.32 -0.097882
17.33 -0.092347
17.34 -0.087498
17.35 -0.081639
17.36 -0.075107
17.37 -0.067074
17.38 -0.056571
17.39 -0.046532
17.4 -0.036373
17.41 -0.028843
17.42 -0.021983
17.43 -0.018769
17.44 -0.017787
17.45 -0.016919
17.46 -0.018544
17.47 -0.019048
17.48 -0.018237
17.49 -0.017656
17.5 -0.014254
17.51 -0.010261
17.52 -0.0059238
17.53 0.00080392
17.54 0.0073166
17.55 0.010989
17.56 0.013798
17.57 0.013562
17.58 0.011151
17.59 0.007891
17.6 0.0048151
17.61 -0.00010404
17.62 -0.0086051
17.63 -0.017902
17.64 -0.030112
17.65 -0.03934
17.66 -0.045552
17.67 -0.054953
17.68 -0.065024
17.69 -0.073259
17.7 -0.07753
17.71 -0.080892
17.72 -0.081654
17.73 -0.079546
17.74 -0.074367
17.75 -0.067094
17.76 -0.058285
17.77 -0.049154
17.78 -0.039921
17.79 -0.031043
17.8 -0.02179
17.81 -0.0096185
17.82 0.0028075
17.83 0.015657
17.84 0.027874
17.85 0.038555
17.86 0.046201
17.87 0.054404
17.88 0.062212
17.89 0.067131
17.9 0.069799
17.91 0.070604
17.92 0.068852
17.93 0.066834
17.94 0.062401
17.95 0.056145
17.96 0.0475
17.97 0.036996
17.98 0.024922
17.99 0.014399
18 0.0071504
18.01 -0.00014236
18.02 -0.0067331
18.03 -0.014635
18.04 -0.02277
18.05 -0.029432
18.06 -0.034141
18.07 -0.036957
18.08 -0.036779
18.09 -0.034868
18.1 -0.030247
18.11 -0.023574
18.12 -0.016232
18.13 -0.010048
18.14 -0.0035632
18.15 0.0037629
18.16 0.012357
18.17 0.021827
18.18 0.030514
18.19 0.037552
18.2 0.043804
18.21 0.049076
18.22 0.054546
18.23 0.059919
18.24 0.063619
18.25 0.065175
18.26 0.06296
18.27 0.0564
18.28 0.045996
18.29 0.034285
18.3 0.021678
18.31 0.010672
18.32 0.0022976
18.33 -0.0025429
18.34 -0.0048474
18.35 -0.0056312
18.36 -0.0055387
18.37 -0.005054
18.38 -0.003863
18.39 -0.0012856
18.4 0.00095319
18.41 2.6018e-005
18.42 -5.9294e-005
18.43 -0.004577
18.44 -0.0087774
18.45 -0.010373
18.46 -0.0086302
18.47 -0.0062293
18.48 -5.8337e-006
18.49 0.0085885
18.5 0.014093
18.51 0.017499
18.52 0.021504
18.53 0.022904
18.54 0.022709
18.55 0.022256
18.56 0.021261
18.57 0.016362
18.58 0.0092616
18.59 0.0010433
18.6 -0.0071274
18.61 -0.015086
18.62 -0.023964
18.63 -0.029715
18.64 -0.034179
18.65 -0.037961
18.66 -0.039853
18.67 -0.038964
18.68 -0.037571
18.69 -0.030883
18.7 -0.025209
18.71 -0.016912
18.72 -0.0092903
18.73 -0.00090639
18.74 0.0072483
18.75 0.010057
18.76 0.01253
18.77 0.0090329
18.78 0.0038448
18.79 -0.002577
18.8 -0.011423
18.81 -0.020209
18.82 -0.025471
18.83 -0.029351
18.84 -0.036099
18.85 -0.042536
18.86 -0.046908
18.87 -0.052972
18.88 -0.058391
18.89 -0.058888
18.9 -0.057508
18.91 -0.055271
18.92 -0.050945
18.93 -0.047214
18.94 -0.042049
18.95 -0.037413
18.96 -0.031908
18.97 -0.027732
18.98 -0.020531
18.99 -0.010645
19 -0.0030904
19.01 0.0034129
19.02 0.0075134
19.03 0.0092467
19.04 0.012
19.05 0.012371
19.06 0.010416
19.07 0.006725
19.08 0.0043704
19.09 0.0043949
19.1 0.0052741
19.11 0.0058481
19.12 0.0084274
19.13 0.0074932
19.14 0.0053563
19.15 0.0051925
19.16 0.0067134
19.17 0.011488
19.18 0.021985
19.19 0.032295
19.2 0.039156
19.21 0.044385
19.22 0.046941
19.23 0.049923
19.24 0.0495
19.25 0.046
19.26 0.044448
19.27 0.045003
19.28 0.046952
19.29 0.051252
19.3 0.055046
19.31 0.06227
19.32 0.071673
19.33 0.081945
19.34 0.087141
19.35 0.089777
19.36 0.090819
19.37 0.090316
19.38 0.086582
19.39 0.085122
19.4 0.083807
19.41 0.083606
19.42 0.084834
19.43 0.082823
19.44 0.082185
19.45 0.079189
19.46 0.0774
19.47 0.076002
19.48 0.074774
19.49 0.073467
19.5 0.071057
19.51 0.069461
19.52 0.068198
19.53 0.06751
19.54 0.066481
19.55 0.065422
19.56 0.065723
19.57 0.065596
19.58 0.064637
19.59 0.063258
19.6 0.061682
19.61 0.060272
19.62 0.059601
19.63 0.059244
19.64 0.059393
19.65 0.058893
19.66 0.057786
19.67 0.056682
19.68 0.055191
19.69 0.053836
19.7 0.052565
19.71 0.050164
19.72 0.048342
19.73 0.046805
19.74 0.042738
19.75 0.03985
19.76 0.038573
19.77 0.036523
19.78 0.033688
19.79 0.029056
19.8 0.024327
19.81 0.018957
19.82 0.011692
19.83 0.0039592
19.84 -0.0044118
19.85 -0.015156
19.86 -0.025831
19.87 -0.036395
19.88 -0.046655
19.89 -0.05722
19.9 -0.064277
19.91 -0.069247
19.92 -0.075454
19.93 -0.08032
19.94 -0.081746
19.95 -0.082006
19.96 -0.083069
19.97 -0.082848
19.98 -0.082581
19.99 -0.081601
20 -0.080939
20.01 -0.080604
20.02 -0.08049
20.03 -0.081311
20.04 -0.080595
20.05 -0.079111
20.06 -0.077361
20.07 -0.075346
20.08 -0.071792
20.09 -0.069412
20.1 -0.067995
20.11 -0.066955
20.12 -0.066481
20.13 -0.06828
20.14 -0.067712
20.15 -0.06769
20.16 -0.0682
20.17 -0.069335
20.18 -0.071366
20.19 -0.07297
20.2 -0.071018
20.21 -0.067092
20.22 -0.060794
20.23 -0.053846
20.24 -0.043549
20.25 -0.033972
20.26 -0.030025
20.27 -0.026024
20.28 -0.025342
20.29 -0.023913
20.3 -0.022404
20.31 -0.022981
20.32 -0.024342
20.33 -0.025447
20.34 -0.028238
20.35 -0.032003
20.36 -0.036373
20.37 -0.043538
20.38 -0.051686
20.39 -0.056705
20.4 -0.059819
20.41 -0.061231
20.42 -0.061644
20.43 -0.061292
20.44 -0.059625
20.45 -0.057142
20.46 -0.052798
20.47 -0.048514
20.48 -0.042507
20.49 -0.036871
20.5 -0.030253
20.51 -0.024268
20.52 -0.017437
20.53 -0.01026
20.54 -0.0023588
20.55 0.00064557
20.56 0.00017681
20.57 0.0024753
20.58 0.0020791
20.59 -0.0011352
20.6 -0.0048412
20.61 -0.0075533
20.62 -0.0078966
20.63 -0.011711
20.64 -0.013235
20.65 -0.014344
20.66 -0.01755
20.67 -0.02179
20.68 -0.025472
20.69 -0.027728
20.7 -0.031305
20.71 -0.032816
20.72 -0.03303
20.73 -0.032684
20.74 -0.030754
20.75 -0.027434
20.76 -0.023155
20.77 -0.021906
20.78 -0.01908
20.79 -0.016996
20.8 -0.015744
20.81 -0.013313
20.82 -0.011475
20.83 -0.0049342
20.84 0.0021222
20.85 0.0070579
20.86 0.01168
20.87 0.013865
20.88 0.014536
20.89 0.014971
20.9 0.014092
20.91 0.01383
20.92 0.013049
20.93 0.013698
20.94 0.013672
20.95 0.013797
20.96 0.016751
20.97 0.017082
20.98 0.01583
20.99 0.0116
21 0.0068844
21.01 0.0020699
21.02 -0.0020448
21.03 -0.0045812
21.04 -0.0063076
21.05 -0.0068507
21.06 -0.0063392
21.07 -0.0035901
21.08 -0.0023497
21.09 -0.00097429
21.1 0.0029638
21.11 0.005097
21.12 0.0057773
21.13 0.006775
21.14 0.0060262
21.15 0.0045883
21.16 0.0031743
21.17 0.0032993
21.18 0.0036838
21.19 0.0048519
21.2 0.007986
21.21 0.011651
21.22 0.013421
21.23 0.01535
21.24 0.016342
21.25 0.015984
21.26 0.016884
21.27 0.019929
21.28 0.022637
21.29 0.025646
21.3 0.030652
21.31 0.035991
21.32 0.03946
21.33 0.040556
21.34 0.040652
21.35 0.039747
21.36 0.038821
21.37 0.036333
21.38 0.034736
21.39 0.035227
21.4 0.036512
21.41 0.035071
21.42 0.035212
21.43 0.032195
21.44 0.028371
21.45 0.022515
21.46 0.020768
21.47 0.018757
21.48 0.018965
21.49 0.020872
21.5 0.022445
21.51 0.027345
21.52 0.029793
21.53 0.031308
21.54 0.03225
21.55 0.031634
21.56 0.031454
21.57 0.033344
21.58 0.03324
21.59 0.0321
21.6 0.032118
21.61 0.030739
21.62 0.029767
21.63 0.029206
21.64 0.026445
21.65 0.023634
21.66 0.02199
21.67 0.022122
21.68 0.021128
21.69 0.020774
21.7 0.020322
21.71 0.018108
21.72 0.016796
21.73 0.014827
21.74 0.013045
21.75 0.0099079
21.76 0.0054719
21.77 0.00011306
21.78 -0.0031201
21.79 -0.0042384
21.8 -0.0057614
21.81 -0.0046784
21.82 -0.0032828
21.83 -0.00058819
21.84 0.0056525
21.85 0.0094726
21.86 0.011033
21.87 0.012582
21.88 0.013836
21.89 0.013991
21.9 0.011122
21.91 0.0095767
21.92 0.0088421
21.93 0.0046799
21.94 0.0020442
21.95 -0.0014441
21.96 -0.0043353
21.97 -0.0074485
21.98 -0.010576
21.99 -0.013314
22 -0.015266
22.01 -0.016805
22.02 -0.017336
22.03 -0.017772
22.04 -0.016281
22.05 -0.012613
22.06 -0.0076538
22.07 -0.0040016
22.08 -0.001105
22.09 0.00072194
22.1 0.0034962
22.11 0.0055983
22.12 0.0087797
22.13 0.010952
22.14 0.014183
22.15 0.017595
22.16 0.019771
22.17 0.018238
22.18 0.017978
22.19 0.016671
22.2 0.01346
22.21 0.011658
22.22 0.0090736
22.23 0.0067681
22.24 0.0053158
22.25 0.0041758
22.26 0.0037516
22.27 0.0039042
22.28 0.003134
22.29 -0.00014554
22.3 -0.0037878
22.31 -0.0067131
22.32 -0.0091835
22.33 -0.010958
22.34 -0.01253
22.35 -0.013668
22.36 -0.012921
22.37 -0.01169
22.38 -0.011402
22.39 -0.011476
22.4 -0.012284
22.41 -0.012261
22.42 -0.011758
22.43 -0.011205
22.44 -0.0092823
22.45 -0.008856
22.46 -0.0095338
22.47 -0.010619
22.48 -0.011269
22.49 -0.010942
22.5 -0.013133
22.51 -0.016216
22.52 -0.018419
22.53 -0.020774
22.54 -0.021483
22.55 -0.021503
22.56 -0.02258
22.57 -0.022166
22.58 -0.023117
22.59 -0.024886
22.6 -0.024721
22.61 -0.024818
22.62 -0.024785
22.63 -0.02381
22.64 -0.021383
22.65 -0.018673
22.66 -0.017545
22.67 -0.01508
22.68 -0.015086
22.69 -0.015416
22.7 -0.015725
22.71 -0.01334
22.72 -0.013423
22.73 -0.01243
22.74 -0.0099035
22.75 -0.0064522
22.76 -0.0033162
22.77 0.00015432
22.78 0.0023589
22.79 0.0010796
22.8 -0.00053877
22.81 -0.0020565
22.82 -0.003177
22.83 -0.0059132
22.84 -0.011136
22.85 -0.014865
22.86 -0.018693
22.87 -0.024733
22.88 -0.030273
22.89 -0.034645
22.9 -0.03727
22.91 -0.038411
22.92 -0.038489
22.93 -0.037329
22.94 -0.036752
22.95 -0.036618
22.96 -0.035908
22.97 -0.036248
22.98 -0.03649
22.99 -0.037333
23 -0.037799
23.01 -0.037921
23.02 -0.040071
23.03 -0.040603
23.04 -0.039708
23.05 -0.039962
23.06 -0.038632
23.07 -0.036826
23.08 -0.036107
23.09 -0.033155
23.1 -0.031123
23.11 -0.030702
23.12 -0.029467
23.13 -0.028039
23.14 -0.026034
23.15 -0.025145
23.16 -0.023527
23.17 -0.020972
23.18 -0.019135
23.19 -0.018494
23.2 -0.016459
23.21 -0.016257
23.22 -0.018646
23.23 -0.019135
23.24 -0.018172
23.25 -0.01756
23.26 -0.016456
23.27 -0.015709
23.28 -0.016086
23.29 -0.01738
23.3 -0.019891
23.31 -0.020933
23.32 -0.022248
23.33 -0.020418
23.34 -0.018043
23.35 -0.01561
23.36 -0.013575
23.37 -0.01328
23.38 -0.012804
23.39 -0.0107
23.4 -0.0082787
23.41 -0.0061483
23.42 -0.0031882
23.43 -0.001301
23.44 0.0037525
23.45 0.0067256
23.46 0.0093965
23.47 0.01231
23.48 0.016886
23.49 0.018748
23.5 0.020348
23.51 0.022801
23.52 0.026624
23.53 0.029892
23.54 0.033253
23.55 0.034774
23.56 0.034799
23.57 0.034804
23.58 0.034395
23.59 0.033913
23.6 0.032563
23.61 0.032392
23.62 0.034015
23.63 0.037399
23.64 0.039524
23.65 0.0419
23.66 0.046583
23.67 0.051042
23.68 0.055082
23.69 0.059211
23.7 0.061783
23.71 0.064697
23.72 0.065928
23.73 0.065133
23.74 0.064021
23.75 0.062768
23.76 0.059532
23.77 0.055619
23.78 0.051647
23.79 0.049977
23.8 0.049932
23.81 0.0502
23.82 0.050231
23.83 0.050257
23.84 0.050125
23.85 0.049002
23.86 0.046047
23.87 0.040599
23.88 0.037005
23.89 0.035993
23.9 0.031183
23.91 0.026806
23.92 0.022711
23.93 0.018484
23.94 0.016952
23.95 0.016817
23.96 0.017386
23.97 0.02058
23.98 0.023827
23.99 0.028059
24 0.030794
24.01 0.03224
24.02 0.034161
24.03 0.035021
24.04 0.035559
24.05 0.0358
24.06 0.036518
24.07 0.037102
24.08 0.036343
24.09 0.034704
24.1 0.030522
24.11 0.02525
24.12 0.022519
24.13 0.022019
24.14 0.022657
24.15 0.02188
24.16 0.018713
24.17 0.016934
24.18 0.016616
24.19 0.017439
24.2 0.017541
24.21 0.016767
24.22 0.017216
24.23 0.0169
24.24 0.018112
24.25 0.019786
24.26 0.019837
24.27 0.020835
24.28 0.021373
24.29 0.0243
24.3 0.026254
24.31 0.026836
24.32 0.026425
24.33 0.026117
24.34 0.025533
24.35 0.02405
24.36 0.02393
24.37 0.022717
24.38 0.02316
24.39 0.024531
24.4 0.02563
24.41 0.026633
24.42 0.027421
24.43 0.028497
24.44 0.029263
24.45 0.030423
24.46 0.029865
24.47 0.02778
24.48 0.02531
24.49 0.022026
24.5 0.017058
24.51 0.013207
24.52 0.01087
24.53 0.0057362
24.54 0.0021168
24.55 0.00043168
24.56 -0.0015813
24.57 -0.0030639
24.58 -0.0038926
24.59 -0.0056182
24.6 -0.0061911
24.61 -0.0055716
24.62 -0.0069608
24.63 -0.0094736
24.64 -0.011903
24.65 -0.014938
24.66 -0.016158
24.67 -0.016038
24.68 -0.014648
24.69 -0.01404
24.7 -0.017477
24.71 -0.024981
24.72 -0.037202
24.73 -0.048279
24.74 -0.055283
24.75 -0.05873
24.76 -0.062179
24.77 -0.062784
24.78 -0.060191
24.79 -0.055013
24.8 -0.053349
24.81 -0.050689
24.82 -0.047331
24.83 -0.043793
24.84 -0.041142
24.85 -0.038476
24.86 -0.0381
24.87 -0.037894
24.88 -0.039011
24.89 -0.039662
24.9 -0.042389
24.91 -0.042371
24.92 -0.04067
24.93 -0.039504
24.94 -0.036446
24.95 -0.028454
24.96 -0.022026
24.97 -0.015676
24.98 -0.011173
24.99 -0.0092207
25 -0.009888
25.01 -0.0079466
25.02 -0.0066629
25.03 -0.00346
25.04 3.9658e-005
25.05 0.0050685
25.06 0.009636
25.07 0.012069
25.08 0.013211
25.09 0.012677
25.1 0.012199
25.11 0.01052
25.12 0.0085917
25.13 0.0068117
25.14 0.0052099
25.15 0.0050871
25.16 0.0057537
25.17 0.0092722
25.18 0.010305
25.19 0.0093573
25.2 0.0050625
25.21 -0.00078865
25.22 -0.0073983
25.23 -0.0099581
25.24 -0.011636
25.25 -0.010288
25.26 -0.0059377
25.27 -0.00066164
25.28 0.0051952
25.29 0.0093185
25.3 0.011638
25.31 0.0099515
25.32 0.0087487
25.33 0.005753
25.34 0.00044772
25.35 -0.0067895
25.36 -0.0118
25.37 -0.016081
25.38 -0.019231
25.39 -0.019716
25.4 -0.018067
25.41 -0.016048
25.42 -0.013052
25.43 -0.011742
25.44 -0.011749
25.45 -0.012582
25.46 -0.013454
25.47 -0.012635
25.48 -0.013113
25.49 -0.012617
25.5 -0.012274
25.51 -0.011746
25.52 -0.010766
25.53 -0.011635
25.54 -0.011528
25.55 -0.013296
25.56 -0.014431
25.57 -0.015859
25.58 -0.014399
25.59 -0.012373
25.6 -0.011051
25.61 -0.010937
25.62 -0.010876
25.63 -0.010389
25.64 -0.010052
25.65 -0.010758
25.66 -0.012826
25.67 -0.013137
25.68 -0.013861
25.69 -0.015343
25.7 -0.014886
25.71 -0.01267
25.72 -0.010576
25.73 -0.0094846
25.74 -0.0080223
25.75 -0.0084796
25.76 -0.0086564
25.77 -0.010603
25.78 -0.011749
25.79 -0.01415
25.8 -0.016027
25.81 -0.014861
25.82 -0.013117
25.83 -0.013114
25.84 -0.012718
25.85 -0.012334
25.86 -0.012277
25.87 -0.010586
25.88 -0.0099628
25.89 -0.0096771
25.9 -0.005777
25.91 -0.004243
25.92 -0.0045944
25.93 -0.0019116
25.94 -0.0010389
25.95 -0.0003715
25.96 0.0005665
25.97 -0.0009194
25.98 -0.0042817
25.99 -0.0082163
26 -0.01355
26.01 -0.017611
26.02 -0.017689
26.03 -0.018985
26.04 -0.020108
26.05 -0.020275
26.06 -0.019266
26.07 -0.018967
26.08 -0.018872
26.09 -0.020151
26.1 -0.020637
26.11 -0.01902
26.12 -0.017204
26.13 -0.016453
26.14 -0.015135
26.15 -0.015123
26.16 -0.015046
26.17 -0.014957
26.18 -0.018387
26.19 -0.019552
26.2 -0.019171
26.21 -0.018902
26.22 -0.020082
26.23 -0.020538
26.24 -0.020519
26.25 -0.020934
26.26 -0.020127
26.27 -0.016744
26.28 -0.014597
26.29 -0.012164
26.3 -0.010535
26.31 -0.0088027
26.32 -0.0064067
26.33 -0.0052516
26.34 -0.0039527
26.35 -0.0010705
26.36 0.00057731
26.37 0.004183
26.38 0.0076113
26.39 0.011014
26.4 0.013734
26.41 0.01549
26.42 0.01497
26.43 0.014545
26.44 0.015375
26.45 0.017043
26.46 0.01854
26.47 0.021866
26.48 0.022455
26.49 0.024635
26.5 0.026905
26.51 0.027029
26.52 0.027874
26.53 0.022382
26.54 0.016488
26.55 0.013854
26.56 0.012826
26.57 0.010774
26.58 0.011332
26.59 0.01155
26.6 0.011825
26.61 0.011281
26.62 0.01241
26.63 0.014252
26.64 0.012149
26.65 0.012815
26.66 0.014941
26.67 0.016633
26.68 0.019314
26.69 0.01939
26.7 0.020096
26.71 0.019481
26.72 0.017268
26.73 0.014597
26.74 0.013644
26.75 0.014331
26.76 0.015092
26.77 0.017635
26.78 0.017433
26.79 0.015816
26.8 0.013701
26.81 0.012317
26.82 0.011945
26.83 0.010774
26.84 0.010053
26.85 0.0066857
26.86 0.004379
26.87 0.0043762
26.88 0.0027938
26.89 0.0023767
26.9 0.0022529
26.91 0.0013864
26.92 0.0002114
26.93 0.0014208
26.94 0.0026127
26.95 0.0028892
26.96 0.0038416
26.97 0.0041873
26.98 0.0016484
26.99 0.0018929
27 0.0016355
27.01 -0.0011845
27.02 -0.005036
27.03 -0.010279
27.04 -0.01769
27.05 -0.023908
27.06 -0.030258
27.07 -0.035137
27.08 -0.040293
27.09 -0.043539
27.1 -0.046229
27.11 -0.046097
27.12 -0.045461
27.13 -0.043814
27.14 -0.04255
27.15 -0.041929
27.16 -0.044602
27.17 -0.045909
27.18 -0.046739
27.19 -0.047661
27.2 -0.046601
27.21 -0.043128
27.22 -0.041078
27.23 -0.036123
27.24 -0.029655
27.25 -0.026539
27.26 -0.023942
27.27 -0.021101
27.28 -0.018094
27.29 -0.015438
27.3 -0.013302
27.31 -0.011341
27.32 -0.0066747
27.33 -0.0031909
27.34 -0.0005869
27.35 0.0031732
27.36 0.0060448
27.37 0.0063805
27.38 0.0068024
27.39 0.0077925
27.4 0.0048058
27.41 0.0025324
27.42 0.0018387
27.43 0.0043511
27.44 0.0080901
27.45 0.011116
27.46 0.014863
27.47 0.019372
27.48 0.023646
27.49 0.02754
27.5 0.030498
27.51 0.035705
27.52 0.038913
27.53 0.041627
27.54 0.043168
27.55 0.042734
27.56 0.040759
27.57 0.039825
27.58 0.040441
27.59 0.040268
27.6 0.039014
27.61 0.038363
27.62 0.037787
27.63 0.036372
27.64 0.033843
27.65 0.031132
27.66 0.029112
27.67 0.027166
27.68 0.025598
27.69 0.02335
27.7 0.021736
27.71 0.020496
27.72 0.017371
27.73 0.015881
27.74 0.016583
27.75 0.016592
27.76 0.016454
27.77 0.015348
27.78 0.015252
27.79 0.014532
27.8 0.014272
27.81 0.015703
27.82 0.017201
27.83 0.018641
27.84 0.022276
27.85 0.025432
27.86 0.027242
27.87 0.028599
27.88 0.030298
27.89 0.031248
27.9 0.030223
27.91 0.028544
27.92 0.026778
27.93 0.023335
27.94 0.019558
27.95 0.015477
27.96 0.011415
27.97 0.0057764
27.98 0.0021176
27.99 -0.0013888
28 -0.0034929
28.01 -0.004421
28.02 -0.004303
28.03 -0.0051359
28.04 -0.0037909
28.05 -0.0018431
28.06 0.00060032
28.07 0.0029439
28.08 0.0066341
28.09 0.011979
28.1 0.014913
28.11 0.016778
28.12 0.017512
28.13 0.017381
28.14 0.016352
28.15 0.015445
28.16 0.013999
28.17 0.012084
28.18 0.0093754
28.19 0.0073964
28.2 0.0048219
28.21 0.0033251
28.22 0.0024105
28.23 0.0018039
28.24 0.0017885
28.25 0.0023015
28.26 0.0029623
28.27 0.0035594
28.28 0.0033406
28.29 0.0050637
28.3 0.0049448
28.31 0.0039535
28.32 0.0038336
28.33 0.0032105
28.34 0.0022131
28.35 0.00044255
28.36 -0.0016349
28.37 -0.0031904
28.38 -0.0052053
28.39 -0.0074199
28.4 -0.0097669
28.41 -0.012229
28.42 -0.014296
28.43 -0.015064
28.44 -0.016502
28.45 -0.017802
28.46 -0.019106
28.47 -0.021181
28.48 -0.023425
28.49 -0.023603
28.5 -0.024791
28.51 -0.02542
28.52 -0.024416
28.53 -0.022293
28.54 -0.02065
28.55 -0.019419
28.56 -0.017129
28.57 -0.015329
28.58 -0.01424
28.59 -0.01286
28.6 -0.012448
28.61 -0.01211
28.62 -0.011293
28.63 -0.010375
28.64 -0.0098349
28.65 -0.0090379
28.66 -0.0083273
28.67 -0.0085213
28.68 -0.0085908
28.69 -0.0082758
28.7 -0.007911
28.71 -0.0076439
28.72 -0.0072558
28.73 -0.0063062
28.74 -0.0051864
28.75 -0.004743
28.76 -0.0043668
28.77 -0.0041748
28.78 -0.0041752
28.79 -0.0037073
28.8 -0.0031918
28.81 -0.0029808
28.82 -0.0025288
28.83 -0.0021525
28.84 -0.0010575
28.85 -0.00060803
28.86 -0.00022626
28.87 5.5385e-005
28.88 9.3893e-005
28.89 -8.9245e-005
28.9 -0.00019053
28.91 -0.00051179
28.92 -0.0010465
28.93 -0.0012972
28.94 -0.0017358
28.95 -0.0022093
28.96 -0.0027764
28.97 -0.0025922
28.98 -0.0022545
28.99 -0.0023025
29 -0.0021968
29.01 -0.0019889
29.02 -0.0016833
29.03 -0.0015498
29.04 -0.0015005
29.05 -0.0013898
29.06 -0.00098664
29.07 -0.0004987
29.08 -0.00056147
29.09 -0.00076597
29.1 -0.0008214
29.11 -0.00069701
29.12 -0.000855
29.13 -0.00097653
29.14 -0.00084029
29.15 -0.00075279
29.16 -0.00072317
29.17 -0.00078187
29.18 -0.00064024
29.19 -0.00064741
29.2 -0.00072953
29.21 -0.00079459
29.22 -0.00092746
29.23 -0.0011038
29.24 -0.0012689
29.25 -0.0014271
29.26 -0.0016
29.27 -0.0017561
29.28 -0.0018577
29.29 -0.0019718
29.3 -0.0019323
29.31 -0.0019144
29.32 -0.0018838
29.33 -0.0018871
29.34 -0.0018737
29.35 -0.0018863
29.36 -0.0018762
29.37 -0.0018153
29.38 -0.0017587
29.39 -0.0016885
29.4 -0.0016158
29.41 -0.0015567
29.42 -0.0015206
29.43 -0.0014411
29.44 -0.001393
29.45 -0.0013407
29.46 -0.00129
29.47 -0.0012481
29.48 -0.0011705
29.49 -0.0010755
29.5 -0.00099788
29.51 -0.000902
29.52 -0.00081002
29.53 -0.00070256
29.54 -0.00059979
29.55 -0.00052909
29.56 -0.00044911
29.57 -0.00036581
29.58 -0.00029011
29.59 -0.00021773
29.6 -0.00014176
29.61 -6.949e-005
29.62 -2.0645e-007
29.63 6.3894e-005
29.64 0.00012371
29.65 0.00017768
29.66 0.00023334
29.67 0.00028508
29.68 0.00033474
29.69 0.00038237
29.7 0.00043099
29.71 0.00047938
29.72 0.00052515
29.73 0.00056865
29.74 0.00060966
29.75 0.00064712
29.76 0.0006814
29.77 0.00071247
29.78 0.00074156
29.79 0.00076766
29.8 0.00079213
29.81 0.00081479
29.82 0.00083654
29.83 0.00085644
29.84 0.00087499
29.85 0.00089195
29.86 0.00090771
29.87 0.00092205
29.88 0.00093524
29.89 0.00094719
29.9 0.00095806
29.91 0.00096779
29.92 0.00097647
29.93 0.00098408
29.94 0.00099068
29.95 0.00099624
