0.02 5.5938e-006
0.04 -1.9788e-005
0.06 2.0517e-006
0.08 8.2707e-007
0.1 2.0683e-005
0.12 -7.4683e-005
0.14 -7.7e-005
0.16 0.00012881
0.18 0.00031306
0.2 4.3547e-005
0.22 -0.00027579
0.24 -2.661e-005
0.26 0.00029687
0.28 0.0002278
0.3 0.00020429
0.32 0.00029545
0.34 0.00085624
0.36 0.00075253
0.38 -0.0013179
0.4 -0.0016029
0.42 -0.00041517
0.44 -0.00011895
0.46 -0.0014532
0.48 0.00063982
0.5 0.0016042
0.52 0.0016448
0.54 0.0015418
0.56 0.0013051
0.58 0.0040414
0.6 0.0020677
0.62 -0.0023939
0.64 -0.0060381
0.66 -0.0072887
0.68 -0.0084247
0.7 -0.0058404
0.72 0.0027975
0.74 0.0064271
0.76 0.0066679
0.78 0.00038717
0.8 -0.0041948
0.82 -0.0022191
0.84 -0.0030717
0.86 -0.011196
0.88 -0.010534
0.9 0.0052697
0.92 0.010186
0.94 0.012643
0.96 0.0073572
0.98 -0.0071273
1 -0.010222
1.02 -0.0048148
1.04 0.0067631
1.06 0.0017351
1.08 0.0061975
1.1 0.01145
1.12 0.021654
1.14 0.016283
1.16 -0.0028921
1.18 -0.015456
1.2 0.0036093
1.22 0.015362
1.24 -0.0093268
1.26 -0.05861
1.28 -0.049449
1.3 -0.011595
1.32 0.040268
1.34 0.052193
1.36 0.03743
1.38 0.020354
1.4 0.0012523
1.42 -0.017894
1.44 -0.031912
1.46 -0.028054
1.48 -0.015676
1.5 0.0071925
1.52 0.0096639
1.54 -0.0048517
1.56 -0.0069894
1.58 -0.0043025
1.6 0.0095484
1.62 0.015477
1.64 0.012669
1.66 -0.0086156
1.68 -0.015418
1.7 0.0010863
1.72 0.0047019
1.74 0.007025
1.76 -0.015739
1.78 -0.0053987
1.8 0.0063956
1.82 0.0035975
1.84 -0.0021148
1.86 0.020089
1.88 0.024804
1.9 -0.0087047
1.92 -0.020765
1.94 0.0035088
1.96 0.055533
1.98 0.032961
2 0.011094
2.02 -0.017934
2.04 -0.043423
2.06 -0.038001
2.08 0.00068401
2.1 -0.0047084
2.12 0.011599
2.14 0.02712
2.16 0.029978
2.18 0.0050651
2.2 -0.0089421
2.22 -0.010458
2.24 0.011028
2.26 -0.016558
2.28 -0.014641
2.3 -0.016261
2.32 -0.014688
2.34 0.010431
2.36 -0.0094946
2.38 -0.025216
2.4 -0.024292
2.42 -0.017547
2.44 0.0086278
2.46 0.011477
2.48 -0.012146
2.5 -0.0075038
2.52 0.028756
2.54 0.025435
2.56 0.021255
2.58 0.021555
2.6 -0.0032001
2.62 -0.023639
2.64 -0.003604
2.66 0.025171
2.68 0.0074345
2.7 -0.012683
2.72 -0.022803
2.74 -0.040886
2.76 -0.033285
2.78 -0.0036997
2.8 0.010731
2.82 0.020058
2.84 0.026074
2.86 0.029908
2.88 0.0040246
2.9 -0.022909
2.92 -0.007912
2.94 0.016447
2.96 0.017542
2.98 -0.0079832
3 -0.028397
3.02 -0.025781
3.04 -0.0031829
3.06 0.0023633
3.08 0.0036562
3.1 0.0060416
3.12 0.037656
3.14 0.019246
3.16 0.00026419
3.18 0.0084283
3.2 -0.002969
3.22 -0.012213
3.24 -0.021608
3.26 -0.00096306
3.28 0.014596
3.3 -0.015619
3.32 -0.035935
3.34 -0.010287
3.36 -0.013588
3.38 -0.013131
3.4 0.013287
3.42 0.028804
3.44 0.019325
3.46 0.0085616
3.48 -0.013681
3.5 -0.011586
3.52 0.010045
3.54 0.017718
3.56 0.02547
3.58 0.021497
3.6 -0.017474
3.62 -0.047954
3.64 -0.035201
3.66 -0.015866
3.68 0.022522
3.7 0.041009
3.72 0.032269
3.74 0.018586
3.76 0.0085985
3.78 -0.002207
3.8 -0.024956
3.82 -0.021454
3.84 -0.010379
3.86 -0.020361
3.88 -0.034503
3.9 -0.020794
3.92 0.021108
3.94 0.037187
3.96 0.022908
3.98 0.024363
4 0.036356
4.02 -0.011672
4.04 -0.042374
4.06 -0.02315
4.08 -0.0040435
4.1 -0.021136
4.12 -0.023998
4.14 -0.013587
4.16 0.0017602
4.18 -0.0022685
4.2 0.0079988
4.22 0.02014
4.24 0.030802
4.26 0.037284
4.28 0.047991
4.3 0.065206
4.32 0.064931
4.34 0.057245
4.36 0.037488
4.38 -0.0052402
4.4 -0.072577
4.42 -0.088814
4.44 -0.047325
4.46 -0.059481
4.48 -0.11004
4.5 -0.12704
4.52 -0.096615
4.54 -0.079294
4.56 -0.063045
4.58 -0.0016219
4.6 0.02956
4.62 -0.0086051
4.64 0.024457
4.66 0.083054
4.68 0.1769
4.7 0.26285
4.72 0.2356
4.74 0.067633
4.76 -0.11203
4.78 -0.12224
4.8 -0.16132
4.82 -0.22634
4.84 -0.20067
4.86 0.030625
4.88 0.28952
4.9 0.29666
4.92 0.062826
4.94 -0.080063
4.96 -0.1074
4.98 -0.18381
5 -0.25476
5.02 -0.2094
5.04 -0.085664
5.06 -0.025327
5.08 -0.090828
5.1 -0.074969
5.12 0.18761
5.14 0.40532
5.16 0.35224
5.18 0.27643
5.2 0.35021
5.22 0.48417
5.24 0.48851
5.26 0.28483
5.28 0.01439
5.3 -0.13076
5.32 -0.16405
5.34 -0.24759
5.36 -0.31736
5.38 -0.30502
5.4 -0.37522
5.42 -0.40242
5.44 -0.29138
5.46 -0.085264
5.48 0.095859
5.5 0.036781
5.52 0.049381
5.54 0.090368
5.56 -0.054629
5.58 -0.17748
5.6 -0.11731
5.62 -0.057187
5.64 -0.065168
5.66 -0.03831
5.68 0.043757
5.7 0.14705
5.72 0.17861
5.74 0.031454
5.76 -0.10687
5.78 -0.06612
5.8 0.085251
5.82 0.11411
5.84 0.032249
5.86 -0.0027951
5.88 0.018379
5.9 0.014369
5.92 0.030472
5.94 0.032691
5.96 -0.096562
5.98 -0.15071
6 -0.112
6.02 -0.073012
6.04 -0.023761
6.06 -0.0097926
6.08 0.019316
6.1 0.031645
6.12 -0.00090396
6.14 -0.082488
6.16 -0.11353
6.18 -0.053566
6.2 0.089103
6.22 0.22512
6.24 0.26005
6.26 0.23971
6.28 0.27918
6.3 0.32467
6.32 0.16407
6.34 -0.10379
6.36 -0.16424
6.38 -0.056675
6.4 0.027532
6.42 0.057385
6.44 -0.033145
6.46 -0.20017
6.48 -0.24634
6.5 -0.14839
6.52 -0.074239
6.54 0.031051
6.56 0.12278
6.58 0.10665
6.6 0.055104
6.62 -0.020424
6.64 -0.079577
6.66 -0.14904
6.68 -0.26543
6.7 -0.28888
6.72 -0.14883
6.74 0.081241
6.76 0.26573
6.78 0.32228
6.8 0.26018
6.82 0.11459
6.84 -0.072979
6.86 -0.065083
6.88 0.053198
6.9 0.05553
6.92 0.057354
6.94 0.018414
6.96 -0.018319
6.98 0.031327
7 0.044261
7.02 0.043063
7.04 -0.017828
7.06 -0.10868
7.08 -0.17712
7.1 -0.28527
7.12 -0.37995
7.14 -0.35446
7.16 -0.26994
7.18 -0.15392
7.2 -0.061682
7.22 -0.14061
7.24 -0.1661
7.26 -0.027888
7.28 0.17196
7.3 0.33104
7.32 0.36466
7.34 0.33228
7.36 0.24466
7.38 0.2502
7.4 0.32862
7.42 0.40288
7.44 0.32657
7.46 0.085841
7.48 -0.18883
7.5 -0.34656
7.52 -0.35339
7.54 -0.21223
7.56 -0.0083153
7.58 0.079357
7.6 0.0020783
7.62 -0.06291
7.64 -0.0020352
7.66 0.018838
7.68 0.040144
7.7 0.067421
7.72 0.0018131
7.74 -0.030513
7.76 -0.071532
7.78 -0.096142
7.8 -0.05954
7.82 -0.062098
7.84 -0.085867
7.86 -0.010328
7.88 0.11195
7.9 0.15657
7.92 0.08967
7.94 0.095536
7.96 0.14156
7.98 0.13405
8 0.12227
8.02 0.097363
8.04 0.021655
8.06 -0.10601
8.08 -0.22993
8.1 -0.3258
8.12 -0.28483
8.14 -0.12321
8.16 -0.07715
8.18 -0.15876
8.2 -0.14922
8.22 -0.092893
8.24 -0.081147
8.26 -0.03143
8.28 0.066238
8.3 0.08415
8.32 0.062897
8.34 0.074611
8.36 0.098469
8.38 0.1298
8.4 0.11027
8.42 0.043207
8.44 0.010731
8.46 0.028298
8.48 0.03777
8.5 0.057634
8.52 0.10984
8.54 0.16726
8.56 0.19837
8.58 0.13769
8.6 0.071659
8.62 0.040278
8.64 0.016415
8.66 -0.01437
8.68 -0.050565
8.7 -0.079662
8.72 -0.088438
8.74 -0.13409
8.76 -0.19364
8.78 -0.27515
8.8 -0.34419
8.82 -0.31756
8.84 -0.18172
8.86 -0.012716
8.88 0.04899
8.9 0.046217
8.92 0.058606
8.94 0.09128
8.96 0.14297
8.98 0.16852
9 0.1549
9.02 0.15926
9.04 0.2211
9.06 0.2189
9.08 0.12685
9.1 0.018292
9.12 -0.067576
9.14 -0.051728
9.16 0.022942
9.18 0.065324
9.2 0.022431
9.22 0.0029916
9.24 -0.025026
9.26 -0.06861
9.28 -0.071655
9.3 -0.071135
9.32 -0.040311
9.34 -0.030519
9.36 -0.097615
9.38 -0.091957
9.4 -0.026038
9.42 -0.022168
9.44 -0.099172
9.46 -0.13735
9.48 -0.11852
9.5 -0.04733
9.52 0.042127
9.54 0.083124
9.56 0.11992
9.58 0.16729
9.6 0.16957
9.62 0.12089
9.64 0.078163
9.66 0.075797
9.68 0.045691
9.7 0.0021422
9.72 -0.015801
9.74 -0.048667
9.76 -0.071287
9.78 -0.065804
9.8 -0.054378
9.82 -0.048644
9.84 -0.065992
9.86 -0.082519
9.88 -0.058527
9.9 -0.0082331
9.92 0.043616
9.94 0.090782
9.96 0.078592
9.98 0.03597
10 0.014331
10.02 0.045544
10.04 0.076021
10.06 0.064007
10.08 0.010917
10.1 -0.0037981
10.12 -0.041424
10.14 -0.10108
10.16 -0.062543
10.18 -0.033561
10.2 -0.045222
10.22 -0.017211
10.24 -0.026173
10.26 -0.072374
10.28 -0.057246
10.3 0.020791
10.32 0.063348
10.34 0.013483
10.36 -0.075364
10.38 -0.055532
10.4 -0.023641
10.42 -0.0096488
10.44 0.00028416
10.46 0.044745
10.48 0.061277
10.5 0.020967
10.52 0.0054617
10.54 0.056332
10.56 0.1025
10.58 0.13274
10.6 0.12805
10.62 0.11235
10.64 0.090591
10.66 0.051539
10.68 0.00088085
10.7 -0.035781
10.72 -0.057249
10.74 -0.091322
10.76 -0.12769
10.78 -0.15706
10.8 -0.17042
10.82 -0.1121
10.84 -0.064106
10.86 -0.089711
10.88 -0.10892
10.9 -0.052454
10.92 0.02718
10.94 0.055033
10.96 0.070332
10.98 0.045506
11 -0.0016831
11.02 -0.0096181
11.04 0.032623
11.06 0.07454
11.08 0.072929
11.1 0.063069
11.12 0.063795
11.14 0.054597
11.16 0.013057
11.18 -0.046507
11.2 -0.064039
11.22 -0.052473
11.24 -0.082985
11.26 -0.11919
11.28 -0.090461
11.3 -0.033182
11.32 0.0097355
11.34 0.046724
11.36 0.079894
11.38 0.095944
11.4 0.090338
11.42 0.13066
11.44 0.16464
11.46 0.13189
11.48 0.061198
11.5 -0.013979
11.52 -0.053189
11.54 -0.076039
11.56 -0.089438
11.58 -0.074164
11.6 -0.0712
11.62 -0.058961
11.64 -0.025603
11.66 -0.051529
11.68 -0.12893
11.7 -0.14495
11.72 -0.072406
11.74 0.055806
11.76 0.10281
11.78 0.06123
11.8 0.030365
11.82 0.0070653
11.84 -0.007842
11.86 0.021795
11.88 0.096783
11.9 0.162
11.92 0.15424
11.94 0.097242
11.96 0.03069
11.98 -0.036149
12 -0.075507
12.02 -0.079348
12.04 -0.10293
12.06 -0.14108
12.08 -0.14239
12.1 -0.11794
12.12 -0.097289
12.14 -0.059194
12.16 -0.0028931
12.18 0.062187
12.2 0.077672
12.22 0.025384
12.24 0.0080983
12.26 0.015923
12.28 0.035255
12.3 0.057492
12.32 0.050105
12.34 0.022033
12.36 -0.0034508
12.38 0.001588
12.4 0.022123
12.42 0.043166
12.44 0.038191
12.46 0.013309
12.48 -0.0040844
12.5 -0.0059083
12.52 0.0065409
12.54 0.0041819
12.56 -0.025947
12.58 -0.060644
12.6 -0.039192
12.62 0.015162
12.64 0.043906
12.66 0.056967
12.68 0.057201
12.7 0.065679
12.72 0.073339
12.74 0.057453
12.76 0.044507
12.78 0.072136
12.8 0.086161
12.82 0.015878
12.84 -0.042677
12.86 -0.019179
12.88 -0.0034029
12.9 -0.007699
12.92 0.014214
12.94 0.034808
12.96 -0.0043142
12.98 -0.071579
13 -0.085522
13.02 -0.046817
13.04 -0.032337
13.06 -0.038543
13.08 -0.014104
13.1 -0.0070482
13.12 -0.03306
13.14 -0.032312
13.16 -0.0085969
13.18 0.007561
13.2 -0.01231
13.22 -0.057062
13.24 -0.050277
13.26 0.0041552
13.28 0.011434
13.3 -0.0047464
13.32 0.014919
13.34 0.013897
13.36 -0.003422
13.38 -0.035401
13.4 -0.08879
13.42 -0.09372
13.44 -0.032392
13.46 0.033358
13.48 0.040412
13.5 0.014827
13.52 0.017657
13.54 0.019681
13.56 0.0017382
13.58 -0.029705
13.6 -0.032698
13.62 -0.00045199
13.64 0.00021466
13.66 -0.039856
13.68 -0.035
13.7 0.01626
13.72 0.048898
13.74 0.019359
13.76 -0.015068
13.78 -0.0095154
13.8 -0.0059603
13.82 -0.0038589
13.84 0.0013471
13.86 0.026417
13.88 0.040683
13.9 0.023161
13.92 0.02714
13.94 0.034658
13.96 0.027172
13.98 0.031517
14 0.022721
14.02 0.020046
14.04 0.029934
14.06 0.018435
14.08 0.008947
14.1 0.0037873
14.12 -0.0078097
14.14 -0.038672
14.16 -0.043285
14.18 -0.023255
14.2 -0.016804
14.22 -0.019818
14.24 -0.0095673
14.26 0.0045507
14.28 0.0051613
14.3 0.019742
14.32 0.025006
14.34 0.010179
14.36 -0.0061355
14.38 -0.0084343
14.4 0.013333
14.42 0.020141
14.44 -0.0068677
14.46 0.001328
14.48 0.041192
14.5 0.070129
14.52 0.074207
14.54 0.055323
14.56 0.040303
14.58 0.0036168
14.6 -0.062737
14.62 -0.12069
14.64 -0.10978
14.66 -0.067865
14.68 -0.052202
14.7 -0.053056
14.72 -0.029878
14.74 0.042022
14.76 0.075664
14.78 0.046983
14.8 0.042786
14.82 0.066838
14.84 0.060777
14.86 0.033091
14.88 -0.0020892
14.9 -0.006075
14.92 0.028137
14.94 0.032072
14.96 -0.0053189
14.98 -0.04667
15 -0.055745
15.02 -0.032981
15.04 -0.020259
15.06 -0.023595
15.08 -0.022715
15.1 -0.023509
15.12 -0.043379
15.14 -0.056152
15.16 -0.044801
15.18 -0.043585
15.2 -0.049764
15.22 -0.035826
15.24 -0.0021327
15.26 0.026205
15.28 0.044183
15.3 0.065975
15.32 0.060918
15.34 0.045789
15.36 0.029921
15.38 0.028129
15.4 0.034252
15.42 0.041279
15.44 0.042706
15.46 0.032638
15.48 -0.016173
15.5 -0.084517
15.52 -0.10678
15.54 -0.09246
15.56 -0.045517
15.58 -0.0064839
15.6 -0.0082056
15.62 -0.0087581
15.64 -0.004022
15.66 0.016928
15.68 0.039504
15.7 0.026233
15.72 0.023104
15.74 0.046619
15.76 0.05213
15.78 0.058085
15.8 0.050397
15.82 0.01773
15.84 0.0010109
15.86 -0.00076731
15.88 0.019316
15.9 0.051697
15.92 0.049859
15.94 0.018712
15.96 -0.022577
15.98 -0.028665
16 0.002032
16.02 0.022222
16.04 -0.016706
16.06 -0.067456
16.08 -0.080175
16.1 -0.043166
16.12 0.0030066
16.14 0.014963
16.16 -0.00095464
16.18 -0.012294
16.2 -0.012513
16.22 -0.020436
16.24 -0.026982
16.26 -0.018917
16.28 -0.0023597
16.3 0.0092402
16.32 0.0049178
16.34 -0.01345
16.36 -0.022126
16.38 -0.0085929
16.4 0.0020563
16.42 0.0058072
16.44 0.021921
16.46 0.030011
16.48 0.041941
16.5 0.036758
16.52 3.4661e-005
16.54 -0.015804
16.56 0.0080904
16.58 0.050897
16.6 0.064122
16.62 0.039661
16.64 -0.0007171
16.66 -0.036488
16.68 -0.049858
16.7 -0.048417
16.72 -0.039002
16.74 -0.052825
16.76 -0.074411
16.78 -0.067204
16.8 -0.050522
16.82 -0.03383
16.84 -0.032576
16.86 -0.024764
16.88 -0.0081093
16.9 -0.010619
16.92 -0.019413
16.94 -0.023575
16.96 -0.020626
16.98 -0.023096
17 -0.011194
17.02 0.024243
17.04 0.059375
17.06 0.07239
17.08 0.05882
17.1 0.045888
17.12 0.027675
17.14 0.007631
17.16 0.020448
17.18 0.055968
17.2 0.08411
17.22 0.10814
17.24 0.10785
17.26 0.074902
17.28 0.046494
17.3 0.027834
17.32 -0.013051
17.34 -0.040554
17.36 -0.039663
17.38 -0.035566
17.4 -0.045506
17.42 -0.061166
17.44 -0.036072
17.46 0.0054381
17.48 0.021379
17.5 0.0049754
17.52 -0.011622
17.54 -0.010375
17.56 -0.019087
17.58 -0.043265
17.6 -0.052747
17.62 -0.039463
17.64 -0.013702
17.66 -0.0069839
17.68 -0.021834
17.7 -0.030115
17.72 -0.023782
17.74 -0.018333
17.76 -0.0010141
17.78 0.018004
17.8 0.0094476
17.82 -0.018187
17.84 -0.031969
17.86 -0.018496
17.88 -0.0041135
17.9 0.0087687
17.92 0.036125
17.94 0.056378
17.96 0.064725
17.98 0.049238
18 0.025115
18.02 0.018668
18.04 0.0065222
18.06 -0.013035
18.08 -0.016286
18.1 -0.0087715
18.12 0.0018022
18.14 -0.014854
18.16 -0.040035
18.18 -0.045472
18.2 -0.028546
18.22 -0.0074594
18.24 0.0037581
18.26 -0.0021373
18.28 -0.014243
18.3 -0.024975
18.32 -0.03423
18.34 -0.030706
18.36 -0.023687
18.38 -0.022698
18.4 -0.017398
18.42 -0.01524
18.44 0.0098819
18.46 0.049108
18.48 0.074478
18.5 0.074888
18.52 0.049943
18.54 0.041937
18.56 0.037903
18.58 0.023049
18.6 0.0078521
18.62 -0.0069459
18.64 -0.0097495
18.66 0.00072542
18.68 0.00036465
18.7 -0.0075908
18.72 -0.0045486
18.74 -0.0037037
18.76 -0.0094605
18.78 -0.0090988
18.8 -0.0066988
18.82 -0.00081479
18.84 0.0067596
18.86 0.017582
18.88 0.018423
18.9 -0.0077191
18.92 -0.034917
18.94 -0.033366
18.96 -0.021615
18.98 -0.017337
19 -0.012206
19.02 -0.010234
19.04 -0.01441
19.06 -0.0017351
19.08 0.0083804
19.1 0.014186
19.12 0.024318
19.14 0.024368
19.16 0.018997
19.18 0.015022
19.2 0.0028489
19.22 -0.013253
19.24 -0.0037083
19.26 -0.011604
19.28 -0.0073099
19.3 0.010192
19.32 0.030317
19.34 0.018061
19.36 -0.017414
19.38 -0.044678
19.4 -0.039682
19.42 -0.017402
19.44 0.002303
19.46 0.0088923
19.48 0.017356
19.5 0.018638
19.52 0.0063013
19.54 -0.0084063
19.56 0.0010096
19.58 0.012522
19.6 0.0065942
19.62 0.0056075
19.64 0.0093017
19.66 -0.014877
19.68 -0.038957
19.7 -0.024632
19.72 0.014575
19.74 0.030723
19.76 0.011966
19.78 -0.00063206
19.8 0.0065304
19.82 0.011391
19.84 0.008424
19.86 0.0037207
19.88 0.0058236
19.9 0.015596
19.92 0.023745
19.94 0.016665
19.96 0.0058467
19.98 0.0048358
20 0.0019513
20.02 0.00066199
20.04 -0.0049707
20.06 -0.017106
20.08 -0.012336
20.1 0.0040466
20.12 0.0038638
20.14 -0.011972
20.16 -0.0064398
20.18 0.0080512
20.2 0.0065466
20.22 -0.0039699
20.24 0.00011798
20.26 0.014701
20.28 0.013751
20.3 -0.00046855
20.32 -0.0052087
20.34 -0.0024666
20.36 -0.011017
20.38 -0.028719
20.4 -0.038454
20.42 -0.035864
20.44 -0.023828
20.46 -0.010585
20.48 -0.0046196
20.5 -0.0069378
20.52 -0.012032
20.54 -0.013622
20.56 -0.017041
20.58 -0.024565
20.6 -0.030449
20.62 -0.022376
20.64 -0.0096674
20.66 -0.011466
20.68 -0.021653
20.7 -0.020928
20.72 -0.0054165
20.74 0.01508
20.76 0.020358
20.78 0.021854
20.8 0.033055
20.82 0.038342
20.84 0.038057
20.86 0.03994
20.88 0.046858
20.9 0.046791
20.92 0.033726
20.94 0.0018536
20.96 -0.024571
20.98 -0.025583
21 -0.019001
21.02 -0.01085
21.04 -0.0017806
21.06 0.0015343
21.08 -0.0057073
21.1 0.0081967
21.12 0.029921
21.14 0.023209
21.16 0.0021937
21.18 -0.0094493
21.2 -0.0032943
21.22 0.0021959
21.24 -0.0018536
21.26 -0.0095037
21.28 -0.0080633
21.3 -0.00094766
21.32 -0.0013827
21.34 0.0008812
21.36 0.010461
21.38 0.018777
21.4 0.018899
21.42 0.011138
21.44 -0.0013694
21.46 -0.002687
21.48 -0.0013143
21.5 -0.017103
21.52 -0.03485
21.54 -0.032306
21.56 -0.02917
21.58 -0.021724
21.6 -0.014882
21.62 -0.00941
21.64 0.00018748
21.66 0.0024373
21.68 -0.0078956
21.7 -0.0099579
21.72 -0.00064793
21.74 0.011202
21.76 0.018654
21.78 0.015336
21.8 -0.00042992
21.82 -0.013663
21.84 -0.026652
21.86 -0.034815
21.88 -0.031438
21.9 -0.011493
21.92 0.013529
21.94 0.016978
21.96 0.015071
21.98 0.016137
22 0.013637
22.02 0.013099
22.04 0.028537
22.06 0.055286
22.08 0.059132
22.1 0.041049
22.12 0.0294
22.14 0.01215
22.16 -0.012539
22.18 -0.021087
22.2 -0.016628
22.22 -0.0092823
22.24 -0.016192
22.26 -0.027756
22.28 -0.024955
22.3 -0.018482
22.32 -0.017177
22.34 -0.013343
22.36 -0.00034307
22.38 0.011252
22.4 0.0062056
22.42 -0.0088951
22.44 -0.021566
22.46 -0.030359
22.48 -0.023745
22.5 -0.0039625
22.52 0.01262
22.54 0.014675
22.56 0.012905
22.58 0.015192
22.6 0.024239
22.62 0.028867
22.64 0.02531
22.66 0.032035
22.68 0.041594
22.7 0.035266
22.72 0.020005
22.74 0.0061556
22.76 -0.0014832
22.78 -0.0088641
22.8 -0.023708
22.82 -0.028103
22.84 -0.015308
22.86 -0.018985
22.88 -0.031769
22.9 -0.036109
22.92 -0.027834
22.94 -0.015699
22.96 -0.018188
22.98 -0.023755
23 -0.010046
23.02 0.011162
23.04 0.021041
23.06 0.021646
23.08 0.018057
23.1 0.0064225
23.12 0.0015676
23.14 -0.0062519
23.16 -0.021078
23.18 -0.034312
23.2 -0.045358
23.22 -0.042127
23.24 -0.031662
23.26 -0.020262
23.28 -0.013274
23.3 -0.010969
23.32 -0.00038552
23.34 0.029891
23.36 0.049983
23.38 0.042707
23.4 0.034821
23.42 0.028596
23.44 0.0022771
23.46 -0.021416
23.48 -0.0145
23.5 0.0017099
23.52 0.0043681
23.54 0.0013476
23.56 -0.002577
23.58 -0.0021483
23.6 -0.005567
23.62 -0.0059919
23.64 0.0023346
23.66 0.0048297
23.68 -0.0073519
23.7 -0.013818
23.72 -0.0085008
23.74 0.00067851
23.76 0.011499
23.78 0.019131
23.8 0.018695
23.82 0.018428
23.84 0.024567
23.86 0.027886
23.88 0.028538
23.9 0.032246
23.92 0.040607
23.94 0.033044
23.96 0.013191
23.98 0.0072998
24 0.022292
24.02 0.030942
24.04 0.019502
24.06 0.010168
24.08 0.0052121
24.1 -2.1999e-005
24.12 -0.010842
24.14 -0.02071
24.16 -0.019148
24.18 -0.012239
24.2 -0.014799
24.22 -0.023709
24.24 -0.029503
24.26 -0.03265
24.28 -0.031899
24.3 -0.027497
24.32 -0.022
24.34 -0.015893
24.36 -0.0049743
24.38 0.0079414
24.4 0.0091011
24.42 -0.00549
24.44 -0.013255
24.46 -0.0033071
24.48 0.011
24.5 0.016219
24.52 0.013613
24.54 0.0104
24.56 -0.0038431
24.58 -0.018192
24.6 -0.013395
24.62 -0.002595
24.64 -0.0027016
24.66 -0.0093686
24.68 -0.013829
24.7 -0.015419
24.72 -0.015472
24.74 -0.012379
24.76 -0.0061341
24.78 -0.00092991
24.8 0.0056277
24.82 0.010252
24.84 0.015288
24.86 0.019767
24.88 0.020601
24.9 0.014449
24.92 0.01106
24.94 0.0089103
24.96 0.003231
24.98 -0.016637
25 -0.033985
25.02 -0.037624
25.04 -0.025375
25.06 -0.0089071
25.08 0.0055227
25.1 0.0093246
25.12 0.0050459
25.14 0.013506
25.16 0.021043
25.18 0.01324
25.2 0.0031533
25.22 -0.00082488
25.24 -0.0086645
25.26 -0.014137
25.28 -0.012562
25.3 -0.0078712
25.32 0.0028578
25.34 0.0069844
25.36 0.0037388
25.38 -0.0028496
25.4 -0.0065917
25.42 0.0037362
25.44 0.016387
25.46 0.022865
25.48 0.024925
25.5 0.029446
25.52 0.032386
25.54 0.026432
25.56 0.016653
25.58 0.0094352
25.6 0.0044448
25.62 0.0038658
25.64 0.0099651
25.66 0.013709
25.68 0.010455
25.7 0.0030013
25.72 -0.013061
25.74 -0.037051
25.76 -0.057321
25.78 -0.058032
25.8 -0.038926
25.82 -0.012276
25.84 -0.0022779
25.86 -0.010291
25.88 -0.02091
25.9 -0.023994
25.92 -0.014417
25.94 0.005809
25.96 0.02449
25.98 0.034755
26 0.031924
26.02 0.019966
26.04 0.01073
26.06 0.010737
26.08 0.012072
26.1 0.015972
26.12 0.021079
26.14 0.017802
26.16 0.0063959
26.18 -0.0060476
26.2 -0.014345
26.22 -0.012049
26.24 -0.013446
26.26 -0.022131
26.28 -0.023209
26.3 -0.0085913
26.32 0.0054733
26.34 0.01154
26.36 0.018468
26.38 0.020022
26.4 0.0055842
26.42 -0.010131
26.44 -0.0093124
26.46 -0.0041989
26.48 -0.0052381
26.5 9.207e-005
26.52 0.0070176
26.54 0.0016246
26.56 -0.015587
26.58 -0.026184
26.6 -0.020336
26.62 -0.016463
26.64 -0.019238
26.66 -0.022344
26.68 -0.017582
26.7 -0.0094425
26.72 -0.0056766
26.74 -0.0069615
26.76 -0.0015403
26.78 0.0098328
26.8 0.019031
26.82 0.01679
26.84 0.0051433
26.86 -0.0075838
26.88 -0.015104
26.9 -0.016584
26.92 -0.016168
26.94 -0.014031
26.96 -0.012152
26.98 -0.0061314
27 0.0026143
27.02 0.0097056
27.04 0.022803
27.06 0.038239
27.08 0.036106
27.1 0.02272
27.12 0.010705
27.14 0.0053023
27.16 0.0055578
27.18 0.010245
27.2 0.012921
27.22 0.01043
27.24 0.0038497
27.26 0.0014923
27.28 0.0038533
27.3 0.010323
27.32 0.011252
27.34 0.011666
27.36 0.017037
27.38 0.018166
27.4 0.0063613
27.42 -0.0070586
27.44 -0.00818
27.46 -0.0067734
27.48 -0.0091724
27.5 -0.015051
27.52 -0.014217
27.54 -0.0069005
27.56 -0.0028549
27.58 -0.0010793
27.6 -0.0034078
27.62 0.0033246
27.64 0.0049274
27.66 -0.0016948
27.68 -0.0067114
27.7 -0.011616
27.72 -0.01431
27.74 -0.0088217
27.76 -0.0076508
27.78 -0.0049156
27.8 0.0013408
27.82 0.0064152
27.84 0.015627
27.86 0.02478
27.88 0.024792
27.9 0.018772
27.92 0.016101
27.94 0.013906
27.96 0.0051182
27.98 -0.0029154
28 -0.0075299
28.02 -0.012458
28.04 -0.021464
28.06 -0.025568
28.08 -0.019103
28.1 -0.0077225
28.12 -0.002647
28.14 -0.0013645
28.16 0.0089375
28.18 0.023299
28.2 0.02689
28.22 0.019972
28.24 0.014419
28.26 0.0076888
28.28 -0.0047601
28.3 -0.0099911
28.32 -0.0057836
28.34 0.0031228
28.36 0.0012605
28.38 -0.010654
28.4 -0.025023
28.42 -0.026174
28.44 -0.011315
28.46 -0.00060018
28.48 0.00044705
28.5 -0.0019084
28.52 -0.0063965
28.54 -0.0073282
28.56 -0.0072445
28.58 -0.0067118
28.6 -0.0079909
28.62 -0.0085371
28.64 -0.018691
28.66 -0.029291
28.68 -0.032844
28.7 -0.027498
28.72 -0.019489
28.74 -0.020019
28.76 -0.016599
28.78 -0.0058313
28.8 -0.0014167
28.82 0.0011325
28.84 0.0051643
28.86 0.011873
28.88 0.015177
28.9 0.013915
28.92 0.017932
28.94 0.022662
28.96 0.016066
28.98 0.011758
29 0.017435
29.02 0.020697
29.04 0.013905
29.06 0.0058255
29.08 -0.0020432
29.1 -0.0011017
29.12 0.0055918
29.14 0.01165
29.16 0.013841
29.18 0.015035
29.2 0.017417
29.22 0.016801
29.24 0.012738
29.26 0.0029635
29.28 -0.0029446
29.3 -0.0038873
29.32 -0.0058184
29.34 -0.0096314
29.36 -0.0094666
29.38 -0.0096957
29.4 -0.0097705
29.42 -0.0029843
29.44 0.0041773
29.46 0.010602
29.48 0.0093381
29.5 0.003873
29.52 0.0052821
29.54 0.013855
29.56 0.017906
29.58 0.010424
29.6 0.0020419
29.62 -0.0047152
29.64 -0.009856
29.66 -0.018407
29.68 -0.02521
29.7 -0.020699
29.72 -0.012997
29.74 -0.010578
29.76 -0.010029
29.78 -0.010969
29.8 -0.015724
29.82 -0.017578
29.84 -0.012758
29.86 -0.0056135
29.88 0.00015841
29.9 0.0056072
29.92 0.01006
29.94 0.017283
29.96 0.023037
29.98 0.025026
30 0.019474
30.02 0.010564
30.04 0.00087484
30.06 -0.0040957
30.08 -0.00097286
30.1 0.0037192
30.12 0.0027544
30.14 -0.0020476
30.16 -0.0019599
30.18 0.00134
30.2 -0.0024829
30.22 -0.0041243
30.24 0.0010873
30.26 0.0023553
30.28 -0.0019367
30.3 -0.00951
30.32 -0.010519
30.34 -0.0041755
30.36 -0.0014654
30.38 -0.0027891
30.4 -0.0022175
30.42 -0.00046903
30.44 0.0046537
30.46 0.0072457
30.48 0.0086925
30.5 0.0090611
30.52 0.0055402
30.54 -2.6409e-005
30.56 -0.0044089
30.58 -0.0059825
30.6 -0.0024459
30.62 0.0029446
30.64 0.0024431
30.66 -0.0019642
30.68 -0.0058938
30.7 -0.0051718
30.72 -0.0029833
30.74 -0.0022218
30.76 -0.0041536
30.78 -0.0064198
30.8 -0.0073766
30.82 -0.0052369
30.84 -0.00027997
30.86 0.0058924
30.88 0.006642
30.9 0.0038467
30.92 -0.00055244
30.94 -0.0060763
30.96 -0.0092008
30.98 -0.0078228
31 -0.0062771
31.02 -0.003792
31.04 -0.00061366
31.06 0.0035405
31.08 0.0050412
31.1 0.0057537
31.12 0.007452
31.14 0.0086915
31.16 0.0072643
31.18 0.0053621
31.2 0.0037439
31.22 0.001504
31.24 -0.00013671
31.26 -0.00054887
31.28 -0.00069398
31.3 -0.0015996
31.32 -0.0013804
31.34 -0.00080465
31.36 1.2043e-005
31.38 -0.00046574
31.4 -0.00048023
31.42 -2.5178e-005
31.44 -6.7491e-005
31.46 0.0002592
31.48 0.00060119
31.5 0.0011015
31.52 0.0011558
31.54 0.0008395
31.56 0.00078529
31.58 0.00059997
31.6 0.0003534
31.62 3.0228e-005
31.64 9.441e-005
31.66 0.00021052
31.68 4.2451e-005
31.7 -0.00023325
31.72 -0.00058355
31.74 -0.00077777
31.76 -0.00089186
31.78 -0.00097079
31.8 -0.0010674
31.82 -0.0011658
31.84 -0.0011966
31.86 -0.0010713
31.88 -0.00077238
31.9 -0.00054955
31.92 -0.00034962
31.94 -0.00016554
31.96 -3.194e-005
31.98 4.8065e-005
32 8.983e-005
32.02 0.00010034
32.04 9.7311e-005
32.06 8.8714e-005
32.08 8.426e-005
32.1 6.1407e-005
32.12 4.1915e-005
32.14 3.4027e-005
32.16 3.6853e-005
32.18 4.408e-005
32.2 4.7274e-005
32.22 4.6011e-005
32.24 4.359e-005
32.26 4.1455e-005
32.28 3.9796e-005
32.3 3.8417e-005
32.32 3.6998e-005
32.34 3.5332e-005
32.36 3.3636e-005
32.38 3.1875e-005
32.4 2.998e-005
