0.005 1.1555e-006
0.01 -8.5933e-007
0.015 4.3562e-006
0.02 5.4645e-006
0.025 1.175e-005
0.03 1.1113e-005
0.035 8.9867e-006
0.04 -8.4352e-006
0.045 -2.1618e-005
0.05 -3.1651e-005
0.055 -2.6789e-005
0.06 -1.9527e-005
0.065 3.3081e-008
0.07 1.9112e-005
0.075 3.7818e-005
0.08 4.4604e-005
0.085 5.4682e-005
0.09 7.8201e-005
0.095 0.00013366
0.1 0.00017019
0.105 0.00016034
0.11 6.1729e-005
0.115 -0.00010597
0.12 -0.00030971
0.125 -0.00044666
0.13 -0.00044812
0.135 -0.0003074
0.14 -0.00010796
0.145 5.9915e-005
0.15 0.00010929
0.155 5.6206e-005
0.16 7.426e-005
0.165 0.00033298
0.17 0.00079995
0.175 0.0013035
0.18 0.0017025
0.185 0.0017748
0.19 0.0011857
0.195 2.3136e-005
0.2 -0.0013574
0.205 -0.0024133
0.21 -0.0027518
0.215 -0.0023132
0.22 -0.0011617
0.225 0.00051846
0.23 0.0023989
0.235 0.0042142
0.24 0.0053038
0.245 0.0051746
0.25 0.0034376
0.255 -3.1959e-006
0.26 -0.0034266
0.265 -0.005167
0.27 -0.005274
0.275 -0.0041558
0.28 -0.0015198
0.285 0.0022681
0.29 0.0064791
0.295 0.0085758
0.3 0.0073476
0.305 0.0021004
0.31 -0.0054795
0.315 -0.011965
0.32 -0.014579
0.325 -0.013756
0.33 -0.01172
0.335 -0.0085632
0.34 -0.0045437
0.345 0.0017392
0.35 0.0095719
0.355 0.017705
0.36 0.021818
0.365 0.018784
0.37 0.0057179
0.375 -0.0096456
0.38 -0.016323
0.385 -0.014117
0.39 -0.0020047
0.395 0.01163
0.4 0.016888
0.405 0.013864
0.41 0.0058495
0.415 -0.0016967
0.42 -0.0027229
0.425 0.0034563
0.43 0.012842
0.435 0.017407
0.44 0.011016
0.445 -0.0070682
0.45 -0.024625
0.455 -0.030515
0.46 -0.026876
0.465 -0.017587
0.47 -0.0058431
0.475 0.0053428
0.48 0.01221
0.485 0.015464
0.49 0.015503
0.495 0.0093827
0.5 -0.0034776
0.505 -0.014372
0.51 -0.017177
0.515 -0.013
0.52 -0.0056805
0.525 0.00083199
0.53 0.005356
0.535 0.0082903
0.54 0.01119
0.545 0.01504
0.55 0.018677
0.555 0.019516
0.56 0.014144
0.565 0.0018789
0.57 -0.0095823
0.575 -0.011538
0.58 0.0048808
0.585 0.024597
0.59 0.029439
0.595 0.0034095
0.6 -0.040714
0.605 -0.074419
0.61 -0.079126
0.615 -0.06021
0.62 -0.033126
0.625 -0.01523
0.63 -0.007156
0.635 0.0020763
0.64 0.020502
0.645 0.040627
0.65 0.049108
0.655 0.039376
0.66 0.012537
0.665 -0.013079
0.67 -0.020344
0.675 -0.011002
0.68 0.0016938
0.685 0.007105
0.69 0.0017842
0.695 -0.0067522
0.7 -0.0072945
0.705 0.0052418
0.71 0.02892
0.715 0.047698
0.72 0.048952
0.725 0.039832
0.73 0.036837
0.735 0.052653
0.74 0.076938
0.745 0.089896
0.75 0.073387
0.755 0.026681
0.76 -0.022412
0.765 -0.041063
0.77 -0.034628
0.775 -0.026778
0.78 -0.027002
0.785 -0.027954
0.79 -0.02073
0.795 -0.0080548
0.8 -0.0042362
0.805 -0.013833
0.81 -0.023654
0.815 -0.016249
0.82 0.014735
0.825 0.047486
0.83 0.055255
0.835 0.035516
0.84 -2.1659e-005
0.845 -0.027524
0.85 -0.032508
0.855 -0.026925
0.86 -0.025412
0.865 -0.028137
0.87 -0.032396
0.875 -0.034745
0.88 -0.034667
0.885 -0.034843
0.89 -0.035766
0.895 -0.031592
0.9 -0.015796
0.905 0.014102
0.91 0.035195
0.915 0.02877
0.92 -0.013745
0.925 -0.063672
0.93 -0.087394
0.935 -0.083301
0.94 -0.065501
0.945 -0.052569
0.95 -0.053673
0.955 -0.062176
0.96 -0.0596
0.965 -0.024259
0.97 0.035057
0.975 0.089215
0.98 0.11302
0.985 0.1076
0.99 0.092917
0.995 0.084224
1 0.081504
1.005 0.071572
1.01 0.032272
1.015 -0.02141
1.02 -0.048015
1.025 -0.030425
1.03 0.018142
1.035 0.075703
1.04 0.097911
1.045 0.068873
1.05 -0.0030269
1.055 -0.068273
1.06 -0.092675
1.065 -0.086778
1.07 -0.063098
1.075 -0.030998
1.08 -0.015451
1.085 -0.021712
1.09 -0.028482
1.095 -0.014027
1.1 0.032906
1.105 0.095291
1.11 0.14617
1.115 0.16009
1.12 0.14337
1.125 0.11582
1.13 0.092744
1.135 0.081714
1.14 0.075177
1.145 0.052174
1.15 -0.0039732
1.155 -0.070751
1.16 -0.12087
1.165 -0.14898
1.17 -0.15867
1.175 -0.15285
1.18 -0.12495
1.185 -0.078411
1.19 -0.023114
1.195 0.031805
1.2 0.058422
1.205 0.049297
1.21 -0.0082551
1.215 -0.094488
1.22 -0.17047
1.225 -0.19503
1.23 -0.16828
1.235 -0.10213
1.24 0.0018949
1.245 0.090715
1.25 0.12611
1.255 0.12651
1.26 0.12137
1.265 0.12381
1.27 0.12911
1.275 0.12365
1.28 0.082602
1.285 0.022616
1.29 -0.035831
1.295 -0.067948
1.3 -0.070515
1.305 -0.039976
1.31 0.020152
1.315 0.093443
1.32 0.14086
1.325 0.14113
1.33 0.1196
1.335 0.088225
1.34 0.052324
1.345 0.023378
1.35 0.0066369
1.355 -0.0025985
1.36 -0.0085432
1.365 -0.020691
1.37 -0.05418
1.375 -0.1035
1.38 -0.13519
1.385 -0.14139
1.39 -0.13196
1.395 -0.11526
1.4 -0.10476
1.405 -0.11441
1.41 -0.13972
1.415 -0.15575
1.42 -0.12679
1.425 -0.041995
1.43 0.059021
1.435 0.10775
1.44 0.073742
1.445 -0.026003
1.45 -0.1155
1.455 -0.13055
1.46 -0.079046
1.465 0.0077274
1.47 0.076173
1.475 0.08013
1.48 0.034159
1.485 -0.022726
1.49 -0.049997
1.495 -0.051919
1.5 -0.050489
1.505 -0.058667
1.51 -0.074096
1.515 -0.083285
1.52 -0.066186
1.525 -0.011547
1.53 0.079169
1.535 0.1574
1.54 0.17571
1.545 0.15169
1.55 0.12779
1.555 0.12503
1.56 0.13962
1.565 0.1516
1.57 0.13012
1.575 0.060352
1.58 -0.023444
1.585 -0.059103
1.59 -0.030888
1.595 0.035458
1.6 0.10304
1.605 0.1225
1.61 0.090471
1.615 0.017672
1.62 -0.045508
1.625 -0.075898
1.63 -0.083339
1.635 -0.089886
1.64 -0.10715
1.645 -0.12765
1.65 -0.13531
1.655 -0.1141
1.66 -0.061176
1.665 -0.0054223
1.67 0.0088437
1.675 -0.030934
1.68 -0.094049
1.685 -0.13329
1.69 -0.12707
1.695 -0.08555
1.7 -0.017226
1.705 0.064245
1.71 0.13389
1.715 0.15259
1.72 0.11095
1.725 0.022122
1.73 -0.036258
1.735 -0.032856
1.74 -0.013532
1.745 -0.022634
1.75 -0.079573
1.755 -0.14037
1.76 -0.15777
1.765 -0.12621
1.77 -0.042872
1.775 0.067643
1.78 0.17133
1.785 0.20989
1.79 0.1729
1.795 0.076659
1.8 0.0042277
1.805 0.0065187
1.81 0.062617
1.815 0.13155
1.82 0.14884
1.825 0.094979
1.83 0.0045381
1.835 -0.055159
1.84 -0.052801
1.845 0.00030894
1.85 0.075098
1.855 0.10617
1.86 0.068455
1.865 -0.016915
1.87 -0.073175
1.875 -0.063827
1.88 -0.028555
1.885 -0.01636
1.89 -0.051569
1.895 -0.090823
1.9 -0.098324
1.905 -0.066223
1.91 -0.0014087
1.915 0.055894
1.92 0.074253
1.925 0.03511
1.93 -0.045202
1.935 -0.10208
1.94 -0.11862
1.945 -0.10853
1.95 -0.08577
1.955 -0.037449
1.96 0.028014
1.965 0.081089
1.97 0.08916
1.975 0.032432
1.98 -0.047856
1.985 -0.089426
1.99 -0.073825
1.995 -0.017827
2 0.047781
2.005 0.084386
2.01 0.089157
2.015 0.082126
2.02 0.072231
2.025 0.040359
2.03 -0.026316
2.035 -0.12064
2.04 -0.20136
2.045 -0.22445
2.05 -0.18988
2.055 -0.10704
2.06 -0.011394
2.065 0.059721
2.07 0.10784
2.075 0.14683
2.08 0.16589
2.085 0.15064
2.09 0.090042
2.095 0.023342
2.1 -0.0014052
2.105 0.0086866
2.11 0.017199
2.115 -0.0097412
2.12 -0.071554
2.125 -0.11136
2.13 -0.10065
2.135 -0.047851
2.14 0.029045
2.145 0.067495
2.15 0.038962
2.155 -0.039571
2.16 -0.098033
2.165 -0.10338
2.17 -0.081611
2.175 -0.049506
2.18 -0.01074
2.185 0.011888
2.19 0.0049644
2.195 -0.020689
2.2 -0.037227
2.205 -0.014718
2.21 0.057866
2.215 0.11549
2.22 0.098023
2.225 0.025787
2.23 -0.030567
2.235 -0.043677
2.24 -0.04397
2.245 -0.052998
2.25 -0.066863
2.255 -0.049593
2.26 0.011156
2.265 0.083514
2.27 0.12579
2.275 0.11712
2.28 0.048376
2.285 -0.025299
2.29 -0.046706
2.295 -0.024724
2.3 0.002341
2.305 0.0094079
2.31 -0.0088377
2.315 -0.04422
2.32 -0.091586
2.325 -0.13208
2.33 -0.14611
2.335 -0.14131
2.34 -0.12598
2.345 -0.093836
2.35 -0.043545
2.355 0.0093176
2.36 0.057258
2.365 0.080024
2.37 0.059105
2.375 -0.010034
2.38 -0.085783
2.385 -0.15464
2.39 -0.19837
2.395 -0.20224
2.4 -0.18125
2.405 -0.1576
2.41 -0.1441
2.415 -0.12778
2.42 -0.089036
2.425 -0.02336
2.43 0.037504
2.435 0.073386
2.44 0.099334
2.445 0.11806
2.45 0.1236
2.455 0.12232
2.46 0.12728
2.465 0.15098
2.47 0.18593
2.475 0.21453
2.48 0.22617
2.485 0.22899
2.49 0.22093
2.495 0.16038
2.5 0.060095
2.505 -0.035763
2.51 -0.082515
2.515 -0.083662
2.52 -0.077321
2.525 -0.074659
2.53 -0.063935
2.535 -0.027284
2.54 0.018127
2.545 0.050109
2.55 0.058243
2.555 0.054782
2.56 0.05109
2.565 0.047933
2.57 0.043919
2.575 0.037674
2.58 0.015148
2.585 -0.040357
2.59 -0.10523
2.595 -0.15461
2.6 -0.1745
2.605 -0.14103
2.61 -0.038955
2.615 0.055077
2.62 0.092138
2.625 0.091285
2.63 0.081669
2.635 0.083114
2.64 0.085033
2.645 0.068425
2.65 0.0058199
2.655 -0.068298
2.66 -0.12678
2.665 -0.14943
2.67 -0.11816
2.675 -0.0085948
2.68 0.13741
2.685 0.28949
2.69 0.39923
2.695 0.46103
2.7 0.48519
2.705 0.47841
2.71 0.4186
2.715 0.31681
2.72 0.23616
2.725 0.21651
2.73 0.22945
2.735 0.23028
2.74 0.20976
2.745 0.17437
2.75 0.12502
2.755 0.077539
2.76 0.02809
2.765 -0.0308
2.77 -0.11072
2.775 -0.22885
2.78 -0.3899
2.785 -0.53784
2.79 -0.60007
2.795 -0.61485
2.8 -0.62742
2.805 -0.63618
2.81 -0.6205
2.815 -0.5314
2.82 -0.3788
2.825 -0.1994
2.83 -0.07519
2.835 0.0029959
2.84 0.064552
2.845 0.12505
2.85 0.18366
2.855 0.22519
2.86 0.23962
2.865 0.20916
2.87 0.14206
2.875 0.063837
2.88 -0.011134
2.885 -0.1109
2.89 -0.22558
2.895 -0.2983
2.9 -0.35175
2.905 -0.38233
2.91 -0.37472
2.915 -0.33294
2.92 -0.24412
2.925 -0.12489
2.93 -0.022112
2.935 0.07016
2.94 0.17209
2.945 0.25976
2.95 0.36169
2.955 0.47177
2.96 0.54744
2.965 0.59134
2.97 0.61498
2.975 0.59929
2.98 0.52688
2.985 0.36024
2.99 0.14251
2.995 -0.021741
3 -0.146
3.005 -0.24811
3.01 -0.32527
3.015 -0.36131
3.02 -0.36004
3.025 -0.34269
3.03 -0.30934
3.035 -0.24249
3.04 -0.1405
3.045 -0.035605
3.05 0.052013
3.055 0.11794
3.06 0.18601
3.065 0.30719
3.07 0.47815
3.075 0.57852
3.08 0.5676
3.085 0.52782
3.09 0.52129
3.095 0.54938
3.1 0.58675
3.105 0.59453
3.11 0.54754
3.115 0.46838
3.12 0.37082
3.125 0.2513
3.13 0.11913
3.135 0.021548
3.14 -0.041986
3.145 -0.087508
3.15 -0.13643
3.155 -0.19619
3.16 -0.26486
3.165 -0.34379
3.17 -0.4686
3.175 -0.6149
3.18 -0.72959
3.185 -0.78963
3.19 -0.81576
3.195 -0.83939
3.2 -0.85599
3.205 -0.85483
3.21 -0.81529
3.215 -0.72106
3.22 -0.59062
3.225 -0.47814
3.23 -0.38222
3.235 -0.28747
3.24 -0.17605
3.245 -0.04412
3.25 0.10884
3.255 0.30212
3.26 0.49593
3.265 0.60433
3.27 0.60313
3.275 0.5486
3.28 0.45575
3.285 0.38269
3.29 0.36516
3.295 0.36904
3.3 0.36568
3.305 0.3547
3.31 0.35306
3.315 0.36675
3.32 0.39112
3.325 0.41142
3.33 0.41468
3.335 0.40367
3.34 0.38458
3.345 0.34282
3.35 0.2511
3.355 0.14029
3.36 0.045679
3.365 -0.032309
3.37 -0.081025
3.375 -0.089948
3.38 -0.064644
3.385 0.026897
3.39 0.11828
3.395 0.17037
3.4 0.18846
3.405 0.18398
3.41 0.18245
3.415 0.18506
3.42 0.19092
3.425 0.19494
3.43 0.1964
3.435 0.18888
3.44 0.16656
3.445 0.12154
3.45 0.063845
3.455 0.0048387
3.46 -0.036052
3.465 -0.068772
3.47 -0.12133
3.475 -0.18645
3.48 -0.25408
3.485 -0.32888
3.49 -0.39111
3.495 -0.45466
3.5 -0.51321
3.505 -0.5818
3.51 -0.62792
3.515 -0.62286
3.52 -0.55886
3.525 -0.37571
3.53 -0.099644
3.535 0.072435
3.54 0.11002
3.545 0.089175
3.55 0.063757
3.555 0.028683
3.56 -0.020442
3.565 -0.082673
3.57 -0.12641
3.575 -0.13466
3.58 -0.11968
3.585 -0.079663
3.59 -0.0062547
3.595 0.079121
3.6 0.16098
3.605 0.23549
3.61 0.28335
3.615 0.33002
3.62 0.36939
3.625 0.38292
3.63 0.35745
3.635 0.30223
3.64 0.24
3.645 0.19299
3.65 0.1514
3.655 0.10248
3.66 0.036681
3.665 -0.050645
3.67 -0.12046
3.675 -0.17278
3.68 -0.22356
3.685 -0.29311
3.69 -0.37241
3.695 -0.46142
3.7 -0.56186
3.705 -0.62238
3.71 -0.61988
3.715 -0.57508
3.72 -0.48362
3.725 -0.37784
3.73 -0.2727
3.735 -0.16863
3.74 -0.10795
3.745 -0.089027
3.75 -0.084081
3.755 -0.083065
3.76 -0.09294
3.765 -0.11908
3.77 -0.1613
3.775 -0.18926
3.78 -0.18622
3.785 -0.16071
3.79 -0.1288
3.795 -0.10507
3.8 -0.088529
3.805 -0.065451
3.81 -0.032669
3.815 -0.010437
3.82 -0.0087239
3.825 -0.016908
3.83 -0.02586
3.835 -0.031524
3.84 -0.0384
3.845 -0.048927
3.85 -0.063697
3.855 -0.084245
3.86 -0.10567
3.865 -0.12086
3.87 -0.12426
3.875 -0.09482
3.88 -0.010707
3.885 0.11504
3.89 0.19593
3.895 0.2211
3.9 0.23039
3.905 0.22938
3.91 0.1825
3.915 0.091212
3.92 0.0010605
3.925 -0.058416
3.93 -0.086803
3.935 -0.096278
3.94 -0.098604
3.945 -0.09707
3.95 -0.087947
3.955 -0.078159
3.96 -0.06907
3.965 -0.059985
3.97 -0.046109
3.975 -0.028089
3.98 -0.016858
3.985 -0.026889
3.99 -0.046249
3.995 -0.060786
4 -0.058859
4.005 -0.035305
4.01 0.011614
4.015 0.089451
4.02 0.20421
4.025 0.31398
4.03 0.38046
4.035 0.42775
4.04 0.47947
4.045 0.52866
4.05 0.55954
4.055 0.56232
4.06 0.55187
4.065 0.54421
4.07 0.54188
4.075 0.54366
4.08 0.54702
4.085 0.55102
4.09 0.55139
4.095 0.5407
4.1 0.51103
4.105 0.4674
4.11 0.39905
4.115 0.3152
4.12 0.22768
4.125 0.14556
4.13 0.074385
4.135 -0.0047923
4.14 -0.090981
4.145 -0.17333
4.15 -0.23864
4.155 -0.28906
4.16 -0.3178
4.165 -0.3233
4.17 -0.31826
4.175 -0.29857
4.18 -0.24193
4.185 -0.17545
4.19 -0.11123
4.195 -0.049968
4.2 -0.011685
4.205 0.0064062
4.21 0.015706
4.215 0.023085
4.22 0.029616
4.225 0.035211
4.23 0.041376
4.235 0.045748
4.24 0.04118
4.245 0.026744
4.25 0.0092254
4.255 -0.0086063
4.26 -0.022851
4.265 -0.033717
4.27 -0.043493
4.275 -0.048562
4.28 -0.046403
4.285 -0.038464
4.29 -0.024127
4.295 -0.0025655
4.3 0.019228
4.305 0.036916
4.31 0.045993
4.315 0.052817
4.32 0.067136
4.325 0.093544
4.33 0.13087
4.335 0.17135
4.34 0.20372
4.345 0.21689
4.35 0.21719
4.355 0.21856
4.36 0.22686
4.365 0.24282
4.37 0.25533
4.375 0.2568
4.38 0.24494
4.385 0.21305
4.39 0.15406
4.395 0.08081
4.4 0.0097258
4.405 -0.06296
4.41 -0.1342
4.415 -0.19131
4.42 -0.22608
4.425 -0.24527
4.43 -0.25269
4.435 -0.24881
4.44 -0.23001
4.445 -0.19391
4.45 -0.15474
4.455 -0.12308
4.46 -0.099905
4.465 -0.081435
4.47 -0.058263
4.475 -0.023891
4.48 0.012098
4.485 0.034164
4.49 0.032212
4.495 0.0042675
4.5 -0.047582
4.505 -0.095151
4.51 -0.13856
4.515 -0.18638
4.52 -0.2421
4.525 -0.29784
4.53 -0.35429
4.535 -0.41202
4.54 -0.46782
4.545 -0.5251
4.55 -0.57089
4.555 -0.61464
4.56 -0.64941
4.565 -0.66926
4.57 -0.67091
4.575 -0.65823
4.58 -0.63446
4.585 -0.58828
4.59 -0.50646
4.595 -0.40419
4.6 -0.27984
4.605 -0.1466
4.61 -0.032145
4.615 0.076755
4.62 0.15748
4.625 0.19942
4.63 0.21108
4.635 0.20052
4.64 0.16436
4.645 0.10396
4.65 0.029139
4.655 -0.053808
4.66 -0.11935
4.665 -0.16784
4.67 -0.19606
4.675 -0.20422
4.68 -0.20045
4.685 -0.18388
4.69 -0.15711
4.695 -0.12804
4.7 -0.10458
4.705 -0.089794
4.71 -0.081703
4.715 -0.085023
4.72 -0.10729
4.725 -0.14094
4.73 -0.16905
4.735 -0.18171
4.74 -0.17638
4.745 -0.15447
4.75 -0.12527
4.755 -0.10219
4.76 -0.092946
4.765 -0.093513
4.77 -0.093985
4.775 -0.084392
4.78 -0.061887
4.785 -0.028444
4.79 0.0091052
4.795 0.051369
4.8 0.095649
4.805 0.13966
4.81 0.18104
4.815 0.23051
4.82 0.29257
4.825 0.34395
4.83 0.3833
4.835 0.40945
4.84 0.41947
4.845 0.41772
4.85 0.40903
4.855 0.39672
4.86 0.38037
4.865 0.35582
4.87 0.31967
4.875 0.27294
4.88 0.21717
4.885 0.17169
4.89 0.14141
4.895 0.12167
4.9 0.1072
4.905 0.093666
4.91 0.080273
4.915 0.063258
4.92 0.040264
4.925 0.0013419
4.93 -0.046545
4.935 -0.096677
4.94 -0.14229
4.945 -0.1752
4.95 -0.19972
4.955 -0.21351
4.96 -0.21381
4.965 -0.19765
4.97 -0.16295
4.975 -0.11968
4.98 -0.083442
4.985 -0.053592
4.99 -0.02427
4.995 0.0061958
5 0.034967
5.005 0.055148
5.01 0.066002
5.015 0.069207
5.02 0.067918
5.025 0.064795
5.03 0.060785
5.035 0.055017
5.04 0.045652
5.045 0.030967
5.05 0.014484
5.055 -0.00034311
5.06 -0.015926
5.065 -0.031279
5.07 -0.046499
5.075 -0.054946
5.08 -0.050557
5.085 -0.035054
5.09 -0.017233
5.095 -0.0031641
5.1 0.005832
5.105 0.0099768
5.11 0.011559
5.115 0.016625
5.12 0.033025
5.125 0.061683
5.13 0.10813
5.135 0.15836
5.14 0.21423
5.145 0.27118
5.15 0.30923
5.155 0.33093
5.16 0.34465
5.165 0.35107
5.17 0.34437
5.175 0.31653
5.18 0.26181
5.185 0.19727
5.19 0.14816
5.195 0.11661
5.2 0.10004
5.205 0.09063
5.21 0.086946
5.215 0.09145
5.22 0.10159
5.225 0.11051
5.23 0.115
5.235 0.11579
5.24 0.11316
5.245 0.10616
5.25 0.095225
5.255 0.081775
5.26 0.065869
5.265 0.051441
5.27 0.04412
5.275 0.041146
5.28 0.03705
5.285 0.028469
5.29 0.0095961
5.295 -0.018138
5.3 -0.048584
5.305 -0.073768
5.31 -0.094557
5.315 -0.11566
5.32 -0.13356
5.325 -0.1484
5.33 -0.15597
5.335 -0.15383
5.34 -0.1398
5.345 -0.11666
5.35 -0.087819
5.355 -0.060743
5.36 -0.043537
5.365 -0.031319
5.37 -0.02353
5.375 -0.023151
5.38 -0.030336
5.385 -0.04158
5.39 -0.053236
5.395 -0.061973
5.4 -0.071314
5.405 -0.080749
5.41 -0.088723
5.415 -0.091014
5.42 -0.080318
5.425 -0.046199
5.43 0.00080001
5.435 0.058201
5.44 0.11237
5.445 0.14719
5.45 0.16054
5.455 0.15584
5.46 0.13206
5.465 0.088105
5.47 0.03558
5.475 -0.016902
5.48 -0.052236
5.485 -0.070845
5.49 -0.082017
5.495 -0.090692
5.5 -0.095366
5.505 -0.093816
5.51 -0.089176
5.515 -0.085321
5.52 -0.082613
5.525 -0.080956
5.53 -0.081369
5.535 -0.083763
5.54 -0.083537
5.545 -0.080914
5.55 -0.08231
5.555 -0.098038
5.56 -0.12712
5.565 -0.16293
5.57 -0.20159
5.575 -0.23353
5.58 -0.26177
5.585 -0.28593
5.59 -0.30489
5.595 -0.3188
5.6 -0.32854
5.605 -0.33428
5.61 -0.33018
5.615 -0.31327
5.62 -0.28218
5.625 -0.23031
5.63 -0.15744
5.635 -0.085408
5.64 -0.013486
5.645 0.044611
5.65 0.088831
5.655 0.12395
5.66 0.14105
5.665 0.14664
5.67 0.14915
5.675 0.15422
5.68 0.16344
5.685 0.17409
5.69 0.18167
5.695 0.18626
5.7 0.18798
5.705 0.18644
5.71 0.18068
5.715 0.16697
5.72 0.14422
5.725 0.11967
5.73 0.098065
5.735 0.082731
5.74 0.076361
5.745 0.076347
5.75 0.075506
5.755 0.069475
5.76 0.05778
5.765 0.043117
5.77 0.026113
5.775 0.0095961
5.78 0.00095709
5.785 0.0017655
5.79 0.0072314
5.795 0.015105
5.8 0.023997
5.805 0.032444
5.81 0.044153
5.815 0.059574
5.82 0.073276
5.825 0.082582
5.83 0.082154
5.835 0.070457
5.84 0.051597
5.845 0.029443
5.85 0.0078135
5.855 -0.0064112
5.86 -0.014235
5.865 -0.015649
5.87 -0.0098016
5.875 0.0015397
5.88 0.013824
5.885 0.025887
5.89 0.038506
5.895 0.054328
5.9 0.068636
5.905 0.077036
5.91 0.07439
5.915 0.058467
5.92 0.024965
5.925 -0.0077334
5.93 -0.027167
5.935 -0.036036
5.94 -0.036387
5.945 -0.030808
5.95 -0.02255
5.955 -0.013935
5.96 -0.010808
5.965 -0.01651
5.97 -0.02865
5.975 -0.04467
5.98 -0.057339
5.985 -0.058076
5.99 -0.045757
5.995 -0.028077
6 -0.0065006
6.005 0.016673
6.01 0.037291
6.015 0.055771
6.02 0.075129
6.025 0.092032
6.03 0.099596
6.035 0.093772
6.04 0.075961
6.045 0.055164
6.05 0.03531
6.055 0.020313
6.06 0.010867
6.065 0.0012688
6.07 -0.010089
6.075 -0.022584
6.08 -0.031535
6.085 -0.035334
6.09 -0.034931
6.095 -0.03173
6.1 -0.030114
6.105 -0.030178
6.11 -0.029762
6.115 -0.027375
6.12 -0.02027
6.125 -0.012467
6.13 -0.0082827
6.135 -0.010191
6.14 -0.017599
6.145 -0.029312
6.15 -0.041099
6.155 -0.046742
6.16 -0.042964
6.165 -0.02961
6.17 -0.006572
6.175 0.019291
6.18 0.041605
6.185 0.060173
6.19 0.07542
6.195 0.087982
6.2 0.098665
6.205 0.10686
6.21 0.11328
6.215 0.11744
6.22 0.1182
6.225 0.11568
6.23 0.11128
6.235 0.10516
6.24 0.094674
6.245 0.081566
6.25 0.068939
6.255 0.057476
6.26 0.049551
6.265 0.045546
6.27 0.044111
6.275 0.042004
6.28 0.037184
6.285 0.030879
6.29 0.024033
6.295 0.018184
6.3 0.013217
6.305 0.0085193
6.31 0.002049
6.315 -0.0088829
6.32 -0.023159
6.325 -0.037562
6.33 -0.044944
6.335 -0.047011
6.34 -0.047756
6.345 -0.048477
6.35 -0.050525
6.355 -0.053851
6.36 -0.058703
6.365 -0.065397
6.37 -0.076075
6.375 -0.086638
6.38 -0.090976
6.385 -0.085307
6.39 -0.068956
6.395 -0.038286
6.4 -0.0020091
6.405 0.024627
6.41 0.040212
6.415 0.04708
6.42 0.047083
6.425 0.041825
6.43 0.03144
6.435 0.019075
6.44 0.0064718
6.445 -0.0058668
6.45 -0.015565
6.455 -0.028869
6.46 -0.043991
6.465 -0.056154
6.47 -0.06265
6.475 -0.061395
6.48 -0.052709
6.485 -0.039292
6.49 -0.022511
6.495 -0.0038218
6.5 0.014953
6.505 0.031295
6.51 0.046006
6.515 0.062557
6.52 0.079676
6.525 0.091127
6.53 0.094027
6.535 0.089425
6.54 0.076829
6.545 0.053335
6.55 0.021344
6.555 -0.0066866
6.56 -0.021349
6.565 -0.026528
6.57 -0.02855
6.575 -0.030672
6.58 -0.034688
6.585 -0.040809
6.59 -0.047088
6.595 -0.050902
6.6 -0.052036
6.605 -0.051039
6.61 -0.0498
6.615 -0.04908
6.62 -0.047741
6.625 -0.044682
6.63 -0.040137
6.635 -0.032206
6.64 -0.023484
6.645 -0.015148
6.65 -0.0095354
6.655 -0.00997
6.66 -0.016751
6.665 -0.02618
6.67 -0.035487
6.675 -0.04595
6.68 -0.055839
6.685 -0.063522
6.69 -0.068349
6.695 -0.072693
6.7 -0.076811
6.705 -0.077622
6.71 -0.07474
6.715 -0.067318
6.72 -0.056064
6.725 -0.043644
6.73 -0.033448
6.735 -0.027072
6.74 -0.025272
6.745 -0.026649
6.75 -0.026565
6.755 -0.02306
6.76 -0.018535
6.765 -0.016197
6.77 -0.015898
6.775 -0.016069
6.78 -0.012865
6.785 -0.0034044
6.79 0.010371
6.795 0.027736
6.8 0.045681
6.805 0.058331
6.81 0.066293
6.815 0.07009
6.82 0.071374
6.825 0.070496
6.83 0.065913
6.835 0.055722
6.84 0.042854
6.845 0.033307
6.85 0.030888
6.855 0.03663
6.86 0.04795
6.865 0.061047
6.87 0.075677
6.875 0.09135
6.88 0.10822
6.885 0.12509
6.89 0.13711
6.895 0.14165
6.9 0.13713
6.905 0.12287
6.91 0.10151
6.915 0.077606
6.92 0.055631
6.925 0.035355
6.93 0.016617
6.935 0.00065636
6.94 -0.010986
6.945 -0.018312
6.95 -0.021511
6.955 -0.019862
6.96 -0.015041
6.965 -0.01089
6.97 -0.012765
6.975 -0.019435
6.98 -0.028182
6.985 -0.038646
6.99 -0.050405
6.995 -0.060172
7 -0.065072
7.005 -0.064256
7.01 -0.056999
7.015 -0.043233
7.02 -0.021914
7.025 0.0042057
7.03 0.031385
7.035 0.05167
7.04 0.06155
7.045 0.061017
7.05 0.052445
7.055 0.041505
7.06 0.031716
7.065 0.024234
7.07 0.019861
7.075 0.017874
7.08 0.01575
7.085 0.013199
7.09 0.01013
7.095 0.008104
7.1 0.0089632
7.105 0.011215
7.11 0.013405
7.115 0.013014
7.12 0.01034
7.125 0.0084489
7.13 0.010621
7.135 0.01936
7.14 0.033677
7.145 0.048119
7.15 0.060677
7.155 0.067113
7.16 0.06592
7.165 0.059586
7.17 0.050362
7.175 0.04174
7.18 0.031734
7.185 0.017411
7.19 0.0024014
7.195 -0.0091789
7.2 -0.017474
7.205 -0.022017
7.21 -0.021765
7.215 -0.01772
7.22 -0.011068
7.225 -0.0054663
7.23 -0.0024957
7.235 -0.0054264
7.24 -0.01336
7.245 -0.025384
7.25 -0.040579
7.255 -0.061324
7.26 -0.083877
7.265 -0.10416
7.27 -0.12427
7.275 -0.14315
7.28 -0.16097
7.285 -0.1736
7.29 -0.17694
7.295 -0.17321
7.3 -0.16433
7.305 -0.15048
7.31 -0.13282
7.315 -0.11316
7.32 -0.092501
7.325 -0.073062
7.33 -0.053862
7.335 -0.038105
7.34 -0.030246
7.345 -0.028411
7.35 -0.028849
7.355 -0.027991
7.36 -0.025939
7.365 -0.024547
7.37 -0.024022
7.375 -0.023983
7.38 -0.022877
7.385 -0.018524
7.39 -0.012685
7.395 -0.0087125
7.4 -0.0072588
7.405 -0.0091043
7.41 -0.015137
7.415 -0.022921
7.42 -0.031478
7.425 -0.040992
7.43 -0.048419
7.435 -0.051208
7.44 -0.048551
7.445 -0.04158
7.45 -0.030463
7.455 -0.015978
7.46 0.0042312
7.465 0.02533
7.47 0.04198
7.475 0.052104
7.48 0.054146
7.485 0.050197
7.49 0.040117
7.495 0.021261
7.5 -0.00067935
7.505 -0.020346
7.51 -0.037747
7.515 -0.046902
7.52 -0.049107
7.525 -0.044303
7.53 -0.029662
7.535 -0.0061381
7.54 0.018802
7.545 0.040588
7.55 0.051947
7.555 0.053321
7.56 0.044276
7.565 0.024159
7.57 -0.0088802
7.575 -0.040784
7.58 -0.062933
7.585 -0.072817
7.59 -0.072518
7.595 -0.06756
7.6 -0.057871
7.605 -0.040635
7.61 -0.019356
7.615 0.0011932
7.62 0.010577
7.625 0.008934
7.63 0.003787
7.635 -0.0011437
7.64 -0.0038033
7.645 -0.0061833
7.65 -0.010256
7.655 -0.012871
7.66 -0.012011
7.665 -0.0062505
7.67 0.0045535
7.675 0.017897
7.68 0.030116
7.685 0.03662
7.69 0.037566
7.695 0.035246
7.7 0.031161
7.705 0.023849
7.71 0.013172
7.715 6.4992e-005
7.72 -0.012654
7.725 -0.023666
7.73 -0.030288
7.735 -0.033411
7.74 -0.032081
7.745 -0.026165
7.75 -0.019424
7.755 -0.015266
7.76 -0.011564
7.765 -0.007177
7.77 -0.0018272
7.775 0.0030954
7.78 0.0066298
7.785 0.0093124
7.79 0.011799
7.795 0.014652
7.8 0.019843
7.805 0.028097
7.81 0.037174
7.815 0.045306
7.82 0.052701
7.825 0.059184
7.83 0.064214
7.835 0.066757
7.84 0.06769
7.845 0.068239
7.85 0.068809
7.855 0.069941
7.86 0.069275
7.865 0.066926
7.87 0.062592
7.875 0.054062
7.88 0.041977
7.885 0.027519
7.89 0.01028
7.895 -0.0046213
7.9 -0.016067
7.905 -0.02137
7.91 -0.019673
7.915 -0.016682
7.92 -0.010831
7.925 -0.00065139
7.93 0.010678
7.935 0.021631
7.94 0.028952
7.945 0.031388
7.95 0.028637
7.955 0.024376
7.96 0.019756
7.965 0.01336
7.97 0.0058386
7.975 0.001234
7.98 0.0028942
7.985 0.0077743
7.99 0.010663
7.995 0.0099926
8 0.0059504
8.005 0.00022053
8.01 -0.0043912
8.015 -0.0051689
8.02 -0.00011782
8.025 0.0081648
8.03 0.017243
8.035 0.023279
8.04 0.025243
8.045 0.02425
8.05 0.021404
8.055 0.017892
8.06 0.015517
8.065 0.014347
8.07 0.0129
8.075 0.0093781
8.08 0.0050203
8.085 0.0023875
8.09 0.0020966
8.095 0.0022597
8.1 0.0012628
8.105 -0.0028315
8.11 -0.0081826
8.115 -0.01205
8.12 -0.013552
8.125 -0.014563
8.13 -0.0175
8.135 -0.021554
8.14 -0.023885
8.145 -0.02357
8.15 -0.020041
8.155 -0.0149
8.16 -0.01024
8.165 -0.0042974
8.17 0.0026949
8.175 0.008738
8.18 0.012092
8.185 0.014071
8.19 0.016498
8.195 0.020953
8.2 0.027379
8.205 0.031578
8.21 0.02934
8.215 0.0212
8.22 0.010034
8.225 -0.002547
8.23 -0.014698
8.235 -0.025814
8.24 -0.032459
8.245 -0.034765
8.25 -0.032422
8.255 -0.024073
8.26 -0.0093794
8.265 0.0083905
8.27 0.022541
8.275 0.033181
8.28 0.040238
8.285 0.040261
8.29 0.034233
8.295 0.026892
8.3 0.018322
8.305 0.012488
8.31 0.0042319
8.315 -0.005721
8.32 -0.009911
8.325 -0.0084787
8.33 -0.0036891
8.335 0.0024203
8.34 0.007573
8.345 0.010855
8.35 0.010554
8.355 0.0079432
8.36 0.0052457
8.365 0.0022898
8.37 0.0004918
8.375 -0.00018082
8.38 0.00055282
8.385 0.0036237
8.39 0.010495
8.395 0.017244
8.4 0.022805
8.405 0.025841
8.41 0.024199
8.415 0.018455
8.42 0.0092622
8.425 -0.0013064
8.43 -0.012214
8.435 -0.02256
8.44 -0.030095
8.445 -0.036723
8.45 -0.043246
8.455 -0.048431
8.46 -0.049735
8.465 -0.047899
8.47 -0.046722
8.475 -0.048213
8.48 -0.050454
8.485 -0.051414
8.49 -0.049601
8.495 -0.044859
8.5 -0.037343
8.505 -0.029483
8.51 -0.024913
8.515 -0.023915
8.52 -0.024938
8.525 -0.025703
8.53 -0.025659
8.535 -0.02575
8.54 -0.025739
8.545 -0.025096
8.55 -0.023648
8.555 -0.021763
8.56 -0.02007
8.565 -0.017662
8.57 -0.014539
8.575 -0.011757
8.58 -0.010491
8.585 -0.010426
8.59 -0.0082999
8.595 -0.00027969
8.6 0.012123
8.605 0.026656
8.61 0.042453
8.615 0.054532
8.62 0.059937
8.625 0.062641
8.63 0.062739
8.635 0.060309
8.64 0.055614
8.645 0.050003
8.65 0.044455
8.655 0.038343
8.66 0.028952
8.665 0.016676
8.67 0.0030393
8.675 -0.011821
8.68 -0.023707
8.685 -0.031204
8.69 -0.034768
8.695 -0.037514
8.7 -0.041535
8.705 -0.045221
8.71 -0.045
8.715 -0.039602
8.72 -0.027412
8.725 -0.0094784
8.73 0.0086293
8.735 0.024453
8.74 0.03561
8.745 0.043639
8.75 0.050578
8.755 0.055734
8.76 0.057439
8.765 0.054957
8.77 0.048213
8.775 0.03872
8.78 0.027869
8.785 0.016498
8.79 0.0064196
8.795 -0.0010923
8.8 -0.004582
8.805 -0.0069679
8.81 -0.0079823
8.815 -0.0074992
8.82 -0.0060403
8.825 -0.0041103
8.83 -0.0020127
8.835 0.00062872
8.84 0.0041417
8.845 0.0083928
8.85 0.01258
8.855 0.015562
8.86 0.016512
8.865 0.016622
8.87 0.016835
8.875 0.018528
8.88 0.020983
8.885 0.022664
8.89 0.02201
8.895 0.018801
8.9 0.014648
8.905 0.0078551
8.91 -0.0014285
8.915 -0.012875
8.92 -0.02204
8.925 -0.027713
8.93 -0.03377
8.935 -0.040196
8.94 -0.046637
8.945 -0.055144
8.95 -0.064206
8.955 -0.072875
8.96 -0.079573
8.965 -0.08084
8.97 -0.074752
8.975 -0.061508
8.98 -0.046153
8.985 -0.029243
8.99 -0.014423
8.995 -0.0065022
9 -0.002437
9.005 0.0021932
9.01 0.0083791
9.015 0.015303
9.02 0.02151
9.025 0.02527
9.03 0.023188
9.035 0.014518
9.04 0.00050381
9.045 -0.015212
9.05 -0.028039
9.055 -0.035156
9.06 -0.039037
9.065 -0.041985
9.07 -0.044262
9.075 -0.044077
9.08 -0.039138
9.085 -0.028404
9.09 -0.013505
9.095 0.0038584
9.1 0.020995
9.105 0.03482
9.11 0.046238
9.115 0.052288
9.12 0.055267
9.125 0.056758
9.13 0.056526
9.135 0.055868
9.14 0.054407
9.145 0.051554
9.15 0.046893
9.155 0.042545
9.16 0.040477
9.165 0.040422
9.17 0.040699
9.175 0.037011
9.18 0.025951
9.185 0.012197
9.19 -0.0054822
9.195 -0.021515
9.2 -0.030609
9.205 -0.032914
9.21 -0.029593
9.215 -0.024639
9.22 -0.016941
9.225 -0.0074349
9.23 0.0015429
9.235 0.0088186
9.24 0.015249
9.245 0.019876
9.25 0.023776
9.255 0.026509
9.26 0.027285
9.265 0.027093
9.27 0.026599
9.275 0.027956
9.28 0.031611
9.285 0.036512
9.29 0.042023
9.295 0.047452
9.3 0.050062
9.305 0.049542
9.31 0.047924
9.315 0.046672
9.32 0.044862
9.325 0.042842
9.33 0.040468
9.335 0.036194
9.34 0.027663
9.345 0.013008
9.35 -0.0073198
9.355 -0.023897
9.36 -0.034917
9.365 -0.041873
9.37 -0.046128
9.375 -0.050016
9.38 -0.053245
9.385 -0.055842
9.39 -0.057607
9.395 -0.057258
9.4 -0.054192
9.405 -0.048721
9.41 -0.041083
9.415 -0.033406
9.42 -0.02791
9.425 -0.025332
9.43 -0.021874
9.435 -0.016114
9.44 -0.010338
9.445 -0.005128
9.45 -0.0020351
9.455 -0.0017244
9.46 -0.0039286
9.465 -0.0075395
9.47 -0.012091
9.475 -0.01517
9.48 -0.015377
9.485 -0.01354
9.49 -0.010316
9.495 -0.0068542
9.5 -0.0026678
9.505 0.0018672
9.51 0.004198
9.515 0.0040962
9.52 0.0013274
9.525 -0.0066493
9.53 -0.017595
9.535 -0.027012
9.54 -0.034404
9.545 -0.038129
9.55 -0.039378
9.555 -0.039828
9.56 -0.04018
9.565 -0.039833
9.57 -0.036913
9.575 -0.028771
9.58 -0.015839
9.585 0.0010063
9.59 0.014843
9.595 0.021886
9.6 0.024889
9.605 0.026848
9.61 0.029672
9.615 0.031775
9.62 0.032574
9.625 0.032068
9.63 0.029551
9.635 0.023245
9.64 0.015887
9.645 0.0097778
9.65 0.0026588
9.655 -0.0032075
9.66 -0.0074678
9.665 -0.0096225
9.67 -0.0090502
9.675 -0.00724
9.68 -0.0053886
9.685 -0.0058463
9.69 -0.007904
9.695 -0.010625
9.7 -0.016156
9.705 -0.025395
9.71 -0.038155
9.715 -0.05239
9.72 -0.063536
9.725 -0.069548
9.73 -0.072881
9.735 -0.074646
9.74 -0.073837
9.745 -0.070597
9.75 -0.065442
9.755 -0.057255
9.76 -0.047984
9.765 -0.038741
9.77 -0.031065
9.775 -0.024659
9.78 -0.01821
9.785 -0.01145
9.79 -0.003413
9.795 0.0051512
9.8 0.013917
9.805 0.023523
9.81 0.031825
9.815 0.039964
9.82 0.045511
9.825 0.047521
9.83 0.046613
9.835 0.042916
9.84 0.035457
9.845 0.027721
9.85 0.020099
9.855 0.012254
9.86 0.004182
9.865 -0.0059303
9.87 -0.01481
9.875 -0.0176
9.88 -0.013913
9.885 -0.0064817
9.89 0.003048
9.895 0.011617
9.9 0.01789
9.905 0.023427
9.91 0.026882
9.915 0.027839
9.92 0.026062
9.925 0.022689
9.93 0.018801
9.935 0.015617
9.94 0.014349
9.945 0.015126
9.95 0.018772
9.955 0.022915
9.96 0.02607
9.965 0.029325
9.97 0.033272
9.975 0.03811
9.98 0.043826
9.985 0.048436
9.99 0.053756
9.995 0.05935
10 0.063299
10.005 0.064405
10.01 0.062792
10.015 0.059313
10.02 0.054307
10.025 0.047238
10.03 0.039508
10.035 0.031983
10.04 0.023453
10.045 0.014309
10.05 0.0059418
10.055 -0.00040209
10.06 -0.0056174
10.065 -0.0085437
10.07 -0.0083068
10.075 -0.0046891
10.08 0.00076924
10.085 0.0072417
10.09 0.012425
10.095 0.016448
10.1 0.019637
10.105 0.020346
10.11 0.019564
10.115 0.018822
10.12 0.020136
10.125 0.022664
10.13 0.024935
10.135 0.027013
10.14 0.02859
10.145 0.029597
10.15 0.02878
10.155 0.025285
10.16 0.018503
10.165 0.0099269
10.17 -0.0011567
10.175 -0.014036
10.18 -0.025562
10.185 -0.034646
10.19 -0.040087
10.195 -0.04324
10.2 -0.043494
10.205 -0.039693
10.21 -0.030711
10.215 -0.02222
10.22 -0.014367
10.225 -0.0059388
10.23 0.0031646
10.235 0.013081
10.24 0.021647
10.245 0.028625
10.25 0.0317
10.255 0.03228
10.26 0.030419
10.265 0.026445
10.27 0.021046
10.275 0.016255
10.28 0.01312
10.285 0.0096282
10.29 0.0049051
10.295 -0.000229
10.3 -0.0046237
10.305 -0.0082272
10.31 -0.011665
10.315 -0.01507
10.32 -0.017926
10.325 -0.019451
10.33 -0.018138
10.335 -0.014278
10.34 -0.0086114
10.345 -0.0016761
10.35 0.0055938
10.355 0.012179
10.36 0.015938
10.365 0.017166
10.37 0.017052
10.375 0.01536
10.38 0.011306
10.385 0.0059128
10.39 -0.00041852
10.395 -0.0072796
10.4 -0.013477
10.405 -0.019185
10.41 -0.023801
10.415 -0.025626
10.42 -0.022853
10.425 -0.016558
10.43 -0.010117
10.435 -0.0062228
10.44 -0.0034487
10.445 -0.0016417
10.45 0.00082254
10.455 0.0034131
10.46 0.0070766
10.465 0.011976
10.47 0.015842
10.475 0.016818
10.48 0.012768
10.485 0.0030931
10.49 -0.012106
10.495 -0.029088
10.5 -0.044234
10.505 -0.054169
10.51 -0.059473
10.515 -0.060886
10.52 -0.05783
10.525 -0.049826
10.53 -0.038579
10.535 -0.02508
10.54 -0.012999
10.545 -0.0046911
10.55 0.0014381
10.555 0.0071961
10.56 0.012472
10.565 0.01539
10.57 0.015122
10.575 0.010726
10.58 0.0016629
10.585 -0.0099711
10.59 -0.019185
10.595 -0.024388
10.6 -0.027924
10.605 -0.029838
10.61 -0.030001
10.615 -0.029534
10.62 -0.029031
10.625 -0.029374
10.63 -0.031135
10.635 -0.033814
10.64 -0.036824
10.645 -0.040165
10.65 -0.041999
10.655 -0.042694
10.66 -0.043014
10.665 -0.041899
10.67 -0.039311
10.675 -0.035877
10.68 -0.030701
10.685 -0.024747
10.69 -0.016929
10.695 -0.0091679
10.7 -0.0030774
10.705 0.00095808
10.71 0.0046028
10.715 0.0091218
10.72 0.012521
10.725 0.013562
10.73 0.012365
10.735 0.0096654
10.74 0.0040071
10.745 -0.0030566
10.75 -0.010482
10.755 -0.015594
10.76 -0.016709
10.765 -0.014906
10.77 -0.01138
10.775 -0.0068551
10.78 -0.0026923
10.785 0.0012239
10.79 0.0048404
10.795 0.0086371
10.8 0.013697
10.805 0.018143
10.81 0.022042
10.815 0.022837
10.82 0.020337
10.825 0.01589
10.83 0.011161
10.835 0.0071143
10.84 0.0049244
10.845 0.0050722
10.85 0.0062576
10.855 0.0083507
10.86 0.012083
10.865 0.016123
10.87 0.018353
10.875 0.018156
10.88 0.015482
10.885 0.01165
10.89 0.0074802
10.895 0.0037743
10.9 0.00039347
10.905 -0.0038322
10.91 -0.0085395
10.915 -0.0124
10.92 -0.01541
10.925 -0.016944
10.93 -0.016817
10.935 -0.016363
10.94 -0.016899
10.945 -0.020649
10.95 -0.025592
10.955 -0.030278
10.96 -0.035098
10.965 -0.039575
10.97 -0.041369
10.975 -0.040508
10.98 -0.038134
10.985 -0.03485
10.99 -0.03043
10.995 -0.026163
11 -0.021694
11.005 -0.016822
11.01 -0.011784
11.015 -0.0069647
11.02 -0.0040664
11.025 -0.0035454
11.03 -0.0054732
11.035 -0.0074947
11.04 -0.0091152
11.045 -0.011358
11.05 -0.012413
11.055 -0.011001
11.06 -0.007136
11.065 -0.0015048
11.07 0.0057183
11.075 0.016007
11.08 0.027539
11.085 0.036698
11.09 0.040993
11.095 0.043902
11.1 0.04583
11.105 0.04695
11.11 0.047481
11.115 0.045597
11.12 0.041988
11.125 0.038529
11.13 0.035968
11.135 0.032812
11.14 0.030254
11.145 0.026724
11.15 0.021667
11.155 0.014025
11.16 0.0046183
11.165 -0.0038043
11.17 -0.01055
11.175 -0.014387
11.18 -0.014536
11.185 -0.011623
11.19 -0.0062225
11.195 6.1196e-005
11.2 0.0063866
11.205 0.012831
11.21 0.019216
11.215 0.027101
11.22 0.035674
11.225 0.042465
11.23 0.047848
11.235 0.049817
11.24 0.048795
11.245 0.04555
11.25 0.04008
11.255 0.032956
11.26 0.027836
11.265 0.022589
11.27 0.016707
11.275 0.012496
11.28 0.010266
11.285 0.0089692
11.29 0.0083506
11.295 0.0079266
11.3 0.0076633
11.305 0.0088194
11.31 0.0092497
11.315 0.0067851
11.32 0.0030054
11.325 -0.0013512
11.33 -0.0058084
11.335 -0.0078156
11.34 -0.0063843
11.345 -0.0020557
11.35 0.0056783
11.355 0.015489
11.36 0.026915
11.365 0.041185
11.37 0.054005
11.375 0.061973
11.38 0.065224
11.385 0.063463
11.39 0.056882
11.395 0.047452
11.4 0.034584
11.405 0.019155
11.41 0.006723
11.415 -0.0051242
11.42 -0.017107
11.425 -0.0278
11.43 -0.034952
11.435 -0.037567
11.44 -0.037948
11.445 -0.03765
11.45 -0.035843
11.455 -0.03223
11.46 -0.026008
11.465 -0.01733
11.47 -0.0084053
11.475 0.0014854
11.48 0.012186
11.485 0.020613
11.49 0.02622
11.495 0.027193
11.5 0.024142
11.505 0.018991
11.51 0.01226
11.515 0.0067213
11.52 0.0038275
11.525 0.0025275
11.53 0.0026849
11.535 0.0029454
11.54 -0.00062788
11.545 -0.0066492
11.55 -0.014221
11.555 -0.021699
11.56 -0.027103
11.565 -0.030171
11.57 -0.031815
11.575 -0.033164
11.58 -0.034633
11.585 -0.033627
11.59 -0.029663
11.595 -0.023128
11.6 -0.01309
11.605 -0.0014363
11.61 0.0092246
11.615 0.019049
11.62 0.028094
11.625 0.036392
11.63 0.041449
11.635 0.043153
11.64 0.041648
11.645 0.037789
11.65 0.031433
11.655 0.022983
11.66 0.014054
11.665 0.00736
11.67 0.0049951
11.675 0.0052212
11.68 0.0067782
11.685 0.010159
11.69 0.014238
11.695 0.019133
11.7 0.023208
11.705 0.025904
11.71 0.028405
11.715 0.030167
11.72 0.030206
11.725 0.028744
11.73 0.027819
11.735 0.027964
11.74 0.027639
11.745 0.027355
11.75 0.025683
11.755 0.020998
11.76 0.013778
11.765 0.0051324
11.77 -0.0063136
11.775 -0.018924
11.78 -0.032457
11.785 -0.046264
11.79 -0.057548
11.795 -0.066005
11.8 -0.069819
11.805 -0.070755
11.81 -0.070112
11.815 -0.066583
11.82 -0.059911
11.825 -0.052183
11.83 -0.04442
11.835 -0.037134
11.84 -0.029529
11.845 -0.021332
11.85 -0.015702
11.855 -0.012811
11.86 -0.011703
11.865 -0.01211
11.87 -0.014206
11.875 -0.01804
11.88 -0.02357
11.885 -0.027232
11.89 -0.027404
11.895 -0.025676
11.9 -0.022607
11.905 -0.018444
11.91 -0.014929
11.915 -0.010855
11.92 -0.0069507
11.925 -0.0035793
11.93 -0.0032509
11.935 -0.0051915
11.94 -0.0072712
11.945 -0.010319
11.95 -0.013977
11.955 -0.016075
11.96 -0.015725
11.965 -0.013533
11.97 -0.011643
11.975 -0.010387
11.98 -0.0095951
11.985 -0.0094759
11.99 -0.00945
11.995 -0.0088425
12 -0.0060713
12.005 -0.0019074
12.01 0.0036028
12.015 0.0082463
12.02 0.010506
12.025 0.01122
12.03 0.010974
12.035 0.010472
12.04 0.0079275
12.045 0.0021958
12.05 -0.0067265
12.055 -0.015257
12.06 -0.025771
12.065 -0.036225
12.07 -0.043346
12.075 -0.047053
12.08 -0.046546
12.085 -0.04207
12.09 -0.035827
12.095 -0.028008
12.1 -0.019715
12.105 -0.012684
12.11 -0.0085573
12.115 -0.0058213
12.12 -0.0038292
12.125 -0.0021531
12.13 -1.1651e-005
12.135 0.0013795
12.14 0.0020165
12.145 0.0030778
12.15 0.0049441
12.155 0.0066875
12.16 0.0066682
12.165 0.005577
12.17 0.0041058
12.175 0.0014486
12.18 -0.0016554
12.185 -0.0055641
12.19 -0.010581
12.195 -0.01606
12.2 -0.020973
12.205 -0.025816
12.21 -0.029155
12.215 -0.030321
12.22 -0.030906
12.225 -0.030696
12.23 -0.029724
12.235 -0.027975
12.24 -0.023494
12.245 -0.01681
12.25 -0.0078942
12.255 0.0019935
12.26 0.0123
12.265 0.024094
12.27 0.033127
12.275 0.039532
12.28 0.041953
12.285 0.040388
12.29 0.035284
12.295 0.027552
12.3 0.016704
12.305 0.005522
12.31 -0.0023593
12.315 -0.0066135
12.32 -0.0063439
12.325 -0.0019463
12.33 0.0040239
12.335 0.011764
12.34 0.018775
12.345 0.021491
12.35 0.019109
12.355 0.012343
12.36 0.00089766
12.365 -0.012481
12.37 -0.024664
12.375 -0.034107
12.38 -0.040097
12.385 -0.041903
12.39 -0.03798
12.395 -0.0278
12.4 -0.013566
12.405 0.0021728
12.41 0.016815
12.415 0.026742
12.42 0.032299
12.425 0.034536
12.43 0.034022
12.435 0.030593
12.44 0.025626
12.445 0.022753
12.45 0.0222
12.455 0.022931
12.46 0.024425
12.465 0.026027
12.47 0.028413
12.475 0.030231
12.48 0.032236
12.485 0.03378
12.49 0.034026
12.495 0.032715
12.5 0.031001
12.505 0.028947
12.51 0.026368
12.515 0.024335
12.52 0.022277
12.525 0.01991
12.53 0.015777
12.535 0.0097241
12.54 0.0021001
12.545 -0.004626
12.55 -0.0096307
12.555 -0.011108
12.56 -0.0085131
12.565 -0.003148
12.57 0.0028683
12.575 0.0088576
12.58 0.013023
12.585 0.016873
12.59 0.019341
12.595 0.019062
12.6 0.017364
12.605 0.015312
12.61 0.014715
12.615 0.015851
12.62 0.019887
12.625 0.024958
12.63 0.028031
12.635 0.028667
12.64 0.029083
12.645 0.030565
12.65 0.032655
12.655 0.034592
12.66 0.034789
12.665 0.032927
12.67 0.0294
12.675 0.022326
12.68 0.011524
12.685 -0.00080237
12.69 -0.010313
12.695 -0.01642
12.7 -0.0206
12.705 -0.021987
12.71 -0.020222
12.715 -0.016868
12.72 -0.012778
12.725 -0.0087751
12.73 -0.0051404
12.735 -0.0027399
12.74 -0.0021893
12.745 -0.0042786
12.75 -0.008101
12.755 -0.011602
12.76 -0.014694
12.765 -0.017181
12.77 -0.017762
12.775 -0.015371
12.78 -0.0090896
12.785 -0.00033344
12.79 0.0092409
12.795 0.018154
12.8 0.022975
12.805 0.022706
12.81 0.017684
12.815 0.0093288
12.82 -0.0011235
12.825 -0.0099522
12.83 -0.016332
12.835 -0.020152
12.84 -0.0212
12.845 -0.020725
12.85 -0.018163
12.855 -0.014335
12.86 -0.010618
12.865 -0.0067888
12.87 -0.0036696
12.875 -0.0015087
12.88 -0.0012773
12.885 -0.0031881
12.89 -0.0061185
12.895 -0.0087734
12.9 -0.010669
12.905 -0.011788
12.91 -0.011949
12.915 -0.011535
12.92 -0.010978
12.925 -0.010328
12.93 -0.0093667
12.935 -0.0084739
12.94 -0.009217
12.945 -0.010284
12.95 -0.0094653
12.955 -0.0068755
12.96 -0.0037658
12.965 -0.0013343
12.97 -0.0002698
12.975 -0.0015694
12.98 -0.0062001
12.985 -0.013487
12.99 -0.021919
12.995 -0.029305
13 -0.036958
13.005 -0.043229
13.01 -0.045871
13.015 -0.046164
13.02 -0.043741
13.025 -0.038051
13.03 -0.031127
13.035 -0.022966
13.04 -0.016196
13.045 -0.012199
13.05 -0.0093621
13.055 -0.0090884
13.06 -0.010896
13.065 -0.014012
13.07 -0.018473
13.075 -0.024917
13.08 -0.030261
13.085 -0.032979
13.09 -0.034268
13.095 -0.032161
13.1 -0.026359
13.105 -0.019826
13.11 -0.010996
13.115 0.001471
13.12 0.016624
13.125 0.033037
13.13 0.045301
13.135 0.052581
13.14 0.056562
13.145 0.058368
13.15 0.057918
13.155 0.056433
13.16 0.054305
13.165 0.051138
13.17 0.047979
13.175 0.045938
13.18 0.046134
13.185 0.049206
13.19 0.052147
13.195 0.053352
13.2 0.052179
13.205 0.047555
13.21 0.039471
13.215 0.030642
13.22 0.0229
13.225 0.016507
13.23 0.011651
13.235 0.0073447
13.24 0.0053103
13.245 0.0077949
13.25 0.014501
13.255 0.023498
13.26 0.033083
13.265 0.040653
13.27 0.04527
13.275 0.045402
13.28 0.042401
13.285 0.036742
13.29 0.02871
13.295 0.01984
13.3 0.012781
13.305 0.0073553
13.31 0.0030402
13.315 -0.0013376
13.32 -0.0068729
13.325 -0.011865
13.33 -0.015238
13.335 -0.017238
13.34 -0.018363
13.345 -0.020631
13.35 -0.024382
13.355 -0.029521
13.36 -0.034175
13.365 -0.037652
13.37 -0.041182
13.375 -0.044053
13.38 -0.044286
13.385 -0.040693
13.39 -0.03344
13.395 -0.02583
13.4 -0.018682
13.405 -0.01248
13.41 -0.0092022
13.415 -0.0075177
13.42 -0.006621
13.425 -0.0072587
13.43 -0.011367
13.435 -0.016611
13.44 -0.02147
13.445 -0.025054
13.45 -0.025415
13.455 -0.021509
13.46 -0.01577
13.465 -0.010359
13.47 -0.007551
13.475 -0.0066143
13.48 -0.0051219
13.485 -0.0030015
13.49 -0.0019528
13.495 -0.0032826
13.5 -0.0060194
13.505 -0.0092089
13.51 -0.01202
13.515 -0.014459
13.52 -0.015906
13.525 -0.017671
13.53 -0.020069
13.535 -0.024821
13.54 -0.03078
13.545 -0.036662
13.55 -0.04196
13.555 -0.045152
13.56 -0.046444
13.565 -0.046277
13.57 -0.045315
13.575 -0.044511
13.58 -0.043096
13.585 -0.041843
13.59 -0.040723
13.595 -0.038561
13.6 -0.03407
13.605 -0.026553
13.61 -0.016553
13.615 -0.0062597
13.62 0.003895
13.625 0.010332
13.63 0.013595
13.635 0.015088
13.64 0.014387
13.645 0.010037
13.65 0.0029529
13.655 -0.0071455
13.66 -0.018984
13.665 -0.02874
13.67 -0.036397
13.675 -0.040422
13.68 -0.041037
13.685 -0.040213
13.69 -0.036881
13.695 -0.032888
13.7 -0.028269
13.705 -0.02305
13.71 -0.018408
13.715 -0.013801
13.72 -0.011247
13.725 -0.0093612
13.73 -0.0060289
13.735 -0.0021022
13.74 0.0040624
13.745 0.011773
13.75 0.019379
13.755 0.025653
13.76 0.030222
13.765 0.032536
13.77 0.032555
13.775 0.031514
13.78 0.031199
13.785 0.031299
13.79 0.031072
13.795 0.032305
13.8 0.036047
13.805 0.039786
13.81 0.042606
13.815 0.04425
13.82 0.045181
13.825 0.044981
13.83 0.04369
13.835 0.041062
13.84 0.03771
13.845 0.035121
13.85 0.032048
13.855 0.028948
13.86 0.027291
13.865 0.0279
13.87 0.029171
13.875 0.029466
13.88 0.027599
13.885 0.0226
13.89 0.01543
13.895 0.0060524
13.9 -0.0049988
13.905 -0.014248
13.91 -0.022497
13.915 -0.027187
13.92 -0.029175
13.925 -0.029404
13.93 -0.026621
13.935 -0.021382
13.94 -0.01554
13.945 -0.0085072
13.95 -0.0012866
13.955 0.0056693
13.96 0.012313
13.965 0.019602
13.97 0.02841
13.975 0.037431
13.98 0.046802
13.985 0.053409
13.99 0.058701
13.995 0.063213
14 0.06588
14.005 0.06526
14.01 0.060654
14.015 0.053051
14.02 0.045218
14.025 0.037759
14.03 0.030795
14.035 0.025433
14.04 0.018441
14.045 0.010294
14.05 0.0023641
14.055 -0.0036521
14.06 -0.0081718
14.065 -0.013717
14.07 -0.020475
14.075 -0.028954
14.08 -0.036969
14.085 -0.042868
14.09 -0.045691
14.095 -0.044436
14.1 -0.039039
14.105 -0.031377
14.11 -0.021674
14.115 -0.013436
14.12 -0.0065865
14.125 -0.00014755
14.13 0.004442
14.135 0.0064761
14.14 0.0057081
14.145 0.0022333
14.15 -0.0037217
14.155 -0.010755
14.16 -0.016919
14.165 -0.021529
14.17 -0.024837
14.175 -0.026168
14.18 -0.026267
14.185 -0.026053
14.19 -0.024016
14.195 -0.019903
14.2 -0.016252
14.205 -0.014943
14.21 -0.015213
14.215 -0.016806
14.22 -0.020577
14.225 -0.025524
14.23 -0.031799
14.235 -0.037794
14.24 -0.041525
14.245 -0.042726
14.25 -0.04099
14.255 -0.036987
14.26 -0.030293
14.265 -0.019298
14.27 -0.0063249
14.275 0.0070493
14.28 0.019288
14.285 0.02865
14.29 0.035087
14.295 0.037209
14.3 0.034617
14.305 0.027184
14.31 0.016337
14.315 0.0036656
14.32 -0.007291
14.325 -0.01666
14.33 -0.022649
14.335 -0.023564
14.34 -0.021696
14.345 -0.018695
14.35 -0.014551
14.355 -0.010694
14.36 -0.0074485
14.365 -0.0046955
14.37 -0.0017755
14.375 0.0015578
14.38 0.0042812
14.385 0.0067299
14.39 0.0076339
14.395 0.008382
14.4 0.0098963
14.405 0.012093
14.41 0.015193
14.415 0.017566
14.42 0.019036
14.425 0.019701
14.43 0.018997
14.435 0.016307
14.44 0.012367
14.445 0.0081319
14.45 0.003809
14.455 0.0010581
14.46 7.0807e-005
14.465 0.00098627
14.47 0.0012341
14.475 -0.00016872
14.48 -0.0025937
14.485 -0.0055158
14.49 -0.0073469
14.495 -0.0078211
14.5 -0.0063134
14.505 -0.0034136
14.51 0.00056433
14.515 0.005369
14.52 0.011054
14.525 0.016506
14.53 0.0227
14.535 0.028474
14.54 0.029715
14.545 0.024977
14.55 0.015839
14.555 0.0059237
14.56 -0.004595
14.565 -0.01385
14.57 -0.022133
14.575 -0.026699
14.58 -0.025972
14.585 -0.020469
14.59 -0.012473
14.595 -0.0029755
14.6 0.0084989
14.605 0.020346
14.61 0.029787
14.615 0.036526
14.62 0.042532
14.625 0.045843
14.63 0.045151
14.635 0.03999
14.64 0.031654
14.645 0.019435
14.65 0.0058995
14.655 -0.0090724
14.66 -0.022765
14.665 -0.032577
14.67 -0.038751
14.675 -0.042755
14.68 -0.045449
14.685 -0.046346
14.69 -0.044387
14.695 -0.039582
14.7 -0.033075
14.705 -0.024351
14.71 -0.015054
14.715 -0.0058836
14.72 0.0034994
14.725 0.01228
14.73 0.01906
14.735 0.024318
14.74 0.03062
14.745 0.036429
14.75 0.041557
14.755 0.046969
14.76 0.051875
14.765 0.055526
14.77 0.056496
14.775 0.054507
14.78 0.048968
14.785 0.039867
14.79 0.026317
14.795 0.00849
14.8 -0.0092766
14.805 -0.023241
14.81 -0.033958
14.815 -0.041435
14.82 -0.04331
14.825 -0.040307
14.83 -0.03448
14.835 -0.025795
14.84 -0.015398
14.845 -0.0066248
14.85 -0.0011365
14.855 0.0022244
14.86 0.0045056
14.865 0.0060716
14.87 0.0085019
14.875 0.012347
14.88 0.015404
14.885 0.016892
14.89 0.016763
14.895 0.015378
14.9 0.013586
14.905 0.01204
14.91 0.0099191
14.915 0.0057118
14.92 -0.0013632
14.925 -0.01037
14.93 -0.019205
14.935 -0.02647
14.94 -0.031182
14.945 -0.034264
14.95 -0.035206
14.955 -0.034458
14.96 -0.033227
14.965 -0.031093
14.97 -0.026773
14.975 -0.021681
14.98 -0.017038
14.985 -0.012408
14.99 -0.0068899
14.995 -0.0014965
15 0.0023119
15.005 0.0056678
15.01 0.0083541
15.015 0.01032
15.02 0.011407
15.025 0.011147
15.03 0.009842
15.035 0.0065827
15.04 0.0021676
15.045 -0.0020862
15.05 -0.0051105
15.055 -0.0052737
15.06 -0.003173
15.065 0.0012405
15.07 0.0053227
15.075 0.0063954
15.08 0.0042618
15.085 -0.00012654
15.09 -0.004848
15.095 -0.0097116
15.1 -0.013029
15.105 -0.014597
15.11 -0.014546
15.115 -0.014345
15.12 -0.014973
15.125 -0.015048
15.13 -0.01441
15.135 -0.014189
15.14 -0.014045
15.145 -0.013777
15.15 -0.01283
15.155 -0.012522
15.16 -0.012269
15.165 -0.010366
15.17 -0.007476
15.175 -0.0053924
15.18 -0.0038469
15.185 -0.002031
15.19 0.0012686
15.195 0.0050543
15.2 0.0090726
15.205 0.011865
15.21 0.014147
15.215 0.016134
15.22 0.018339
15.225 0.021136
15.23 0.023993
15.235 0.026707
15.24 0.028687
15.245 0.029608
15.25 0.02972
15.255 0.028639
15.26 0.027145
15.265 0.025498
15.27 0.022681
15.275 0.01677
15.28 0.009322
15.285 0.00063871
15.29 -0.0075468
15.295 -0.014228
15.3 -0.019161
15.305 -0.021509
15.31 -0.022337
15.315 -0.021512
15.32 -0.018736
15.325 -0.015441
15.33 -0.011424
15.335 -0.0070142
15.34 -0.0042572
15.345 -0.0036749
15.35 -0.0042235
15.355 -0.0046148
15.36 -0.0041248
15.365 -0.002853
15.37 -0.0010553
15.375 -0.00043796
15.38 -1.8216e-005
15.385 0.00095249
15.39 0.0021616
15.395 0.0044754
15.4 0.0073682
15.405 0.010598
15.41 0.012829
15.415 0.01405
15.42 0.015043
15.425 0.01608
15.43 0.015666
15.435 0.013364
15.44 0.0086719
15.445 0.002971
15.45 -0.002785
15.455 -0.0084861
15.46 -0.01304
15.465 -0.016988
15.47 -0.020593
15.475 -0.024895
15.48 -0.02693
15.485 -0.025137
15.49 -0.02188
15.495 -0.017628
15.5 -0.012893
15.505 -0.0071623
15.51 0.00092928
15.515 0.0095513
15.52 0.018594
15.525 0.027484
15.53 0.035195
15.535 0.041731
15.54 0.044541
15.545 0.043239
15.55 0.038606
15.555 0.032731
15.56 0.026778
15.565 0.021002
15.57 0.016638
15.575 0.013805
15.58 0.011688
15.585 0.01074
15.59 0.011543
15.595 0.013602
15.6 0.01589
15.605 0.018565
15.61 0.019836
15.615 0.01914
15.62 0.017583
15.625 0.015381
15.63 0.011787
15.635 0.0064186
15.64 0.00086211
15.645 -0.0035827
15.65 -0.0066371
15.655 -0.009057
15.66 -0.011056
15.665 -0.012
15.67 -0.012017
15.675 -0.012056
15.68 -0.013075
15.685 -0.014675
15.69 -0.016285
15.695 -0.016843
15.7 -0.01553
15.705 -0.013841
15.71 -0.013036
15.715 -0.013665
15.72 -0.015433
15.725 -0.017514
15.73 -0.018282
15.735 -0.017269
15.74 -0.015442
15.745 -0.012676
15.75 -0.010216
15.755 -0.0080453
15.76 -0.0059998
15.765 -0.0056807
15.77 -0.00571
15.775 -0.0053122
15.78 -0.0046758
15.785 -0.0043224
15.79 -0.0053292
15.795 -0.0072844
15.8 -0.0087319
15.805 -0.009487
15.81 -0.0098573
15.815 -0.010062
15.82 -0.0090042
15.825 -0.0070151
15.83 -0.0047261
15.835 -0.0026258
15.84 -0.0011798
15.845 -0.0002128
15.85 0.0015264
15.855 0.0040743
15.86 0.0083444
15.865 0.012452
15.87 0.016236
15.875 0.019396
15.88 0.021876
15.885 0.023535
15.89 0.0246
15.895 0.025469
15.9 0.025759
15.905 0.024309
15.91 0.021074
15.915 0.016609
15.92 0.010778
15.925 0.0044094
15.93 -0.00089464
15.935 -0.0044446
15.94 -0.0072982
15.945 -0.011167
15.95 -0.015018
15.955 -0.018528
15.96 -0.020873
15.965 -0.021462
15.97 -0.019851
15.975 -0.016406
15.98 -0.011324
15.985 -0.0062169
15.99 -0.00022837
15.995 0.0056582
16 0.009926
16.005 0.012251
16.01 0.012157
16.015 0.0097013
16.02 0.0066556
16.025 0.0045815
16.03 0.0034665
16.035 0.0038574
16.04 0.0043638
16.045 0.0043092
16.05 0.0048325
16.055 0.00771
16.06 0.011332
16.065 0.014269
16.07 0.015097
16.075 0.013761
16.08 0.01016
16.085 0.0055471
16.09 0.00074388
16.095 -0.0045426
16.1 -0.010003
16.105 -0.015091
16.11 -0.019577
16.115 -0.022569
16.12 -0.023221
16.125 -0.021534
16.13 -0.018628
16.135 -0.015387
16.14 -0.011963
16.145 -0.0098929
16.15 -0.0078259
16.155 -0.0057159
16.16 -0.0060573
16.165 -0.0076639
16.17 -0.0080562
16.175 -0.0087302
16.18 -0.011507
16.185 -0.015631
16.19 -0.020058
16.195 -0.023401
16.2 -0.025685
16.205 -0.0258
16.21 -0.023591
16.215 -0.020553
16.22 -0.016601
16.225 -0.011158
16.23 -0.0058935
16.235 -0.0021445
16.24 9.1064e-005
16.245 0.0027301
16.25 0.0052839
16.255 0.0068737
16.26 0.0081225
16.265 0.0091848
16.27 0.0099862
16.275 0.010074
16.28 0.010506
16.285 0.010541
16.29 0.0092436
16.295 0.007445
16.3 0.0045112
16.305 0.0011173
16.31 -0.0013656
16.315 -0.0028579
16.32 -0.003113
16.325 -0.0029891
16.33 -0.0019852
16.335 0.00035913
16.34 0.002674
16.345 0.0058015
16.35 0.0082265
16.355 0.010725
16.36 0.013618
16.365 0.015225
16.37 0.016196
16.375 0.016485
16.38 0.015895
16.385 0.014579
16.39 0.012821
16.395 0.010533
16.4 0.0081057
16.405 0.0054399
16.41 0.0027113
16.415 0.00061418
16.42 -7.9359e-005
16.425 0.00085378
16.43 0.0020186
16.435 0.0014666
16.44 0.0003062
16.445 -0.0009477
16.45 -0.0019915
16.455 -0.0018571
16.46 -0.00027384
16.465 0.0024845
16.47 0.0054063
16.475 0.0086297
16.48 0.012752
16.485 0.016648
16.49 0.020716
16.495 0.02363
16.5 0.024864
16.505 0.024952
16.51 0.024925
16.515 0.02485
16.52 0.024552
16.525 0.023866
16.53 0.022295
16.535 0.020197
16.54 0.017242
16.545 0.013865
16.55 0.010151
16.555 0.0073602
16.56 0.0063811
16.565 0.0053396
16.57 0.0040818
16.575 0.0032239
16.58 0.0020831
16.585 0.001829
16.59 0.00076256
16.595 -0.0026232
16.6 -0.0072375
16.605 -0.012276
16.61 -0.018015
16.615 -0.024178
16.62 -0.029326
16.625 -0.033821
16.63 -0.037035
16.635 -0.03835
16.64 -0.038066
16.645 -0.036729
16.65 -0.035336
16.655 -0.035131
16.66 -0.035361
16.665 -0.033889
16.67 -0.029936
16.675 -0.025081
16.68 -0.02072
16.685 -0.014454
16.69 -0.0072156
16.695 -0.0010276
16.7 0.0047001
16.705 0.0091221
16.71 0.012207
16.715 0.014566
16.72 0.01697
16.725 0.019139
16.73 0.0197
16.735 0.018656
16.74 0.015994
16.745 0.011162
16.75 0.0053181
16.755 0.0014262
16.76 0.00069215
16.765 0.00083781
16.77 0.00036417
16.775 -0.00070684
16.78 -0.0027974
16.785 -0.0051708
16.79 -0.0070421
16.795 -0.0077054
16.8 -0.0078121
16.805 -0.0076646
16.81 -0.0072367
16.815 -0.0054782
16.82 -0.0020349
16.825 0.0016621
16.83 0.0054641
16.835 0.0093646
16.84 0.01394
16.845 0.016733
16.85 0.016365
16.855 0.013086
16.86 0.0082988
16.865 0.0025732
16.87 -0.0038924
16.875 -0.01064
16.88 -0.017331
16.885 -0.02112
16.89 -0.021727
16.895 -0.020392
16.9 -0.017593
16.905 -0.014388
16.91 -0.012703
16.915 -0.013732
16.92 -0.015904
16.925 -0.016871
16.93 -0.015785
16.935 -0.012554
16.94 -0.0086119
16.945 -0.0050106
16.95 -0.0025356
16.955 -0.0015777
16.96 -0.00026934
16.965 0.001457
16.97 0.0030673
16.975 0.0042366
16.98 0.0046624
16.985 0.0025729
16.99 -0.00045359
16.995 -0.0017947
17 -0.0012001
17.005 0.0021603
17.01 0.0059816
17.015 0.0081331
17.02 0.007618
17.025 0.0065581
17.03 0.0070319
17.035 0.0095537
17.04 0.0119
17.045 0.013811
17.05 0.015606
17.055 0.017824
17.06 0.020454
17.065 0.023548
17.07 0.027779
17.075 0.032337
17.08 0.038262
17.085 0.042643
17.09 0.044562
17.095 0.045271
17.1 0.044615
17.105 0.041855
17.11 0.037779
17.115 0.033483
17.12 0.02826
17.125 0.022676
17.13 0.016679
17.135 0.010361
17.14 0.0038283
17.145 -0.0015146
17.15 -0.0055809
17.155 -0.00966
17.16 -0.013198
17.165 -0.014807
17.17 -0.014699
17.175 -0.014104
17.18 -0.014113
17.185 -0.014876
17.19 -0.014792
17.195 -0.013246
17.2 -0.010558
17.205 -0.0076204
17.21 -0.0044598
17.215 -0.001337
17.22 0.001818
17.225 0.0052599
17.23 0.0073667
17.235 0.0070322
17.24 0.0043213
17.245 0.0014746
17.25 -0.0012502
17.255 -0.0049003
17.26 -0.0089175
17.265 -0.012112
17.27 -0.013155
17.275 -0.011651
17.28 -0.0089535
17.285 -0.005833
17.29 -0.0038246
17.295 -0.0025948
17.3 -0.0017905
17.305 -0.0013138
17.31 -0.0021785
17.315 -0.003983
17.32 -0.0056062
17.325 -0.0075397
17.33 -0.010011
17.335 -0.012656
17.34 -0.01362
17.345 -0.012735
17.35 -0.012503
17.355 -0.013334
17.36 -0.014737
17.365 -0.016996
17.37 -0.019965
17.375 -0.022908
17.38 -0.026201
17.385 -0.02973
17.39 -0.031651
17.395 -0.032302
17.4 -0.031867
17.405 -0.030669
17.41 -0.028531
17.415 -0.024806
17.42 -0.021203
17.425 -0.017634
17.43 -0.014819
17.435 -0.013509
17.44 -0.012656
17.445 -0.012335
17.45 -0.012559
17.455 -0.013367
17.46 -0.014009
17.465 -0.014001
17.47 -0.014488
17.475 -0.014913
17.48 -0.01488
17.485 -0.014702
17.49 -0.014786
17.495 -0.014319
17.5 -0.011629
17.505 -0.007358
17.51 -0.0035211
17.515 -0.00097499
17.52 0.00063823
17.525 0.0023959
17.53 0.0031599
17.535 0.0031874
17.54 0.0029727
17.545 0.0016496
17.55 -4.1546e-005
17.555 -0.0012138
17.56 -0.00058119
17.565 0.001444
17.57 0.0038697
17.575 0.0048869
17.58 0.0036905
17.585 0.0014892
17.59 -0.0026241
17.595 -0.0069718
17.6 -0.010771
17.605 -0.013356
17.61 -0.013537
17.615 -0.01336
17.62 -0.01225
17.625 -0.0087232
17.63 -0.005029
17.635 -0.0018615
17.64 0.0011095
17.645 0.0037038
17.65 0.0052219
17.655 0.0047216
17.66 0.0024634
17.665 -0.00054248
17.67 -0.0027514
17.675 -0.0041968
17.68 -0.0060134
17.685 -0.0076223
17.69 -0.0073229
17.695 -0.0048025
17.7 -0.0030807
17.705 -0.0026475
17.71 -0.0022014
17.715 -0.0030729
17.72 -0.0037505
17.725 -0.003707
17.73 -0.0029771
17.735 -0.001969
17.74 -0.0012221
17.745 0.00045262
17.75 0.0015108
17.755 0.0014451
17.76 0.0030248
17.765 0.0058136
17.77 0.0078874
17.775 0.0093871
17.78 0.010215
17.785 0.01087
17.79 0.011526
17.795 0.011846
17.8 0.01168
17.805 0.011037
17.81 0.01035
17.815 0.0097996
17.82 0.0086429
17.825 0.0073462
17.83 0.0066048
17.835 0.0060188
17.84 0.0052802
17.845 0.0052271
17.85 0.0052949
17.855 0.0058733
17.86 0.0091061
17.865 0.01196
17.87 0.014826
17.875 0.018809
17.88 0.023146
17.885 0.026886
17.89 0.029534
17.895 0.030516
17.9 0.029428
17.905 0.026705
17.91 0.022115
17.915 0.016837
17.92 0.011712
17.925 0.0083625
17.93 0.0061699
17.935 0.0057295
17.94 0.0073277
17.945 0.0091116
17.95 0.0097196
17.955 0.010312
17.96 0.011914
17.965 0.014858
17.97 0.017682
17.975 0.018727
17.98 0.017599
17.985 0.015482
17.99 0.013095
17.995 0.010448
18 0.0075592
18.005 0.0052864
18.01 0.0040271
18.015 0.0029935
18.02 0.0021346
18.025 0.0030891
18.03 0.0056442
18.035 0.0090148
18.04 0.012316
18.045 0.014011
18.05 0.014403
18.055 0.014149
18.06 0.01478
18.065 0.015884
18.07 0.015959
18.075 0.015347
18.08 0.014248
18.085 0.012712
18.09 0.0094715
18.095 0.0065829
18.1 0.0035551
18.105 0.00032468
18.11 -0.0013892
18.115 -0.0028989
18.12 -0.0039402
18.125 -0.0034348
18.13 -0.0023021
18.135 -0.0016287
18.14 -0.001139
18.145 -0.00068333
18.15 -0.0015496
18.155 -0.0030305
18.16 -0.0037042
18.165 -0.0039719
18.17 -0.0049622
18.175 -0.0058914
18.18 -0.0066638
18.185 -0.0083531
18.19 -0.0099267
18.195 -0.011238
18.2 -0.011539
18.205 -0.011763
18.21 -0.011747
18.215 -0.011147
18.22 -0.010739
18.225 -0.01039
18.23 -0.011019
18.235 -0.012706
18.24 -0.015102
18.245 -0.018342
18.25 -0.021113
18.255 -0.023188
18.26 -0.024595
18.265 -0.024691
18.27 -0.023594
18.275 -0.022212
18.28 -0.020217
18.285 -0.018186
18.29 -0.015382
18.295 -0.01172
18.3 -0.0068856
18.305 -0.0026115
18.31 -0.00058873
18.315 0.00022223
18.32 0.00089282
18.325 0.0021777
18.33 0.0038604
18.335 0.0049231
18.34 0.0050749
18.345 0.0030951
18.35 2.2701e-005
18.355 -0.0026883
18.36 -0.0045283
18.365 -0.0057918
18.37 -0.0067582
18.375 -0.007809
18.38 -0.0099518
18.385 -0.011348
18.39 -0.011927
18.395 -0.012301
18.4 -0.012072
18.405 -0.011695
18.41 -0.011537
18.415 -0.011032
18.42 -0.0097911
18.425 -0.0080478
18.43 -0.0047301
18.435 -0.0014232
18.44 0.0017403
18.445 0.0039388
18.45 0.0050467
18.455 0.0061737
18.46 0.0072334
18.465 0.0067531
18.47 0.0048737
18.475 0.0033893
18.48 0.0025552
18.485 0.0029245
18.49 0.0033337
18.495 0.0026322
18.5 0.0015032
18.505 0.00042498
18.51 -0.00073316
18.515 -0.0022383
18.52 -0.0033057
18.525 -0.0031592
18.53 -0.00061701
18.535 0.004198
18.54 0.0098045
18.545 0.0142
18.55 0.016763
18.555 0.018533
18.56 0.019462
18.565 0.019391
18.57 0.01652
18.575 0.011884
18.58 0.0063725
18.585 -5.7967e-005
18.59 -0.0079777
18.595 -0.015662
18.6 -0.020943
18.605 -0.025013
18.61 -0.027528
18.615 -0.027256
18.62 -0.025099
18.625 -0.02141
18.63 -0.016954
18.635 -0.011493
18.64 -0.0066158
18.645 -0.0031429
18.65 -0.0011945
18.655 -0.00082316
18.66 -0.0014595
18.665 -0.0026088
18.67 -0.0031442
18.675 -0.0028919
18.68 -0.0023783
18.685 -0.001757
18.69 -0.00071304
18.695 0.00091915
18.7 0.0029821
18.705 0.0045328
18.71 0.0056701
18.715 0.0053411
18.72 0.0038604
18.725 0.0025
18.73 0.0018381
18.735 0.00082771
18.74 0.00020486
18.745 0.00034056
18.75 0.00078133
18.755 0.00098238
18.76 0.0010856
18.765 0.0015967
18.77 0.0021588
18.775 0.0023906
18.78 0.0018955
18.785 0.0013985
18.79 0.0019786
18.795 0.0030163
18.8 0.0050311
18.805 0.0066462
18.81 0.0077388
18.815 0.0082714
18.82 0.0076162
18.825 0.0058567
18.83 0.0033899
18.835 0.00013135
18.84 -0.0029287
18.845 -0.0049757
18.85 -0.0062313
18.855 -0.0080948
18.86 -0.01057
18.865 -0.012804
18.87 -0.014129
18.875 -0.014725
18.88 -0.014929
18.885 -0.014284
18.89 -0.012727
18.895 -0.011302
18.9 -0.0088008
18.905 -0.0055161
18.91 -0.0022624
18.915 0.0016611
18.92 0.0061298
18.925 0.010463
18.93 0.014176
18.935 0.016605
18.94 0.017574
18.945 0.01766
18.95 0.017675
18.955 0.018001
18.96 0.018024
18.965 0.018095
18.97 0.017325
18.975 0.015262
18.98 0.012977
18.985 0.011422
18.99 0.0095821
18.995 0.0078486
19 0.0070774
19.005 0.0075265
19.01 0.0094436
19.015 0.011967
19.02 0.013575
19.025 0.014568
19.03 0.015538
19.035 0.016037
19.04 0.015135
19.045 0.012514
19.05 0.0085992
19.055 0.0058548
19.06 0.0052628
19.065 0.0051718
19.07 0.0037688
19.075 0.0012536
19.08 -0.0012052
19.085 -0.0022169
19.09 -0.0019652
19.095 -0.00188
19.1 -0.0014302
19.105 5.3536e-005
19.11 0.0017898
19.115 0.0024185
19.12 0.0011519
19.125 -0.0012983
19.13 -0.0040806
19.135 -0.0072218
19.14 -0.010113
19.145 -0.013217
19.15 -0.015806
19.155 -0.018085
19.16 -0.020548
19.165 -0.022331
19.17 -0.02199
19.175 -0.019919
19.18 -0.017465
19.185 -0.015128
19.19 -0.013279
19.195 -0.01017
19.2 -0.0057151
19.205 -0.0010464
19.21 0.0042312
19.215 0.0093562
19.22 0.013373
19.225 0.015379
19.23 0.016089
19.235 0.01599
19.24 0.014764
19.245 0.013393
19.25 0.012138
19.255 0.01228
19.26 0.014301
19.265 0.016005
19.27 0.018251
19.275 0.02044
19.28 0.02139
19.285 0.021112
19.29 0.019663
19.295 0.018087
19.3 0.015337
19.305 0.010902
19.31 0.0044138
19.315 -0.002874
19.32 -0.0081792
19.325 -0.012888
19.33 -0.017076
19.335 -0.018725
19.34 -0.018281
19.345 -0.017022
19.35 -0.016192
19.355 -0.015194
19.36 -0.014268
19.365 -0.014013
19.37 -0.014598
19.375 -0.016099
19.38 -0.018072
19.385 -0.020379
19.39 -0.021462
19.395 -0.02071
19.4 -0.01911
19.405 -0.016013
19.41 -0.01187
19.415 -0.0064423
19.42 -0.00099771
19.425 0.0015551
19.43 0.004573
19.435 0.0076792
19.44 0.0091378
19.445 0.008857
19.45 0.0076584
19.455 0.0067241
19.46 0.0065445
19.465 0.00721
19.47 0.0070797
19.475 0.0072861
19.48 0.0089196
19.485 0.0099734
19.49 0.0095237
19.495 0.0082354
19.5 0.0064502
19.505 0.003516
19.51 0.0010967
19.515 -0.00071822
19.52 -0.0021287
19.525 -0.0025147
19.53 -0.0017136
19.535 -0.00072124
19.54 -0.00043133
19.545 -0.00085067
19.55 -0.00029285
19.555 0.00080027
19.56 0.0019043
19.565 0.0031852
19.57 0.0048698
19.575 0.0081433
19.58 0.012064
19.585 0.016096
19.59 0.019677
19.595 0.022358
19.6 0.02478
19.605 0.025934
19.61 0.025029
19.615 0.022546
19.62 0.02062
19.625 0.019497
19.63 0.018458
19.635 0.017987
19.64 0.01798
19.645 0.018737
19.65 0.0197
19.655 0.020162
19.66 0.020727
19.665 0.021471
19.67 0.021842
19.675 0.02135
19.68 0.018806
19.685 0.013257
19.69 0.0078937
19.695 0.0046064
19.7 0.0024214
19.705 0.0005238
19.71 -0.0027726
19.715 -0.0042361
19.72 -0.0038344
19.725 -0.0042967
19.73 -0.0054425
19.735 -0.0068401
19.74 -0.007554
19.745 -0.0080649
19.75 -0.0086698
19.755 -0.0095447
19.76 -0.010468
19.765 -0.010372
19.77 -0.010275
19.775 -0.010352
19.78 -0.010493
19.785 -0.010249
19.79 -0.0083171
19.795 -0.0065996
19.8 -0.0048445
19.805 -0.0023482
19.81 0.00020287
19.815 0.0029866
19.82 0.0041129
19.825 0.0036649
19.83 0.0028579
19.835 0.0015639
19.84 -0.00099708
19.845 -0.0049101
19.85 -0.0092507
19.855 -0.013043
19.86 -0.015987
19.865 -0.017845
19.87 -0.017322
19.875 -0.016136
19.88 -0.017134
19.885 -0.017206
19.89 -0.01665
19.895 -0.015934
19.9 -0.014722
19.905 -0.013188
19.91 -0.01114
19.915 -0.010092
19.92 -0.010408
19.925 -0.010532
19.93 -0.009691
19.935 -0.0086834
19.94 -0.0074431
19.945 -0.0055538
19.95 -0.0038467
19.955 -0.0023227
19.96 -0.0017329
19.965 -0.0019426
19.97 -0.0021457
19.975 -0.0030645
19.98 -0.0054019
19.985 -0.0089567
19.99 -0.012073
19.995 -0.014262
20 -0.016051
20.005 -0.017439
20.01 -0.018049
20.015 -0.017714
20.02 -0.015656
20.025 -0.012531
20.03 -0.0070994
20.035 -0.0021204
20.04 0.00014714
20.045 0.00043237
20.05 -0.00023077
20.055 -0.0021472
20.06 -0.0059787
20.065 -0.010271
20.07 -0.013781
20.075 -0.015913
20.08 -0.017699
20.085 -0.01842
20.09 -0.016495
20.095 -0.012858
20.1 -0.0075651
20.105 -0.00062219
20.11 0.0049025
20.115 0.0092212
20.12 0.011828
20.125 0.013477
20.13 0.013972
20.135 0.013052
20.14 0.010606
20.145 0.0086784
20.15 0.0080522
20.155 0.0073604
20.16 0.00741
20.165 0.0095526
20.17 0.012927
20.175 0.015352
20.18 0.016369
20.185 0.017139
20.19 0.017434
20.195 0.017729
20.2 0.016388
20.205 0.013024
20.21 0.010188
20.215 0.0078274
20.22 0.0051261
20.225 0.0023826
20.23 0.0010413
20.235 0.0006834
20.24 0.00065134
20.245 0.0016176
20.25 0.0033786
20.255 0.0050666
20.26 0.0066646
20.265 0.0081506
20.27 0.0089514
20.275 0.0088075
20.28 0.0084174
20.285 0.0070502
20.29 0.0051222
20.295 0.0035866
20.3 0.0031034
20.305 0.0036299
20.31 0.0035529
20.315 0.0037684
20.32 0.0044061
20.325 0.0055243
20.33 0.0075663
20.335 0.008883
20.34 0.0096687
20.345 0.0096701
20.35 0.0090193
20.355 0.0083042
20.36 0.0077656
20.365 0.0079586
20.37 0.0077409
20.375 0.0079573
20.38 0.0085321
20.385 0.009079
20.39 0.0094636
20.395 0.0094851
20.4 0.010223
20.405 0.01062
20.41 0.010726
20.415 0.010319
20.42 0.0093313
20.425 0.0084731
20.43 0.0072012
20.435 0.0062229
20.44 0.0047393
20.445 0.0025405
20.45 0.00081578
20.455 -0.0014
20.46 -0.0036598
20.465 -0.0043982
20.47 -0.0045635
20.475 -0.003617
20.48 -0.0024937
20.485 -0.0017802
20.49 -0.0015142
20.495 -0.0015265
20.5 -0.0020332
20.505 -0.0032841
20.51 -0.0042317
20.515 -0.0049805
20.52 -0.0050781
20.525 -0.0048101
20.53 -0.0044925
20.535 -0.0036276
20.54 -0.002461
20.545 -0.00058618
20.55 0.0013589
20.555 0.0026236
20.56 0.0041574
20.565 0.0039158
20.57 0.002635
20.575 0.0020802
20.58 0.0026687
20.585 0.0033176
20.59 0.0035108
20.595 0.0040526
20.6 0.0040843
20.605 0.0038733
20.61 0.0041191
20.615 0.0045737
20.62 0.0046093
20.625 0.0047844
20.63 0.0053105
20.635 0.0059143
20.64 0.0061007
20.645 0.0059581
20.65 0.0046979
20.655 0.0026208
20.66 0.00059937
20.665 -0.00085482
20.67 -0.002359
20.675 -0.0054669
20.68 -0.0091262
20.685 -0.013079
20.69 -0.016063
20.695 -0.01778
20.7 -0.019984
20.705 -0.019986
20.71 -0.018813
20.715 -0.017877
20.72 -0.01653
20.725 -0.01386
20.73 -0.010482
20.735 -0.0076415
20.74 -0.0055326
20.745 -0.0034915
20.75 -0.0020917
20.755 -0.00092829
20.76 -0.00085773
20.765 -0.0012954
20.77 -0.0013431
20.775 -0.00088484
20.78 -0.00087672
20.785 -0.0013383
20.79 -0.0016785
20.795 -0.0024992
20.8 -0.0038027
20.805 -0.0054304
20.81 -0.0075622
20.815 -0.010368
20.82 -0.013362
20.825 -0.016429
20.83 -0.018784
20.835 -0.021128
20.84 -0.023079
20.845 -0.023371
20.85 -0.02303
20.855 -0.022129
20.86 -0.020753
20.865 -0.018459
20.87 -0.017007
20.875 -0.015591
20.88 -0.014152
20.885 -0.01391
20.89 -0.013579
20.895 -0.012649
20.9 -0.011
20.905 -0.0081097
20.91 -0.0042858
20.915 -0.00094052
20.92 0.00030141
20.925 0.0016749
20.93 0.0032884
20.935 0.0040621
20.94 0.0041052
20.945 0.0033571
20.95 0.0033555
20.955 0.0030262
20.96 0.0025177
20.965 0.0026959
20.97 0.002395
20.975 0.002464
20.98 0.002228
20.985 0.0018123
20.99 0.00087323
20.995 -0.00052846
21 -0.0021106
21.005 -0.0043169
21.01 -0.0069785
21.015 -0.0096624
21.02 -0.011549
21.025 -0.012833
21.03 -0.013475
21.035 -0.013197
21.04 -0.012456
21.045 -0.01125
21.05 -0.0086443
21.055 -0.0056362
21.06 -0.0021981
21.065 0.0012065
21.07 0.0038002
21.075 0.0051528
21.08 0.005265
21.085 0.0043127
21.09 0.0021278
21.095 -0.00032241
21.1 -0.0033775
21.105 -0.005652
21.11 -0.0060946
21.115 -0.0057862
21.12 -0.0051081
21.125 -0.0048755
21.13 -0.0039983
21.135 -0.0024121
21.14 -0.001231
21.145 0.00023631
21.15 0.0015103
21.155 0.0023933
21.16 0.003587
21.165 0.0044725
21.17 0.0053375
21.175 0.0050128
21.18 0.005195
21.185 0.0053811
21.19 0.0050569
21.195 0.0043991
21.2 0.0034363
21.205 0.0032883
21.21 0.0044476
21.215 0.0063689
21.22 0.0079013
21.225 0.0095273
21.23 0.01165
21.235 0.013851
21.24 0.015881
21.245 0.017688
21.25 0.01824
21.255 0.017647
21.26 0.016558
21.265 0.015978
21.27 0.015596
21.275 0.015625
21.28 0.015533
21.285 0.015266
21.29 0.015485
21.295 0.01534
21.3 0.014644
21.305 0.012772
21.31 0.010184
21.315 0.0068537
21.32 0.0035682
21.325 0.001054
21.33 -0.00060068
21.335 -0.00077231
21.34 0.0013232
21.345 0.0041765
21.35 0.0071297
21.355 0.010075
21.36 0.013656
21.365 0.016332
21.37 0.016994
21.375 0.01647
21.38 0.01449
21.385 0.012251
21.39 0.009859
21.395 0.0078074
21.4 0.0054613
21.405 0.0029844
21.41 0.00054353
21.415 -0.0026006
21.42 -0.0048344
21.425 -0.0037485
21.43 -0.0014598
21.435 0.00026962
21.44 0.0016981
21.445 0.0024215
21.45 0.0027655
21.455 0.0026726
21.46 0.0021622
21.465 0.0014412
21.47 -0.00079878
21.475 -0.0041571
21.48 -0.0068809
21.485 -0.0089773
21.49 -0.010583
21.495 -0.012079
21.5 -0.01241
21.505 -0.011505
21.51 -0.011136
21.515 -0.011271
21.52 -0.011408
21.525 -0.011067
21.53 -0.0092698
21.535 -0.0082418
21.54 -0.0082556
21.545 -0.0083091
21.55 -0.0083327
21.555 -0.0079431
21.56 -0.0068283
21.565 -0.004016
21.57 -0.0019899
21.575 -0.0018519
21.58 -0.0035909
21.585 -0.0045135
21.59 -0.0058022
21.595 -0.008994
21.6 -0.012577
21.605 -0.01469
21.61 -0.015583
21.615 -0.015274
21.62 -0.014497
21.625 -0.013966
21.63 -0.012659
21.635 -0.0097852
21.64 -0.0072576
21.645 -0.0066963
21.65 -0.0075352
21.655 -0.0091621
21.66 -0.0111
21.665 -0.012795
21.67 -0.01461
21.675 -0.017223
21.68 -0.018524
21.685 -0.018665
21.69 -0.01912
21.695 -0.019287
21.7 -0.018072
21.705 -0.014557
21.71 -0.010368
21.715 -0.007264
21.72 -0.0052502
21.725 -0.0044104
21.73 -0.0044307
21.735 -0.0055841
21.74 -0.0071008
21.745 -0.0078703
21.75 -0.0071889
21.755 -0.0053399
21.76 -0.0039818
21.765 -0.0025506
21.77 -0.00077374
21.775 0.00084931
21.78 0.0025187
21.785 0.0036297
21.79 0.004378
21.795 0.0054303
21.8 0.0069415
21.805 0.0084882
21.81 0.0094817
21.815 0.010109
21.82 0.010555
21.825 0.010944
21.83 0.010649
21.835 0.010333
21.84 0.0094036
21.845 0.0073241
21.85 0.0051137
21.855 0.0041428
21.86 0.003877
21.865 0.0029436
21.87 0.0025418
21.875 0.0026192
21.88 0.0017928
21.885 0.001031
21.89 -0.0001487
21.895 -0.0015839
21.9 -0.0029943
21.905 -0.0037796
21.91 -0.0045565
21.915 -0.0057468
21.92 -0.0062843
21.925 -0.0054403
21.93 -0.0039525
21.935 -0.0014582
21.94 0.00055
21.945 0.0014702
21.95 0.0013115
21.955 0.0011566
21.96 0.0011664
21.965 0.00057033
21.97 -0.00014301
21.975 0.00025063
21.98 0.0018959
21.985 0.0039282
21.99 0.0056186
21.995 0.0075238
22 0.0088139
22.005 0.0092976
22.01 0.0091189
22.015 0.0087636
22.02 0.0089588
22.025 0.0089639
22.03 0.0094487
22.035 0.011294
22.04 0.013241
22.045 0.013825
22.05 0.013383
22.055 0.013219
22.06 0.013853
22.065 0.014668
22.07 0.014405
22.075 0.013039
22.08 0.011738
22.085 0.010107
22.09 0.009155
22.095 0.0099933
22.1 0.012909
22.105 0.016582
22.11 0.020012
22.115 0.023158
22.12 0.026165
22.125 0.027643
22.13 0.027533
22.135 0.026813
22.14 0.025969
22.145 0.024252
22.15 0.021524
22.155 0.018018
22.16 0.01441
22.165 0.010928
22.17 0.0080011
22.175 0.0062381
22.18 0.005451
22.185 0.0042797
22.19 0.0026916
22.195 0.0013434
22.2 0.0010344
22.205 0.001792
22.21 0.0032696
22.215 0.0048454
22.22 0.0048221
22.225 0.0041914
22.23 0.0037679
22.235 0.0033465
22.24 0.0027506
22.245 0.0025269
22.25 0.0018841
22.255 0.0002367
22.26 -0.0012397
22.265 -0.0010413
22.27 -0.00030055
22.275 0.0012077
22.28 0.0025589
22.285 0.0034413
22.29 0.0047294
22.295 0.0061615
22.3 0.0074204
22.305 0.0078568
22.31 0.0071996
22.315 0.0044924
22.32 0.0011252
22.325 -0.0014532
22.33 -0.003218
22.335 -0.0048599
22.34 -0.0067677
22.345 -0.0074449
22.35 -0.0072297
22.355 -0.0078764
22.36 -0.0088849
22.365 -0.010037
22.37 -0.011237
22.375 -0.012829
22.38 -0.01452
22.385 -0.01592
22.39 -0.017534
22.395 -0.018138
22.4 -0.01814
22.405 -0.017518
22.41 -0.017143
22.415 -0.016648
22.42 -0.015817
22.425 -0.016066
22.43 -0.016921
22.435 -0.017649
22.44 -0.019086
22.445 -0.018879
22.45 -0.018202
22.455 -0.018226
22.46 -0.017805
22.465 -0.01766
22.47 -0.017146
22.475 -0.016436
22.48 -0.015434
22.485 -0.0145
22.49 -0.014225
22.495 -0.013806
22.5 -0.013494
22.505 -0.012602
22.51 -0.010887
22.515 -0.0086164
22.52 -0.0064136
22.525 -0.0050862
22.53 -0.0034928
22.535 -0.001119
22.54 0.00062871
22.545 0.00094893
22.55 0.00071252
22.555 0.00099222
22.56 0.0019737
22.565 0.0033873
22.57 0.0047598
22.575 0.0052293
22.58 0.0049518
22.585 0.0041218
22.59 0.0035219
22.595 0.0023521
22.6 0.00095983
22.605 1.2381e-005
22.61 -0.0010522
22.615 -0.0019737
22.62 -0.0022663
22.625 -0.0021796
22.63 -0.0023425
22.635 -0.0030257
22.64 -0.0035633
22.645 -0.0046133
22.65 -0.0060113
22.655 -0.0071345
22.66 -0.0079358
22.665 -0.0081042
22.67 -0.0078323
22.675 -0.0064005
22.68 -0.005386
22.685 -0.0052956
22.69 -0.00501
22.695 -0.0043998
22.7 -0.0032245
22.705 -0.001555
22.71 -0.00027599
22.715 0.0012524
22.72 0.0021493
22.725 0.0028654
22.73 0.0037187
22.735 0.0046501
22.74 0.006157
22.745 0.0064477
22.75 0.0059432
22.755 0.0049495
22.76 0.0037024
22.765 0.0023389
22.77 0.00074715
22.775 -0.00038649
22.78 -0.0010547
22.785 -0.00064187
22.79 0.00060234
22.795 0.0023855
22.8 0.0051086
22.805 0.0082716
22.81 0.010799
22.815 0.012181
22.82 0.012641
22.825 0.012592
22.83 0.010683
22.835 0.0078666
22.84 0.004853
22.845 0.0009732
22.85 -0.0046894
22.855 -0.0090491
22.86 -0.011744
22.865 -0.012711
22.87 -0.012308
22.875 -0.01126
22.88 -0.0093888
22.885 -0.007326
22.89 -0.0049724
22.895 -0.0021354
22.9 0.00083032
22.905 0.0029954
22.91 0.0038404
22.915 0.0037259
22.92 0.0032855
22.925 0.0029408
22.93 0.002702
22.935 0.0019575
22.94 0.0015547
22.945 0.0014517
22.95 0.0010203
22.955 0.00147
22.96 0.0030898
22.965 0.0042729
22.97 0.004175
22.975 0.0037087
22.98 0.002873
22.985 0.0016185
22.99 0.00063929
22.995 -0.00088554
23 -0.002933
23.005 -0.0042008
23.01 -0.0040298
23.015 -0.0034555
23.02 -0.0027766
23.025 -0.0017468
23.03 0.00054205
23.035 0.0044576
23.04 0.0080249
23.045 0.0096406
23.05 0.010267
23.055 0.011307
23.06 0.011974
23.065 0.012093
23.07 0.012555
23.075 0.013487
23.08 0.014427
23.085 0.015121
23.09 0.014955
23.095 0.014762
23.1 0.014546
23.105 0.013858
23.11 0.012583
23.115 0.011401
23.12 0.010956
23.125 0.01146
23.13 0.012423
23.135 0.013487
23.14 0.014545
23.145 0.015498
23.15 0.016069
23.155 0.016235
23.16 0.015603
23.165 0.014887
23.17 0.013943
23.175 0.012811
23.18 0.010733
23.185 0.0070755
23.19 0.0033646
23.195 -0.00021184
23.2 -0.0033764
23.205 -0.0049153
23.21 -0.0053921
23.215 -0.0058875
23.22 -0.0064398
23.225 -0.0064832
23.23 -0.0058995
23.235 -0.0046506
23.24 -0.0032081
23.245 -0.0036803
23.25 -0.005514
23.255 -0.0071567
23.26 -0.0074061
23.265 -0.007222
23.27 -0.0070666
23.275 -0.006654
23.28 -0.0063388
23.285 -0.004986
23.29 -0.0028028
23.295 -0.0015116
23.3 -0.0010607
23.305 -0.00094849
23.31 -0.00084913
23.315 -0.0011958
23.32 -0.0014037
23.325 -0.00076392
23.33 0.00040564
23.335 0.0020167
23.34 0.003447
23.345 0.0040969
23.35 0.0042879
23.355 0.0049556
23.36 0.0056857
23.365 0.0056163
23.37 0.004622
23.375 0.0028532
23.38 0.00070724
23.385 -0.0013583
23.39 -0.0031697
23.395 -0.0041346
23.4 -0.0043448
23.405 -0.0042639
23.41 -0.0045494
23.415 -0.005201
23.42 -0.0064091
23.425 -0.0069766
23.43 -0.0082651
23.435 -0.010234
23.44 -0.011242
23.445 -0.011168
23.45 -0.010468
23.455 -0.0096472
23.46 -0.0091223
23.465 -0.0083758
23.47 -0.0078963
23.475 -0.007165
23.48 -0.0069926
23.485 -0.0076593
23.49 -0.0078786
23.495 -0.0078885
23.5 -0.0081608
23.505 -0.0087192
23.51 -0.0093768
23.515 -0.010505
23.52 -0.01177
23.525 -0.012365
23.53 -0.012049
23.535 -0.010545
23.54 -0.0086177
23.545 -0.0079798
23.55 -0.0090154
23.555 -0.0095819
23.56 -0.0083076
23.565 -0.0065259
23.57 -0.0047486
23.575 -0.0022139
23.58 -0.0002128
23.585 0.0018106
23.59 0.0042436
23.595 0.0067574
23.6 0.0093008
23.605 0.010891
23.61 0.012375
23.615 0.013166
23.62 0.013678
23.625 0.014147
23.63 0.013012
23.635 0.011072
23.64 0.0094089
23.645 0.0089273
23.65 0.0071524
23.655 0.0043082
23.66 0.001873
23.665 0.00026719
23.67 2.0613e-005
23.675 -0.00074178
23.68 -0.002597
23.685 -0.0048605
23.69 -0.0067258
23.695 -0.0074126
23.7 -0.0069504
23.705 -0.0064361
23.71 -0.0059988
23.715 -0.0058411
23.72 -0.0044547
23.725 -0.0017224
23.73 0.00010289
23.735 0.0017184
23.74 0.0030068
23.745 0.0040347
23.75 0.0037299
23.755 0.0022495
23.76 0.00038219
23.765 -0.0018045
23.77 -0.0035681
23.775 -0.0053825
23.78 -0.0069814
23.785 -0.007835
23.79 -0.0080187
23.795 -0.0077288
23.8 -0.0073349
23.805 -0.0063972
23.81 -0.0055522
23.815 -0.0049174
23.82 -0.0046378
23.825 -0.0050529
23.83 -0.0050797
23.835 -0.0050063
23.84 -0.0057022
23.845 -0.0064704
23.85 -0.0065812
23.855 -0.0056733
23.86 -0.0047187
23.865 -0.0039775
23.87 -0.0028077
23.875 -0.0020148
23.88 -0.0012449
23.885 -0.0015376
23.89 -0.0023715
23.895 -0.002677
23.9 -0.0024478
23.905 -0.0018329
23.91 -0.0012185
23.915 -0.00032961
23.92 0.0013603
23.925 0.0032856
23.93 0.0049948
23.935 0.0061851
23.94 0.007246
23.945 0.0080494
23.95 0.0080244
23.955 0.0073091
23.96 0.0059138
23.965 0.0045956
23.97 0.0036627
23.975 0.0028677
23.98 0.0015616
23.985 0.00068945
23.99 0.00059373
23.995 0.00088733
24 0.0016915
24.005 0.002547
24.01 0.0035023
24.015 0.0053519
24.02 0.007551
24.025 0.0087251
24.03 0.009087
24.035 0.010136
24.04 0.010695
24.045 0.01035
24.05 0.010455
24.055 0.010665
24.06 0.010685
24.065 0.010227
24.07 0.0092994
24.075 0.0086285
24.08 0.0082413
24.085 0.008467
24.09 0.0094354
24.095 0.010198
24.1 0.010601
24.105 0.010573
24.11 0.010623
24.115 0.010669
24.12 0.010424
24.125 0.010209
24.13 0.0097698
24.135 0.0099893
24.14 0.010427
24.145 0.010508
24.15 0.010672
24.155 0.01048
24.16 0.0093453
24.165 0.0083674
24.17 0.0074989
24.175 0.0063195
24.18 0.0044211
24.185 0.0027399
24.19 0.0015757
24.195 0.00087855
24.2 0.00056096
24.205 0.00034038
24.21 0.00024228
24.215 9.922e-005
24.22 0.00055747
24.225 0.0013414
24.23 0.0012947
24.235 0.00093807
24.24 0.00055528
24.245 -9.8109e-005
24.25 -0.000477
24.255 -0.0010782
24.26 -0.0014343
24.265 -0.0013265
24.27 -0.0012193
24.275 -0.0010309
24.28 -0.00095517
24.285 -0.00059081
24.29 -0.00057335
24.295 -0.0011682
24.3 -0.0026495
24.305 -0.0043381
24.31 -0.0058332
24.315 -0.0068283
24.32 -0.0072264
24.325 -0.0071967
24.33 -0.0066113
24.335 -0.0055628
24.34 -0.0042908
24.345 -0.0023258
24.35 -0.00058849
24.355 6.9981e-005
24.36 0.00038702
24.365 0.00049099
24.37 0.00032447
24.375 0.00036774
24.38 0.0010344
24.385 0.0015424
24.39 0.0017007
24.395 0.002456
24.4 0.0033146
24.405 0.0036861
24.41 0.003756
24.415 0.0037233
24.42 0.0033959
24.425 0.0030864
24.43 0.0023663
24.435 0.00099341
24.44 -0.00026584
24.445 -0.00080532
24.45 -0.0011457
24.455 -0.0013808
24.46 -0.0015558
24.465 -0.0017571
24.47 -0.0019028
24.475 -0.0020044
24.48 -0.0017948
24.485 -0.0018993
24.49 -0.0026626
24.495 -0.0037034
24.5 -0.0046211
24.505 -0.0053192
24.51 -0.0057109
24.515 -0.0061715
24.52 -0.0068144
24.525 -0.007697
24.53 -0.0081514
24.535 -0.0079314
24.54 -0.0083122
24.545 -0.0095165
24.55 -0.010334
24.555 -0.010364
24.56 -0.0097713
24.565 -0.0090154
24.57 -0.008321
24.575 -0.0078867
24.58 -0.0074086
24.585 -0.0066323
24.59 -0.0065363
24.595 -0.0070327
24.6 -0.0077012
24.605 -0.0082748
24.61 -0.0085677
24.615 -0.0089604
24.62 -0.0092161
24.625 -0.0093983
24.63 -0.0089906
24.635 -0.0081106
24.64 -0.0074826
24.645 -0.0067614
24.65 -0.005669
24.655 -0.0046498
24.66 -0.0038073
24.665 -0.0026012
24.67 -0.0010012
24.675 4.1344e-005
24.68 0.00060916
24.685 0.0011633
24.69 0.0015266
24.695 0.0013522
24.7 0.0010873
24.705 0.00048381
24.71 0.0002951
24.715 0.00027939
24.72 -0.00020127
24.725 -0.0010381
24.73 -0.0016799
24.735 -0.0020546
24.74 -0.0024819
24.745 -0.0031355
24.75 -0.0037853
24.755 -0.0045015
24.76 -0.0049857
24.765 -0.0052087
24.77 -0.0049475
24.775 -0.0043963
24.78 -0.0038415
24.785 -0.0028449
24.79 -0.0016619
24.795 -0.00099056
24.8 -0.00045147
24.805 -0.00018295
24.81 -5.6241e-005
24.815 0.00027526
24.82 0.00061521
24.825 0.00066043
24.83 0.00025262
24.835 -0.00027162
24.84 -0.00023604
24.845 0.00018052
24.85 0.00077007
24.855 0.0012494
24.86 0.0016735
24.865 0.0020456
24.87 0.002307
24.875 0.002484
24.88 0.0024867
24.885 0.0024884
24.89 0.0027043
24.895 0.0029201
24.9 0.0031062
24.905 0.0033751
24.91 0.0034965
24.915 0.0035331
24.92 0.0037761
24.925 0.0037438
24.93 0.0033826
24.935 0.0030809
24.94 0.0029969
24.945 0.0029761
24.95 0.0030209
24.955 0.0029323
24.96 0.0027108
24.965 0.0026149
24.97 0.0022112
24.975 0.0017256
24.98 0.0014607
24.985 0.0012697
24.99 0.0010926
24.995 0.00065143
25 0.00028494
25.005 0.00012028
25.01 -2.0308e-005
25.015 2.4841e-006
25.02 0.00020609
25.025 0.00040672
25.03 0.00053058
25.035 0.00099073
25.04 0.0014352
25.045 0.0014984
25.05 0.0014703
25.055 0.0014815
25.06 0.0016646
25.065 0.0019535
25.07 0.0022311
25.075 0.0022743
25.08 0.0022746
25.085 0.0023334
25.09 0.002728
25.095 0.0032253
25.1 0.0036021
25.105 0.0037519
25.11 0.0038252
25.115 0.0040398
25.12 0.0038816
25.125 0.0034277
25.13 0.003014
25.135 0.0025568
25.14 0.0020016
25.145 0.0013703
25.15 0.00072623
25.155 0.00020592
25.16 -9.9686e-005
25.165 -8.4601e-005
25.17 0.0001562
25.175 0.00045092
25.18 0.00054968
25.185 0.00065846
25.19 0.00070842
25.195 0.00055707
25.2 0.00041876
25.205 0.00024663
25.21 0.00015965
25.215 0.00018357
25.22 0.00016437
25.225 5.6431e-005
25.23 -3.1056e-005
25.235 -9.2327e-005
25.24 -0.00018624
25.245 -0.00019028
25.25 -6.2607e-005
25.255 5.3899e-005
25.26 0.00019556
25.265 0.00028229
25.27 0.00028948
25.275 0.00036315
25.28 0.00051251
25.285 0.00067035
25.29 0.00075637
25.295 0.00083585
25.3 0.00088064
25.305 0.00083058
25.31 0.00072191
25.315 0.00065441
25.32 0.00063467
25.325 0.00058042
25.33 0.00048416
25.335 0.00032726
25.34 0.00015219
25.345 1.8756e-005
25.35 -0.00012897
25.355 -0.00031384
25.36 -0.00045895
25.365 -0.00054373
25.37 -0.00061159
25.375 -0.00066727
25.38 -0.00071015
25.385 -0.0007377
25.39 -0.00076076
25.395 -0.00073321
25.4 -0.00070496
25.405 -0.00072702
25.41 -0.00075457
25.415 -0.00072245
25.42 -0.00067896
25.425 -0.00062393
25.43 -0.00055305
25.435 -0.00050106
25.44 -0.00043957
25.445 -0.00038046
25.45 -0.00034824
25.455 -0.0003297
25.46 -0.00032566
25.465 -0.00036305
25.47 -0.0004255
25.475 -0.00047113
25.48 -0.00050757
25.485 -0.00055485
25.49 -0.00057918
25.495 -0.00056074
25.5 -0.00052629
25.505 -0.00050795
25.51 -0.00048109
25.515 -0.00043803
25.52 -0.00039784
25.525 -0.00036398
25.53 -0.00033157
25.535 -0.0003019
25.54 -0.00028063
25.545 -0.00028689
25.55 -0.00029439
25.555 -0.00028861
25.56 -0.00029035
25.565 -0.00031561
25.57 -0.00035272
25.575 -0.00040371
25.58 -0.00045672
25.585 -0.00049191
25.59 -0.00052661
25.595 -0.00056369
25.6 -0.00057505
25.605 -0.00057099
25.61 -0.00055939
25.615 -0.00056022
25.62 -0.00055534
25.625 -0.00054674
25.63 -0.00055091
25.635 -0.00054905
25.64 -0.0005351
25.645 -0.00051231
25.65 -0.00049032
25.655 -0.00047164
25.66 -0.00044772
25.665 -0.00041048
25.67 -0.0003637
25.675 -0.00031818
25.68 -0.0002847
25.685 -0.00026117
25.69 -0.00024186
25.695 -0.0002204
25.7 -0.00020088
25.705 -0.00018368
25.71 -0.00016645
25.715 -0.00014824
25.72 -0.00013118
25.725 -0.0001159
25.73 -9.9802e-005
25.735 -8.222e-005
25.74 -6.5677e-005
25.745 -5.1398e-005
25.75 -3.9766e-005
25.755 -2.8231e-005
25.76 -1.7162e-005
25.765 -8.0492e-006
25.77 5.8188e-007
25.775 9.5469e-006
25.78 1.8895e-005
25.785 2.7028e-005
25.79 3.4799e-005
25.795 4.1975e-005
25.8 4.8106e-005
25.805 5.4489e-005
25.81 6.0608e-005
25.815 6.5445e-005
25.82 6.8996e-005
25.825 7.1982e-005
25.83 7.4959e-005
25.835 7.744e-005
25.84 7.9835e-005
25.845 8.2396e-005
25.85 8.5037e-005
25.855 8.7522e-005
25.86 8.9975e-005
25.865 9.2351e-005
25.87 9.4647e-005
25.875 9.6882e-005
25.88 9.9051e-005
25.885 0.000101
25.89 0.00010278
25.895 0.00010444
25.9 0.000106
25.905 0.00010736
25.91 0.00010858
25.915 0.00010965
25.92 0.00011056
25.925 0.0001113
25.93 0.00011187
25.935 0.00011228
25.94 0.00011254
25.945 0.00011264
25.95 0.0001126
25.955 0.0001124
25.96 0.00011207
25.965 0.00011159
25.97 0.00011098
25.975 0.00011024
