0.005 0.00091561
0.01 0.00091463
0.015 0.00090748
0.02 0.0009069
0.025 0.00089889
0.03 0.00089497
0.035 0.00087809
0.04 0.00086091
0.045 0.00083636
0.05 0.00082386
0.055 0.00080838
0.06 0.00080345
0.065 0.00079936
0.07 0.00082162
0.075 0.00084835
0.08 0.00085797
0.085 0.00082965
0.09 0.00076496
0.095 0.00066848
0.1 0.00060665
0.105 0.00061094
0.11 0.00067436
0.115 0.00071396
0.12 0.00068497
0.125 0.00054356
0.13 0.00038093
0.135 0.00028286
0.14 0.00038934
0.145 0.00068392
0.15 0.0010251
0.155 0.0012699
0.16 0.0013748
0.165 0.0013043
0.17 0.001004
0.175 0.00042402
0.18 -0.00028688
0.185 -0.00078063
0.19 -0.00076095
0.195 -0.00034906
0.2 0.00021107
0.205 0.00081881
0.21 0.0013301
0.215 0.0014635
0.22 0.0012691
0.225 0.00095921
0.23 0.00093336
0.235 0.0013344
0.24 0.0019499
0.245 0.0024175
0.25 0.0025492
0.255 0.0022083
0.26 0.0015001
0.265 0.00083453
0.27 0.00043063
0.275 0.00039477
0.28 0.00087809
0.285 0.0016874
0.29 0.0030488
0.295 0.0044245
0.3 0.0048611
0.305 0.0039915
0.31 0.0020237
0.315 -0.00048802
0.32 -0.0026018
0.325 -0.0027634
0.33 -0.00037492
0.335 0.0035807
0.34 0.0069614
0.345 0.007932
0.35 0.0065102
0.355 0.0042334
0.36 0.0028982
0.365 0.0032132
0.37 0.0048516
0.375 0.0067642
0.38 0.007957
0.385 0.0075917
0.39 0.0053547
0.395 0.0017314
0.4 -0.0014052
0.405 -0.0034939
0.41 -0.0039081
0.415 -0.0019082
0.42 0.002397
0.425 0.0075512
0.43 0.011099
0.435 0.010586
0.44 0.0049339
0.445 -0.0048293
0.45 -0.015227
0.455 -0.021806
0.46 -0.021956
0.465 -0.016021
0.47 -0.0069098
0.475 0.0014295
0.48 0.0058225
0.485 0.0045915
0.49 -0.001485
0.495 -0.0098764
0.5 -0.016079
0.505 -0.017015
0.51 -0.01166
0.515 -0.0014454
0.52 0.010611
0.525 0.019967
0.53 0.023956
0.535 0.021859
0.54 0.015163
0.545 0.0067577
0.55 -0.0012765
0.555 -0.0062495
0.56 -0.0065551
0.565 -0.0038075
0.57 -0.0012246
0.575 -0.0013393
0.58 -0.0055193
0.585 -0.011619
0.59 -0.017262
0.595 -0.020565
0.6 -0.020281
0.605 -0.015587
0.61 -0.0083554
0.615 -0.0022163
0.62 -0.00064651
0.625 -0.0061264
0.63 -0.017565
0.635 -0.028807
0.64 -0.034241
0.645 -0.032015
0.65 -0.02348
0.655 -0.013015
0.66 -0.0048439
0.665 -0.00069328
0.67 -0.0010242
0.675 -0.0049643
0.68 -0.0095632
0.685 -0.011835
0.69 -0.010787
0.695 -0.0066178
0.7 -0.00027388
0.705 0.008648
0.71 0.02045
0.715 0.031531
0.72 0.038074
0.725 0.038318
0.73 0.034073
0.735 0.029105
0.74 0.026563
0.745 0.024561
0.75 0.020701
0.755 0.012071
0.76 -0.00288
0.765 -0.021809
0.77 -0.040481
0.775 -0.054334
0.78 -0.060223
0.785 -0.057112
0.79 -0.047343
0.795 -0.033796
0.8 -0.017569
0.805 0.0024541
0.81 0.024257
0.815 0.042604
0.82 0.053007
0.825 0.054888
0.83 0.048885
0.835 0.039872
0.84 0.032328
0.845 0.025705
0.85 0.018836
0.855 0.0092951
0.86 -0.0042032
0.865 -0.018344
0.87 -0.030699
0.875 -0.039841
0.88 -0.04413
0.885 -0.04277
0.89 -0.038066
0.895 -0.031142
0.9 -0.022999
0.905 -0.013174
0.91 -0.0015936
0.915 0.012275
0.92 0.02552
0.925 0.038023
0.93 0.050254
0.935 0.059356
0.94 0.062852
0.945 0.058655
0.95 0.048685
0.955 0.033833
0.96 0.013662
0.965 -0.010921
0.97 -0.033525
0.975 -0.049839
0.98 -0.057411
0.985 -0.057201
0.99 -0.050105
0.995 -0.040109
1 -0.031555
1.005 -0.024116
1.01 -0.016511
1.015 -0.0074946
1.02 0.00201
1.025 0.010308
1.03 0.015586
1.035 0.01575
1.04 0.011827
1.045 0.0055425
1.05 -0.0010687
1.055 -0.0059534
1.06 -0.0083214
1.065 -0.008029
1.07 -0.005109
1.075 -0.0045907
1.08 -0.0097264
1.085 -0.020184
1.09 -0.03254
1.095 -0.041668
1.1 -0.042775
1.105 -0.032223
1.11 -0.011249
1.115 0.015515
1.12 0.042212
1.125 0.061554
1.13 0.068304
1.135 0.060243
1.14 0.040086
1.145 0.015558
1.15 -0.0050475
1.155 -0.016874
1.16 -0.020621
1.165 -0.018939
1.17 -0.0145
1.175 -0.012035
1.18 -0.014584
1.185 -0.021784
1.19 -0.030599
1.195 -0.037067
1.2 -0.037777
1.205 -0.031416
1.21 -0.020147
1.215 -0.0076955
1.22 0.002222
1.225 0.0072369
1.23 0.0089874
1.235 0.011765
1.24 0.018329
1.245 0.028467
1.25 0.037205
1.255 0.040941
1.26 0.038543
1.265 0.030915
1.27 0.020449
1.275 0.0096046
1.28 0.0018378
1.285 -0.00046806
1.29 0.0045521
1.295 0.018818
1.3 0.038465
1.305 0.057749
1.31 0.070555
1.315 0.071786
1.32 0.060602
1.325 0.04092
1.33 0.020386
1.335 0.0067114
1.34 0.0039558
1.345 0.010857
1.35 0.02083
1.355 0.027501
1.36 0.02604
1.365 0.015191
1.37 -0.00092644
1.375 -0.017267
1.38 -0.028446
1.385 -0.030407
1.39 -0.024357
1.395 -0.01606
1.4 -0.0094168
1.405 -0.0052129
1.41 -0.0030722
1.415 -7.1802e-005
1.42 0.0033045
1.425 0.0064974
1.43 0.0099548
1.435 0.01444
1.44 0.018819
1.445 0.020991
1.45 0.019742
1.455 0.014387
1.46 0.0055545
1.465 -0.0046272
1.47 -0.012919
1.475 -0.016818
1.48 -0.016964
1.485 -0.015522
1.49 -0.013946
1.495 -0.012073
1.5 -0.0093643
1.505 -0.005669
1.51 -0.0012663
1.515 0.0023245
1.52 0.0043429
1.525 0.0059909
1.53 0.0087186
1.535 0.011434
1.54 0.012605
1.545 0.01218
1.55 0.011657
1.555 0.013522
1.56 0.018499
1.565 0.024463
1.57 0.0299
1.575 0.032835
1.58 0.032149
1.585 0.028072
1.59 0.022708
1.595 0.017909
1.6 0.015147
1.605 0.016109
1.61 0.01924
1.615 0.022603
1.62 0.024157
1.625 0.020437
1.63 0.0090972
1.635 -0.0079568
1.64 -0.026594
1.645 -0.04347
1.65 -0.057471
1.655 -0.066499
1.66 -0.071331
1.665 -0.073792
1.67 -0.074513
1.675 -0.074752
1.68 -0.073719
1.685 -0.070579
1.69 -0.064132
1.695 -0.05402
1.7 -0.040692
1.705 -0.023199
1.71 -0.00090185
1.715 0.023616
1.72 0.044703
1.725 0.060224
1.73 0.070027
1.735 0.072253
1.74 0.065868
1.745 0.050755
1.75 0.029717
1.755 0.0068706
1.76 -0.012264
1.765 -0.024044
1.77 -0.029743
1.775 -0.033636
1.78 -0.039486
1.785 -0.04728
1.79 -0.057046
1.795 -0.067076
1.8 -0.073711
1.805 -0.074319
1.81 -0.069115
1.815 -0.059685
1.82 -0.048585
1.825 -0.040032
1.83 -0.036433
1.835 -0.035114
1.84 -0.032067
1.845 -0.026215
1.85 -0.017433
1.855 -0.0064823
1.86 0.0026264
1.865 0.0072386
1.87 0.0070206
1.875 0.002884
1.88 -0.00085017
1.885 -0.00021051
1.89 0.0047379
1.895 0.012119
1.9 0.018159
1.905 0.018763
1.91 0.013243
1.915 0.0031453
1.92 -0.011002
1.925 -0.027129
1.93 -0.040504
1.935 -0.049979
1.94 -0.056077
1.945 -0.058855
1.95 -0.057745
1.955 -0.052067
1.96 -0.044246
1.965 -0.036976
1.97 -0.031411
1.975 -0.026999
1.98 -0.02164
1.985 -0.011696
1.99 0.0012491
1.995 0.017455
2 0.036938
2.005 0.053863
2.01 0.06434
2.015 0.068066
2.02 0.066395
2.025 0.059447
2.03 0.050146
2.035 0.040038
2.04 0.029646
2.045 0.019909
2.05 0.010899
2.055 0.0031465
2.06 -0.0014243
2.065 -0.002001
2.07 0.0010289
2.075 0.0070615
2.08 0.014602
2.085 0.020883
2.09 0.022697
2.095 0.019864
2.1 0.015125
2.105 0.011384
2.11 0.010427
2.115 0.01148
2.12 0.013149
2.125 0.016025
2.13 0.020559
2.135 0.028131
2.14 0.039004
2.145 0.051182
2.15 0.061593
2.155 0.067929
2.16 0.068062
2.165 0.062699
2.17 0.055645
2.175 0.050382
2.18 0.048585
2.185 0.050848
2.19 0.054703
2.195 0.057789
2.2 0.055997
2.205 0.048511
2.21 0.039646
2.215 0.032311
2.22 0.02717
2.225 0.023663
2.23 0.022874
2.235 0.024195
2.24 0.026791
2.245 0.028112
2.25 0.024715
2.255 0.01544
2.26 0.0023159
2.265 -0.011694
2.27 -0.024387
2.275 -0.031325
2.28 -0.030795
2.285 -0.024151
2.29 -0.015714
2.295 -0.0079011
2.3 -0.0036706
2.305 -0.0036582
2.31 -0.005689
2.315 -0.0066921
2.32 -0.002547
2.325 0.0060053
2.33 0.016968
2.335 0.02724
2.34 0.033295
2.345 0.031132
2.35 0.020914
2.355 0.0064565
2.36 -0.01072
2.365 -0.025855
2.37 -0.036059
2.375 -0.041907
2.38 -0.04441
2.385 -0.045161
2.39 -0.046507
2.395 -0.049743
2.4 -0.052702
2.405 -0.05164
2.41 -0.043719
2.415 -0.029757
2.42 -0.014133
2.425 -0.0021013
2.43 0.0040927
2.435 0.0047335
2.44 0.0014264
2.445 -0.0051536
2.45 -0.01378
2.455 -0.023184
2.46 -0.030157
2.465 -0.033037
2.47 -0.032384
2.475 -0.029887
2.48 -0.027717
2.485 -0.026779
2.49 -0.027752
2.495 -0.031667
2.5 -0.035598
2.505 -0.034741
2.51 -0.027905
2.515 -0.017472
2.52 -0.0065265
2.525 0.0015716
2.53 0.0057432
2.535 0.0097168
2.54 0.014797
2.545 0.021094
2.55 0.028504
2.555 0.036929
2.56 0.046433
2.565 0.054766
2.57 0.058283
2.575 0.054212
2.58 0.045175
2.585 0.033787
2.59 0.021026
2.595 0.0098697
2.6 0.003054
2.605 0.0013628
2.61 0.0047385
2.615 0.011643
2.62 0.018513
2.625 0.021917
2.63 0.018301
2.635 0.0069304
2.64 -0.010177
2.645 -0.028703
2.65 -0.044275
2.655 -0.052903
2.66 -0.054093
2.665 -0.050626
2.67 -0.046256
2.675 -0.045132
2.68 -0.047157
2.685 -0.050589
2.69 -0.054618
2.695 -0.056883
2.7 -0.053903
2.705 -0.043576
2.71 -0.025813
2.715 -0.0035421
2.72 0.020085
2.725 0.040573
2.73 0.052417
2.735 0.056089
2.74 0.054472
2.745 0.050588
2.75 0.048413
2.755 0.050613
2.76 0.055932
2.765 0.060058
2.77 0.059842
2.775 0.053877
2.78 0.042838
2.785 0.028681
2.79 0.012806
2.795 -0.0024261
2.8 -0.016399
2.805 -0.027458
2.81 -0.035026
2.815 -0.039538
2.82 -0.041364
2.825 -0.041757
2.83 -0.040706
2.835 -0.039454
2.84 -0.038917
2.845 -0.038516
2.85 -0.036523
2.855 -0.032125
2.86 -0.02726
2.865 -0.022866
2.87 -0.017805
2.875 -0.012031
2.88 -0.0056239
2.885 0.00019614
2.89 0.0055372
2.895 0.010187
2.9 0.013532
2.905 0.014922
2.91 0.012885
2.915 0.007743
2.92 -1.3164e-005
2.925 -0.01009
2.93 -0.020851
2.935 -0.030791
2.94 -0.038751
2.945 -0.043655
2.95 -0.044646
2.955 -0.042542
2.96 -0.040965
2.965 -0.04212
2.97 -0.046291
2.975 -0.052719
2.98 -0.057177
2.985 -0.055461
2.99 -0.047266
2.995 -0.03498
3 -0.022701
3.005 -0.011532
3.01 -0.0030303
3.015 0.0013359
3.02 0.0021187
3.025 -0.00044329
3.03 -0.0042201
3.035 -0.0063641
3.04 -0.0062404
3.045 -0.005068
3.05 -0.0027135
3.055 0.00085874
3.06 0.0060882
3.065 0.011715
3.07 0.017245
3.075 0.023022
3.08 0.027117
3.085 0.027617
3.09 0.025016
3.095 0.019735
3.1 0.013826
3.105 0.00835
3.11 0.0032544
3.115 -0.0025375
3.12 -0.0080259
3.125 -0.012379
3.13 -0.017375
3.135 -0.024275
3.14 -0.033023
3.145 -0.043073
3.15 -0.051919
3.155 -0.055564
3.16 -0.052924
3.165 -0.044802
3.17 -0.03116
3.175 -0.013146
3.18 0.0073188
3.185 0.025309
3.19 0.036823
3.195 0.039916
3.2 0.036518
3.205 0.031892
3.21 0.030548
3.215 0.032156
3.22 0.035798
3.225 0.039133
3.23 0.0403
3.235 0.037765
3.24 0.032311
3.245 0.026924
3.25 0.023011
3.255 0.022645
3.26 0.027364
3.265 0.034073
3.27 0.040966
3.275 0.046074
3.28 0.046858
3.285 0.040719
3.29 0.027974
3.295 0.011295
3.3 -0.0071934
3.305 -0.024483
3.31 -0.038287
3.315 -0.048938
3.32 -0.055633
3.325 -0.059526
3.33 -0.062939
3.335 -0.066538
3.34 -0.069688
3.345 -0.069061
3.35 -0.062473
3.355 -0.050902
3.36 -0.036114
3.365 -0.020473
3.37 -0.0059121
3.375 0.0057746
3.38 0.013931
3.385 0.020077
3.39 0.026868
3.395 0.033948
3.4 0.040496
3.405 0.046668
3.41 0.053161
3.415 0.058108
3.42 0.0603
3.425 0.059782
3.43 0.057022
3.435 0.052502
3.44 0.048066
3.445 0.042951
3.45 0.037682
3.455 0.031662
3.46 0.025771
3.465 0.020058
3.47 0.015035
3.475 0.010068
3.48 0.0037774
3.485 -0.008021
3.49 -0.024309
3.495 -0.043503
3.5 -0.064314
3.505 -0.083812
3.51 -0.09895
3.515 -0.10737
3.52 -0.10843
3.525 -0.10062
3.53 -0.083109
3.535 -0.059923
3.54 -0.033319
3.545 -0.006552
3.55 0.016531
3.555 0.035883
3.56 0.053229
3.565 0.069024
3.57 0.081928
3.575 0.091954
3.58 0.10002
3.585 0.10442
3.59 0.10728
3.595 0.11205
3.6 0.11962
3.605 0.12962
3.61 0.13881
3.615 0.14627
3.62 0.15031
3.625 0.15016
3.63 0.14505
3.635 0.13419
3.64 0.11777
3.645 0.099852
3.65 0.083182
3.655 0.069871
3.66 0.063819
3.665 0.066661
3.67 0.077449
3.675 0.092945
3.68 0.10784
3.685 0.11717
3.69 0.11723
3.695 0.10873
3.7 0.099573
3.705 0.095048
3.71 0.096627
3.715 0.1009
3.72 0.10365
3.725 0.10342
3.73 0.099727
3.735 0.092769
3.74 0.083802
3.745 0.073899
3.75 0.063532
3.755 0.055637
3.76 0.052046
3.765 0.052649
3.77 0.058273
3.775 0.069542
3.78 0.086233
3.785 0.10614
3.79 0.12526
3.795 0.13989
3.8 0.14924
3.805 0.15508
3.81 0.16011
3.815 0.16472
3.82 0.16771
3.825 0.16838
3.83 0.16641
3.835 0.16025
3.84 0.14741
3.845 0.12861
3.85 0.10789
3.855 0.087257
3.86 0.069638
3.865 0.0555
3.87 0.044988
3.875 0.040236
3.88 0.042565
3.885 0.049548
3.89 0.060091
3.895 0.076939
3.9 0.09729
3.905 0.11528
3.91 0.12793
3.915 0.13506
3.92 0.13781
3.925 0.13728
3.93 0.13488
3.935 0.13122
3.94 0.1254
3.945 0.11759
3.95 0.10882
3.955 0.10009
3.96 0.090284
3.965 0.076984
3.97 0.058489
3.975 0.034527
3.98 0.0049117
3.985 -0.025046
3.99 -0.050216
3.995 -0.06661
4 -0.073104
4.005 -0.071483
4.01 -0.065472
4.015 -0.059251
4.02 -0.056215
4.025 -0.058942
4.03 -0.067595
4.035 -0.079098
4.04 -0.08945
4.045 -0.096028
4.05 -0.098696
4.055 -0.098848
4.06 -0.099045
4.065 -0.10058
4.07 -0.10347
4.075 -0.10699
4.08 -0.10804
4.085 -0.10413
4.09 -0.091927
4.095 -0.070689
4.1 -0.044729
4.105 -0.020888
4.11 -0.0044733
4.115 0.0011503
4.12 -0.0051926
4.125 -0.021147
4.13 -0.03855
4.135 -0.049389
4.14 -0.047198
4.145 -0.027778
4.15 0.0075256
4.155 0.045032
4.16 0.067343
4.165 0.063242
4.17 0.033777
4.175 -0.016561
4.18 -0.071738
4.185 -0.11399
4.19 -0.13485
4.195 -0.13566
4.2 -0.11939
4.205 -0.093857
4.21 -0.067499
4.215 -0.049289
4.22 -0.043631
4.225 -0.047909
4.23 -0.054448
4.235 -0.056435
4.24 -0.048085
4.245 -0.024786
4.25 0.011732
4.255 0.049201
4.26 0.076466
4.265 0.086681
4.27 0.078007
4.275 0.047359
4.28 0.0079458
4.285 -0.027239
4.29 -0.049508
4.295 -0.05148
4.3 -0.031542
4.305 0.0048221
4.31 0.045358
4.315 0.074451
4.32 0.083186
4.325 0.073755
4.33 0.050361
4.335 0.021047
4.34 -0.0061766
4.345 -0.027839
4.35 -0.041552
4.355 -0.046156
4.36 -0.043969
4.365 -0.038112
4.37 -0.035205
4.375 -0.041434
4.38 -0.060538
4.385 -0.092526
4.39 -0.1296
4.395 -0.15998
4.4 -0.17939
4.405 -0.18533
4.41 -0.18132
4.415 -0.17632
4.42 -0.17726
4.425 -0.18675
4.43 -0.20304
4.435 -0.22201
4.44 -0.23845
4.445 -0.25056
4.45 -0.2589
4.455 -0.2658
4.46 -0.27158
4.465 -0.27681
4.47 -0.28135
4.475 -0.28495
4.48 -0.29056
4.485 -0.30233
4.49 -0.32168
4.495 -0.34224
4.5 -0.35641
4.505 -0.35852
4.51 -0.34837
4.515 -0.33235
4.52 -0.31747
4.525 -0.30672
4.53 -0.30038
4.535 -0.29702
4.54 -0.29484
4.545 -0.29217
4.55 -0.28886
4.555 -0.28691
4.56 -0.28671
4.565 -0.28625
4.57 -0.28131
4.575 -0.26944
4.58 -0.24689
4.585 -0.21363
4.59 -0.17876
4.595 -0.15236
4.6 -0.13866
4.605 -0.13436
4.61 -0.13127
4.615 -0.11869
4.62 -0.088965
4.625 -0.044208
4.63 0.0023026
4.635 0.037161
4.64 0.053071
4.645 0.047765
4.65 0.021954
4.655 -0.014539
4.66 -0.04771
4.665 -0.066491
4.67 -0.067019
4.675 -0.053885
4.68 -0.035796
4.685 -0.021531
4.69 -0.015894
4.695 -0.019347
4.7 -0.028966
4.705 -0.040477
4.71 -0.052765
4.715 -0.065618
4.72 -0.075138
4.725 -0.077305
4.73 -0.070461
4.735 -0.05427
4.74 -0.035368
4.745 -0.02444
4.75 -0.02656
4.755 -0.041381
4.76 -0.069203
4.765 -0.10065
4.77 -0.12214
4.775 -0.12877
4.78 -0.12165
4.785 -0.10373
4.79 -0.078666
4.795 -0.055029
4.8 -0.039006
4.805 -0.03024
4.81 -0.024948
4.815 -0.018694
4.82 -0.0095908
4.825 0.00233
4.83 0.014594
4.835 0.024561
4.84 0.030197
4.845 0.03323
4.85 0.0352
4.855 0.034819
4.86 0.030413
4.865 0.020673
4.87 0.0074002
4.875 -0.0053468
4.88 -0.012089
4.885 -0.0099666
4.89 0.00058705
4.895 0.019579
4.9 0.046997
4.905 0.078514
4.91 0.10954
4.915 0.1371
4.92 0.16254
4.925 0.18602
4.93 0.20633
4.935 0.22517
4.94 0.24429
4.945 0.26238
4.95 0.27621
4.955 0.2829
4.96 0.2789
4.965 0.26018
4.97 0.22526
4.975 0.18371
4.98 0.15154
4.985 0.1376
4.99 0.14201
4.995 0.1579
5 0.17691
5.005 0.19088
5.01 0.19586
5.015 0.19417
5.02 0.18954
5.025 0.18722
5.03 0.18886
5.035 0.19354
5.04 0.19812
5.045 0.19964
5.05 0.19566
5.055 0.18473
5.06 0.16815
5.065 0.14805
5.07 0.12376
5.075 0.096964
5.08 0.065703
5.085 0.028789
5.09 -0.0062457
5.095 -0.037267
5.1 -0.065344
5.105 -0.087618
5.11 -0.1019
5.115 -0.11115
5.12 -0.11875
5.125 -0.12631
5.13 -0.13555
5.135 -0.14623
5.14 -0.15593
5.145 -0.16417
5.15 -0.17153
5.155 -0.17903
5.16 -0.18739
5.165 -0.19822
5.17 -0.21231
5.175 -0.22623
5.18 -0.23574
5.185 -0.23946
5.19 -0.23939
5.195 -0.24068
5.2 -0.24495
5.205 -0.25074
5.21 -0.25508
5.215 -0.25602
5.22 -0.25459
5.225 -0.25286
5.23 -0.2526
5.235 -0.25282
5.24 -0.2508
5.245 -0.24558
5.25 -0.23655
5.255 -0.22231
5.26 -0.20484
5.265 -0.18518
5.27 -0.16647
5.275 -0.15133
5.28 -0.13767
5.285 -0.1224
5.29 -0.10341
5.295 -0.08118
5.3 -0.060076
5.305 -0.043834
5.31 -0.029935
5.315 -0.016188
5.32 -0.00064918
5.325 0.017186
5.33 0.036026
5.335 0.050021
5.34 0.056562
5.345 0.054738
5.35 0.04824
5.355 0.04217
5.36 0.040427
5.365 0.044781
5.37 0.054875
5.375 0.066918
5.38 0.079075
5.385 0.090089
5.39 0.099804
5.395 0.10886
5.4 0.1161
5.405 0.12086
5.41 0.12311
5.415 0.12388
5.42 0.12385
5.425 0.12268
5.43 0.11915
5.435 0.11444
5.44 0.10846
5.445 0.10282
5.45 0.10096
5.455 0.10421
5.46 0.11153
5.465 0.1208
5.47 0.13023
5.475 0.13559
5.48 0.13451
5.485 0.12787
5.49 0.11676
5.495 0.10315
5.5 0.089576
5.505 0.077971
5.51 0.072357
5.515 0.074244
5.52 0.082441
5.525 0.096042
5.53 0.11232
5.535 0.12651
5.54 0.13345
5.545 0.13158
5.55 0.12436
5.555 0.11675
5.56 0.11126
5.565 0.11119
5.57 0.11898
5.575 0.13356
5.58 0.15461
5.585 0.17777
5.59 0.19718
5.595 0.20963
5.6 0.21273
5.605 0.20689
5.61 0.19159
5.615 0.16661
5.62 0.13653
5.625 0.10689
5.63 0.080961
5.635 0.061631
5.64 0.049523
5.645 0.044252
5.65 0.044546
5.655 0.047331
5.66 0.051538
5.665 0.053995
5.67 0.053911
5.675 0.05336
5.68 0.055447
5.685 0.061514
5.69 0.072972
5.695 0.087772
5.7 0.10204
5.705 0.11308
5.71 0.11857
5.715 0.11514
5.72 0.10146
5.725 0.07821
5.73 0.049548
5.735 0.016447
5.74 -0.017158
5.745 -0.044509
5.75 -0.063331
5.755 -0.074589
5.76 -0.082288
5.765 -0.090748
5.77 -0.1024
5.775 -0.11503
5.78 -0.1256
5.785 -0.13185
5.79 -0.13334
5.795 -0.12941
5.8 -0.11842
5.805 -0.10056
5.81 -0.076666
5.815 -0.048017
5.82 -0.019903
5.825 0.0023364
5.83 0.016725
5.835 0.022701
5.84 0.022687
5.845 0.02033
5.85 0.019046
5.855 0.019786
5.86 0.020849
5.865 0.018509
5.87 0.010059
5.875 -0.0039081
5.88 -0.017602
5.885 -0.024802
5.89 -0.020572
5.895 -0.0064107
5.9 0.012069
5.905 0.032365
5.91 0.051762
5.915 0.065402
5.92 0.071244
5.925 0.071118
5.93 0.06958
5.935 0.06922
5.94 0.071148
5.945 0.077195
5.95 0.087099
5.955 0.096871
5.96 0.10514
5.965 0.10994
5.97 0.10813
5.975 0.097356
5.98 0.076801
5.985 0.041635
5.99 -0.0072241
5.995 -0.065411
6 -0.12514
6.005 -0.18098
6.01 -0.23453
6.015 -0.28958
6.02 -0.34702
6.025 -0.4055
6.03 -0.45856
6.035 -0.50317
6.04 -0.54219
6.045 -0.57968
6.05 -0.61508
6.055 -0.64715
6.06 -0.67574
6.065 -0.69775
6.07 -0.7106
6.075 -0.71695
6.08 -0.71841
6.085 -0.71493
6.09 -0.7061
6.095 -0.69392
6.1 -0.67778
6.105 -0.6586
6.11 -0.63671
6.115 -0.60945
6.12 -0.57611
6.125 -0.53652
6.13 -0.49061
6.135 -0.44084
6.14 -0.38376
6.145 -0.30735
6.15 -0.19249
6.155 -0.023785
6.16 0.19157
6.165 0.43719
6.17 0.67351
6.175 0.86782
6.18 1.0208
6.185 1.1435
6.19 1.2379
6.195 1.3033
6.2 1.3493
6.205 1.3902
6.21 1.4388
6.215 1.4902
6.22 1.5462
6.225 1.6031
6.23 1.6611
6.235 1.7194
6.24 1.7777
6.245 1.7895
6.25 1.6991
6.255 1.4502
6.26 1.0638
6.265 0.54449
6.27 0.016416
6.275 -0.34162
6.28 -0.47265
6.285 -0.43009
6.29 -0.32757
6.295 -0.25263
6.3 -0.23411
6.305 -0.25926
6.31 -0.29644
6.315 -0.30121
6.32 -0.25454
6.325 -0.14387
6.33 0.014057
6.335 0.16808
6.34 0.27011
6.345 0.30287
6.35 0.27529
6.355 0.20424
6.36 0.11725
6.365 0.042268
6.37 -0.0065464
6.375 -0.020421
6.38 -0.0052856
6.385 0.033771
6.39 0.091727
6.395 0.16516
6.4 0.23731
6.405 0.29687
6.41 0.33473
6.415 0.34384
6.42 0.32826
6.425 0.30106
6.43 0.27069
6.435 0.23217
6.44 0.18583
6.445 0.13958
6.45 0.098403
6.455 0.065085
6.46 0.038792
6.465 0.024458
6.47 0.021131
6.475 0.031614
6.48 0.051636
6.485 0.06998
6.49 0.075581
6.495 0.062411
6.5 0.020341
6.505 -0.050368
6.51 -0.13413
6.515 -0.21641
6.52 -0.28247
6.525 -0.32557
6.53 -0.34874
6.535 -0.35937
6.54 -0.36454
6.545 -0.36838
6.55 -0.36933
6.555 -0.36285
6.56 -0.34647
6.565 -0.32023
6.57 -0.29437
6.575 -0.27908
6.58 -0.27857
6.585 -0.29157
6.59 -0.31388
6.595 -0.34284
6.6 -0.37289
6.605 -0.39885
6.61 -0.41593
6.615 -0.421
6.62 -0.41752
6.625 -0.41296
6.63 -0.4129
6.635 -0.41831
6.64 -0.42777
6.645 -0.43763
6.65 -0.44502
6.655 -0.44574
6.66 -0.43925
6.665 -0.42531
6.67 -0.40406
6.675 -0.37525
6.68 -0.34145
6.685 -0.30327
6.69 -0.26254
6.695 -0.21657
6.7 -0.16837
6.705 -0.12136
6.71 -0.077947
6.715 -0.041247
6.72 -0.014824
6.725 -0.00089857
6.73 0.0016273
6.735 -0.0047886
6.74 -0.016986
6.745 -0.030063
6.75 -0.038582
6.755 -0.039267
6.76 -0.031525
6.765 -0.014794
6.77 0.012542
6.775 0.050924
6.78 0.094516
6.785 0.14125
6.79 0.18517
6.795 0.22146
6.8 0.25188
6.805 0.27675
6.81 0.29522
6.815 0.30724
6.82 0.31375
6.825 0.3145
6.83 0.3098
6.835 0.30009
6.84 0.28598
6.845 0.2679
6.85 0.24921
6.855 0.23273
6.86 0.21972
6.865 0.20978
6.87 0.20239
6.875 0.19651
6.88 0.19111
6.885 0.18678
6.89 0.18381
6.895 0.18152
6.9 0.17931
6.905 0.1743
6.91 0.165
6.915 0.14992
6.92 0.12963
6.925 0.10131
6.93 0.064252
6.935 0.019103
6.94 -0.030979
6.945 -0.088667
6.95 -0.1566
6.955 -0.224
6.96 -0.28177
6.965 -0.33109
6.97 -0.37582
6.975 -0.41616
6.98 -0.44303
6.985 -0.44828
6.99 -0.43949
6.995 -0.4173
7 -0.3753
7.005 -0.31357
7.01 -0.23852
7.015 -0.15979
7.02 -0.090235
7.025 -0.041482
7.03 -0.013826
7.035 -0.0019885
7.04 -0.0014125
7.045 -0.0097087
7.05 -0.025511
7.055 -0.045763
7.06 -0.067265
7.065 -0.083331
7.07 -0.09141
7.075 -0.096942
7.08 -0.10488
7.085 -0.11571
7.09 -0.13053
7.095 -0.14933
7.1 -0.1699
7.105 -0.18965
7.11 -0.20395
7.115 -0.21448
7.12 -0.22408
7.125 -0.2312
7.13 -0.23238
7.135 -0.22588
7.14 -0.21492
7.145 -0.20193
7.15 -0.18612
7.155 -0.16591
7.16 -0.14071
7.165 -0.10857
7.17 -0.072605
7.175 -0.037694
7.18 -0.0055755
7.185 0.021235
7.19 0.038568
7.195 0.047309
7.2 0.050952
7.205 0.053596
7.21 0.057236
7.215 0.062858
7.22 0.069371
7.225 0.074966
7.23 0.07975
7.235 0.084096
7.24 0.087576
7.245 0.090287
7.25 0.091293
7.255 0.091406
7.26 0.09172
7.265 0.093321
7.27 0.097226
7.275 0.10335
7.28 0.11197
7.285 0.12388
7.29 0.1384
7.295 0.15408
7.3 0.16903
7.305 0.1834
7.31 0.19826
7.315 0.21123
7.32 0.21865
7.325 0.21877
7.33 0.2119
7.335 0.20043
7.34 0.18574
7.345 0.16754
7.35 0.14698
7.355 0.12745
7.36 0.10981
7.365 0.095175
7.37 0.082948
7.375 0.074668
7.38 0.072293
7.385 0.076043
7.39 0.08322
7.395 0.090049
7.4 0.094227
7.405 0.094359
7.41 0.089638
7.415 0.080827
7.42 0.068506
7.425 0.052559
7.43 0.033151
7.435 0.0095186
7.44 -0.02021
7.445 -0.05338
7.45 -0.088261
7.455 -0.12128
7.46 -0.14759
7.465 -0.16641
7.47 -0.17848
7.475 -0.18439
7.48 -0.18637
7.485 -0.18662
7.49 -0.1872
7.495 -0.18824
7.5 -0.18882
7.505 -0.18853
7.51 -0.18728
7.515 -0.18382
7.52 -0.17921
7.525 -0.17581
7.53 -0.17368
7.535 -0.17251
7.54 -0.17274
7.545 -0.17404
7.55 -0.17444
7.555 -0.17308
7.56 -0.17054
7.565 -0.1682
7.57 -0.16874
7.575 -0.17151
7.58 -0.17175
7.585 -0.16732
7.59 -0.15844
7.595 -0.14633
7.6 -0.13321
7.605 -0.12028
7.61 -0.10636
7.615 -0.091155
7.62 -0.074206
7.625 -0.056075
7.63 -0.034354
7.635 -0.0093393
7.64 0.017055
7.645 0.045801
7.65 0.077267
7.655 0.11063
7.66 0.14029
7.665 0.16313
7.67 0.17858
7.675 0.18683
7.68 0.18858
7.685 0.18432
7.69 0.17565
7.695 0.16591
7.7 0.15736
7.705 0.15316
7.71 0.15578
7.715 0.16341
7.72 0.17338
7.725 0.18219
7.73 0.18654
7.735 0.18442
7.74 0.17523
7.745 0.16139
7.75 0.14721
7.755 0.13457
7.76 0.12574
7.765 0.12201
7.77 0.1231
7.775 0.12654
7.78 0.13041
7.785 0.13402
7.79 0.13616
7.795 0.13728
7.8 0.13687
7.805 0.13712
7.81 0.14094
7.815 0.14945
7.82 0.1629
7.825 0.18112
7.83 0.20172
7.835 0.2213
7.84 0.23925
7.845 0.25574
7.85 0.27016
7.855 0.28309
7.86 0.2951
7.865 0.30531
7.87 0.31394
7.875 0.32127
7.88 0.32569
7.885 0.32703
7.89 0.32384
7.895 0.3157
7.9 0.3036
7.905 0.2902
7.91 0.27851
7.915 0.26936
7.92 0.26149
7.925 0.25385
7.93 0.24465
7.935 0.23151
7.94 0.21272
7.945 0.18639
7.95 0.1542
7.955 0.11992
7.96 0.084968
7.965 0.048959
7.97 0.015155
7.975 -0.016827
7.98 -0.047655
7.985 -0.076232
7.99 -0.10247
7.995 -0.12631
8 -0.14837
8.005 -0.16677
8.01 -0.18022
8.015 -0.18767
8.02 -0.18981
8.025 -0.18852
8.03 -0.18286
8.035 -0.17249
8.04 -0.15906
8.045 -0.14456
8.05 -0.13118
8.055 -0.1197
8.06 -0.11025
8.065 -0.10218
8.07 -0.093497
8.075 -0.084042
8.08 -0.076124
8.085 -0.07043
8.09 -0.065627
8.095 -0.060744
8.1 -0.056668
8.105 -0.053545
8.11 -0.051701
8.115 -0.052542
8.12 -0.05632
8.125 -0.061875
8.13 -0.066276
8.135 -0.068359
8.14 -0.067767
8.145 -0.065118
8.15 -0.058056
8.155 -0.045652
8.16 -0.030471
8.165 -0.010889
8.17 0.010431
8.175 0.029957
8.18 0.045059
8.185 0.055972
8.19 0.061529
8.195 0.060939
8.2 0.056848
8.205 0.05208
8.21 0.048003
8.215 0.045403
8.22 0.043903
8.225 0.040957
8.23 0.035693
8.235 0.02969
8.24 0.023849
8.245 0.018544
8.25 0.013645
8.255 0.0096015
8.26 0.0052754
8.265 -6.1033e-005
8.27 -0.0055563
8.275 -0.0093132
8.28 -0.01035
8.285 -0.0065584
8.29 0.0016182
8.295 0.012539
8.3 0.02188
8.305 0.024891
8.31 0.020167
8.315 0.0090725
8.32 -0.0049377
8.325 -0.018096
8.33 -0.027661
8.335 -0.035077
8.34 -0.041712
8.345 -0.0502
8.35 -0.05989
8.355 -0.066716
8.36 -0.069738
8.365 -0.070134
8.37 -0.068576
8.375 -0.067084
8.38 -0.067019
8.385 -0.067377
8.39 -0.06779
8.395 -0.067012
8.4 -0.064566
8.405 -0.060687
8.41 -0.055551
8.415 -0.049882
8.42 -0.046221
8.425 -0.046321
8.43 -0.049385
8.435 -0.054373
8.44 -0.057984
8.445 -0.055583
8.45 -0.045189
8.455 -0.029819
8.46 -0.014904
8.465 -0.0029602
8.47 0.0057563
8.475 0.012453
8.48 0.018992
8.485 0.028052
8.49 0.040578
8.495 0.054284
8.5 0.069885
8.505 0.088176
8.51 0.10602
8.515 0.11982
8.52 0.13056
8.525 0.14085
8.53 0.15158
8.535 0.16371
8.54 0.1756
8.545 0.18463
8.55 0.19057
8.555 0.19204
8.56 0.18752
8.565 0.1777
8.57 0.1638
8.575 0.14561
8.58 0.12557
8.585 0.10496
8.59 0.082405
8.595 0.057174
8.6 0.030327
8.605 0.0054565
8.61 -0.014269
8.615 -0.029102
8.62 -0.039364
8.625 -0.046643
8.63 -0.051023
8.635 -0.052339
8.64 -0.051466
8.645 -0.04994
8.65 -0.048467
8.655 -0.047188
8.66 -0.046796
8.665 -0.047765
8.67 -0.051516
8.675 -0.057747
8.68 -0.065707
8.685 -0.074999
8.69 -0.087234
8.695 -0.10196
8.7 -0.11476
8.705 -0.12422
8.71 -0.13183
8.715 -0.13732
8.72 -0.14108
8.725 -0.14377
8.73 -0.14563
8.735 -0.14609
8.74 -0.14607
8.745 -0.14585
8.75 -0.14365
8.755 -0.1388
8.76 -0.131
8.765 -0.12071
8.77 -0.11061
8.775 -0.10178
8.78 -0.094046
8.785 -0.088127
8.79 -0.084849
8.795 -0.084492
8.8 -0.086365
8.805 -0.08877
8.81 -0.089635
8.815 -0.08858
8.82 -0.086209
8.825 -0.084057
8.83 -0.08371
8.835 -0.084292
8.84 -0.08346
8.845 -0.081976
8.85 -0.079706
8.855 -0.078291
8.86 -0.07818
8.865 -0.077665
8.87 -0.075165
8.875 -0.070453
8.88 -0.064498
8.885 -0.05786
8.89 -0.051146
8.895 -0.044441
8.9 -0.037799
8.905 -0.031958
8.91 -0.025987
8.915 -0.019985
8.92 -0.014186
8.925 -0.0091021
8.93 -0.0056454
8.935 -0.0022583
8.94 0.001937
8.945 0.0068318
8.95 0.012869
8.955 0.019943
8.96 0.028246
8.965 0.037022
8.97 0.04619
8.975 0.05506
8.98 0.064449
8.985 0.076864
8.99 0.089597
8.995 0.098929
9 0.10501
9.005 0.10967
9.01 0.11466
9.015 0.12097
9.02 0.12702
9.025 0.12999
9.03 0.12981
9.035 0.1276
9.04 0.12565
9.045 0.12374
9.05 0.12031
9.055 0.11547
9.06 0.10983
9.065 0.10445
9.07 0.098877
9.075 0.089627
9.08 0.076535
9.085 0.056361
9.09 0.029526
9.095 0.0059313
9.1 -0.0087534
9.105 -0.015677
9.11 -0.018964
9.115 -0.020506
9.12 -0.020821
9.125 -0.019314
9.13 -0.015879
9.135 -0.010879
9.14 -0.005457
9.145 -0.00072972
9.15 0.0015487
9.155 0.00091378
9.16 -0.0014621
9.165 -0.0048439
9.17 -0.008445
9.175 -0.01209
9.18 -0.01751
9.185 -0.025032
9.19 -0.034441
9.195 -0.04511
9.2 -0.057066
9.205 -0.069607
9.21 -0.080721
9.215 -0.090125
9.22 -0.099997
9.225 -0.11092
9.23 -0.12244
9.235 -0.13313
9.24 -0.14036
9.245 -0.14315
9.25 -0.14123
9.255 -0.13521
9.26 -0.12498
9.265 -0.11144
9.27 -0.096486
9.275 -0.080666
9.28 -0.065383
9.285 -0.050362
9.29 -0.035827
9.295 -0.021208
9.3 -0.0058502
9.305 0.0070641
9.31 0.016286
9.315 0.023549
9.32 0.029329
9.325 0.034051
9.33 0.038192
9.335 0.040706
9.34 0.040569
9.345 0.037587
9.35 0.032476
9.355 0.027137
9.36 0.022424
9.365 0.017248
9.37 0.010175
9.375 0.0010716
9.38 -0.0099621
9.385 -0.021933
9.39 -0.035
9.395 -0.049412
9.4 -0.064858
9.405 -0.081122
9.41 -0.09724
9.415 -0.11252
9.42 -0.12636
9.425 -0.13932
9.43 -0.15174
9.435 -0.16262
9.44 -0.17122
9.445 -0.17753
9.45 -0.18276
9.455 -0.18683
9.46 -0.18961
9.465 -0.1915
9.47 -0.19221
9.475 -0.19144
9.48 -0.18868
9.485 -0.18464
9.49 -0.1804
9.495 -0.17642
9.5 -0.1727
9.505 -0.16922
9.51 -0.16696
9.515 -0.16643
9.52 -0.16662
9.525 -0.16725
9.53 -0.16749
9.535 -0.16571
9.54 -0.16237
9.545 -0.15836
9.55 -0.15387
9.555 -0.14699
9.56 -0.13798
9.565 -0.12871
9.57 -0.11904
9.575 -0.10775
9.58 -0.095703
9.585 -0.082466
9.59 -0.068566
9.595 -0.056409
9.6 -0.045199
9.605 -0.034241
9.61 -0.024378
9.615 -0.01568
9.62 -0.0075221
9.625 0.00028542
9.63 0.0078349
9.635 0.014703
9.64 0.020857
9.645 0.027024
9.65 0.034091
9.655 0.042438
9.66 0.049671
9.665 0.055704
9.67 0.061638
9.675 0.065527
9.68 0.067529
9.685 0.069052
9.69 0.068321
9.695 0.06473
9.7 0.060367
9.705 0.057115
9.71 0.055346
9.715 0.053322
9.72 0.048988
9.725 0.041563
9.73 0.032902
9.735 0.024286
9.74 0.016013
9.745 0.0097699
9.75 0.0059837
9.755 0.004671
9.76 0.0047448
9.765 0.0050099
9.77 0.004541
9.775 0.0031846
9.78 0.0034569
9.785 0.0074543
9.79 0.014124
9.795 0.020673
9.8 0.026758
9.805 0.033808
9.81 0.042809
9.815 0.054187
9.82 0.065878
9.825 0.076008
9.83 0.084906
9.835 0.092664
9.84 0.098703
9.845 0.10253
9.85 0.10408
9.855 0.1024
9.86 0.096752
9.865 0.088763
9.87 0.08046
9.875 0.069941
9.88 0.058089
9.885 0.047754
9.89 0.039588
9.895 0.032076
9.9 0.024299
9.905 0.01671
9.91 0.01066
9.915 0.0071671
9.92 0.0047196
9.925 0.0024586
9.93 0.00057882
9.935 -0.0020803
9.94 -0.0059324
9.945 -0.009653
9.95 -0.012922
9.955 -0.016503
9.96 -0.021412
9.965 -0.028027
9.97 -0.035597
9.975 -0.043603
9.98 -0.051795
9.985 -0.061327
9.99 -0.07235
9.995 -0.084562
10 -0.097624
10.005 -0.1098
10.01 -0.1209
10.015 -0.13003
10.02 -0.13639
10.025 -0.14
10.03 -0.14121
10.035 -0.14112
10.04 -0.14037
10.045 -0.13884
10.05 -0.1366
10.055 -0.13345
10.06 -0.12866
10.065 -0.12025
10.07 -0.10937
10.075 -0.099074
10.08 -0.091128
10.085 -0.084824
10.09 -0.08021
10.095 -0.076598
10.1 -0.072441
10.105 -0.068616
10.11 -0.06699
10.115 -0.065967
10.12 -0.065146
10.125 -0.064776
10.13 -0.063668
10.135 -0.062274
10.14 -0.062767
10.145 -0.064554
10.15 -0.066679
10.155 -0.068321
10.16 -0.068715
10.165 -0.067301
10.17 -0.06562
10.175 -0.064374
10.18 -0.062399
10.185 -0.060418
10.19 -0.05855
10.195 -0.057632
10.2 -0.054804
10.205 -0.049133
10.21 -0.042491
10.215 -0.035223
10.22 -0.0278
10.225 -0.021137
10.23 -0.015696
10.235 -0.0098935
10.24 -0.0040408
10.245 0.002748
10.25 0.010267
10.255 0.018574
10.26 0.026677
10.265 0.033916
10.27 0.040861
10.275 0.04761
10.28 0.053921
10.285 0.062162
10.29 0.071524
10.295 0.079488
10.3 0.085292
10.305 0.08873
10.31 0.089774
10.315 0.08932
10.32 0.087902
10.325 0.086598
10.33 0.086259
10.335 0.086373
10.34 0.085008
10.345 0.082103
10.35 0.078745
10.355 0.075648
10.36 0.072078
10.365 0.06822
10.37 0.063858
10.375 0.060429
10.38 0.058536
10.385 0.057283
10.39 0.054949
10.395 0.050627
10.4 0.045655
10.405 0.041655
10.41 0.039755
10.415 0.03973
10.42 0.040068
10.425 0.040052
10.43 0.039328
10.435 0.038441
10.44 0.037937
10.445 0.03835
10.45 0.039312
10.455 0.041032
10.46 0.043549
10.465 0.04605
10.47 0.047877
10.475 0.047878
10.48 0.047613
10.485 0.046789
10.49 0.046048
10.495 0.046762
10.5 0.049682
10.505 0.054741
10.51 0.06125
10.515 0.067938
10.52 0.073559
10.525 0.076902
10.53 0.077325
10.535 0.075134
10.54 0.07113
10.545 0.066956
10.55 0.065117
10.555 0.065896
10.56 0.067962
10.565 0.069785
10.57 0.069208
10.575 0.066855
10.58 0.063717
10.585 0.061068
10.59 0.059627
10.595 0.058878
10.6 0.058726
10.605 0.059092
10.61 0.06043
10.615 0.06143
10.62 0.061658
10.625 0.060721
10.63 0.058372
10.635 0.055494
10.64 0.053644
10.645 0.053078
10.65 0.052524
10.655 0.050681
10.66 0.04798
10.665 0.044123
10.67 0.039313
10.675 0.034522
10.68 0.030492
10.685 0.026783
10.69 0.023567
10.695 0.021582
10.7 0.020815
10.705 0.020964
10.71 0.020879
10.715 0.020165
10.72 0.020333
10.725 0.021114
10.73 0.021756
10.735 0.021864
10.74 0.021071
10.745 0.01936
10.75 0.017499
10.755 0.015866
10.76 0.01482
10.765 0.013736
10.77 0.010963
10.775 0.0070473
10.78 0.0032964
10.785 -0.00043507
10.79 -0.0052727
10.795 -0.011997
10.8 -0.020082
10.805 -0.028607
10.81 -0.037504
10.815 -0.045249
10.82 -0.051321
10.825 -0.057082
10.83 -0.064398
10.835 -0.072347
10.84 -0.08114
10.845 -0.090798
10.85 -0.10118
10.855 -0.11023
10.86 -0.11683
10.865 -0.12144
10.87 -0.12478
10.875 -0.12783
10.88 -0.13082
10.885 -0.13341
10.89 -0.13526
10.895 -0.13622
10.9 -0.13583
10.905 -0.1343
10.91 -0.13135
10.915 -0.12771
10.92 -0.12389
10.925 -0.12008
10.93 -0.11633
10.935 -0.11145
10.94 -0.10699
10.945 -0.10229
10.95 -0.09532
10.955 -0.086603
10.96 -0.076787
10.965 -0.066869
10.97 -0.057337
10.975 -0.048661
10.98 -0.041603
10.985 -0.036128
10.99 -0.032792
10.995 -0.030169
11 -0.025904
11.005 -0.020927
11.01 -0.016381
11.015 -0.012216
11.02 -0.0092573
11.025 -0.0073199
11.03 -0.0063035
11.035 -0.0056067
11.04 -0.0041089
11.045 -0.001372
11.05 0.0028148
11.055 0.0082365
11.06 0.013736
11.065 0.018659
11.07 0.022829
11.075 0.024023
11.08 0.022506
11.085 0.019679
11.09 0.017163
11.095 0.016165
11.1 0.01654
11.105 0.016076
11.11 0.014451
11.115 0.011964
11.12 0.0087174
11.125 0.0058206
11.13 0.0024764
11.135 -0.0022012
11.14 -0.0072575
11.145 -0.010724
11.15 -0.012929
11.155 -0.013897
11.16 -0.014401
11.165 -0.015315
11.17 -0.016183
11.175 -0.016677
11.18 -0.016642
11.185 -0.016399
11.19 -0.016324
11.195 -0.016754
11.2 -0.01652
11.205 -0.015005
11.21 -0.012102
11.215 -0.0069455
11.22 -0.0009164
11.225 0.0051747
11.23 0.010913
11.235 0.016907
11.24 0.022584
11.245 0.028439
11.25 0.035007
11.255 0.042264
11.26 0.04871
11.265 0.054488
11.27 0.060331
11.275 0.067538
11.28 0.076344
11.285 0.084871
11.29 0.091258
11.295 0.095096
11.3 0.097107
11.305 0.098676
11.31 0.099926
11.315 0.099989
11.32 0.099645
11.325 0.1
11.33 0.10128
11.335 0.10152
11.34 0.097999
11.345 0.090884
11.35 0.082881
11.355 0.076324
11.36 0.072047
11.365 0.068641
11.37 0.064844
11.375 0.061565
11.38 0.058062
11.385 0.054345
11.39 0.049519
11.395 0.04383
11.4 0.038579
11.405 0.033337
11.41 0.02824
11.415 0.025187
11.42 0.025266
11.425 0.026913
11.43 0.028111
11.435 0.027732
11.44 0.026607
11.445 0.024654
11.45 0.022116
11.455 0.020777
11.46 0.020104
11.465 0.019321
11.47 0.018584
11.475 0.017661
11.48 0.016872
11.485 0.015666
11.49 0.014882
11.495 0.016033
11.5 0.017278
11.505 0.018293
11.51 0.019611
11.515 0.021549
11.52 0.023595
11.525 0.024853
11.53 0.023566
11.535 0.020179
11.54 0.016965
11.545 0.016947
11.55 0.019278
11.555 0.022801
11.56 0.02674
11.565 0.030543
11.57 0.03477
11.575 0.037263
11.58 0.036476
11.585 0.034615
11.59 0.03304
11.595 0.03295
11.6 0.035119
11.605 0.038166
11.61 0.040776
11.615 0.042207
11.62 0.042928
11.625 0.042886
11.63 0.042854
11.635 0.044526
11.64 0.048706
11.645 0.053435
11.65 0.057426
11.655 0.060346
11.66 0.062085
11.665 0.061901
11.67 0.058989
11.675 0.054548
11.68 0.050118
11.685 0.0447
11.69 0.038852
11.695 0.034966
11.7 0.03281
11.705 0.031314
11.71 0.027645
11.715 0.020797
11.72 0.012792
11.725 0.0042762
11.73 -0.0034554
11.735 -0.0096714
11.74 -0.015721
11.745 -0.022194
11.75 -0.027141
11.755 -0.03072
11.76 -0.034544
11.765 -0.037755
11.77 -0.039901
11.775 -0.040725
11.78 -0.040995
11.785 -0.04096
11.79 -0.041703
11.795 -0.044208
11.8 -0.047658
11.805 -0.050527
11.81 -0.051425
11.815 -0.049651
11.82 -0.047176
11.825 -0.04484
11.83 -0.042078
11.835 -0.038403
11.84 -0.033961
11.845 -0.029146
11.85 -0.026128
11.855 -0.023871
11.86 -0.021214
11.865 -0.017643
11.87 -0.013587
11.875 -0.0086024
11.88 -0.002349
11.885 0.0045636
11.89 0.011192
11.895 0.016159
11.9 0.019242
11.905 0.020276
11.91 0.021267
11.915 0.024326
11.92 0.029348
11.925 0.034663
11.93 0.039057
11.935 0.042467
11.94 0.044835
11.945 0.046271
11.95 0.047762
11.955 0.049186
11.96 0.049921
11.965 0.049847
11.97 0.049733
11.975 0.050709
11.98 0.052445
11.985 0.054478
11.99 0.056871
11.995 0.057322
12 0.055559
12.005 0.052349
12.01 0.048995
12.015 0.046675
12.02 0.045838
12.025 0.045682
12.03 0.044733
12.035 0.043305
12.04 0.041635
12.045 0.040225
12.05 0.039348
12.055 0.038896
12.06 0.038795
12.065 0.039231
12.07 0.03791
12.075 0.034339
12.08 0.029828
12.085 0.025237
12.09 0.021651
12.095 0.018986
12.1 0.016922
12.105 0.013547
12.11 0.0094052
12.115 0.0046764
12.12 0.00019708
12.125 -0.0035431
12.13 -0.0072722
12.135 -0.01086
12.14 -0.014728
12.145 -0.0183
12.15 -0.021176
12.155 -0.023197
12.16 -0.024664
12.165 -0.026079
12.17 -0.026762
12.175 -0.027401
12.18 -0.027975
12.185 -0.028648
12.19 -0.030649
12.195 -0.034064
12.2 -0.037283
12.205 -0.040162
12.21 -0.041421
12.215 -0.041098
12.22 -0.04112
12.225 -0.041898
12.23 -0.042215
12.235 -0.042438
12.24 -0.042941
12.245 -0.043091
12.25 -0.043881
12.255 -0.045385
12.26 -0.046669
12.265 -0.04628
12.27 -0.045002
12.275 -0.044384
12.28 -0.044473
12.285 -0.045071
12.29 -0.045723
12.295 -0.046247
12.3 -0.046653
12.305 -0.045278
12.31 -0.043445
12.315 -0.042573
12.32 -0.041534
12.325 -0.039804
12.33 -0.037802
12.335 -0.03625
12.34 -0.037595
12.345 -0.041965
12.35 -0.045732
12.355 -0.046841
12.36 -0.046683
12.365 -0.046143
12.37 -0.046107
12.375 -0.046401
12.38 -0.047157
12.385 -0.049226
12.39 -0.052003
12.395 -0.05482
12.4 -0.056954
12.405 -0.057781
12.41 -0.056724
12.415 -0.053359
12.42 -0.049002
12.425 -0.045281
12.43 -0.042773
12.435 -0.040769
12.44 -0.038815
12.445 -0.036712
12.45 -0.033683
12.455 -0.028923
12.46 -0.023421
12.465 -0.018668
12.47 -0.016163
12.475 -0.014871
12.48 -0.015227
12.485 -0.014265
12.49 -0.010555
12.495 -0.0060756
12.5 -0.0026687
12.505 0.0015048
12.51 0.0060995
12.515 0.010824
12.52 0.015309
12.525 0.019064
12.53 0.023377
12.535 0.02788
12.54 0.032555
12.545 0.038221
12.55 0.044779
12.555 0.051833
12.56 0.059174
12.565 0.065059
12.57 0.068469
12.575 0.071102
12.58 0.073393
12.585 0.073921
12.59 0.07333
12.595 0.072496
12.6 0.072718
12.605 0.074224
12.61 0.076343
12.615 0.077938
12.62 0.07843
12.625 0.078693
12.63 0.079072
12.635 0.079605
12.64 0.079433
12.645 0.077998
12.65 0.076302
12.655 0.074988
12.66 0.073884
12.665 0.072772
12.67 0.072115
12.675 0.071027
12.68 0.068708
12.685 0.065278
12.69 0.061727
12.695 0.059677
12.7 0.059757
12.705 0.060992
12.71 0.060925
12.715 0.058563
12.72 0.054695
12.725 0.049609
12.73 0.044292
12.735 0.038504
12.74 0.033052
12.745 0.02865
12.75 0.025566
12.755 0.022998
12.76 0.020083
12.765 0.016468
12.77 0.012045
12.775 0.0092527
12.78 0.0076377
12.785 0.0040802
12.79 -0.0014338
12.795 -0.0080593
12.8 -0.014087
12.805 -0.017965
12.81 -0.021125
12.815 -0.025582
12.82 -0.030249
12.825 -0.034661
12.83 -0.038893
12.835 -0.041702
12.84 -0.042394
12.845 -0.042608
12.85 -0.04215
12.855 -0.040748
12.86 -0.038871
12.865 -0.036596
12.87 -0.034648
12.875 -0.032651
12.88 -0.030604
12.885 -0.028939
12.89 -0.027693
12.895 -0.026756
12.9 -0.026313
12.905 -0.025782
12.91 -0.025113
12.915 -0.024885
12.92 -0.025342
12.925 -0.026488
12.93 -0.028489
12.935 -0.032204
12.94 -0.036536
12.945 -0.040268
12.95 -0.041995
12.955 -0.042752
12.96 -0.043851
12.965 -0.0454
12.97 -0.047608
12.975 -0.049288
12.98 -0.049826
12.985 -0.048728
12.99 -0.04815
12.995 -0.048718
13 -0.048422
13.005 -0.046452
13.01 -0.043857
13.015 -0.042087
13.02 -0.040327
13.025 -0.038395
13.03 -0.036593
13.035 -0.034063
13.04 -0.031393
13.045 -0.0281
13.05 -0.024556
13.055 -0.020967
13.06 -0.016368
13.065 -0.011468
13.07 -0.0073853
13.075 -0.0048759
13.08 -0.0036366
13.085 -0.0021572
13.09 0.00092011
13.095 0.005114
13.1 0.0095121
13.105 0.011899
13.11 0.013863
13.115 0.016159
13.12 0.018264
13.125 0.019793
13.13 0.020855
13.135 0.020849
13.14 0.019328
13.145 0.018328
13.15 0.018861
13.155 0.021012
13.16 0.023375
13.165 0.025675
13.17 0.029273
13.175 0.033531
13.18 0.03711
13.185 0.039372
13.19 0.040767
13.195 0.043363
13.2 0.047621
13.205 0.052774
13.21 0.059158
13.215 0.065717
13.22 0.071299
13.225 0.075951
13.23 0.080901
13.235 0.085841
13.24 0.090186
13.245 0.092891
13.25 0.094199
13.255 0.096091
13.26 0.098962
13.265 0.10241
13.27 0.10519
13.275 0.10614
13.28 0.10567
13.285 0.10448
13.29 0.10265
13.295 0.10021
13.3 0.097252
13.305 0.093742
13.31 0.090615
13.315 0.088025
13.32 0.085504
13.325 0.082776
13.33 0.079286
13.335 0.074881
13.34 0.070213
13.345 0.066855
13.35 0.064756
13.355 0.063263
13.36 0.061981
13.365 0.060153
13.37 0.058016
13.375 0.057466
13.38 0.057995
13.385 0.056641
13.39 0.053366
13.395 0.04879
13.4 0.04423
13.405 0.040382
13.41 0.037261
13.415 0.034406
13.42 0.030807
13.425 0.026423
13.43 0.021812
13.435 0.017027
13.44 0.011932
13.445 0.0073827
13.45 0.0032635
13.455 -0.00072466
13.46 -0.0044514
13.465 -0.0084721
13.47 -0.012692
13.475 -0.015137
13.48 -0.016288
13.485 -0.017536
13.49 -0.020231
13.495 -0.023798
13.5 -0.026164
13.505 -0.028301
13.51 -0.029987
13.515 -0.030646
13.52 -0.032024
13.525 -0.033723
13.53 -0.03595
13.535 -0.039838
13.54 -0.043283
13.545 -0.045111
13.55 -0.045699
13.555 -0.046193
13.56 -0.045297
13.565 -0.044673
13.57 -0.046332
13.575 -0.048833
13.58 -0.050595
13.585 -0.050815
13.59 -0.049905
13.595 -0.048553
13.6 -0.046641
13.605 -0.045157
13.61 -0.043594
13.615 -0.041963
13.62 -0.04063
13.625 -0.039348
13.63 -0.037272
13.635 -0.034377
13.64 -0.030924
13.645 -0.027202
13.65 -0.024266
13.655 -0.024092
13.66 -0.026297
13.665 -0.028034
13.67 -0.026713
13.675 -0.022759
13.68 -0.018856
13.685 -0.017184
13.69 -0.017391
13.695 -0.018538
13.7 -0.017503
13.705 -0.013059
13.71 -0.0080036
13.715 -0.0048933
13.72 -0.0039898
13.725 -0.0042269
13.73 -0.0045064
13.735 -0.0039457
13.74 -0.0034395
13.745 -0.0024305
13.75 -0.0011915
13.755 0.00059808
13.76 0.0026536
13.765 0.0035767
13.77 0.0036403
13.775 0.0033664
13.78 0.0038965
13.785 0.0048576
13.79 0.0056109
13.795 0.0048938
13.8 0.0030465
13.805 0.00098076
13.81 -0.00072603
13.815 -0.0017946
13.82 -0.0019252
13.825 -0.0012328
13.83 8.6708e-005
13.835 0.0024144
13.84 0.0056233
13.845 0.0088086
13.85 0.010902
13.855 0.013592
13.86 0.017537
13.865 0.021678
13.87 0.026538
13.875 0.032014
13.88 0.036288
13.885 0.039217
13.89 0.041946
13.895 0.044185
13.9 0.045785
13.905 0.047417
13.91 0.048664
13.915 0.048949
13.92 0.048767
13.925 0.048104
13.93 0.047705
13.935 0.047097
13.94 0.045161
13.945 0.043396
13.95 0.042552
13.955 0.04215
13.96 0.04207
13.965 0.041503
13.97 0.041194
13.975 0.040028
13.98 0.03828
13.985 0.03682
13.99 0.035843
13.995 0.035375
14 0.03357
14.005 0.030719
14.01 0.028031
14.015 0.026997
14.02 0.027217
14.025 0.026861
14.03 0.023928
14.035 0.01991
14.04 0.016682
14.045 0.014191
14.05 0.012357
14.055 0.012878
14.06 0.015113
14.065 0.016993
14.07 0.016248
14.075 0.013766
14.08 0.010788
14.085 0.0093963
14.09 0.010206
14.095 0.011577
14.1 0.013279
14.105 0.014715
14.11 0.015044
14.115 0.013274
14.12 0.009299
14.125 0.0054263
14.13 0.0027304
14.135 0.0016379
14.14 0.00093571
14.145 0.00024326
14.15 9.1813e-005
14.155 0.00028897
14.16 0.00016929
14.165 -0.0015268
14.17 -0.0035807
14.175 -0.0049233
14.18 -0.0056684
14.185 -0.0074912
14.19 -0.010197
14.195 -0.013353
14.2 -0.017248
14.205 -0.020011
14.21 -0.021009
14.215 -0.02129
14.22 -0.023022
14.225 -0.025839
14.23 -0.02872
14.235 -0.030535
14.24 -0.031062
14.245 -0.032736
14.25 -0.035383
14.255 -0.038374
14.26 -0.041901
14.265 -0.045923
14.27 -0.050301
14.275 -0.053942
14.28 -0.055635
14.285 -0.055393
14.29 -0.054408
14.295 -0.054536
14.3 -0.056833
14.305 -0.0596
14.31 -0.06099
14.315 -0.061852
14.32 -0.062314
14.325 -0.062717
14.33 -0.064255
14.335 -0.067084
14.34 -0.070468
14.345 -0.074776
14.35 -0.079774
14.355 -0.084027
14.36 -0.087184
14.365 -0.090592
14.37 -0.094004
14.375 -0.097633
14.38 -0.10201
14.385 -0.10527
14.39 -0.10718
14.395 -0.10896
14.4 -0.11163
14.405 -0.11297
14.41 -0.11381
14.415 -0.11532
14.42 -0.11661
14.425 -0.1166
14.43 -0.11557
14.435 -0.11397
14.44 -0.11179
14.445 -0.11002
14.45 -0.10858
14.455 -0.10768
14.46 -0.10757
14.465 -0.10736
14.47 -0.10578
14.475 -0.1026
14.48 -0.099295
14.485 -0.096548
14.49 -0.094542
14.495 -0.093035
14.5 -0.091236
14.505 -0.089183
14.51 -0.087669
14.515 -0.086049
14.52 -0.083167
14.525 -0.080326
14.53 -0.077541
14.535 -0.075325
14.54 -0.07359
14.545 -0.071753
14.55 -0.068955
14.555 -0.064193
14.56 -0.058666
14.565 -0.053661
14.57 -0.050577
14.575 -0.048512
14.58 -0.046878
14.585 -0.044693
14.59 -0.041425
14.595 -0.03813
14.6 -0.034247
14.605 -0.030087
14.61 -0.025182
14.615 -0.01902
14.62 -0.012259
14.625 -0.0067265
14.63 -0.0022763
14.635 0.0035748
14.64 0.010201
14.645 0.016418
14.65 0.022324
14.655 0.027936
14.66 0.032484
14.665 0.036786
14.67 0.040531
14.675 0.046253
14.68 0.051783
14.685 0.054573
14.69 0.056018
14.695 0.058023
14.7 0.06182
14.705 0.067543
14.71 0.07306
14.715 0.076915
14.72 0.079726
14.725 0.082712
14.73 0.085774
14.735 0.087147
14.74 0.08701
14.745 0.086842
14.75 0.087197
14.755 0.087645
14.76 0.087549
14.765 0.086061
14.77 0.085089
14.775 0.085406
14.78 0.086527
14.785 0.086735
14.79 0.084894
14.795 0.081913
14.8 0.079163
14.805 0.078228
14.81 0.078894
14.815 0.079984
14.82 0.080918
14.825 0.081874
14.83 0.08107
14.835 0.078123
14.84 0.075262
14.845 0.073569
14.85 0.072053
14.855 0.070679
14.86 0.068894
14.865 0.065315
14.87 0.060697
14.875 0.056372
14.88 0.052709
14.885 0.050061
14.89 0.04823
14.895 0.046851
14.9 0.044436
14.905 0.040616
14.91 0.036655
14.915 0.033483
14.92 0.030781
14.925 0.027
14.93 0.021874
14.935 0.015805
14.94 0.0093978
14.945 0.0040704
14.95 0.00054149
14.955 -0.0020094
14.96 -0.0047238
14.965 -0.0087886
14.97 -0.012976
14.975 -0.015685
14.98 -0.01706
14.985 -0.019063
14.99 -0.023098
14.995 -0.027635
15 -0.032548
15.005 -0.036057
15.01 -0.037929
15.015 -0.039331
15.02 -0.040877
15.025 -0.042768
15.03 -0.043298
15.035 -0.042689
15.04 -0.041623
15.045 -0.041635
15.05 -0.042504
15.055 -0.043302
15.06 -0.044371
15.065 -0.044175
15.07 -0.043605
15.075 -0.043934
15.08 -0.043727
15.085 -0.04249
15.09 -0.041554
15.095 -0.039845
15.1 -0.036898
15.105 -0.033996
15.11 -0.031086
15.115 -0.028124
15.12 -0.026497
15.125 -0.025533
15.13 -0.023816
15.135 -0.022796
15.14 -0.022821
15.145 -0.023253
15.15 -0.022216
15.155 -0.018804
15.16 -0.014147
15.165 -0.011131
15.17 -0.011086
15.175 -0.010937
15.18 -0.010194
15.185 -0.0097134
15.19 -0.0096497
15.195 -0.0090346
15.2 -0.0080258
15.205 -0.0063564
15.21 -0.0031052
15.215 0.0016254
15.22 0.0057138
15.225 0.0088486
15.23 0.010977
15.235 0.012113
15.24 0.01357
15.245 0.016088
15.25 0.019221
15.255 0.022436
15.26 0.025386
15.265 0.027668
15.27 0.029154
15.275 0.030126
15.28 0.031065
15.285 0.031191
15.29 0.029576
15.295 0.027037
15.3 0.024585
15.305 0.022647
15.31 0.021261
15.315 0.019915
15.32 0.019322
15.325 0.019345
15.33 0.020188
15.335 0.021222
15.34 0.021249
15.345 0.019817
15.35 0.017523
15.355 0.016204
15.36 0.01628
15.365 0.017127
15.37 0.018194
15.375 0.01874
15.38 0.01967
15.385 0.020721
15.39 0.019752
15.395 0.017113
15.4 0.014249
15.405 0.012887
15.41 0.01289
15.415 0.013064
15.42 0.014178
15.425 0.015778
15.43 0.016792
15.435 0.016428
15.44 0.015054
15.445 0.012615
15.45 0.010863
15.455 0.010009
15.46 0.008561
15.465 0.0075496
15.47 0.00656
15.475 0.0052034
15.48 0.0029631
15.485 -0.00084782
15.49 -0.004019
15.495 -0.0058933
15.5 -0.007401
15.505 -0.0089325
15.51 -0.010449
15.515 -0.011803
15.52 -0.012606
15.525 -0.013621
15.53 -0.015983
15.535 -0.019834
15.54 -0.025027
15.545 -0.029921
15.55 -0.032401
15.555 -0.032078
15.56 -0.029294
15.565 -0.025534
15.57 -0.023761
15.575 -0.023469
15.58 -0.021431
15.585 -0.017322
15.59 -0.012848
15.595 -0.0094185
15.6 -0.0079636
15.605 -0.006472
15.61 -0.0028094
15.615 0.0017541
15.62 0.0054117
15.625 0.0071002
15.63 0.0064217
15.635 0.0044756
15.64 0.0031049
15.645 0.0029516
15.65 0.0038464
15.655 0.0044593
15.66 0.0030806
15.665 0.00093739
15.67 -0.00031324
15.675 -0.0010022
15.68 -0.00081939
15.685 -0.00035431
15.69 -0.00081625
15.695 -0.0016314
15.7 -0.0023877
15.705 -0.0019825
15.71 -0.0013362
15.715 -0.0012587
15.72 -0.0023983
15.725 -0.0045765
15.73 -0.0065588
15.735 -0.0092918
15.74 -0.013178
15.745 -0.016854
15.75 -0.017872
15.755 -0.015895
15.76 -0.012715
15.765 -0.011162
15.77 -0.011751
15.775 -0.012861
15.78 -0.012645
15.785 -0.01145
15.79 -0.010706
15.795 -0.011467
15.8 -0.013718
15.805 -0.015217
15.81 -0.015203
15.815 -0.0148
15.82 -0.014663
15.825 -0.014727
15.83 -0.015969
15.835 -0.018809
15.84 -0.021432
15.845 -0.022798
15.85 -0.022713
15.855 -0.021985
15.86 -0.021983
15.865 -0.022622
15.87 -0.022598
15.875 -0.02249
15.88 -0.023176
15.885 -0.024101
15.89 -0.024106
15.895 -0.023521
15.9 -0.022697
15.905 -0.021507
15.91 -0.020719
15.915 -0.020872
15.92 -0.021181
15.925 -0.020842
15.93 -0.020558
15.935 -0.020897
15.94 -0.021658
15.945 -0.021973
15.95 -0.0203
15.955 -0.019112
15.96 -0.018955
15.965 -0.018057
15.97 -0.017228
15.975 -0.016608
15.98 -0.015614
15.985 -0.014195
15.99 -0.013052
15.995 -0.011405
16 -0.0094185
16.005 -0.0066298
16.01 -0.0041874
16.015 -0.002883
16.02 -0.0007723
16.025 0.0021145
16.03 0.0043109
16.035 0.005314
16.04 0.0052838
16.045 0.0053973
16.05 0.0057851
16.055 0.0071669
16.06 0.0098766
16.065 0.011843
16.07 0.011935
16.075 0.01015
16.08 0.0073474
16.085 0.0040246
16.09 0.0019983
16.095 0.0020841
16.1 0.0029817
16.105 0.0023806
16.11 0.0001989
16.115 -0.0020823
16.12 -0.0035217
16.125 -0.0048222
16.13 -0.0066907
16.135 -0.0088261
16.14 -0.010415
16.145 -0.010719
16.15 -0.0095148
16.155 -0.0077875
16.16 -0.0061552
16.165 -0.0051296
16.17 -0.0047843
16.175 -0.0040154
16.18 -0.0038419
16.185 -0.0048831
16.19 -0.0057793
16.195 -0.0054652
16.2 -0.0053213
16.205 -0.0062106
16.21 -0.0082241
16.215 -0.010123
16.22 -0.011414
16.225 -0.012072
16.23 -0.012423
16.235 -0.0123
16.24 -0.011274
16.245 -0.0099306
16.25 -0.0091682
16.255 -0.0087826
16.26 -0.0080324
16.265 -0.0076973
16.27 -0.0066009
16.275 -0.0052165
16.28 -0.0047133
16.285 -0.0042712
16.29 -0.0033138
16.295 -0.0017443
16.3 -0.00023571
16.305 0.00031954
16.31 -0.00021647
16.315 -0.0021107
16.32 -0.0041966
16.325 -0.0057859
16.33 -0.007256
16.335 -0.0095777
16.34 -0.012108
16.345 -0.014437
16.35 -0.015024
16.355 -0.014561
16.36 -0.015191
16.365 -0.015954
16.37 -0.016339
16.375 -0.016531
16.38 -0.016982
16.385 -0.017973
16.39 -0.018949
16.395 -0.018811
16.4 -0.018564
16.405 -0.018459
16.41 -0.019415
16.415 -0.020277
16.42 -0.02002
16.425 -0.019962
16.43 -0.020763
16.435 -0.02243
16.44 -0.023098
16.445 -0.021765
16.45 -0.021498
16.455 -0.022611
16.46 -0.023372
16.465 -0.023256
16.47 -0.021988
16.475 -0.019634
16.48 -0.017403
16.485 -0.015353
16.49 -0.012979
16.495 -0.010337
16.5 -0.0060482
16.505 -0.00052763
16.51 0.0053422
16.515 0.010667
16.52 0.015405
16.525 0.019565
16.53 0.022551
16.535 0.023615
16.54 0.023821
16.545 0.024555
16.55 0.026853
16.555 0.032033
16.56 0.038729
16.565 0.044639
16.57 0.048788
16.575 0.0509
16.58 0.051462
16.585 0.052346
16.59 0.053717
16.595 0.055274
16.6 0.057324
16.605 0.060016
16.61 0.063205
16.615 0.065248
16.62 0.065666
16.625 0.066521
16.63 0.067546
16.635 0.068707
16.64 0.070238
16.645 0.071665
16.65 0.072424
16.655 0.07344
16.66 0.074174
16.665 0.074634
16.67 0.074807
16.675 0.075074
16.68 0.074956
16.685 0.074231
16.69 0.073474
16.695 0.073581
16.7 0.074547
16.705 0.075511
16.71 0.07542
16.715 0.075046
16.72 0.07429
16.725 0.073627
16.73 0.073271
16.735 0.072464
16.74 0.070052
16.745 0.068032
16.75 0.067261
16.755 0.066928
16.76 0.065851
16.765 0.063751
16.77 0.060403
16.775 0.057392
16.78 0.055602
16.785 0.055215
16.79 0.054174
16.795 0.050715
16.8 0.044893
16.805 0.039121
16.81 0.035068
16.815 0.031325
16.82 0.027297
16.825 0.023123
16.83 0.020116
16.835 0.017135
16.84 0.01157
16.845 0.0045727
16.85 -0.0015755
16.855 -0.0068457
16.86 -0.011032
16.865 -0.015154
16.87 -0.020331
16.875 -0.025508
16.88 -0.03103
16.885 -0.035688
16.89 -0.039095
16.895 -0.042154
16.9 -0.044049
16.905 -0.045454
16.91 -0.04789
16.915 -0.050514
16.92 -0.052505
16.925 -0.054375
16.93 -0.055519
16.935 -0.057004
16.94 -0.058921
16.945 -0.059659
16.95 -0.058941
16.955 -0.056654
16.96 -0.054679
16.965 -0.054488
16.97 -0.05606
16.975 -0.058944
16.98 -0.062366
16.985 -0.065889
16.99 -0.069412
16.995 -0.073191
17 -0.077543
17.005 -0.081967
17.01 -0.084962
17.015 -0.087214
17.02 -0.089113
17.025 -0.091026
17.03 -0.093774
17.035 -0.096182
17.04 -0.097709
17.045 -0.098325
17.05 -0.098234
17.055 -0.097516
17.06 -0.096235
17.065 -0.094141
17.07 -0.091992
17.075 -0.091458
17.08 -0.091819
17.085 -0.091478
17.09 -0.090696
17.095 -0.089502
17.1 -0.0877
17.105 -0.085103
17.11 -0.080568
17.115 -0.076171
17.12 -0.073375
17.125 -0.070713
17.13 -0.066393
17.135 -0.061958
17.14 -0.059273
17.145 -0.057174
17.15 -0.053825
17.155 -0.04901
17.16 -0.043603
17.165 -0.039091
17.17 -0.035298
17.175 -0.032346
17.18 -0.030101
17.185 -0.029264
17.19 -0.029917
17.195 -0.030797
17.2 -0.030159
17.205 -0.029211
17.21 -0.029582
17.215 -0.030278
17.22 -0.029111
17.225 -0.026727
17.23 -0.024952
17.235 -0.0237
17.24 -0.022944
17.245 -0.022817
17.25 -0.023212
17.255 -0.024116
17.26 -0.024544
17.265 -0.023916
17.27 -0.021336
17.275 -0.018407
17.28 -0.016913
17.285 -0.017095
17.29 -0.017815
17.295 -0.016686
17.3 -0.014571
17.305 -0.012537
17.31 -0.011281
17.315 -0.010451
17.32 -0.0090304
17.325 -0.0072779
17.33 -0.0055614
17.335 -0.0041666
17.34 -0.0042727
17.345 -0.0047296
17.35 -0.003659
17.355 -0.0016866
17.36 0.00040472
17.365 0.0015846
17.37 0.002164
17.375 0.0029773
17.38 0.0054016
17.385 0.0086759
17.39 0.010788
17.395 0.011861
17.4 0.012201
17.405 0.012744
17.41 0.014983
17.415 0.017717
17.42 0.019073
17.425 0.019392
17.43 0.019486
17.435 0.020106
17.44 0.021178
17.445 0.022171
17.45 0.022501
17.455 0.022796
17.46 0.023461
17.465 0.023767
17.47 0.023907
17.475 0.022902
17.48 0.02167
17.485 0.021104
17.49 0.020696
17.495 0.019884
17.5 0.019409
17.505 0.019431
17.51 0.020029
17.515 0.020568
17.52 0.020209
17.525 0.018099
17.53 0.014904
17.535 0.012178
17.54 0.010192
17.545 0.0097233
17.55 0.0099907
17.555 0.010667
17.56 0.012003
17.565 0.014117
17.57 0.015849
17.575 0.015874
17.58 0.015477
17.585 0.015407
17.59 0.016141
17.595 0.017784
17.6 0.019583
17.605 0.021453
17.61 0.023419
17.615 0.025369
17.62 0.02747
17.625 0.029025
17.63 0.029999
17.635 0.031252
17.64 0.032946
17.645 0.035956
17.65 0.039194
17.655 0.041763
17.66 0.044616
17.665 0.047501
17.67 0.049535
17.675 0.051286
17.68 0.053443
17.685 0.055853
17.69 0.058297
17.695 0.059912
17.7 0.061078
17.705 0.063044
17.71 0.064239
17.715 0.062749
17.72 0.060723
17.725 0.059613
17.73 0.059114
17.735 0.058165
17.74 0.056766
17.745 0.053982
17.75 0.051256
17.755 0.05089
17.76 0.052349
17.765 0.053904
17.77 0.054598
17.775 0.055171
17.78 0.055688
17.785 0.05507
17.79 0.05283
17.795 0.049729
17.8 0.047452
17.805 0.047605
17.81 0.048353
17.815 0.047854
17.82 0.046265
17.825 0.044465
17.83 0.043095
17.835 0.042753
17.84 0.042605
17.845 0.043215
17.85 0.044984
17.855 0.047987
17.86 0.050227
17.865 0.050645
17.87 0.049875
17.875 0.048436
17.88 0.047429
17.885 0.047856
17.89 0.048543
17.895 0.049102
17.9 0.049576
17.905 0.049797
17.91 0.04949
17.915 0.048485
17.92 0.04696
17.925 0.046019
17.93 0.045794
17.935 0.046049
17.94 0.0462
17.945 0.046137
17.95 0.047215
17.955 0.049535
17.96 0.052696
17.965 0.055161
17.97 0.055423
17.975 0.054124
17.98 0.052677
17.985 0.051418
17.99 0.050516
17.995 0.049489
18 0.047594
18.005 0.044097
18.01 0.03942
18.015 0.034577
18.02 0.029804
18.025 0.025416
18.03 0.022137
18.035 0.018832
18.04 0.015151
18.045 0.011358
18.05 0.0073776
18.055 0.0053543
18.06 0.005422
18.065 0.0055939
18.07 0.0041771
18.075 0.00097749
18.08 -0.0034418
18.085 -0.0077165
18.09 -0.011141
18.095 -0.013892
18.1 -0.015635
18.105 -0.017576
18.11 -0.020717
18.115 -0.025179
18.12 -0.029669
18.125 -0.033207
18.13 -0.035552
18.135 -0.036943
18.14 -0.038795
18.145 -0.040289
18.15 -0.039751
18.155 -0.03791
18.16 -0.035434
18.165 -0.03263
18.17 -0.03121
18.175 -0.030117
18.18 -0.027967
18.185 -0.025024
18.19 -0.023249
18.195 -0.024113
18.2 -0.026096
18.205 -0.026318
18.21 -0.023882
18.215 -0.021153
18.22 -0.019814
18.225 -0.020272
18.23 -0.021124
18.235 -0.021568
18.24 -0.022393
18.245 -0.022503
18.25 -0.021907
18.255 -0.021954
18.26 -0.022589
18.265 -0.023208
18.27 -0.023379
18.275 -0.02257
18.28 -0.021489
18.285 -0.020646
18.29 -0.019761
18.295 -0.018258
18.3 -0.016402
18.305 -0.015264
18.31 -0.014868
18.315 -0.01453
18.32 -0.014045
18.325 -0.01392
18.33 -0.014546
18.335 -0.015014
18.34 -0.014955
18.345 -0.014714
18.35 -0.013568
18.355 -0.011132
18.36 -0.0083902
18.365 -0.0063379
18.37 -0.0054778
18.375 -0.0058536
18.38 -0.0045803
18.385 -0.00085157
18.39 0.0029027
18.395 0.0053354
18.4 0.0068697
18.405 0.0079668
18.41 0.0089414
18.415 0.0095642
18.42 0.0092791
18.425 0.0082009
18.43 0.007232
18.435 0.0074881
18.44 0.0094183
18.445 0.011419
18.45 0.011836
18.455 0.010349
18.46 0.0080047
18.465 0.0062328
18.47 0.0063393
18.475 0.0086621
18.48 0.010395
18.485 0.010291
18.49 0.0088927
18.495 0.0073918
18.5 0.0066997
18.505 0.0062397
18.51 0.0057542
18.515 0.0048181
18.52 0.0026085
18.525 0.0012628
18.53 0.0033643
18.535 0.0063417
18.54 0.0072324
18.545 0.0060412
18.55 0.0052336
18.555 0.0069604
18.56 0.0096694
18.565 0.013876
18.57 0.017486
18.575 0.018002
18.58 0.016767
18.585 0.015454
18.59 0.013796
18.595 0.011775
18.6 0.010364
18.605 0.0088598
18.61 0.0069354
18.615 0.0058996
18.62 0.0056618
18.625 0.0057005
18.63 0.0059785
18.635 0.0066628
18.64 0.0073582
18.645 0.0077728
18.65 0.0081596
18.655 0.0083122
18.66 0.0077885
18.665 0.0072735
18.67 0.0066475
18.675 0.0055728
18.68 0.0047764
18.685 0.0037677
18.69 0.0011247
18.695 -0.0027191
18.7 -0.005385
18.705 -0.0063647
18.71 -0.0063556
18.715 -0.0049733
18.72 -0.0033697
18.725 -0.0032596
18.73 -0.0045969
18.735 -0.0066712
18.74 -0.010236
18.745 -0.014257
18.75 -0.017077
18.755 -0.01765
18.76 -0.016599
18.765 -0.015541
18.77 -0.015738
18.775 -0.017181
18.78 -0.019721
18.785 -0.022545
18.79 -0.026141
18.795 -0.030371
18.8 -0.034244
18.805 -0.037307
18.81 -0.038714
18.815 -0.039563
18.82 -0.040398
18.825 -0.042464
18.83 -0.045008
18.835 -0.045774
18.84 -0.045398
18.845 -0.045448
18.85 -0.045392
18.855 -0.044087
18.86 -0.042967
18.865 -0.042547
18.87 -0.042443
18.875 -0.042659
18.88 -0.042327
18.885 -0.041451
18.89 -0.041573
18.895 -0.042392
18.9 -0.041827
18.905 -0.037986
18.91 -0.034429
18.915 -0.033128
18.92 -0.034072
18.925 -0.035891
18.93 -0.035825
18.935 -0.034889
18.94 -0.034766
18.945 -0.034491
18.95 -0.033036
18.955 -0.030891
18.96 -0.028053
18.965 -0.025296
18.97 -0.023234
18.975 -0.020753
18.98 -0.017601
18.985 -0.015399
18.99 -0.014846
18.995 -0.016049
19 -0.018031
19.005 -0.019491
19.01 -0.019386
19.015 -0.017419
19.02 -0.016091
19.025 -0.016216
19.03 -0.017113
19.035 -0.017985
19.04 -0.018554
19.045 -0.018379
19.05 -0.016717
19.055 -0.01388
19.06 -0.010704
19.065 -0.0079743
19.07 -0.0067005
19.075 -0.0063378
19.08 -0.0055898
19.085 -0.0040324
19.09 -0.0022775
19.095 -0.000628
19.1 0.0011498
19.105 0.0037023
19.11 0.0061315
19.115 0.0080984
19.12 0.010095
19.125 0.012155
19.13 0.014035
19.135 0.014738
19.14 0.014973
19.145 0.015717
19.15 0.017209
19.155 0.019206
19.16 0.02073
19.165 0.021016
19.17 0.020876
19.175 0.021842
19.18 0.023797
19.185 0.025305
19.19 0.025324
19.195 0.024324
19.2 0.024039
19.205 0.024859
19.21 0.02695
19.215 0.028136
19.22 0.028442
19.225 0.02766
19.23 0.026414
19.235 0.025393
19.24 0.024623
19.245 0.023698
19.25 0.022672
19.255 0.02171
19.26 0.020237
19.265 0.018918
19.27 0.017596
19.275 0.016304
19.28 0.01484
19.285 0.012914
19.29 0.011427
19.295 0.010575
19.3 0.0098939
19.305 0.0087648
19.31 0.0074749
19.315 0.0065108
19.32 0.0057708
19.325 0.0046632
19.33 0.0036331
19.335 0.0028081
19.34 0.0011512
19.345 -0.00069469
19.35 -0.0022076
19.355 -0.0026551
19.36 -0.0024365
19.365 -0.0027894
19.37 -0.0035729
19.375 -0.0045727
19.38 -0.0057214
19.385 -0.0068119
19.39 -0.0084276
19.395 -0.010612
19.4 -0.011925
19.405 -0.012258
19.41 -0.012694
19.415 -0.01297
19.42 -0.013744
19.425 -0.015102
19.43 -0.016329
19.435 -0.017185
19.44 -0.017717
19.445 -0.017886
19.45 -0.018498
19.455 -0.019713
19.46 -0.020822
19.465 -0.021475
19.47 -0.021754
19.475 -0.02154
19.48 -0.021207
19.485 -0.020824
19.49 -0.020473
19.495 -0.019896
19.5 -0.019033
19.505 -0.018601
19.51 -0.018327
19.515 -0.018094
19.52 -0.018004
19.525 -0.018419
19.53 -0.018963
19.535 -0.019196
19.54 -0.01916
19.545 -0.018949
19.55 -0.01881
19.555 -0.018388
19.56 -0.017748
19.565 -0.01717
19.57 -0.016924
19.575 -0.017314
19.58 -0.018203
19.585 -0.019117
19.59 -0.020126
19.595 -0.021134
19.6 -0.021618
19.605 -0.021267
19.61 -0.020623
19.615 -0.019799
19.62 -0.019074
19.625 -0.018375
19.63 -0.017515
19.635 -0.016611
19.64 -0.015597
19.645 -0.014665
19.65 -0.013805
19.655 -0.012384
19.66 -0.010337
19.665 -0.0083859
19.67 -0.0066573
19.675 -0.005452
19.68 -0.0046124
19.685 -0.0038065
19.69 -0.0030025
19.695 -0.0021648
19.7 -0.0010708
19.705 0.00039587
19.71 0.0021085
19.715 0.0040745
19.72 0.0059637
19.725 0.0073591
19.73 0.008392
19.735 0.0089987
19.74 0.0092526
19.745 0.009353
19.75 0.0099263
19.755 0.010924
19.76 0.011948
19.765 0.012835
19.77 0.01369
19.775 0.014282
19.78 0.014654
19.785 0.015064
19.79 0.015151
19.795 0.014534
19.8 0.01385
19.805 0.01358
19.81 0.013512
19.815 0.013535
19.82 0.013791
19.825 0.014262
19.83 0.014782
19.835 0.015052
19.84 0.015132
19.845 0.015417
19.85 0.01572
19.855 0.01584
19.86 0.01599
19.865 0.016162
19.87 0.016136
19.875 0.015833
19.88 0.015483
19.885 0.015211
19.89 0.015191
19.895 0.015151
19.9 0.014992
19.905 0.014852
19.91 0.014677
19.915 0.014262
19.92 0.013725
19.925 0.01318
19.93 0.01267
19.935 0.012125
19.94 0.011633
19.945 0.011147
19.95 0.010891
19.955 0.010812
19.96 0.010797
19.965 0.010817
19.97 0.010678
19.975 0.010573
19.98 0.010609
19.985 0.01063
19.99 0.01052
19.995 0.010384
20 0.010123
20.005 0.0097839
20.01 0.0094282
20.015 0.0091487
20.02 0.0089253
20.025 0.0088183
20.03 0.0087616
20.035 0.0086361
20.04 0.0084048
20.045 0.0081287
20.05 0.0078153
20.055 0.0075436
20.06 0.0073509
20.065 0.0072202
20.07 0.0070716
20.075 0.0067502
20.08 0.0063027
20.085 0.0058508
20.09 0.0055578
20.095 0.0054089
20.1 0.0052593
20.105 0.0049592
20.11 0.0044829
20.115 0.0038997
20.12 0.0033864
20.125 0.003058
20.13 0.0028322
20.135 0.0026261
20.14 0.002414
20.145 0.0021584
20.15 0.0019033
20.155 0.0016829
20.16 0.0015435
20.165 0.0014368
20.17 0.0012967
20.175 0.0011157
20.18 0.00092705
20.185 0.00079477
20.19 0.00071329
20.195 0.00067508
20.2 0.00065209
20.205 0.000605
20.21 0.00051371
20.215 0.00039816
20.22 0.00027027
20.225 0.00015596
20.23 5.3807e-005
20.235 -2.0758e-005
20.24 -7.0327e-005
20.245 -0.00011821
20.25 -0.0001731
20.255 -0.00023134
20.26 -0.00028998
20.265 -0.00038539
20.27 -0.00048692
20.275 -0.00052204
20.28 -0.00053438
20.285 -0.00054375
20.29 -0.00054415
20.295 -0.00053067
20.3 -0.00049764
20.305 -0.00046262
20.31 -0.00045245
20.315 -0.00047194
20.32 -0.0005066
20.325 -0.00053844
20.33 -0.00056191
20.335 -0.00058027
20.34 -0.00060557
20.345 -0.0006393
20.35 -0.00067974
20.355 -0.0007159
20.36 -0.0007432
20.365 -0.00076682
20.37 -0.00078847
20.375 -0.00081211
20.38 -0.00084009
20.385 -0.00087374
20.39 -0.00091361
20.395 -0.00095231
20.4 -0.00098946
20.405 -0.0010205
20.41 -0.0010432
20.415 -0.0010527
20.42 -0.0010646
20.425 -0.001087
20.43 -0.0011096
20.435 -0.001128
20.44 -0.0011398
20.445 -0.0011471
20.45 -0.001154
20.455 -0.0011633
20.46 -0.0011747
20.465 -0.0011865
20.47 -0.001197
20.475 -0.0012057
20.48 -0.0012135
20.485 -0.0012213
20.49 -0.0012296
20.495 -0.0012376
20.5 -0.0012453
20.505 -0.0012529
20.51 -0.0012605
20.515 -0.0012678
20.52 -0.0012749
20.525 -0.0012818
20.53 -0.0012884
20.535 -0.0012949
20.54 -0.0013012
20.545 -0.0013072
20.55 -0.0013128
20.555 -0.0013179
20.56 -0.0013226
20.565 -0.0013269
20.57 -0.0013309
20.575 -0.0013344
20.58 -0.0013376
20.585 -0.0013403
20.59 -0.0013426
20.595 -0.0013445
20.6 -0.001346
