0.02 -0.0032184
0.04 -0.0032189
0.06 -0.0032177
0.08 -0.0032164
0.1 -0.0032169
0.12 -0.0032156
0.14 -0.0032161
0.16 -0.0032148
0.18 -0.0032135
0.2 -0.003214
0.22 -0.0032145
0.24 -0.0032114
0.26 -0.0032084
0.28 -0.0032054
0.3 -0.0032041
0.32 -0.0032011
0.34 -0.003198
0.36 -0.003195
0.38 -0.0031937
0.4 -0.0031907
0.42 -0.0031912
0.44 -0.0031864
0.46 -0.0031816
0.48 -0.0031768
0.5 -0.003172
0.52 -0.0031672
0.54 -0.0031624
0.56 -0.0031577
0.58 -0.0031529
0.6 -0.0031498
0.62 -0.0031485
0.64 -0.003142
0.66 -0.0031372
0.68 -0.0031306
0.7 -0.0031224
0.72 -0.0031158
0.74 -0.0031093
0.76 -0.0031045
0.78 -0.0030962
0.8 -0.0030896
0.82 -0.0030901
0.84 -0.0030818
0.86 -0.0030735
0.88 -0.0030652
0.9 -0.0030569
0.92 -0.0030486
0.94 -0.0030403
0.96 -0.0030319
0.98 -0.0030236
1 -0.0030153
1.02 -0.0030158
1.04 -0.0030057
1.06 -0.0029939
1.08 -0.0029838
1.1 -0.0029738
1.12 -0.0029637
1.14 -0.0029537
1.16 -0.0029436
1.18 -0.0029335
1.2 -0.0029235
1.22 -0.0029222
1.24 -0.0029121
1.26 -0.0028968
1.28 -0.0028937
1.3 -0.0028644
1.32 -0.0028823
1.34 -0.0028197
1.36 -0.0028867
1.38 -0.0027611
1.4 -0.002905
1.42 -0.0026972
1.44 -0.0029531
1.46 -0.0026036
1.48 -0.002996
1.5 -0.0025029
1.52 -0.0030388
1.54 -0.0024145
1.56 -0.0030607
1.58 -0.0023541
1.6 -0.0030493
1.62 -0.0023374
1.64 -0.0030501
1.66 -0.003614
1.68 -0.002085
1.7 -0.0021764
1.72 0.00017692
1.74 -0.0044574
1.76 -0.0015529
1.78 -0.0080334
1.8 -0.0011075
1.82 -0.0050628
1.84 -0.0024558
1.86 -0.0034134
1.88 -0.0023708
1.9 -0.00083477
1.92 -0.0024364
1.94 -0.00079883
1.96 -0.0045407
1.98 0.0048773
2 -0.006274
2.02 0.0011158
2.04 0.0029423
2.06 -0.0067634
2.08 -0.0033829
2.1 -0.0039345
2.12 -0.0037984
2.14 -0.005176
2.16 -0.0036522
2.18 -0.0019814
2.2 -0.011509
2.22 0.00015278
2.24 -0.00060535
2.26 -0.00084199
2.28 0.0052143
2.3 0.0070986
2.32 0.0071699
2.34 0.0038464
2.36 0.0077029
2.38 -0.0014218
2.4 -0.0052232
2.42 -0.00057213
2.44 -0.0022752
2.46 0.00019183
2.48 -0.0048625
2.5 -0.0045426
2.52 -0.0082459
2.54 -0.013561
2.56 0.0027116
2.58 -0.001396
2.6 0.0044503
2.62 0.0054842
2.64 0.0060963
2.66 -0.0020765
2.68 -0.00062437
2.7 -0.0016765
2.72 -0.0068778
2.74 -0.0055149
2.76 -0.0012891
2.78 0.01008
2.8 -0.00073164
2.82 -0.0074781
2.84 -0.0055116
2.86 -0.010242
2.88 -0.0139
2.9 -9.826e-005
2.92 -0.0031226
2.94 -0.0034345
2.96 -0.0047945
2.98 -0.0042052
3 -0.01796
3.02 -0.0050739
3.04 -0.004306
3.06 0.018092
3.08 0.013366
3.1 -0.0041864
3.12 0.0085566
3.14 0.0031925
3.16 0.0024362
3.18 -0.0048248
3.2 0.0034889
3.22 0.012609
3.24 0.0070984
3.26 -0.0050188
3.28 0.013595
3.3 -0.001369
3.32 -0.0093493
3.34 -0.015392
3.36 -0.00028511
3.38 0.002014
3.4 0.0015639
3.42 0.024415
3.44 -0.0023532
3.46 -0.015685
3.48 0.0045322
3.5 0.018616
3.52 -0.0054433
3.54 0.017836
3.56 0.046124
3.58 0.011592
3.6 -0.00058856
3.62 0.0037668
3.64 0.017045
3.66 0.0098052
3.68 0.015653
3.7 0.01938
3.72 0.0085845
3.74 0.0079786
3.76 -0.021423
3.78 -0.014681
3.8 0.040287
3.82 0.028681
3.84 0.02614
3.86 0.028922
3.88 -0.012955
3.9 -0.029183
3.92 0.03362
3.94 0.010833
3.96 -0.0035784
3.98 0.017879
4 0.012253
4.02 0.029381
4.04 0.021475
4.06 0.021765
4.08 0.0060532
4.1 0.010358
4.12 -0.025993
4.14 0.0098392
4.16 0.050643
4.18 -0.004968
4.2 -0.02485
4.22 -0.025676
4.24 -0.031234
4.26 -0.04538
4.28 -0.018185
4.3 -0.0027422
4.32 0.010424
4.34 -0.010299
4.36 0.0060732
4.38 -0.0050797
4.4 -0.032873
4.42 0.013513
4.44 0.037937
4.46 0.073134
4.48 -0.00045787
4.5 0.0056772
4.52 -0.012024
4.54 -0.021527
4.56 -0.023977
4.58 -0.016249
4.6 -0.018126
4.62 -0.039619
4.64 0.0030343
4.66 -0.036073
4.68 -0.031526
4.7 0.020661
4.72 -0.0092482
4.74 -0.010171
4.76 0.061651
4.78 0.024861
4.8 0.025113
4.82 0.049092
4.84 0.057219
4.86 0.021787
4.88 -0.00095054
4.9 0.047872
4.92 0.029162
4.94 0.023812
4.96 0.036533
4.98 0.0055053
5 0.024977
5.02 0.0083082
5.04 0.029523
5.06 0.00054649
5.08 0.019353
5.1 0.025742
5.12 -0.0043018
5.14 0.0010773
5.16 0.0016073
5.18 -0.021074
5.2 -0.016318
5.22 0.073688
5.24 0.051856
5.26 0.041381
5.28 0.010217
5.3 0.018524
5.32 -0.026006
5.34 0.030689
5.36 0.05417
5.38 -0.049968
5.4 -0.027134
5.42 0.013348
5.44 0.0026987
5.46 -0.053351
5.48 -0.013118
5.5 0.008058
5.52 -0.018122
5.54 -0.046542
5.56 -0.0036869
5.58 0.024139
5.6 -0.00097674
5.62 0.035634
5.64 0.062996
5.66 0.03332
5.68 0.039833
5.7 0.030716
5.72 0.0010463
5.74 0.005169
5.76 0.023172
5.78 0.028275
5.8 0.034564
5.82 0.01859
5.84 0.024689
5.86 0.02764
5.88 -0.0085037
5.9 -0.0075345
5.92 -0.087141
5.94 -0.028893
5.96 0.029022
5.98 0.024702
6 -0.046278
6.02 -0.061458
6.04 -0.014744
6.06 0.043946
6.08 0.015062
6.1 0.023726
6.12 0.067904
6.14 0.072672
6.16 0.14079
6.18 0.059521
6.2 -0.0096209
6.22 0.0385
6.24 0.1047
6.26 0.023138
6.28 0.05471
6.3 -0.024896
6.32 -0.10605
6.34 -0.088338
6.36 -0.04877
6.38 0.041975
6.4 0.0047035
6.42 0.05124
6.44 -0.072184
6.46 -0.030855
6.48 -0.0017794
6.5 -0.10172
6.52 0.054863
6.54 -0.019051
6.56 -0.056189
6.58 -0.013981
6.6 -0.018122
6.62 -0.015223
6.64 -0.078133
6.66 -0.046689
6.68 0.031049
6.7 -0.023258
6.72 -0.047163
6.74 0.0081048
6.76 0.06162
6.78 0.032443
6.8 0.055675
6.82 0.12674
6.84 0.032395
6.86 -0.00087578
6.88 0.0015092
6.9 0.13621
6.92 0.23783
6.94 0.26214
6.96 0.13966
6.98 -0.042401
7 -0.12244
7.02 -0.16177
7.04 -0.092671
7.06 -0.074905
7.08 -0.11999
7.1 -0.13627
7.12 0.024919
7.14 -0.024355
7.16 -0.11749
7.18 -0.1282
7.2 -0.048764
7.22 -0.031002
7.24 0.00088201
7.26 0.068221
7.28 -0.030404
7.3 -0.019711
7.32 -0.017007
7.34 -0.011904
7.36 -0.002964
7.38 0.10465
7.4 0.18162
7.42 0.17597
7.44 0.11219
7.46 -0.11933
7.48 -0.11421
7.5 -0.0037688
7.52 -0.095406
7.54 -0.022039
7.56 0.1051
7.58 -0.024852
7.6 0.038595
7.62 0.14765
7.64 0.11597
7.66 0.16468
7.68 0.087061
7.7 -0.016191
7.72 0.022954
7.74 -0.097635
7.76 -0.23779
7.78 -0.16227
7.8 -0.044377
7.82 -0.03577
7.84 0.039179
7.86 0.073996
7.88 -0.11436
7.9 -0.24255
7.92 -0.4712
7.94 -0.39329
7.96 -0.26602
7.98 -0.23211
8 -0.10739
8.02 -0.15505
8.04 -0.088403
8.06 0.047205
8.08 0.16767
8.1 0.075359
8.12 0.0017108
8.14 0.10794
8.16 0.074529
8.18 0.17093
8.2 0.22521
8.22 0.21074
8.24 0.18435
8.26 0.087836
8.28 0.068425
8.3 0.046624
8.32 0.099102
8.34 -0.012484
8.36 -0.14096
8.38 -0.19664
8.4 -0.36041
8.42 -0.23017
8.44 0.17397
8.46 0.34079
8.48 0.091169
8.5 -0.02109
8.52 -0.10103
8.54 -0.23714
8.56 -0.10761
8.58 -0.042881
8.6 -0.012799
8.62 0.027823
8.64 -0.019807
8.66 -0.18876
8.68 -0.23619
8.7 -0.1491
8.72 0.019469
8.74 0.14097
8.76 0.048565
8.78 -0.041919
8.8 0.080395
8.82 0.22277
8.84 0.088573
8.86 -0.0048271
8.88 0.076179
8.9 0.11123
8.92 0.092976
8.94 0.2713
8.96 0.3709
8.98 0.23166
9 0.12611
9.02 0.045546
9.04 0.03517
9.06 -0.20448
9.08 -0.40366
9.1 -0.36065
9.12 -0.37736
9.14 -0.29303
9.16 -0.26929
9.18 -0.13666
9.2 0.0059969
9.22 0.20592
9.24 0.33237
9.26 0.022742
9.28 -0.1566
9.3 -0.034208
9.32 0.1434
9.34 0.088101
9.36 -0.0081005
9.38 0.074076
9.4 0.089927
9.42 0.032329
9.44 -0.0033587
9.46 0.013031
9.48 -0.002918
9.5 -0.06885
9.52 -0.049482
9.54 -0.04066
9.56 -0.093763
9.58 -0.18161
9.6 -0.31231
9.62 -0.32568
9.64 -0.14618
9.66 -0.0051892
9.68 0.010114
9.7 0.10956
9.72 0.041948
9.74 -0.16432
9.76 -0.10927
9.78 -0.16666
9.8 -0.21045
9.82 -0.20051
9.84 -0.087481
9.86 0.055852
9.88 0.056147
9.9 0.14404
9.92 0.19958
9.94 0.2312
9.96 0.21243
9.98 0.11753
10 0.0049388
10.02 -0.14914
10.04 -0.098693
10.06 0.15666
10.08 0.2457
10.1 0.18796
10.12 0.1808
10.14 0.20972
10.16 0.18351
10.18 0.07901
10.2 0.026002
10.22 0.046342
10.24 0.15617
10.26 0.23029
10.28 0.15039
10.3 0.12673
10.32 0.14549
10.34 -0.016732
10.36 -0.18473
10.38 -0.16688
10.4 -0.24075
10.42 -0.38061
10.44 -0.44245
10.46 -0.19159
10.48 -0.066845
10.5 -0.094705
10.52 -0.028762
10.54 -0.077573
10.56 0.051566
10.58 0.023313
10.6 -0.13154
10.62 -0.0336
10.64 0.17773
10.66 0.26206
10.68 0.35563
10.7 0.22512
10.72 0.0046625
10.74 -0.062188
10.76 -0.16252
10.78 0.030919
10.8 0.14008
10.82 0.21038
10.84 0.24831
10.86 0.19921
10.88 0.087958
10.9 -0.0069428
10.92 -0.13387
10.94 -0.27702
10.96 -0.22733
10.98 -0.10185
11 0.042362
11.02 0.10308
11.04 -0.0096649
11.06 -0.088032
11.08 0.032758
11.1 0.018506
11.12 -0.055786
11.14 -0.056556
11.16 0.084262
11.18 0.13311
11.2 0.10625
11.22 0.081892
11.24 -0.057428
11.26 -0.085078
11.28 0.079878
11.3 0.21963
11.32 0.0578
11.34 -0.1258
11.36 -0.068114
11.38 -0.010789
11.4 0.086095
11.42 0.10398
11.44 0.0046825
11.46 0.032974
11.48 0.078038
11.5 0.09417
11.52 0.077453
11.54 -0.020404
11.56 0.017231
11.58 0.085184
11.6 0.088892
11.62 -0.076669
11.64 -0.13016
11.66 -0.084399
11.68 -0.16802
11.7 0.014239
11.72 0.037488
11.74 -0.1021
11.76 -0.22637
11.78 -0.30267
11.8 -0.15856
11.82 -0.05166
11.84 0.018715
11.86 0.1312
11.88 0.15524
11.9 0.17501
11.92 0.013414
11.94 -0.17198
11.96 -0.019482
11.98 0.073929
12 0.093582
12.02 0.17871
12.04 0.22766
12.06 0.14455
12.08 0.060669
12.1 0.039538
12.12 -0.058586
12.14 0.049494
12.16 0.13914
12.18 0.21902
12.2 0.36544
12.22 0.18731
12.24 -0.080374
12.26 -0.29058
12.28 -0.4007
12.3 -0.34669
12.32 -0.13896
12.34 0.14793
12.36 0.26341
12.38 0.19298
12.4 -0.090468
12.42 -0.31828
12.44 -0.32063
12.46 -0.0055688
12.48 -0.037173
12.5 -0.093988
12.52 0.07354
12.54 0.14245
12.56 0.058825
12.58 -0.044643
12.6 -0.035875
12.62 -0.11876
12.64 -0.041434
12.66 0.1631
12.68 0.20593
12.7 0.09971
12.72 0.01207
12.74 -0.098798
12.76 0.1355
12.78 0.22873
12.8 0.028136
12.82 -0.16292
12.84 -0.21155
12.86 -0.089821
12.88 0.13163
12.9 0.10097
12.92 -0.11179
12.94 -0.09862
12.96 -0.20732
12.98 -0.20919
13 -0.13256
13.02 0.002036
13.04 -0.113
13.06 -0.16891
13.08 0.036694
13.1 0.15688
13.12 0.28857
13.14 0.25579
13.16 -0.018093
13.18 -0.245
13.2 -0.20802
13.22 -0.032863
13.24 0.15396
13.26 0.25647
13.28 0.35974
13.3 0.30686
13.32 0.14572
13.34 -0.056126
13.36 -0.2528
13.38 -0.38865
13.4 -0.43108
13.42 -0.083492
13.44 0.29429
13.46 -0.0018821
13.48 -0.25403
13.5 -0.10121
13.52 0.034729
13.54 0.061748
13.56 0.1701
13.58 -0.072245
13.6 -0.45184
13.62 -0.36399
13.64 -0.073544
13.66 0.04335
13.68 -0.012334
13.7 0.14626
13.72 0.37999
13.74 0.29264
13.76 -0.056167
13.78 0.036272
13.8 0.23858
13.82 0.17717
13.84 0.045656
13.86 -0.12914
13.88 -0.058178
13.9 0.22107
13.92 0.20051
13.94 -0.064683
13.96 -0.17306
13.98 -0.049836
14 0.16752
14.02 0.016641
14.04 -0.095317
14.06 0.0034954
14.08 -0.013927
14.1 0.2314
14.12 0.19435
14.14 -0.16663
14.16 -0.16722
14.18 -0.050117
14.2 0.0079417
14.22 0.08297
14.24 0.044763
14.26 -0.12037
14.28 -0.13979
14.3 -0.049906
14.32 0.051974
14.34 -0.049767
14.36 -0.10723
14.38 0.18516
14.4 0.11831
14.42 -0.17771
14.44 -0.092413
14.46 0.17573
14.48 0.1234
14.5 -0.0043368
14.52 -0.030009
14.54 -0.051927
14.56 0.034003
14.58 -0.094035
14.6 0.029367
14.62 0.25322
14.64 0.031955
14.66 -0.12893
14.68 -0.058609
14.7 0.041265
14.72 0.016255
14.74 0.12392
14.76 0.23883
14.78 0.083417
14.8 -0.071342
14.82 -0.1275
14.84 -0.17973
14.86 -0.13172
14.88 -0.17627
14.9 -0.10086
14.92 0.084048
14.94 0.14249
14.96 0.079883
14.98 0.0019725
15 0.017369
15.02 -0.081898
15.04 0.012337
15.06 0.066536
15.08 -0.064726
15.1 -0.075903
15.12 0.061597
15.14 0.10808
15.16 -0.001876
15.18 -0.14521
15.2 -0.065243
15.22 0.17209
15.24 0.16114
15.26 -0.032796
15.28 -0.15028
15.3 -0.2295
15.32 -0.26458
15.34 -0.0014721
15.36 0.11826
15.38 -0.0091457
15.4 -0.14982
15.42 -0.10072
15.44 0.010526
15.46 0.053837
15.48 0.0095088
15.5 0.12683
15.52 0.18324
15.54 -0.028833
15.56 -0.053856
15.58 -0.00888
15.6 0.016239
15.62 0.063446
15.64 0.21161
15.66 0.29005
15.68 0.14728
15.7 -0.022771
15.72 -0.028739
15.74 -0.097016
15.76 -0.036399
15.78 0.047222
15.8 -0.011353
15.82 -0.08188
15.84 -0.12523
15.86 -0.056511
15.88 0.012317
15.9 0.022232
15.92 -0.073017
15.94 -0.088277
15.96 -0.0015989
15.98 -0.012029
16 -0.069445
16.02 0.0071877
16.04 0.15333
16.06 0.24029
16.08 0.14197
16.1 0.048469
16.12 0.061549
16.14 0.055322
16.16 0.053768
16.18 -0.021542
16.2 0.016664
16.22 0.061776
16.24 -0.075877
16.26 -0.15335
16.28 -0.10198
16.3 -0.027656
16.32 -0.046526
16.34 -0.047438
16.36 -0.019237
16.38 -0.12391
16.4 -0.16618
16.42 -0.040351
16.44 -0.0052795
16.46 0.028593
16.48 0.13144
16.5 0.086983
16.52 -0.01859
16.54 -0.08393
16.56 -0.1553
16.58 -0.16839
16.6 -0.030171
16.62 -0.047765
16.64 -0.1022
16.66 -0.029856
16.68 0.049617
16.7 -0.020203
16.72 -0.14493
16.74 -0.099108
16.76 -0.051132
16.78 -0.034788
16.8 -3.4896e-006
16.82 0.042148
16.84 0.075515
16.86 0.11858
16.88 0.0015102
16.9 0.033906
16.92 0.10963
16.94 0.02777
16.96 -0.09664
16.98 -0.10903
17 -0.041707
17.02 -0.034417
17.04 0.095062
17.06 0.17323
17.08 0.15266
17.1 0.1162
17.12 0.059214
17.14 0.022274
17.16 0.024478
17.18 -0.035276
17.2 -0.017489
17.22 -0.041109
17.24 -0.080091
17.26 -0.045324
17.28 -0.035631
17.3 0.053206
17.32 0.15261
17.34 0.10978
17.36 0.052476
17.38 0.035456
17.4 0.0022924
17.42 0.059007
17.44 0.10803
17.46 0.073291
17.48 0.069141
17.5 0.027704
17.52 0.0039304
17.54 -0.038275
17.56 -0.09632
17.58 -0.092927
17.6 -0.099425
17.62 -0.0070262
17.64 0.021738
17.66 -0.050924
17.68 -0.043184
17.7 -0.01582
17.72 -0.074218
17.74 -0.1001
17.76 -0.038386
17.78 0.023639
17.8 0.058206
17.82 0.042297
17.84 -0.024256
17.86 -0.11605
17.88 -0.10908
17.9 -0.13423
17.92 -0.056141
17.94 0.069484
17.96 0.090722
17.98 0.10116
18 0.02188
18.02 -0.004849
18.04 0.019836
18.06 -0.006382
18.08 -0.040328
18.1 0.028393
18.12 0.077246
18.14 0.052536
18.16 -0.037922
18.18 -0.11235
18.2 0.0070894
18.22 0.047717
18.24 0.0046675
18.26 0.045834
18.28 0.011515
18.3 -0.085083
18.32 -0.087103
18.34 -0.0018196
18.36 0.064905
18.38 0.13231
18.4 0.06788
18.42 -0.010298
18.44 -0.051151
18.46 -0.064231
18.48 -0.0056467
18.5 0.02558
18.52 -0.0080546
18.54 0.016779
18.56 0.06165
18.58 0.0135
18.6 -0.057369
18.62 -0.065312
18.64 -0.031945
18.66 -0.086387
18.68 -0.053249
18.7 0.033149
18.72 0.049457
18.74 0.029082
18.76 0.030328
18.78 0.027167
18.8 -0.032909
18.82 0.0068205
18.84 0.039426
18.86 -0.0019748
18.88 0.016822
18.9 0.0099705
18.92 0.012727
18.94 0.036645
18.96 0.021671
18.98 -0.025213
19 -0.042833
19.02 -0.034319
19.04 -0.072126
19.06 -0.083018
19.08 -0.022629
19.1 0.0040419
19.12 -0.0013655
19.14 0.022081
19.16 -0.038887
19.18 -0.061304
19.2 0.013095
19.22 0.064423
19.24 0.040097
19.26 -0.039872
19.28 -0.022832
19.3 0.012942
19.32 -0.00017176
19.34 -0.044637
19.36 -0.082692
19.38 -0.02693
19.4 0.019423
19.42 -0.0093677
19.44 -0.065582
19.46 -0.072571
19.48 -0.00032902
19.5 -0.021232
19.52 -0.051344
19.54 0.0077892
19.56 0.022284
19.58 0.03747
19.6 0.043688
19.62 0.020608
19.64 0.020979
19.66 0.0091299
19.68 0.018006
19.7 0.048685
19.72 0.0399
19.74 0.057874
19.76 0.041296
19.78 0.011507
19.8 0.03636
19.82 0.044191
19.84 0.018335
19.86 -0.017739
19.88 -0.05253
19.9 -0.045598
19.92 0.0083008
19.94 0.030211
19.96 0.056679
19.98 0.053009
20 0.041136
20.02 0.028676
20.04 -0.036348
20.06 -0.031364
20.08 -0.035443
20.1 -0.023244
20.12 0.057684
20.14 0.040209
20.16 0.0035746
20.18 -0.039268
20.2 -0.069585
20.22 -0.076383
20.24 -0.073877
20.26 -0.025289
20.28 0.010422
20.3 0.013299
20.32 -0.0053412
20.34 -0.0060341
20.36 0.011305
20.38 0.00057035
20.4 -0.0033496
20.42 0.04225
20.44 0.048371
20.46 0.0063437
20.48 0.013842
20.5 0.042923
20.52 0.033218
20.54 0.022461
20.56 0.032662
20.58 0.0099979
20.6 0.016954
20.62 0.051117
20.64 0.031356
20.66 -0.0021083
20.68 0.0043964
20.7 0.002174
20.72 -0.030144
20.74 -0.025188
20.76 0.0046119
20.78 0.042187
20.8 0.038428
20.82 -0.0037984
20.84 -0.010298
20.86 0.044412
20.88 0.048794
20.9 0.0058232
20.92 -0.01283
20.94 -0.024353
20.96 -0.0018521
20.98 -0.0083654
21 -0.024504
21.02 0.011651
21.04 0.017426
21.06 0.014706
21.08 0.0062593
21.1 -0.013487
21.12 0.0063942
21.14 0.020002
21.16 0.016877
21.18 -0.014451
21.2 -0.0079781
21.22 0.024843
21.24 0.0017448
21.26 -0.01484
21.28 -0.017909
21.3 -0.016668
21.32 -0.010795
21.34 -0.011217
21.36 -0.04374
21.38 -0.07739
21.4 -0.053645
21.42 -0.040726
21.44 -0.025003
21.46 0.014023
21.48 0.044966
21.5 0.038677
21.52 0.015171
21.54 -0.016911
21.56 -0.019347
21.58 -0.0062324
21.6 -0.021119
21.62 -0.0045768
21.64 0.016358
21.66 -0.0025695
21.68 -0.038166
21.7 -0.05467
21.72 -0.066039
21.74 -0.024594
21.76 -0.015178
21.78 -0.03854
21.8 0.010524
21.82 0.017419
21.84 0.027216
21.86 0.040137
21.88 0.038555
21.9 0.007609
21.92 0.0088463
21.94 0.028073
21.96 0.024946
21.98 0.044082
22 0.023816
22.02 -0.0032773
22.04 -0.020614
22.06 -0.0054699
22.08 -0.0071813
22.1 -0.010364
22.12 0.0068169
22.14 0.0085301
22.16 -0.00084265
22.18 0.0020676
22.2 -0.02057
22.22 -0.036391
22.24 -0.0081276
22.26 -0.0011294
22.28 0.030249
22.3 0.047502
22.32 0.022151
22.34 0.010767
22.36 -0.02215
22.38 -0.025177
22.4 -0.00071069
22.42 0.0022993
22.44 0.0043241
22.46 -0.00018377
22.48 -0.0043224
22.5 -0.025667
22.52 -0.022921
22.54 -0.00083976
22.56 0.028514
22.58 0.057658
22.6 0.01572
22.62 -0.029091
22.64 -0.015305
22.66 -0.0079898
22.68 0.0067468
22.7 0.020587
22.72 -0.0026347
22.74 -0.022689
22.76 -0.044286
22.78 -0.053448
22.8 -0.033453
22.82 -0.014555
22.84 0.00050341
22.86 0.019482
22.88 -0.0044454
22.9 -0.0024661
22.92 -0.0029088
22.94 -0.0088761
22.96 0.031363
22.98 0.044692
23 0.032541
23.02 -0.001603
23.04 -0.02721
23.06 -0.034667
23.08 -0.033725
23.1 -0.013116
23.12 -0.0026946
23.14 -0.014887
23.16 -0.02724
23.18 -0.034514
23.2 0.0088782
23.22 0.0066138
23.24 -0.013754
23.26 -0.011572
23.28 0.0040975
23.3 0.049347
23.32 0.055858
23.34 0.037496
23.36 0.024165
23.38 0.031669
23.4 0.0077641
23.42 0.004427
23.44 0.014425
23.46 0.00018521
23.48 -0.022888
23.5 -0.036653
23.52 -0.025403
23.54 -0.0078031
23.56 -0.0026389
23.58 -0.022132
23.6 0.0065906
23.62 0.028659
23.64 -0.00038641
23.66 -0.002663
23.68 -0.0069959
23.7 -0.027325
23.72 0.0035601
23.74 0.014709
23.76 -0.0059754
23.78 0.016804
23.8 0.034939
23.82 0.045213
23.84 0.038705
23.86 0.003648
23.88 -0.0097882
23.9 -0.017309
23.92 -0.058882
23.94 -0.057434
23.96 -0.0014808
23.98 0.018252
24 0.034144
24.02 0.065549
24.04 0.031064
24.06 -0.034453
24.08 -0.029384
24.1 0.017019
24.12 0.047339
24.14 0.041294
24.16 -0.002089
24.18 -0.035827
24.2 -0.022375
24.22 -0.0090135
24.24 -0.0099899
24.26 -0.0037144
24.28 -0.00062038
24.3 0.0076291
24.32 -0.0062149
24.34 -0.022707
24.36 0.0073878
24.38 0.040286
24.4 -0.0012079
24.42 -0.053189
24.44 -0.041282
24.46 -0.01978
24.48 -0.0044346
24.5 0.0014926
24.52 -0.011233
24.54 -0.0064013
24.56 0.0071138
24.58 0.0013197
24.6 0.001906
24.62 -0.0010759
24.64 -0.01437
24.66 0.0012412
24.68 0.022559
24.7 0.038211
24.72 0.039102
24.74 0.026844
24.76 0.032857
24.78 0.015663
24.8 -0.011481
24.82 -0.0075623
24.84 0.0026804
24.86 0.00046326
24.88 0.0078535
24.9 0.0097715
24.92 0.0037132
24.94 0.018194
24.96 0.02416
24.98 0.0023922
25 0.0030082
25.02 0.010159
25.04 0.0083948
25.06 0.0063282
25.08 0.005007
25.1 0.029974
25.12 0.045832
25.14 0.043067
25.16 0.018213
25.18 -0.01479
25.2 -0.034836
25.22 -0.025792
25.24 -0.023113
25.26 -0.049731
25.28 -0.06297
25.3 -0.041739
25.32 -0.024301
25.34 -0.021352
25.36 -0.015988
25.38 -0.029849
25.4 -0.033054
25.42 -0.021406
25.44 0.00038849
25.46 0.018041
25.48 0.012596
25.5 -0.0079411
25.52 -0.01863
25.54 -0.0081562
25.56 0.0022159
25.58 0.019544
25.6 0.020836
25.62 0.0012449
25.64 0.00056427
25.66 0.01249
25.68 0.018827
25.7 0.027939
25.72 0.03647
25.74 0.030969
25.76 0.021241
25.78 0.023456
25.8 0.011532
25.82 -0.0081796
25.84 0.01415
25.86 0.02755
25.88 0.0062316
25.9 0.004676
25.92 0.0022086
25.94 -0.010151
25.96 -0.015461
25.98 -0.032521
26 -0.050112
26.02 -0.036192
26.04 -0.0011439
26.06 0.0027867
26.08 0.0040187
26.1 0.024
26.12 0.022789
26.14 0.010259
26.16 0.0020923
26.18 -0.010406
26.2 -0.0065104
26.22 -0.0010276
26.24 0.0037236
26.26 0.018632
26.28 0.026627
26.3 0.023598
26.32 0.010605
26.34 -0.0046024
26.36 -0.005283
26.38 -0.0057152
26.4 -0.018047
26.42 -0.0063887
26.44 0.0025957
26.46 8.456e-005
26.48 0.0025714
26.5 0.0014882
26.52 -0.0027222
26.54 -0.00076735
26.56 0.0071461
26.58 0.0060244
26.6 0.0048661
26.62 0.0028729
26.64 0.00060153
26.66 0.011653
26.68 0.012642
26.7 -0.0098176
26.72 -0.026796
26.74 -0.027233
26.76 -0.019948
26.78 -0.011564
26.8 0.0018884
26.82 0.017227
26.84 0.027888
26.86 0.024106
26.88 0.0043947
26.9 0.0097725
26.92 0.025239
26.94 0.027486
26.96 0.011885
26.98 0.0065091
27 0.027633
27.02 0.0094492
27.04 -0.01899
27.06 -0.02387
27.08 -0.024356
27.1 -0.032658
27.12 -0.041968
27.14 -0.032982
27.16 -0.021031
27.18 -0.0012985
27.2 0.010916
27.22 -0.0085782
27.24 -0.023064
27.26 -0.00047916
27.28 0.0072085
27.3 0.0017452
27.32 0.010418
27.34 0.00081264
27.36 -0.019133
27.38 -0.024271
27.4 -0.021344
27.42 -0.0049129
27.44 0.021671
27.46 0.020612
27.48 0.0063519
27.5 -0.011664
27.52 -0.01106
27.54 -0.018993
27.56 -0.028056
27.58 -0.0034231
27.6 0.00081896
27.62 0.00018031
27.64 0.007833
27.66 0.0069091
27.68 -0.0059181
27.7 -0.016757
27.72 -0.0076137
27.74 0.004064
27.76 -0.013464
27.78 -0.038094
27.8 -0.044072
27.82 -0.031913
27.84 -0.012923
27.86 0.0059002
27.88 0.017539
27.9 0.018348
27.92 0.018964
27.94 0.0137
27.96 0.0082071
27.98 0.011501
28 0.007299
28.02 0.0099206
28.04 0.027818
28.06 0.033194
28.08 0.0068706
28.1 -0.0069996
28.12 0.005889
28.14 0.0061831
28.16 0.010934
28.18 0.018454
28.2 0.018741
28.22 0.016333
28.24 0.019235
28.26 0.011577
28.28 -0.012805
28.3 -0.0090445
28.32 0.00054019
28.34 -0.0015527
28.36 -0.0028651
28.38 -0.0077387
28.4 -0.017754
28.42 -0.019873
28.44 -0.0037468
28.46 -0.0060461
28.48 -0.018707
28.5 -0.013018
28.52 -0.0083821
28.54 -0.014748
28.56 -0.01086
28.58 -0.0075209
28.6 0.015666
28.62 0.014753
28.64 -0.0091936
28.66 -0.021449
28.68 -0.021114
28.7 -0.018435
28.72 -0.019404
28.74 -0.018447
28.76 -0.0066241
28.78 0.003692
28.8 -0.007786
28.82 -0.019778
28.84 -0.02472
28.86 -0.0063787
28.88 0.0089266
28.9 0.01032
28.92 0.0075268
28.94 0.0085314
28.96 0.0089777
28.98 0.0018204
29 -0.0077501
29.02 0.0022633
29.04 0.021837
29.06 0.021002
29.08 0.02131
29.1 0.028196
29.12 0.016263
29.14 0.0066894
29.16 -0.0017051
29.18 -0.0060204
29.2 0.011453
29.22 0.024217
29.24 0.01779
29.26 0.0024078
29.28 -0.0064015
29.3 0.0063016
29.32 0.015052
29.34 0.0015628
29.36 -0.0075859
29.38 -0.017778
29.4 -0.02189
29.42 -0.014554
29.44 -0.023822
29.46 -0.017956
29.48 0.0073716
29.5 0.0068047
29.52 -0.0011926
29.54 0.0061993
29.56 0.011976
29.58 0.015249
29.6 0.0087178
29.62 -0.0082131
29.64 -0.0126
29.66 -0.003138
29.68 -0.0028527
29.7 -0.010664
29.72 -0.0085382
29.74 0.0054896
29.76 0.012481
29.78 0.0047128
29.8 0.0078208
29.82 0.0029035
29.84 -0.0058095
29.86 -0.0063064
29.88 -0.012059
29.9 -0.0041993
29.92 0.016799
29.94 0.024094
29.96 0.012713
29.98 0.008588
30 0.0053349
30.02 -0.0061413
30.04 -0.019945
30.06 -0.014216
30.08 0.003769
30.1 0.016511
30.12 0.019045
30.14 0.016189
30.16 0.010816
30.18 -0.003738
30.2 -0.0066638
30.22 -0.0031043
30.24 0.0050454
30.26 0.0081972
30.28 -0.00029887
30.3 -0.002656
30.32 0.0035775
30.34 0.0086595
30.36 0.00054143
30.38 -0.010398
30.4 -0.012364
30.42 -0.016596
30.44 -0.01522
30.46 0.011546
30.48 0.026716
30.5 0.026062
30.52 0.027199
30.54 0.020126
30.56 0.0050799
30.58 -0.0068601
30.6 -0.0082162
30.62 -0.0085574
30.64 -0.0022382
30.66 0.0040968
30.68 0.0079048
30.7 0.0040899
30.72 -0.015076
30.74 -0.031301
30.76 -0.0208
30.78 -0.010548
30.8 -0.0096102
30.82 -0.0065547
30.84 -0.0099303
30.86 -0.0062325
30.88 -0.0011803
30.9 0.0010563
30.92 0.0086862
30.94 0.011661
30.96 -0.0042757
30.98 -0.024094
31 -0.021003
31.02 -0.010775
31.04 -0.0057401
31.06 -0.00082261
31.08 0.010017
31.1 0.002303
31.12 -0.011933
31.14 -0.007628
31.16 0.0064296
31.18 0.019766
31.2 0.020858
31.22 0.016175
31.24 0.017525
31.26 0.015171
31.28 0.014212
31.3 0.015726
31.32 0.0073507
31.34 0.0020834
31.36 0.00048049
31.38 -0.0053871
31.4 -0.00099984
31.42 -0.00216
31.44 -0.01355
31.46 -0.0076093
31.48 -0.0014878
31.5 -0.0057647
31.52 -0.0090353
31.54 0.00054415
31.56 0.0030362
31.58 -0.0043381
31.6 -0.0056733
31.62 -0.01674
31.64 -0.0049487
31.66 0.022594
31.68 0.011571
31.7 -0.0082121
31.72 -0.012687
31.74 -0.018743
31.76 -0.015655
31.78 0.001168
31.8 0.013232
31.82 0.022588
31.84 0.016305
31.86 0.0058022
31.88 -0.00041011
31.9 -0.0099071
31.92 -0.0089428
31.94 -0.0030069
31.96 0.0036064
31.98 0.0091293
32 0.012059
32.02 0.014355
32.04 0.0068563
32.06 -0.0038482
32.08 -0.00022566
32.1 -0.00039709
32.12 0.0038992
32.14 0.003649
32.16 -0.0032721
32.18 0.0044979
32.2 0.001747
32.22 -4.8429e-005
32.24 -0.0038668
32.26 -0.0064899
32.28 -0.0035744
32.3 0.0015531
32.32 0.013161
32.34 0.018703
32.36 0.005594
32.38 -0.0052138
32.4 -0.0036335
32.42 -0.0045347
32.44 0.0066372
32.46 0.014253
32.48 0.0042749
32.5 -0.0066694
32.52 -0.0038343
32.54 -0.0068827
32.56 -0.0094884
32.58 -0.0004637
32.6 -0.0041351
32.62 -0.0013963
32.64 0.0053114
32.66 -0.0030481
32.68 -0.004294
32.7 -0.0021573
32.72 -0.0069766
32.74 -0.00022168
32.76 0.006885
32.78 -5.3546e-005
32.8 -0.0035412
32.82 0.00058532
32.84 0.0122
32.86 0.016904
32.88 0.012267
32.9 0.007659
32.92 -0.0013691
32.94 -0.0069374
32.96 -0.011762
32.98 -0.012189
33 -0.0018851
33.02 0.0055034
33.04 0.003932
33.06 -0.0018184
33.08 0.0016466
33.1 0.0026424
33.12 0.0056455
33.14 0.0067095
33.16 -0.0075282
33.18 -0.012971
33.2 -0.009789
33.22 -0.008837
33.24 -0.012633
33.26 -0.011149
33.28 -0.0067316
33.3 -0.0043411
33.32 -0.010109
33.34 -0.0088139
33.36 0.00023353
33.38 0.0045753
33.4 -0.00023184
33.42 -0.010928
33.44 -0.0053766
33.46 0.0022603
33.48 0.015326
33.5 0.023055
33.52 0.01415
33.54 0.0061
33.56 0.012067
33.58 0.014267
33.6 -8.2493e-005
33.62 -0.0044416
33.64 -0.0030643
33.66 -0.0008243
33.68 -0.00027476
33.7 -0.00058969
33.72 -0.00074888
33.74 -0.0055805
33.76 -0.0059462
33.78 -8.4693e-006
33.8 0.0090547
33.82 0.018132
33.84 0.015255
33.86 0.0056739
33.88 0.001194
33.9 -0.0050026
33.92 -0.005496
33.94 -0.010235
33.96 -0.016937
33.98 -0.0093212
34 -0.0057828
34.02 -0.014265
34.04 -0.0079771
34.06 0.0018823
34.08 0.0096505
34.1 0.0064428
34.12 3.7983e-005
34.14 -0.0042354
34.16 -0.010827
34.18 -0.0038118
34.2 -0.0040532
34.22 -0.0070509
34.24 -0.0069126
34.26 -0.009898
34.28 -0.003262
34.3 0.0030537
34.32 -0.0031429
34.34 -0.0048631
34.36 -0.0032006
34.38 -0.01618
34.4 -0.017067
34.42 0.0019638
34.44 0.0036123
34.46 0.0066678
34.48 0.0049913
34.5 -0.0047857
34.52 -0.0066056
34.54 -0.0048276
34.56 0.0011171
34.58 0.0093613
34.6 0.0056794
34.62 0.0047275
34.64 0.0039803
34.66 -0.0023948
34.68 0.00079368
34.7 -0.002253
34.72 0.0056814
34.74 0.0135
34.76 0.0056903
34.78 0.0028781
34.8 -0.00064451
34.82 0.0067317
34.84 0.019559
34.86 0.01016
34.88 0.010106
34.9 0.0073916
34.92 -0.0025919
34.94 -0.0040794
34.96 0.00050735
34.98 0.0090823
35 0.010964
35.02 0.016702
35.04 0.014619
35.06 0.0054267
35.08 -0.0022661
35.1 -0.0026388
35.12 -0.0038427
35.14 -0.017146
35.16 -0.025017
35.18 -0.016351
35.2 -0.0025231
35.22 0.0033814
35.24 0.0032432
35.26 0.0023665
35.28 0.0047517
35.3 0.0060625
35.32 -0.0027661
35.34 -0.011904
35.36 -0.014475
35.38 -0.00097045
35.4 0.0025033
35.42 -0.00041562
35.44 -0.0065982
35.46 -0.013299
35.48 -0.0088574
35.5 -0.0082921
35.52 0.0021728
35.54 0.0044898
35.56 0.0018981
35.58 0.00068369
35.6 -0.0083251
35.62 -0.015848
35.64 -0.013454
35.66 -0.010647
35.68 -0.013195
35.7 -0.010985
35.72 -0.0044505
35.74 -0.0091316
35.76 -0.01508
35.78 -0.015732
35.8 -0.011272
35.82 -0.0041563
35.84 -0.002751
35.86 0.0019915
35.88 -0.00038497
35.9 -0.0059428
35.92 -0.0010341
35.94 0.0020284
35.96 0.0018814
35.98 -0.002196
36 0.0010082
36.02 0.0063264
36.04 0.0022613
36.06 0.0035825
36.08 0.005952
36.1 0.0093628
36.12 0.0060133
36.14 -0.0068332
36.16 -0.0089313
36.18 -0.0059039
36.2 0.0027078
36.22 0.008684
36.24 0.013887
36.26 0.014779
36.28 0.00065869
36.3 -0.0047889
36.32 -0.0027519
36.34 -0.0076308
36.36 -0.0033994
36.38 0.0027833
36.4 0.00088287
36.42 0.0037459
36.44 0.0056271
36.46 0.0052439
36.48 0.00094774
36.5 -0.0043844
36.52 -0.0019047
36.54 -0.00025615
36.56 0.012256
36.58 0.01587
36.6 0.0056326
36.62 0.0080091
36.64 0.0048592
36.66 0.0088159
36.68 0.010058
36.7 0.0082139
36.72 0.0093059
36.74 0.009656
36.76 0.015462
36.78 0.016785
36.8 0.013054
36.82 0.013279
36.84 0.0083751
36.86 0.0024147
36.88 0.0043012
36.9 0.015034
36.92 0.018221
36.94 0.008258
36.96 -0.00031686
36.98 -0.0088129
37 -0.00658
37.02 -0.0077927
37.04 -0.003458
37.06 0.0041754
37.08 0.0064399
37.1 0.0012198
37.12 1.7564e-005
37.14 0.0028035
37.16 -0.0081653
37.18 -0.0082037
37.2 0.0019776
37.22 0.0076265
37.24 -0.0049557
37.26 -0.012937
37.28 -0.0089806
37.3 -0.002476
37.32 -0.0013052
37.34 -0.0040264
37.36 0.00034854
37.38 0.0076214
37.4 0.0049633
37.42 -0.006702
37.44 -0.0077538
37.46 -0.0022448
37.48 0.0091493
37.5 0.0048898
37.52 0.0032449
37.54 0.00090343
37.56 -0.003972
37.58 0.0028914
37.6 0.0028739
37.62 0.0031855
37.64 -0.001501
37.66 0.0011643
37.68 -0.0044514
37.7 -0.0033436
37.72 0.011419
37.74 0.013066
37.76 0.006738
37.78 0.005226
37.8 0.012639
37.82 0.0093297
37.84 0.0016299
37.86 0.0061816
37.88 0.0047273
37.9 -0.0042745
37.92 -0.0094037
37.94 -0.017564
37.96 -0.014606
37.98 -0.003074
38 0.0014654
38.02 -0.0066982
38.04 -0.0064426
38.06 0.00212
38.08 -0.0028639
38.1 -0.0091778
38.12 -0.0089468
38.14 -0.0063621
38.16 0.00097727
38.18 0.0088959
38.2 0.0032312
38.22 -0.0040959
38.24 -0.0065336
38.26 -0.010053
38.28 -0.00989
38.3 -0.0024859
38.32 0.0086037
38.34 0.0048973
38.36 -0.0047976
38.38 -0.0087805
38.4 -0.010905
38.42 -0.009029
38.44 -0.0049428
38.46 -0.00078664
38.48 4.4595e-005
38.5 -0.0034623
38.52 -0.008742
38.54 -0.0099565
38.56 -0.00856
38.58 0.0027518
38.6 0.008721
38.62 -0.0022776
38.64 -0.0066333
38.66 -0.010798
38.68 -0.014111
38.7 -0.013043
38.72 -0.0029251
38.74 0.010025
38.76 0.016246
38.78 0.015142
38.8 0.0082152
38.82 0.00040157
38.84 -0.00066242
38.86 0.001231
38.88 -0.0037861
38.9 -0.0047084
38.92 -0.00068518
38.94 0.0021288
38.96 0.0050407
38.98 0.0068904
39 0.0030002
39.02 0.00088276
39.04 0.00028426
39.06 0.0025137
39.08 0.0028427
39.1 0.0016527
39.12 0.001987
39.14 -0.0012645
39.16 0.0031717
39.18 0.0062394
39.2 0.0025172
39.22 -0.0015848
39.24 -0.003382
39.26 0.0019991
39.28 0.0069603
39.3 0.0055796
39.32 0.0013674
39.34 0.00034536
39.36 -0.0031038
39.38 -0.0058916
39.4 0.002867
39.42 0.0073994
39.44 -0.00011144
39.46 -0.0081736
39.48 -0.010037
39.5 -0.0099113
39.52 -0.0089401
39.54 -0.0024092
39.56 0.0009857
39.58 -0.0019595
39.6 -0.0030883
39.62 -0.003076
39.64 -0.004385
39.66 -0.0034891
39.68 -0.00010988
39.7 0.0021913
39.72 0.0064035
39.74 0.0087887
39.76 0.0027477
39.78 -0.0047264
39.8 -0.0028434
39.82 -0.001958
39.84 -0.0049767
39.86 -0.0026265
39.88 -0.005024
39.9 -0.0029573
39.92 -2.9626e-005
39.94 0.0062037
39.96 0.0016346
39.98 -0.0034911
40 -0.00039021
40.02 -0.0063734
40.04 -0.003955
40.06 -0.0021735
40.08 -0.00023106
40.1 0.0044483
40.12 0.0050013
40.14 -0.00042188
40.16 -0.0010221
40.18 -0.0016487
40.2 0.0016203
40.22 0.0074844
40.24 0.0098101
40.26 0.0097225
40.28 0.0022921
40.3 -4.4108e-005
40.32 0.0024671
40.34 0.004847
40.36 0.0067702
40.38 0.0089489
40.4 0.0062416
40.42 0.0022709
40.44 0.0042676
40.46 0.0042413
40.48 0.0034293
40.5 0.0061767
40.52 0.0024668
40.54 0.0053367
40.56 0.013418
40.58 0.013054
40.6 0.008679
40.62 0.0040136
40.64 0.0022636
40.66 0.002127
40.68 0.0056199
40.7 0.002148
40.72 -0.00065553
40.74 0.0035829
40.76 0.0058858
40.78 0.0064405
40.8 0.00094904
40.82 -0.0039072
40.84 -0.0076521
40.86 -0.0089139
40.88 -0.0053055
40.9 -0.0055435
40.92 -0.0053598
40.94 -0.0049101
40.96 -0.011677
40.98 -0.011511
41 -0.0037238
41.02 3.6169e-006
41.04 0.0023345
41.06 -0.0034124
41.08 -0.0095496
41.1 -0.006503
41.12 -0.0045903
41.14 -0.0047373
41.16 -0.0025201
41.18 -0.00058647
41.2 0.00072421
41.22 -0.00049906
41.24 -0.0023943
41.26 -0.0013706
41.28 -0.0024662
41.3 -0.0032869
41.32 -0.0038138
41.34 -0.0002841
41.36 0.0021606
41.38 -0.00053969
41.4 -0.001658
41.42 0.00058719
41.44 -0.0048045
41.46 -0.009078
41.48 -0.0041589
41.5 -0.0046069
41.52 -0.0052615
41.54 -0.0090695
41.56 -0.011435
41.58 -0.0040979
41.6 0.00188
41.62 0.0014599
41.64 2.126e-006
41.66 0.0011676
41.68 -0.0015817
41.7 -0.003106
41.72 0.0024641
41.74 0.0044415
41.76 0.0074707
41.78 0.0099328
41.8 0.011499
41.82 0.0093605
41.84 0.005381
41.86 0.0048437
41.88 0.0036781
41.9 0.0055365
41.92 0.0045268
41.94 0.0019735
41.96 0.0032264
41.98 0.0036393
42 0.00080782
42.02 -0.00067972
42.04 0.00045245
42.06 0.00051189
42.08 0.0051808
42.1 0.0089764
42.12 0.0038821
42.14 -0.0029481
42.16 -0.0050656
42.18 -0.0055224
42.2 -0.0097959
42.22 -0.010779
42.24 -0.0061386
42.26 -0.002462
42.28 -0.0019615
42.3 -0.0051343
42.32 -0.0058326
42.34 -0.0043662
42.36 -0.0079905
42.38 -0.0061496
42.4 -0.0031047
42.42 -0.0016523
42.44 -0.0020513
42.46 -0.0013252
42.48 -0.001096
42.5 -0.0055725
42.52 -0.0027761
42.54 0.00044202
42.56 0.0013974
42.58 0.0010439
42.6 0.001959
42.62 -0.0013642
42.64 -0.0025963
42.66 -0.00099515
42.68 0.0004485
42.7 0.0041549
42.72 0.005357
42.74 0.0035142
42.76 -8.9048e-005
42.78 -0.00034462
42.8 0.00054604
42.82 0.0020544
42.84 0.0035838
42.86 0.001846
42.88 -0.0020985
42.9 -0.0022893
42.92 -0.0015212
42.94 -0.003329
42.96 -0.0023911
42.98 0.0014815
43 0.0029339
43.02 -0.00090733
43.04 -0.0010264
43.06 0.0018995
43.08 0.0036843
43.1 0.001992
43.12 0.0024697
43.14 0.0032186
43.16 0.00032406
43.18 0.00029773
43.2 -0.0034018
43.22 -0.0033844
43.24 -0.0031167
43.26 -0.0038623
43.28 0.00026754
43.3 0.0017479
43.32 -0.0012901
43.34 -0.0015527
43.36 -0.0017243
43.38 -6.7157e-005
43.4 0.0028115
43.42 -0.00027559
43.44 -0.0016757
43.46 -0.0056219
43.48 -0.0082767
43.5 -0.0079566
43.52 -0.0048662
43.54 0.00049559
43.56 0.0020442
43.58 0.0022156
43.6 0.0011095
43.62 -0.002219
43.64 -0.0013984
43.66 0.00087126
43.68 0.0015117
43.7 0.00022707
43.72 -0.0016595
43.74 -0.0013463
43.76 0.0021517
43.78 0.0065301
43.8 0.0083184
43.82 0.011607
43.84 0.0099615
43.86 0.0067974
43.88 0.0069513
43.9 0.006253
43.92 0.0014579
43.94 0.00043061
43.96 0.002233
43.98 0.0024149
44 0.0034472
44.02 1.4464e-006
44.04 -0.0014231
44.06 -0.00055876
44.08 -0.0024786
44.1 -0.0016072
44.12 0.0047486
44.14 0.0042987
44.16 0.0035304
44.18 0.0033255
44.2 0.0024242
44.22 0.0050525
44.24 0.0024712
44.26 0.00037989
44.28 0.0048492
44.3 0.0036189
44.32 -0.00088743
44.34 -0.0022455
44.36 -0.0026849
44.38 -0.0012553
44.4 0.00077284
44.42 0.0032507
44.44 0.0018506
44.46 0.0016562
44.48 -0.00341
44.5 -0.0061699
44.52 -0.0026193
44.54 0.00013854
44.56 0.0021404
44.58 0.00066504
44.6 -0.002933
44.62 -0.0043699
44.64 -0.0063037
44.66 -0.009935
44.68 -0.0083427
44.7 -0.0080838
44.72 -0.0071389
44.74 -0.0017386
44.76 -0.00087777
44.78 -0.0049168
44.8 -0.0074037
44.82 -0.0059863
44.84 -0.0050187
44.86 -0.0037606
44.88 -0.0030012
44.9 -0.0027686
44.92 -0.00075103
44.94 0.0016953
44.96 0.0011544
44.98 5.8824e-005
45 0.0063288
45.02 0.0090884
45.04 0.0042308
45.06 7.4548e-006
45.08 -0.0012523
45.1 0.0011648
45.12 0.0031572
45.14 0.0042123
45.16 0.003209
45.18 0.00050397
45.2 -0.0035279
45.22 -0.0032463
45.24 -0.0012012
45.26 0.00023251
45.28 0.0041614
45.3 0.0018696
45.32 0.00048464
45.34 -0.0015617
45.36 -0.00021222
45.38 0.0010078
45.4 -0.00094032
45.42 0.00039997
45.44 0.00091627
45.46 0.0021315
45.48 0.0010709
45.5 0.00067659
45.52 0.00078263
45.54 0.00081961
45.56 -0.0011406
45.58 -0.0017242
45.6 0.00034789
45.62 0.0011999
45.64 0.0022214
45.66 0.0070728
45.68 0.0088813
45.7 0.0097328
45.72 0.01238
45.74 0.0069536
45.76 0.0020735
45.78 0.003782
45.8 0.0050819
45.82 0.0051436
45.84 0.0029916
45.86 0.0026964
45.88 0.0020034
45.9 -0.00088241
45.92 0.0022317
45.94 0.0046586
45.96 0.0054381
45.98 0.0045877
46 0.0028706
46.02 0.00045994
46.04 -0.0020818
46.06 -0.00060878
46.08 -0.00061711
46.1 -0.0040365
46.12 -0.0042937
46.14 -0.0038101
46.16 -0.0034613
46.18 -0.0027003
46.2 -0.0027087
46.22 0.00059797
46.24 0.0030571
46.26 0.0012722
46.28 0.0017855
46.3 0.0033332
46.32 0.0055784
46.34 0.0040084
46.36 -0.00049337
46.38 -0.0056776
46.4 -0.0078221
46.42 -0.0055121
46.44 -0.0056686
46.46 -0.0035999
46.48 -0.0025487
46.5 -0.0025009
46.52 -0.002527
46.54 -0.00056606
46.56 9.7013e-005
46.58 -0.00076611
46.6 0.0013156
46.62 0.001588
46.64 0.0013636
46.66 0.0018703
46.68 0.0030609
46.7 0.0027313
46.72 0.001595
46.74 -0.0019595
46.76 -0.0036084
46.78 0.00055471
46.8 0.0023342
46.82 0.0028208
46.84 0.0038952
46.86 0.0030194
46.88 0.0021875
46.9 0.0012648
46.92 0.00021166
46.94 0.0018672
46.96 0.0029353
46.98 0.0022124
47 0.0010979
47.02 -0.0017205
47.04 -0.003364
47.06 -0.0014862
47.08 0.002158
47.1 0.0046695
47.12 0.004385
47.14 0.0024322
47.16 -0.001405
47.18 -0.0023221
47.2 -0.0023428
47.22 -0.0020257
47.24 -0.0010497
47.26 0.00075471
47.28 0.0013452
47.3 -0.00050028
47.32 -0.0014059
47.34 -0.0022062
47.36 -0.0011907
47.38 -0.0030558
47.4 -0.0033357
47.42 -0.0020615
47.44 -0.0019246
47.46 -0.0023476
47.48 -0.0023601
47.5 -0.0030561
47.52 -0.0041645
47.54 -0.0027702
47.56 -0.0039402
47.58 -0.0037346
47.6 -0.0017841
47.62 -0.0020651
47.64 -0.0029284
47.66 -0.0036348
47.68 -0.0034201
47.7 -0.0036053
47.72 -0.0031076
47.74 -0.0017014
47.76 -0.00032579
47.78 -7.7337e-005
47.8 -0.0011245
47.82 -0.00033993
47.84 -0.00012082
47.86 0.00019738
47.88 -0.00045158
47.9 -0.00095523
47.92 -0.0010805
47.94 -0.0007992
47.96 0.00091534
47.98 -0.00059836
48 0.00031607
48.02 0.0016214
48.04 0.00054963
48.06 -0.0013402
48.08 -0.0016067
48.1 1.5955e-006
48.12 0.00076584
48.14 0.00030577
48.16 -7.298e-005
48.18 0.00086038
48.2 0.0011154
48.22 0.00024136
48.24 -5.903e-005
48.26 0.0014105
48.28 0.00096402
48.3 -0.00059552
48.32 -0.00058119
48.34 -0.00096507
48.36 -0.0008277
48.38 -0.0011802
48.4 -0.00073178
48.42 0.00076109
48.44 0.00017657
48.46 -0.00031389
48.48 -0.0019199
48.5 -0.0022988
48.52 0.00094686
48.54 0.0019352
48.56 0.00065894
48.58 0.00042968
48.6 0.00062021
48.62 -8.5115e-005
48.64 -0.00089685
48.66 -0.0010797
48.68 -5.6932e-005
48.7 0.00052896
48.72 -0.00032343
48.74 -0.00082739
48.76 3.6265e-005
48.78 4.3166e-006
48.8 -7.1448e-005
48.82 0.00038093
48.84 0.00070209
48.86 0.00030059
48.88 -0.00090758
48.9 -0.00069834
48.92 0.00019198
48.94 0.00081456
48.96 0.0001155
48.98 -9.5067e-005
49 0.00091397
49.02 0.0012246
49.04 0.00051355
49.06 0.00019392
49.08 0.00019082
49.1 0.00037632
49.12 0.00028249
49.14 5.857e-005
49.16 5.3295e-005
49.18 7.7465e-006
49.2 0.00016958
49.22 -9.6133e-005
49.24 -0.00048273
49.26 -0.00028275
49.28 -9.925e-005
49.3 -0.00011359
49.32 -0.00027452
49.34 -0.00012562
49.36 0.00025243
49.38 0.00028157
49.4 0.00014831
49.42 0.00014032
49.44 0.00013803
49.46 6.6619e-005
49.48 7.6429e-005
49.5 0.00017868
49.52 7.9651e-005
49.54 7.6737e-005
49.56 3.701e-005
49.58 -0.00010722
49.6 3.254e-006
49.62 7.195e-005
49.64 0.00020455
49.66 0.00014943
49.68 8.2446e-005
49.7 4.0716e-005
49.72 4.2137e-005
49.74 7.558e-005
49.76 0.00010421
49.78 0.00011681
49.8 0.00010073
49.82 0.00011231
49.84 9.31e-005
49.86 0.00011121
49.88 0.00012651
49.9 0.00012297
49.92 0.00013115
49.94 0.00014123
49.96 0.00014769
49.98 0.00014751
50 0.00014879
