0.01 -9.0029e-006
0.02 -2.8691e-005
0.03 -8.8541e-006
0.04 -3.2708e-005
0.05 -2.3276e-005
0.06 -3.1049e-005
0.07 -4.7302e-006
0.08 -4.3042e-005
0.09 -5.2351e-005
0.1 -4.6449e-005
0.11 1.6358e-006
0.12 -3.0833e-005
0.13 -1.0619e-005
0.14 -3.1184e-005
0.15 -7.5346e-006
0.16 -3.4216e-005
0.17 -3.3101e-005
0.18 -0.00013914
0.19 -4.0346e-005
0.2 -3.0407e-005
0.21 -3.261e-005
0.22 -0.00019206
0.23 -0.00028734
0.24 -0.00028949
0.25 -0.00029559
0.26 -0.00032715
0.27 -0.00032695
0.28 -0.00033701
0.29 -0.00036692
0.3 -0.0002889
0.31 -6.0386e-006
0.32 0.00028376
0.33 0.00027109
0.34 0.00027449
0.35 -0.00016702
0.36 -0.00065247
0.37 -0.00054523
0.38 -0.00057313
0.39 -0.00057487
0.4 -0.00064758
0.41 -0.0006316
0.42 -0.00066962
0.43 -0.00062972
0.44 -0.00067181
0.45 -0.0006275
0.46 -0.00067084
0.47 -0.00061509
0.48 -0.00069177
0.49 -0.0003974
0.5 -9.3534e-006
0.51 -0.00052599
0.52 -0.00080069
0.53 5.988e-005
0.54 0.00049493
0.55 0.00041101
0.56 0.00038416
0.57 1.1754e-005
0.58 -0.0010062
0.59 -0.00094451
0.6 5.4305e-005
0.61 0.00045264
0.62 -0.00055582
0.63 -8.3852e-005
0.64 -0.00095472
0.65 -0.0011137
0.66 -0.0019822
0.67 -0.0018632
0.68 -0.001924
0.69 -0.0017778
0.7 -0.0024651
0.71 -0.0028372
0.72 -0.0013117
0.73 -0.00034656
0.74 0.00098889
0.75 0.0015185
0.76 0.001363
0.77 0.0013768
0.78 0.001361
0.79 0.0013253
0.8 0.0012551
0.81 0.0012193
0.82 0.0010894
0.83 0.0010189
0.84 0.00091585
0.85 0.00087679
0.86 0.00096219
0.87 -0.00033429
0.88 -0.0032169
0.89 -0.0019932
0.9 -0.0012957
0.91 -0.0016405
0.92 -0.0015216
0.93 -0.0012728
0.94 -0.0021412
0.95 -0.0029153
0.96 0.00046361
0.97 0.0039746
0.98 0.0073751
0.99 0.0099334
1 0.010408
1.01 0.0073692
1.02 0.0032816
1.03 0.0029913
1.04 0.0028487
1.05 -5.7095e-005
1.06 -0.00083982
1.07 -0.0005594
1.08 -0.00054099
1.09 -0.0025806
1.1 -0.0020755
1.11 0.00046691
1.12 0.0021538
1.13 0.0044624
1.14 0.0044042
1.15 0.0024216
1.16 -0.00044022
1.17 -0.0013939
1.18 -0.001398
1.19 -0.0011751
1.2 -0.0015594
1.21 -0.0012693
1.22 -0.0012249
1.23 0.0011387
1.24 -0.0006422
1.25 -0.0015219
1.26 -0.0013009
1.27 -0.0011639
1.28 -0.006307
1.29 -0.0093897
1.3 -0.0080823
1.31 -0.0078235
1.32 -0.0075398
1.33 -0.0071834
1.34 -0.006561
1.35 -0.0058529
1.36 -0.0026832
1.37 -0.0016261
1.38 -0.00025497
1.39 0.0045502
1.4 0.0091834
1.41 0.010316
1.42 0.010907
1.43 0.016352
1.44 0.017154
1.45 0.015473
1.46 0.015013
1.47 0.014273
1.48 0.012975
1.49 0.0081572
1.5 0.002641
1.51 -0.0022242
1.52 -0.0047032
1.53 -0.0044384
1.54 -0.0044477
1.55 -0.0043004
1.56 -0.0042729
1.57 -0.0039994
1.58 -0.0062199
1.59 -0.00799
1.6 -0.0074663
1.61 -0.0076711
1.62 -0.010454
1.63 -0.010651
1.64 -0.0096481
1.65 -0.0091192
1.66 -0.0058331
1.67 -0.00086954
1.68 -9.9104e-005
1.69 0.0011319
1.7 0.0057581
1.71 0.0083029
1.72 0.0078023
1.73 0.013054
1.74 0.015253
1.75 0.013601
1.76 0.012998
1.77 0.012275
1.78 0.008758
1.79 0.0033056
1.8 0.0024133
1.81 -0.00011271
1.82 -0.0059902
1.83 -0.0065089
1.84 -0.0056041
1.85 -0.005833
1.86 -0.0056103
1.87 -0.0053808
1.88 -0.0051782
1.89 -0.0052956
1.9 -0.0049788
1.91 -0.0048176
1.92 -0.0045313
1.93 -0.0044045
1.94 -0.0041065
1.95 -0.0039943
1.96 -0.0036994
1.97 -0.0036231
1.98 -0.0032946
1.99 -0.0033089
2 -0.0028348
2.01 -0.0031286
2.02 0.0011832
2.03 0.0057051
2.04 0.0049957
2.05 0.0045601
2.06 0.0053699
2.07 0.0092236
2.08 0.013636
2.09 0.017457
2.1 0.018093
2.11 0.01712
2.12 0.014101
2.13 0.007884
2.14 0.0042808
2.15 -0.00016263
2.16 -0.0079155
2.17 -0.01168
2.18 -0.012913
2.19 -0.010591
2.2 -0.0095322
2.21 -0.0096826
2.22 -0.0088645
2.23 -0.0057326
2.24 -0.00089526
2.25 -0.00045646
2.26 -0.00074397
2.27 -0.00084337
2.28 -0.00069714
2.29 -0.0034256
2.3 -0.001844
2.31 -0.0013592
2.32 -0.0035782
2.33 0.00083982
2.34 0.00349
2.35 0.0026244
2.36 0.0015631
2.37 -0.00090433
2.38 -0.0047092
2.39 -0.0099387
2.4 -0.0099654
2.41 -0.0088138
2.42 -0.0055627
2.43 -0.0010631
2.44 -0.00077443
2.45 -0.00081464
2.46 -0.00067179
2.47 0.0023689
2.48 0.0073764
2.49 0.013787
2.5 0.01418
2.51 0.012668
2.52 0.012292
2.53 0.011507
2.54 0.010112
2.55 0.0054267
2.56 -0.00019401
2.57 -0.0067634
2.58 -0.018107
2.59 -0.02939
2.6 -0.036487
2.61 -0.0367
2.62 -0.034556
2.63 -0.031511
2.64 -0.021078
2.65 -0.0079366
2.66 -0.00029296
2.67 0.010061
2.68 0.016712
2.69 0.018288
2.7 0.017877
2.71 0.021736
2.72 0.023935
2.73 0.015189
2.74 0.013382
2.75 0.0091852
2.76 0.0079639
2.77 0.0089319
2.78 0.0094322
2.79 0.0097837
2.8 0.0089924
2.81 0.0046151
2.82 -0.0054846
2.83 -0.015346
2.84 -0.022638
2.85 -0.025936
2.86 -0.029753
2.87 -0.033327
2.88 -0.035781
2.89 -0.033444
2.9 -0.024576
2.91 -0.011909
2.92 -0.00051146
2.93 0.0071707
2.94 0.011231
2.95 0.01135
2.96 0.013581
2.97 0.015498
2.98 0.016972
2.99 0.016508
3 0.015444
3.01 0.017996
3.02 0.022089
3.03 0.024238
3.04 0.024974
3.05 0.025805
3.06 0.024057
3.07 0.019279
3.08 0.012262
3.09 0.00090486
3.1 -0.010384
3.11 -0.014993
3.12 -0.018994
3.13 -0.020088
3.14 -0.017851
3.15 -0.01562
3.16 -0.017563
3.17 -0.014536
3.18 -0.011252
3.19 -0.0076143
3.2 -0.0032875
3.21 -0.0025847
3.22 -0.0047581
3.23 -0.006797
3.24 -0.0065677
3.25 -0.0092672
3.26 -0.0099036
3.27 -0.0090647
3.28 -0.0086218
3.29 -0.010792
3.3 -0.012148
3.31 -0.0098149
3.32 -0.0065743
3.33 -0.0039482
3.34 0.00066927
3.35 0.0030539
3.36 0.0032136
3.37 0.0052046
3.38 0.0042873
3.39 0.0064052
3.4 0.0035666
3.41 0.00073665
3.42 -0.0052163
3.43 -0.005764
3.44 -0.0089499
3.45 -0.0087187
3.46 -0.0040008
3.47 -0.0033438
3.48 -0.00047043
3.49 -0.00058975
3.5 -0.0034611
3.51 -0.00072797
3.52 -0.0012823
3.53 -0.0036631
3.54 -0.0072488
3.55 -0.0096238
3.56 -0.0086829
3.57 -0.0024406
3.58 0.0051344
3.59 0.012503
3.6 0.016178
3.61 0.015337
3.62 0.012506
3.63 0.0071122
3.64 0.0034333
3.65 0.0068073
3.66 0.011804
3.67 0.017819
3.68 0.021543
3.69 0.023297
3.7 0.02595
3.71 0.021975
3.72 0.022226
3.73 0.023476
3.74 0.021782
3.75 0.015669
3.76 0.0070188
3.77 -0.00076036
3.78 -0.0054509
3.79 -0.0055472
3.8 -0.005756
3.81 -0.010074
3.82 -0.014533
3.83 -0.01856
3.84 -0.020145
3.85 -0.021173
3.86 -0.018627
3.87 -0.016072
3.88 -0.016046
3.89 -0.0099058
3.9 -0.005586
3.91 -0.0060948
3.92 -0.010318
3.93 -0.012335
3.94 -0.016083
3.95 -0.01941
3.96 -0.020721
3.97 -0.020623
3.98 -0.017282
3.99 -0.013529
4 -0.015079
4.01 -0.018811
4.02 -0.017969
4.03 -0.016354
4.04 -0.015106
4.05 -0.013835
4.06 -0.01242
4.07 -0.010277
4.08 -0.0064186
4.09 -0.002949
4.1 0.0029274
4.11 0.016896
4.12 0.033378
4.13 0.04509
4.14 0.049545
4.15 0.037041
4.16 0.017738
4.17 0.0043076
4.18 0.0010676
4.19 0.01605
4.2 0.041097
4.21 0.067287
4.22 0.079024
4.23 0.082679
4.24 0.092705
4.25 0.094495
4.26 0.093303
4.27 0.091753
4.28 0.082429
4.29 0.06122
4.3 0.026815
4.31 0.00043837
4.32 -0.020158
4.33 -0.064794
4.34 -0.11503
4.35 -0.14428
4.36 -0.15083
4.37 -0.14353
4.38 -0.12003
4.39 -0.090119
4.4 -0.061723
4.41 -0.03678
4.42 -0.012277
4.43 0.0081996
4.44 0.019944
4.45 0.028118
4.46 0.035337
4.47 0.050884
4.48 0.081713
4.49 0.11476
4.5 0.12539
4.51 0.11774
4.52 0.09316
4.53 0.056371
4.54 0.029946
4.55 0.017905
4.56 0.011911
4.57 0.0024984
4.58 -0.01731
4.59 -0.049117
4.6 -0.074983
4.61 -0.075746
4.62 -0.041619
4.63 0.015
4.64 0.052804
4.65 0.059561
4.66 0.058078
4.67 0.056845
4.68 0.065391
4.69 0.080525
4.7 0.088214
4.71 0.082108
4.72 0.062517
4.73 0.028849
4.74 -0.018692
4.75 -0.055694
4.76 -0.072464
4.77 -0.084521
4.78 -0.099057
4.79 -0.11993
4.8 -0.13755
4.81 -0.16369
4.82 -0.18546
4.83 -0.19989
4.84 -0.20867
4.85 -0.20115
4.86 -0.16906
4.87 -0.12629
4.88 -0.095082
4.89 -0.081083
4.9 -0.061898
4.91 -0.023689
4.92 0.065418
4.93 0.17172
4.94 0.26691
4.95 0.31829
4.96 0.32384
4.97 0.30351
4.98 0.26211
4.99 0.20924
5 0.15203
5.01 0.098631
5.02 0.045262
5.03 0.00093522
5.04 -0.04406
5.05 -0.10159
5.06 -0.16427
5.07 -0.20476
5.08 -0.2178
5.09 -0.21058
5.1 -0.19135
5.11 -0.16963
5.12 -0.15462
5.13 -0.13518
5.14 -0.098488
5.15 0.001972
5.16 0.12872
5.17 0.19626
5.18 0.20011
5.19 0.18674
5.2 0.16504
5.21 0.14792
5.22 0.13884
5.23 0.13051
5.24 0.11669
5.25 0.055939
5.26 -0.068316
5.27 -0.16389
5.28 -0.22241
5.29 -0.23541
5.3 -0.20729
5.31 -0.1586
5.32 -0.11541
5.33 -0.063154
5.34 -0.00095154
5.35 0.044644
5.36 0.082407
5.37 0.11119
5.38 0.12308
5.39 0.11194
5.4 0.082492
5.41 0.033272
5.42 -0.018825
5.43 -0.055835
5.44 -0.068848
5.45 -0.077076
5.46 -0.078319
5.47 -0.08143
5.48 -0.088511
5.49 -0.099383
5.5 -0.11294
5.51 -0.11943
5.52 -0.11618
5.53 -0.10066
5.54 -0.077128
5.55 -0.055204
5.56 -0.034498
5.57 -0.025302
5.58 -0.022789
5.59 -0.019461
5.6 -0.012178
5.61 0.012519
5.62 0.065284
5.63 0.13342
5.64 0.17708
5.65 0.18431
5.66 0.1703
5.67 0.15121
5.68 0.1339
5.69 0.11853
5.7 0.10627
5.71 0.084267
5.72 0.038103
5.73 -0.02225
5.74 -0.071484
5.75 -0.095345
5.76 -0.095968
5.77 -0.073017
5.78 -0.029759
5.79 0.0051831
5.8 0.014345
5.81 0.012541
5.82 0.0058974
5.83 -0.010392
5.84 -0.031386
5.85 -0.051054
5.86 -0.068564
5.87 -0.072363
5.88 -0.055028
5.89 -0.011729
5.9 0.051239
5.91 0.097536
5.92 0.11342
5.93 0.11921
5.94 0.12368
5.95 0.12199
5.96 0.11274
5.97 0.08684
5.98 0.032116
5.99 -0.030506
6 -0.069484
6.01 -0.08114
6.02 -0.073122
6.03 -0.034793
6.04 0.013975
6.05 0.054221
6.06 0.090433
6.07 0.12816
6.08 0.16614
6.09 0.18868
6.1 0.19226
6.11 0.18566
6.12 0.16714
6.13 0.13664
6.14 0.097683
6.15 0.05777
6.16 0.025592
6.17 0.0037011
6.18 -0.007065
6.19 -0.014422
6.2 -0.020636
6.21 -0.022257
6.22 -0.026665
6.23 -0.037253
6.24 -0.067001
6.25 -0.12322
6.26 -0.22155
6.27 -0.30936
6.28 -0.36641
6.29 -0.39794
6.3 -0.39344
6.31 -0.36911
6.32 -0.31463
6.33 -0.22472
6.34 -0.12968
6.35 -0.052046
6.36 0.0060215
6.37 0.061556
6.38 0.13382
6.39 0.21401
6.4 0.26546
6.41 0.2681
6.42 0.23772
6.43 0.16137
6.44 0.081134
6.45 0.028481
6.46 6.2473e-005
6.47 -0.010116
6.48 -0.028636
6.49 -0.062317
6.5 -0.10725
6.51 -0.14682
6.52 -0.15107
6.53 -0.13659
6.54 -0.093292
6.55 -0.0096872
6.56 0.10616
6.57 0.19408
6.58 0.23132
6.59 0.2254
6.6 0.19774
6.61 0.13501
6.62 0.06027
6.63 -0.024354
6.64 -0.106
6.65 -0.17593
6.66 -0.22117
6.67 -0.22379
6.68 -0.20153
6.69 -0.17266
6.7 -0.14324
6.71 -0.12672
6.72 -0.12265
6.73 -0.13391
6.74 -0.14137
6.75 -0.14588
6.76 -0.12947
6.77 -0.10094
6.78 -0.037658
6.79 0.040032
6.8 0.13336
6.81 0.25312
6.82 0.43194
6.83 0.44049
6.84 0.3771
6.85 0.34503
6.86 0.30604
6.87 0.26489
6.88 0.22255
6.89 0.18907
6.9 0.12677
6.91 0.018402
6.92 -0.079725
6.93 -0.15597
6.94 -0.21637
6.95 -0.25923
6.96 -0.27935
6.97 -0.27307
6.98 -0.25167
6.99 -0.20539
7 -0.13878
7.01 -0.095436
7.02 -0.083149
7.03 -0.079153
7.04 -0.079981
7.05 -0.075212
7.06 -0.066943
7.07 -0.051301
7.08 -0.032043
7.09 -0.017155
7.1 -0.012785
7.11 -0.016488
7.12 -0.021502
7.13 -0.024665
7.14 -0.028109
7.15 -0.028553
7.16 -0.028741
7.17 -0.01673
7.18 0.007277
7.19 0.048787
7.2 0.094653
7.21 0.1392
7.22 0.1947
7.23 0.24899
7.24 0.2616
7.25 0.25153
7.26 0.23107
7.27 0.20958
7.28 0.19612
7.29 0.19129
7.3 0.18675
7.31 0.1733
7.32 0.1572
7.33 0.14244
7.34 0.13101
7.35 0.1281
7.36 0.1283
7.37 0.12452
7.38 0.11374
7.39 0.08798
7.4 0.036851
7.41 -0.03568
7.42 -0.10397
7.43 -0.16212
7.44 -0.18776
7.45 -0.19083
7.46 -0.19638
7.47 -0.20681
7.48 -0.21995
7.49 -0.22671
7.5 -0.23171
7.51 -0.24624
7.52 -0.2714
7.53 -0.29765
7.54 -0.3044
7.55 -0.28782
7.56 -0.24546
7.57 -0.18589
7.58 -0.14246
7.59 -0.10429
7.6 -0.047387
7.61 0.044488
7.62 0.15952
7.63 0.22885
7.64 0.24367
7.65 0.22699
7.66 0.16797
7.67 0.089851
7.68 0.02445
7.69 -0.021333
7.7 -0.030726
7.71 -0.027297
7.72 -0.021751
7.73 -0.0092872
7.74 0.0058105
7.75 0.028829
7.76 0.054173
7.77 0.081983
7.78 0.11158
7.79 0.14164
7.8 0.16501
7.81 0.17834
7.82 0.18174
7.83 0.17651
7.84 0.15643
7.85 0.11397
7.86 0.046779
7.87 -0.017409
7.88 -0.070725
7.89 -0.11419
7.9 -0.13778
7.91 -0.14575
7.92 -0.14559
7.93 -0.13947
7.94 -0.12777
7.95 -0.11267
7.96 -0.091979
7.97 -0.064149
7.98 -0.035239
7.99 -0.011965
8 0.020952
8.01 0.07311
8.02 0.12033
8.03 0.14322
8.04 0.13791
8.05 0.10478
8.06 0.061248
8.07 0.038345
8.08 0.041312
8.09 0.073232
8.1 0.1069
8.11 0.11514
8.12 0.089136
8.13 0.036417
8.14 -0.029993
8.15 -0.095941
8.16 -0.13567
8.17 -0.15125
8.18 -0.15845
8.19 -0.16601
8.2 -0.18028
8.21 -0.19373
8.22 -0.20194
8.23 -0.19902
8.24 -0.16434
8.25 -0.11375
8.26 -0.053469
8.27 0.0068806
8.28 0.045928
8.29 0.072468
8.3 0.10656
8.31 0.14011
8.32 0.15646
8.33 0.15538
8.34 0.14607
8.35 0.11975
8.36 0.076857
8.37 0.034074
8.38 0.0011443
8.39 -0.027689
8.4 -0.048879
8.41 -0.051938
8.42 -0.042301
8.43 -0.022532
8.44 -0.0038265
8.45 0.0066255
8.46 0.00091108
8.47 -0.011735
8.48 -0.037671
8.49 -0.077346
8.5 -0.11765
8.51 -0.13412
8.52 -0.13041
8.53 -0.11623
8.54 -0.099066
8.55 -0.081295
8.56 -0.07756
8.57 -0.077138
8.58 -0.069676
8.59 -0.051413
8.6 -0.007147
8.61 0.059371
8.62 0.12429
8.63 0.17563
8.64 0.2081
8.65 0.2187
8.66 0.21163
8.67 0.19202
8.68 0.16384
8.69 0.13988
8.7 0.13231
8.71 0.13579
8.72 0.13918
8.73 0.1343
8.74 0.11966
8.75 0.098019
8.76 0.069085
8.77 0.033167
8.78 -0.018003
8.79 -0.075282
8.8 -0.13972
8.81 -0.18127
8.82 -0.18455
8.83 -0.16322
8.84 -0.12138
8.85 -0.055333
8.86 0.0034148
8.87 0.038559
8.88 0.059371
8.89 0.07282
8.9 0.074876
8.91 0.05129
8.92 0.0026117
8.93 -0.055581
8.94 -0.10391
8.95 -0.12682
8.96 -0.13399
8.97 -0.13841
8.98 -0.14067
8.99 -0.14713
9 -0.14944
9.01 -0.14661
9.02 -0.14119
9.03 -0.12856
9.04 -0.11646
9.05 -0.11376
9.06 -0.11198
9.07 -0.10157
9.08 -0.072215
9.09 -0.019577
9.1 0.059157
9.11 0.13344
9.12 0.18601
9.13 0.22935
9.14 0.2447
9.15 0.23496
9.16 0.207
9.17 0.15837
9.18 0.11388
9.19 0.079843
9.2 0.039673
9.21 -0.0092878
9.22 -0.042815
9.23 -0.055505
9.24 -0.058647
9.25 -0.036398
9.26 -0.00014821
9.27 0.016389
9.28 0.0076038
9.29 -0.031865
9.3 -0.082107
9.31 -0.11169
9.32 -0.11225
9.33 -0.093641
9.34 -0.06106
9.35 -0.026
9.36 -0.0003527
9.37 0.031742
9.38 0.084071
9.39 0.15012
9.4 0.21927
9.41 0.26685
9.42 0.28538
9.43 0.29486
9.44 0.28666
9.45 0.26825
9.46 0.23271
9.47 0.16283
9.48 0.080151
9.49 0.028045
9.5 -0.0035315
9.51 -0.0030104
9.52 0.025749
9.53 0.058579
9.54 0.081702
9.55 0.1038
9.56 0.12778
9.57 0.22455
9.58 0.31096
9.59 0.31052
9.6 0.28513
9.61 0.24933
9.62 0.15085
9.63 0.055066
9.64 -0.0014038
9.65 -0.030264
9.66 -0.03433
9.67 -0.027775
9.68 -0.022379
9.69 -0.027302
9.7 -0.042154
9.71 -0.062924
9.72 -0.091904
9.73 -0.13093
9.74 -0.21136
9.75 -0.30604
9.76 -0.39765
9.77 -0.47066
9.78 -0.52752
9.79 -0.59186
9.8 -0.64006
9.81 -0.66264
9.82 -0.66116
9.83 -0.62752
9.84 -0.55886
9.85 -0.45787
9.86 -0.35192
9.87 -0.258
9.88 -0.16631
9.89 -0.079592
9.9 -0.011601
9.91 0.035013
9.92 0.070216
9.93 0.10016
9.94 0.11819
9.95 0.12298
9.96 0.13178
9.97 0.15198
9.98 0.18255
9.99 0.20737
10 0.22575
10.01 0.24548
10.02 0.26772
10.03 0.28949
10.04 0.30975
10.05 0.33994
10.06 0.36817
10.07 0.36791
10.08 0.3403
10.09 0.29331
10.1 0.19945
10.11 0.076587
10.12 -0.055341
10.13 -0.18428
10.14 -0.30011
10.15 -0.37777
10.16 -0.41255
10.17 -0.42021
10.18 -0.41836
10.19 -0.41444
10.2 -0.40495
10.21 -0.38431
10.22 -0.33426
10.23 -0.2612
10.24 -0.18889
10.25 -0.1207
10.26 -0.066517
10.27 -0.021788
10.28 0.026095
10.29 0.083411
10.3 0.15254
10.31 0.24993
10.32 0.39066
10.33 0.49081
10.34 0.53934
10.35 0.58205
10.36 0.6118
10.37 0.60461
10.38 0.57328
10.39 0.51368
10.4 0.45155
10.41 0.33791
10.42 0.19328
10.43 0.088001
10.44 0.011557
10.45 -0.046042
10.46 -0.11038
10.47 -0.17536
10.48 -0.25493
10.49 -0.34104
10.5 -0.43408
10.51 -0.48371
10.52 -0.49536
10.53 -0.47532
10.54 -0.41042
10.55 -0.31088
10.56 -0.19529
10.57 -0.085074
10.58 0.024679
10.59 0.13784
10.6 0.20309
10.61 0.22274
10.62 0.22048
10.63 0.18871
10.64 0.13018
10.65 0.071143
10.66 0.040457
10.67 0.026135
10.68 0.013764
10.69 0.0016756
10.7 -0.016662
10.71 -0.041136
10.72 -0.062487
10.73 -0.082465
10.74 -0.097684
10.75 -0.11384
10.76 -0.12662
10.77 -0.12172
10.78 -0.079871
10.79 0.015892
10.8 0.14544
10.81 0.24407
10.82 0.30166
10.83 0.34587
10.84 0.36606
10.85 0.34215
10.86 0.28077
10.87 0.17064
10.88 0.047796
10.89 -0.018287
10.9 -0.059308
10.91 -0.094009
10.92 -0.13459
10.93 -0.17947
10.94 -0.21836
10.95 -0.23951
10.96 -0.25599
10.97 -0.26532
10.98 -0.25941
10.99 -0.22997
11 -0.16264
11.01 -0.077411
11.02 0.0046775
11.03 0.098863
11.04 0.18727
11.05 0.26121
11.06 0.3011
11.07 0.28878
11.08 0.24247
11.09 0.1692
11.1 0.083895
11.11 -0.010711
11.12 -0.093587
11.13 -0.13287
11.14 -0.1508
11.15 -0.1611
11.16 -0.14853
11.17 -0.11337
11.18 -0.060384
11.19 -0.0012757
11.2 0.050409
11.21 0.071732
11.22 0.08144
11.23 0.094322
11.24 0.11189
11.25 0.12894
11.26 0.13789
11.27 0.13635
11.28 0.11392
11.29 0.060441
11.3 -0.026498
11.31 -0.10744
11.32 -0.16955
11.33 -0.22301
11.34 -0.26647
11.35 -0.2987
11.36 -0.32336
11.37 -0.33506
11.38 -0.32719
11.39 -0.30862
11.4 -0.27801
11.41 -0.22859
11.42 -0.16278
11.43 -0.069428
11.44 0.043836
11.45 0.13585
11.46 0.20943
11.47 0.28028
11.48 0.34751
11.49 0.39148
11.5 0.4081
11.51 0.39107
11.52 0.3491
11.53 0.25894
11.54 0.16061
11.55 0.072493
11.56 -0.0091585
11.57 -0.082826
11.58 -0.13389
11.59 -0.14587
11.6 -0.1342
11.61 -0.11212
11.62 -0.091006
11.63 -0.079417
11.64 -0.07018
11.65 -0.06269
11.66 -0.056648
11.67 -0.051251
11.68 -0.048472
11.69 -0.051421
11.7 -0.050571
11.71 -0.045098
11.72 -0.035508
11.73 -0.02088
11.74 -0.0069052
11.75 0.0074737
11.76 0.029396
11.77 0.058726
11.78 0.092443
11.79 0.11404
11.8 0.11981
11.81 0.11598
11.82 0.11022
11.83 0.10448
11.84 0.10262
11.85 0.10623
11.86 0.10823
11.87 0.10437
11.88 0.10004
11.89 0.094428
11.9 0.084638
11.91 0.063585
11.92 0.018817
11.93 -0.039969
11.94 -0.088191
11.95 -0.12585
11.96 -0.16155
11.97 -0.18834
11.98 -0.21629
11.99 -0.24559
12 -0.25748
12.01 -0.25423
12.02 -0.23981
12.03 -0.21843
12.04 -0.18558
12.05 -0.14356
12.06 -0.10019
12.07 -0.060922
12.08 -0.029051
12.09 0.002938
12.1 0.036245
12.11 0.068165
12.12 0.10052
12.13 0.13123
12.14 0.16211
12.15 0.19502
12.16 0.21039
12.17 0.21425
12.18 0.20334
12.19 0.17842
12.2 0.13986
12.21 0.085574
12.22 0.02958
12.23 -0.031101
12.24 -0.086322
12.25 -0.11503
12.26 -0.12308
12.27 -0.11911
12.28 -0.10367
12.29 -0.06895
12.3 -0.0075854
12.31 0.056534
12.32 0.12124
12.33 0.16614
12.34 0.18667
12.35 0.18693
12.36 0.17668
12.37 0.16156
12.38 0.14154
12.39 0.12412
12.4 0.1007
12.41 0.068428
12.42 0.027978
12.43 -0.0028162
12.44 -0.018688
12.45 -0.025195
12.46 -0.032927
12.47 -0.04297
12.48 -0.060795
12.49 -0.08226
12.5 -0.096814
12.51 -0.10764
12.52 -0.11796
12.53 -0.12885
12.54 -0.13073
12.55 -0.12494
12.56 -0.11409
12.57 -0.093667
12.58 -0.078255
12.59 -0.064841
12.6 -0.054359
12.61 -0.046907
12.62 -0.043299
12.63 -0.040558
12.64 -0.039997
12.65 -0.042228
12.66 -0.043509
12.67 -0.042306
12.68 -0.04168
12.69 -0.037506
12.7 -0.024329
12.71 -0.0021184
12.72 0.028618
12.73 0.059114
12.74 0.082494
12.75 0.09698
12.76 0.10245
12.77 0.10426
12.78 0.10468
12.79 0.10503
12.8 0.09513
12.81 0.075571
12.82 0.046971
12.83 0.010641
12.84 -0.031177
12.85 -0.075313
12.86 -0.11473
12.87 -0.13453
12.88 -0.13498
12.89 -0.12556
12.9 -0.098857
12.91 -0.045013
12.92 0.016206
12.93 0.071329
12.94 0.10466
12.95 0.11231
12.96 0.10735
12.97 0.089157
12.98 0.063781
12.99 0.030154
13 -0.013389
13.01 -0.049373
13.02 -0.062758
13.03 -0.064772
13.04 -0.054697
13.05 -0.031753
13.06 -0.0030766
13.07 0.020601
13.08 0.041977
13.09 0.061964
13.1 0.074276
13.11 0.085139
13.12 0.095474
13.13 0.10529
13.14 0.11168
13.15 0.10996
13.16 0.1032
13.17 0.096986
13.18 0.087863
13.19 0.072851
13.2 0.052651
13.21 0.025708
13.22 -0.013066
13.23 -0.050001
13.24 -0.082481
13.25 -0.11243
13.26 -0.13824
13.27 -0.15888
13.28 -0.17362
13.29 -0.18123
13.3 -0.18439
13.31 -0.17481
13.32 -0.15872
13.33 -0.12616
13.34 -0.083516
13.35 -0.033423
13.36 0.020895
13.37 0.070465
13.38 0.10469
13.39 0.11725
13.4 0.11742
13.41 0.10593
13.42 0.078131
13.43 0.041178
13.44 -0.00045706
13.45 -0.041954
13.46 -0.080245
13.47 -0.10656
13.48 -0.11604
13.49 -0.11859
13.5 -0.11867
13.51 -0.11662
13.52 -0.10402
13.53 -0.093013
13.54 -0.085247
13.55 -0.061804
13.56 -0.016592
13.57 0.04785
13.58 0.10873
13.59 0.16272
13.6 0.21309
13.61 0.23517
13.62 0.23121
13.63 0.21358
13.64 0.18677
13.65 0.14071
13.66 0.089548
13.67 0.052654
13.68 0.019785
13.69 -0.0084967
13.7 -0.024674
13.71 -0.030803
13.72 -0.029764
13.73 -0.021643
13.74 -0.0074273
13.75 0.0067498
13.76 0.014676
13.77 0.013359
13.78 0.0092997
13.79 0.011143
13.8 0.020941
13.81 0.035021
13.82 0.056004
13.83 0.064271
13.84 0.067497
13.85 0.064727
13.86 0.057086
13.87 0.046748
13.88 0.031079
13.89 0.0073933
13.9 -0.024369
13.91 -0.04923
13.92 -0.063035
13.93 -0.078229
13.94 -0.090016
13.95 -0.094555
13.96 -0.092392
13.97 -0.084904
13.98 -0.073253
13.99 -0.063338
14 -0.051238
14.01 -0.043253
14.02 -0.038224
14.03 -0.028012
14.04 -0.016586
14.05 -0.004741
14.06 0.01001
14.07 0.015841
14.08 0.023698
14.09 0.037863
14.1 0.048573
14.11 0.053457
14.12 0.049404
14.13 0.037438
14.14 0.020874
14.15 -0.00064003
14.16 -0.021486
14.17 -0.040637
14.18 -0.059984
14.19 -0.076971
14.2 -0.09324
14.21 -0.10508
14.22 -0.10763
14.23 -0.10418
14.24 -0.097874
14.25 -0.088365
14.26 -0.069724
14.27 -0.044529
14.28 -0.014665
14.29 0.0091715
14.3 0.032595
14.31 0.059647
14.32 0.086459
14.33 0.098493
14.34 0.098754
14.35 0.094737
14.36 0.091377
14.37 0.086516
14.38 0.078504
14.39 0.063626
14.4 0.043894
14.41 0.021398
14.42 -0.017279
14.43 -0.059112
14.44 -0.090408
14.45 -0.10663
14.46 -0.11137
14.47 -0.10961
14.48 -0.10464
14.49 -0.10233
14.5 -0.10058
14.51 -0.092268
14.52 -0.086222
14.53 -0.076599
14.54 -0.058889
14.55 -0.034509
14.56 -0.0047015
14.57 0.019556
14.58 0.036272
14.59 0.047254
14.6 0.055683
14.61 0.062517
14.62 0.063357
14.63 0.060584
14.64 0.051514
14.65 0.036744
14.66 0.026354
14.67 0.023063
14.68 0.026045
14.69 0.030684
14.7 0.038338
14.71 0.045629
14.72 0.048434
14.73 0.050265
14.74 0.049713
14.75 0.043971
14.76 0.038768
14.77 0.033778
14.78 0.030776
14.79 0.026195
14.8 0.016025
14.81 0.0045531
14.82 -0.0059172
14.83 -0.017337
14.84 -0.031747
14.85 -0.042679
14.86 -0.051441
14.87 -0.067169
14.88 -0.081514
14.89 -0.087143
14.9 -0.092074
14.91 -0.094086
14.92 -0.090126
14.93 -0.083914
14.94 -0.06915
14.95 -0.041109
14.96 -0.014263
14.97 0.0051882
14.98 0.024645
14.99 0.050954
15 0.065652
15.01 0.074209
15.02 0.077294
15.03 0.0767
15.04 0.076931
15.05 0.075078
15.06 0.076741
15.07 0.086774
15.08 0.095558
15.09 0.098051
15.1 0.097454
15.11 0.087041
15.12 0.069498
15.13 0.048079
15.14 0.018631
15.15 -0.012979
15.16 -0.037725
15.17 -0.061565
15.18 -0.076697
15.19 -0.08278
15.2 -0.082221
15.21 -0.076565
15.22 -0.063104
15.23 -0.045844
15.24 -0.019718
15.25 0.0064564
15.26 0.023112
15.27 0.036033
15.28 0.041705
15.29 0.04421
15.3 0.043242
15.31 0.040167
15.32 0.036714
15.33 0.034096
15.34 0.028145
15.35 0.014227
15.36 -0.0056939
15.37 -0.032723
15.38 -0.068468
15.39 -0.098406
15.4 -0.11572
15.41 -0.12011
15.42 -0.11944
15.43 -0.10999
15.44 -0.099907
15.45 -0.089177
15.46 -0.080127
15.47 -0.06655
15.48 -0.04978
15.49 -0.028708
15.5 -0.0085191
15.51 0.0085245
15.52 0.024464
15.53 0.034241
15.54 0.039392
15.55 0.039274
15.56 0.030295
15.57 0.019019
15.58 0.0087378
15.59 -0.001064
15.6 -0.010622
15.61 -0.018926
15.62 -0.027741
15.63 -0.035264
15.64 -0.043263
15.65 -0.045665
15.66 -0.045283
15.67 -0.041186
15.68 -0.037093
15.69 -0.032881
15.7 -0.027959
15.71 -0.018468
15.72 -0.0072676
15.73 0.0043099
15.74 0.015919
15.75 0.022669
15.76 0.031163
15.77 0.039313
15.78 0.042384
15.79 0.057052
15.8 0.076288
15.81 0.086584
15.82 0.092645
15.83 0.096429
15.84 0.093197
15.85 0.080992
15.86 0.067076
15.87 0.050274
15.88 0.026634
15.89 0.0086392
15.9 -0.0038468
15.91 -0.011365
15.92 -0.015343
15.93 -0.020081
15.94 -0.022295
15.95 -0.018278
15.96 -0.0097797
15.97 -0.0027861
15.98 0.0095631
15.99 0.02264
16 0.027786
16.01 0.032853
16.02 0.033314
16.03 0.029331
16.04 0.021087
16.05 0.010378
16.06 -0.00055316
16.07 -0.017961
16.08 -0.039076
16.09 -0.058808
16.1 -0.074858
16.11 -0.078407
16.12 -0.078633
16.13 -0.07739
16.14 -0.068398
16.15 -0.057233
16.16 -0.03778
16.17 -0.015684
16.18 0.0046087
16.19 0.02042
16.2 0.034882
16.21 0.04299
16.22 0.048587
16.23 0.052313
16.24 0.05098
16.25 0.04545
16.26 0.03694
16.27 0.01362
16.28 -0.014246
16.29 -0.035453
16.3 -0.039686
16.31 -0.02937
16.32 -0.015247
16.33 0.0035821
16.34 0.028448
16.35 0.056059
16.36 0.074944
16.37 0.083914
16.38 0.089153
16.39 0.086657
16.4 0.081181
16.41 0.068682
16.42 0.050288
16.43 0.026981
16.44 0.0054522
16.45 -0.0060138
16.46 -0.012237
16.47 -0.016848
16.48 -0.019909
16.49 -0.020944
16.5 -0.020699
16.51 -0.015197
16.52 -0.011826
16.53 -0.0083889
16.54 -0.0026458
16.55 0.0019164
16.56 0.0085427
16.57 0.013427
16.58 0.012982
16.59 0.012066
16.6 0.010982
16.61 0.0045991
16.62 0.0011092
16.63 -0.0010949
16.64 0.0003999
16.65 0.0030043
16.66 0.0052273
16.67 0.0094078
16.68 0.0096105
16.69 0.0091947
16.7 0.0067859
16.71 0.0040605
16.72 0.0035221
16.73 0.0035739
16.74 0.0035624
16.75 0.006476
16.76 0.0077071
16.77 0.013491
16.78 0.017626
16.79 0.016325
16.8 0.014976
16.81 0.014346
16.82 0.013029
16.83 0.012245
16.84 0.0090534
16.85 0.0060391
16.86 0.0027872
16.87 -0.00017674
16.88 -0.0028747
16.89 -0.0087554
16.9 -0.020374
16.91 -0.030098
16.92 -0.044414
16.93 -0.06075
16.94 -0.072102
16.95 -0.074632
16.96 -0.070904
16.97 -0.064245
16.98 -0.055489
16.99 -0.043716
17 -0.03195
17.01 -0.024635
17.02 -0.017858
17.03 -0.013805
17.04 -0.011632
17.05 -0.0046703
17.06 0.00046733
17.07 0.0091445
17.08 0.015743
17.09 0.015054
17.1 0.01462
17.11 0.0078152
17.12 -0.0022499
17.13 -0.0080181
17.14 -0.010365
17.15 -0.018768
17.16 -0.02165
17.17 -0.02191
17.18 -0.020276
17.19 -0.013997
17.2 -0.0036755
17.21 0.0096794
17.22 0.019715
17.23 0.031078
17.24 0.03799
17.25 0.039929
17.26 0.039077
17.27 0.037756
17.28 0.033678
17.29 0.027474
17.3 0.022009
17.31 0.016735
17.32 0.011428
17.33 0.0089517
17.34 0.0065005
17.35 0.0055983
17.36 0.0092494
17.37 0.0097548
17.38 0.011477
17.39 0.013888
17.4 0.010809
17.41 0.0091243
17.42 0.0097941
17.43 0.0097108
17.44 0.0096666
17.45 0.012712
17.46 0.020389
17.47 0.026668
17.48 0.034088
17.49 0.040926
17.5 0.04395
17.51 0.049242
17.52 0.053654
17.53 0.056204
17.54 0.061094
17.55 0.064826
17.56 0.070474
17.57 0.073314
17.58 0.071632
17.59 0.061803
17.6 0.048132
17.61 0.025021
17.62 0.0027481
17.63 -0.0090553
17.64 -0.019091
17.65 -0.030174
17.66 -0.042211
17.67 -0.052642
17.68 -0.064616
17.69 -0.070568
17.7 -0.073806
17.71 -0.072405
17.72 -0.068175
17.73 -0.058735
17.74 -0.032456
17.75 -0.008794
17.76 0.0042817
17.77 0.018678
17.78 0.029174
17.79 0.036482
17.8 0.041444
17.81 0.040234
17.82 0.037196
17.83 0.027798
17.84 0.011955
17.85 -0.008586
17.86 -0.026607
17.87 -0.035761
17.88 -0.041301
17.89 -0.047167
17.9 -0.052636
17.91 -0.056807
17.92 -0.058906
17.93 -0.060473
17.94 -0.061248
17.95 -0.056661
17.96 -0.04851
17.97 -0.038326
17.98 -0.022637
17.99 -0.0032626
18 0.011759
18.01 0.019555
18.02 0.023882
18.03 0.025208
18.04 0.024059
18.05 0.023
18.06 0.023116
18.07 0.02657
18.08 0.030129
18.09 0.033373
18.1 0.03632
18.11 0.038305
18.12 0.036911
18.13 0.0309
18.14 0.019403
18.15 0.01133
18.16 0.0065435
18.17 0.0059605
18.18 0.0079193
18.19 0.0093302
18.2 0.012858
18.21 0.01664
18.22 0.02063
18.23 0.027883
18.24 0.035494
18.25 0.044526
18.26 0.053267
18.27 0.056182
18.28 0.055806
18.29 0.053271
18.3 0.045442
18.31 0.028437
18.32 -0.0003694
18.33 -0.030929
18.34 -0.063701
18.35 -0.087605
18.36 -0.099039
18.37 -0.10188
18.38 -0.097074
18.39 -0.089227
18.4 -0.078949
18.41 -0.065863
18.42 -0.054918
18.43 -0.044898
18.44 -0.032715
18.45 -0.020252
18.46 -0.0079331
18.47 -0.0023415
18.48 -2.618e-005
18.49 -0.0029239
18.5 -0.0040374
18.51 -0.0051716
18.52 -0.0046385
18.53 -0.0001399
18.54 0.0027088
18.55 0.0036512
18.56 0.0034247
18.57 0.0027545
18.58 0.0058621
18.59 0.014545
18.6 0.023222
18.61 0.027157
18.62 0.026154
18.63 0.024346
18.64 0.022862
18.65 0.021061
18.66 0.01929
18.67 0.017606
18.68 0.016011
18.69 0.014427
18.7 0.012918
18.71 0.011388
18.72 0.01057
18.73 0.011018
18.74 0.0078482
18.75 0.0036383
18.76 0.00078911
18.77 -0.006057
18.78 -0.016796
18.79 -0.025584
18.8 -0.030545
18.81 -0.03253
18.82 -0.034291
18.83 -0.032311
18.84 -0.026105
18.85 -0.019583
18.86 -0.010281
18.87 -0.00035251
18.88 0.0058874
18.89 0.0095682
18.9 0.012556
18.91 0.012321
18.92 0.0087324
18.93 0.0051117
18.94 -0.0016302
18.95 -0.012512
18.96 -0.023086
18.97 -0.03673
18.98 -0.04886
18.99 -0.056572
19 -0.057816
19.01 -0.05902
19.02 -0.060414
19.03 -0.059658
19.04 -0.059126
19.05 -0.056534
19.06 -0.056045
19.07 -0.055421
19.08 -0.054988
19.09 -0.05244
19.1 -0.051366
19.11 -0.050802
19.12 -0.047053
19.13 -0.044402
19.14 -0.041015
19.15 -0.040614
19.16 -0.037189
19.17 -0.028513
19.18 -0.014009
19.19 0.0034673
19.2 0.021651
19.21 0.033855
19.22 0.041923
19.23 0.04393
19.24 0.040247
19.25 0.030782
19.26 0.019489
19.27 0.009693
19.28 -0.0049474
19.29 -0.013929
19.3 -0.016178
19.31 -0.020159
19.32 -0.019197
19.33 -0.014996
19.34 -0.010818
19.35 -0.0066018
19.36 0.0015033
19.37 0.0083803
19.38 0.013117
19.39 0.021432
19.4 0.034123
19.41 0.047498
19.42 0.059034
19.43 0.065307
19.44 0.06492
19.45 0.062233
19.46 0.059729
19.47 0.055314
19.48 0.045374
19.49 0.035909
19.5 0.024886
19.51 0.016741
19.52 0.012004
19.53 0.0094238
19.54 0.0048397
19.55 -0.00066353
19.56 -0.002681
19.57 -0.0021895
19.58 -0.0013293
19.59 0.0028508
19.6 0.0078472
19.61 0.010266
19.62 0.0098135
19.63 0.01299
19.64 0.016627
19.65 0.01679
19.66 0.01331
19.67 0.012942
19.68 0.011663
19.69 0.0086987
19.7 0.005043
19.71 0.0059898
19.72 0.0065559
19.73 0.005998
19.74 0.0082601
19.75 0.010166
19.76 0.012011
19.77 0.013416
19.78 0.015287
19.79 0.016029
19.8 0.015297
19.81 0.013884
19.82 0.013508
19.83 0.010561
19.84 0.0074657
19.85 0.0065627
19.86 0.0064304
19.87 0.0043879
19.88 0.0012339
19.89 -1.156e-005
19.9 0.00032473
19.91 -0.00022863
19.92 0.0019906
19.93 -0.00026152
19.94 -0.0016967
19.95 -0.0015471
19.96 -0.0016056
19.97 0.00085987
19.98 0.0056697
19.99 0.0095367
20 0.013697
20.01 0.015255
20.02 0.016735
20.03 0.020034
20.04 0.019659
20.05 0.019068
20.06 0.017506
20.07 0.010656
20.08 0.0091675
20.09 0.0054363
20.1 0.0029551
20.11 0.0019995
20.12 0.0032184
20.13 0.0046339
20.14 0.0066051
20.15 0.0095619
20.16 0.01062
20.17 0.012716
20.18 0.017022
20.19 0.015009
20.2 0.010447
20.21 -2.8381e-005
20.22 -0.014376
20.23 -0.028328
20.24 -0.035549
20.25 -0.041092
20.26 -0.039613
20.27 -0.035029
20.28 -0.025785
20.29 -0.010161
20.3 0.0014036
20.31 0.010095
20.32 0.015621
20.33 0.01918
20.34 0.021334
20.35 0.018626
20.36 0.013608
20.37 0.012038
20.38 0.0078964
20.39 0.00051607
20.4 -0.008372
20.41 -0.015596
20.42 -0.026538
20.43 -0.038543
20.44 -0.049868
20.45 -0.062519
20.46 -0.074937
20.47 -0.08131
20.48 -0.08226
20.49 -0.085446
20.5 -0.085736
20.51 -0.081634
20.52 -0.073032
20.53 -0.062958
20.54 -0.045752
20.55 -0.023574
20.56 -0.0056375
20.57 0.010678
20.58 0.03491
20.59 0.052353
20.6 0.056862
20.61 0.061239
20.62 0.062471
20.63 0.057313
20.64 0.047751
20.65 0.036067
20.66 0.020648
20.67 0.0019364
20.68 -0.0091994
20.69 -0.019446
20.7 -0.029476
20.71 -0.037821
20.72 -0.043582
20.73 -0.046164
20.74 -0.051311
20.75 -0.054207
20.76 -0.051347
20.77 -0.045274
20.78 -0.03102
20.79 -0.016778
20.8 -0.0059843
20.81 0.0037375
20.82 0.010192
20.83 0.013415
20.84 0.013844
20.85 0.01342
20.86 0.013324
20.87 0.010221
20.88 0.0094893
20.89 0.0080849
20.9 0.0055806
20.91 0.00065565
20.92 -0.0052266
20.93 -0.0094988
20.94 -0.016093
20.95 -0.020216
20.96 -0.023114
20.97 -0.0235
20.98 -0.021237
20.99 -0.019199
21 -0.017301
21.01 -0.015222
21.02 -0.013307
21.03 -0.0091351
21.04 -0.0052595
21.05 -0.0036841
21.06 0.00082553
21.07 0.0027133
21.08 0.0056665
21.09 0.0091737
21.1 0.012592
21.11 0.015416
21.12 0.018539
21.13 0.021111
21.14 0.023578
21.15 0.024089
21.16 0.026758
21.17 0.031223
21.18 0.031752
21.19 0.029683
21.2 0.026554
21.21 0.026191
21.22 0.023139
21.23 0.018608
21.24 0.016585
21.25 0.014622
21.26 0.012226
21.27 0.0082277
21.28 0.0040424
21.29 0.0028207
21.3 -0.0018342
21.31 -0.0025461
21.32 -0.00051763
21.33 0.00068039
21.34 0.004643
21.35 0.010808
21.36 0.015908
21.37 0.023006
21.38 0.026728
21.39 0.026734
21.4 0.028423
21.41 0.028554
21.42 0.026755
21.43 0.025274
21.44 0.025465
21.45 0.023059
21.46 0.019952
21.47 0.018523
21.48 0.018286
21.49 0.013767
21.5 0.012782
21.51 0.015681
21.52 0.01597
21.53 0.015814
21.54 0.015277
21.55 0.012586
21.56 0.010759
21.57 0.0092039
21.58 0.018182
21.59 0.030862
21.6 0.042879
21.61 0.054239
21.62 0.064226
21.63 0.071187
21.64 0.069805
21.65 0.065793
21.66 0.059404
21.67 0.050505
21.68 0.038578
21.69 0.026963
21.7 0.016708
21.71 0.012473
21.72 0.0084644
21.73 0.003898
21.74 0.0040006
21.75 0.0016406
21.76 -0.00072478
21.77 -0.0032807
21.78 -0.0051235
21.79 -0.0087398
21.8 -0.013272
21.81 -0.014436
21.82 -0.013312
21.83 -0.012389
21.84 -0.011816
21.85 -0.0092309
21.86 -0.0059991
21.87 -0.0051877
21.88 -0.001943
21.89 5.5763e-005
21.9 0.00082269
21.91 0.0057495
21.92 0.0085468
21.93 0.010665
21.94 0.01251
21.95 0.015872
21.96 0.01896
21.97 0.019765
21.98 0.023749
21.99 0.024845
22 0.025896
22.01 0.025669
22.02 0.024222
22.03 0.020913
22.04 0.01716
22.05 0.01615
22.06 0.015068
22.07 0.013916
22.08 0.012665
22.09 0.013763
22.1 0.014903
22.11 0.010694
22.12 0.0079695
22.13 0.0078881
22.14 0.0051863
22.15 0.0017143
22.16 -0.0015824
22.17 -0.0070792
22.18 -0.011371
22.19 -0.0132
22.2 -0.015547
22.21 -0.015777
22.22 -0.012573
22.23 -0.0080266
22.24 -0.006358
22.25 -0.00128
22.26 0.0063758
22.27 0.01018
22.28 0.013303
22.29 0.013691
22.3 0.010923
22.31 0.0068763
22.32 0.0034598
22.33 -0.0022102
22.34 -0.0078827
22.35 -0.013977
22.36 -0.020568
22.37 -0.02312
22.38 -0.026789
22.39 -0.028671
22.4 -0.023829
22.41 -0.01725
22.42 -0.010233
22.43 -0.0051008
22.44 0.0018564
22.45 0.0049297
22.46 0.0021634
22.47 -0.0045669
22.48 -0.0092576
22.49 -0.016277
22.5 -0.019237
22.51 -0.021144
22.52 -0.022766
22.53 -0.020981
22.54 -0.016111
22.55 -0.01298
22.56 -0.013529
22.57 -0.013827
22.58 -0.017786
22.59 -0.0211
22.6 -0.022807
22.61 -0.024422
22.62 -0.024036
22.63 -0.022682
22.64 -0.018328
22.65 -0.014306
22.66 -0.014221
22.67 -0.014069
22.68 -0.013767
22.69 -0.013545
22.7 -0.012481
22.71 -0.0077249
22.72 -0.0053088
22.73 -0.003004
22.74 0.0014806
22.75 0.0058895
22.76 0.008421
22.77 0.0092417
22.78 0.01273
22.79 0.013396
22.8 0.010961
22.81 0.005626
22.82 -0.00041784
22.83 -0.0080509
22.84 -0.015665
22.85 -0.021046
22.86 -0.027588
22.87 -0.031551
22.88 -0.035358
22.89 -0.037423
22.9 -0.038116
22.91 -0.040204
22.92 -0.04277
22.93 -0.04172
22.94 -0.039694
22.95 -0.03825
22.96 -0.036631
22.97 -0.034937
22.98 -0.033398
22.99 -0.030466
23 -0.023992
23.01 -0.017574
23.02 -0.013465
23.03 -0.0073833
23.04 -0.0057143
23.05 -0.0039271
23.06 0.001312
23.07 0.0037141
23.08 0.0087955
23.09 0.012649
23.1 0.018839
23.11 0.022791
23.12 0.028382
23.13 0.02925
23.14 0.026821
23.15 0.024965
23.16 0.02339
23.17 0.01648
23.18 0.010365
23.19 0.002579
23.2 -0.0075783
23.21 -0.012383
23.22 -0.019296
23.23 -0.022845
23.24 -0.021766
23.25 -0.023211
23.26 -0.028699
23.27 -0.028126
23.28 -0.026433
23.29 -0.02233
23.3 -0.017478
23.31 -0.01355
23.32 -0.0080567
23.33 -0.0027433
23.34 0.006451
23.35 0.012323
23.36 0.016851
23.37 0.02204
23.38 0.023293
23.39 0.0214
23.4 0.01771
23.41 0.016939
23.42 0.012836
23.43 0.0061741
23.44 9.7934e-005
23.45 -0.0043613
23.46 -0.004987
23.47 -0.0053384
23.48 -0.0037511
23.49 0.0018853
23.5 0.0014108
23.51 0.0059139
23.52 0.015305
23.53 0.02163
23.54 0.020759
23.55 0.015048
23.56 0.0039094
23.57 -0.0070592
23.58 -0.019434
23.59 -0.027161
23.6 -0.035489
23.61 -0.040694
23.62 -0.039087
23.63 -0.037074
23.64 -0.033216
23.65 -0.029814
23.66 -0.024662
23.67 -0.018605
23.68 -0.01327
23.69 -0.0086151
23.7 -0.0068979
23.71 -0.0025398
23.72 0.00012297
23.73 -0.00050653
23.74 -0.0043656
23.75 -0.009919
23.76 -0.019208
23.77 -0.024687
23.78 -0.028451
23.79 -0.031778
23.8 -0.033172
23.81 -0.032654
23.82 -0.03235
23.83 -0.033868
23.84 -0.032243
23.85 -0.03053
23.86 -0.027282
23.87 -0.018832
23.88 -0.011855
23.89 -0.0048663
23.9 0.0052775
23.91 0.0083086
23.92 0.0072602
23.93 0.0072863
23.94 0.0070484
23.95 0.0064166
23.96 0.0034138
23.97 0.0019733
23.98 0.0021135
23.99 0.0036829
24 0.0060909
24.01 0.005653
24.02 0.0059821
24.03 0.0078077
24.04 0.0056379
24.05 0.0042527
24.06 0.0048148
24.07 0.003165
24.08 -0.0020405
24.09 -0.0070025
24.1 -0.010517
24.11 -0.015658
24.12 -0.018749
24.13 -0.023285
24.14 -0.024149
24.15 -0.022287
24.16 -0.02294
24.17 -0.024036
24.18 -0.021566
24.19 -0.019755
24.2 -0.012455
24.21 -0.0056784
24.22 0.00016125
24.23 0.0070654
24.24 0.013765
24.25 0.019587
24.26 0.024194
24.27 0.027539
24.28 0.032329
24.29 0.034117
24.3 0.032935
24.31 0.029706
24.32 0.026498
24.33 0.022329
24.34 0.019095
24.35 0.012727
24.36 0.0069975
24.37 -0.0041275
24.38 -0.014242
24.39 -0.022895
24.4 -0.030515
24.41 -0.035596
24.42 -0.039397
24.43 -0.037897
24.44 -0.034895
24.45 -0.034916
24.46 -0.030999
24.47 -0.026849
24.48 -0.023357
24.49 -0.014167
24.5 -0.0024061
24.51 0.0067669
24.52 0.0085156
24.53 0.01673
24.54 0.023888
24.55 0.0232
24.56 0.028328
24.57 0.03283
24.58 0.037179
24.59 0.037656
24.6 0.031281
24.61 0.026718
24.62 0.026761
24.63 0.025075
24.64 0.021045
24.65 0.022417
24.66 0.024823
24.67 0.023808
24.68 0.023271
24.69 0.022812
24.7 0.020667
24.71 0.015177
24.72 0.012859
24.73 0.0093477
24.74 0.0054605
24.75 0.0054045
24.76 0.0061314
24.77 0.009031
24.78 0.013835
24.79 0.016424
24.8 0.022974
24.81 0.028305
24.82 0.029512
24.83 0.02826
24.84 0.027562
24.85 0.026749
24.86 0.024275
24.87 0.018551
24.88 0.013236
24.89 0.0086763
24.9 0.0055486
24.91 -0.00017099
24.92 -0.0023158
24.93 -0.0061488
24.94 -0.0070778
24.95 -0.0061157
24.96 -0.0050485
24.97 -0.0048198
24.98 -0.0036523
24.99 -0.0026416
25 0.0043954
25.01 0.0085739
25.02 0.017275
25.03 0.022813
25.04 0.026915
25.05 0.029568
25.06 0.028669
25.07 0.027211
25.08 0.026811
25.09 0.020805
25.1 0.015439
25.11 0.0097584
25.12 0.0054827
25.13 -0.0031373
25.14 -0.0090237
25.15 -0.012377
25.16 -0.015351
25.17 -0.013396
25.18 -0.012702
25.19 -0.0095334
25.2 -0.0042458
25.21 0.0048082
25.22 0.014808
25.23 0.024768
25.24 0.029974
25.25 0.033688
25.26 0.036731
25.27 0.035407
25.28 0.031826
25.29 0.024882
25.3 0.020832
25.31 0.016115
25.32 0.012513
25.33 0.012617
25.34 0.011315
25.35 0.012539
25.36 0.014317
25.37 0.016571
25.38 0.01712
25.39 0.016827
25.4 0.013205
25.41 0.0074976
25.42 0.0017654
25.43 -0.0023995
25.44 -0.0076902
25.45 -0.011644
25.46 -0.016283
25.47 -0.01738
25.48 -0.015667
25.49 -0.019949
25.5 -0.022503
25.51 -0.020437
25.52 -0.020104
25.53 -0.023831
25.54 -0.02496
25.55 -0.022509
25.56 -0.015579
25.57 -0.011927
25.58 -0.01054
25.59 -0.0042779
25.6 -0.0010092
25.61 0.0018522
25.62 0.003803
25.63 0.0038025
25.64 0.005619
25.65 0.0084673
25.66 0.0083114
25.67 0.0083444
25.68 0.0085026
25.69 0.008334
25.7 0.0081144
25.71 0.008127
25.72 0.0079342
25.73 0.007983
25.74 0.0078101
25.75 0.0080551
25.76 0.0059565
25.77 0.0034069
25.78 0.0010356
25.79 -0.00045962
25.8 0.00043749
25.81 -0.0022958
25.82 -0.0073983
25.83 -0.0070452
25.84 -0.0056767
25.85 -0.0056146
25.86 -0.0045489
25.87 -0.004285
25.88 -0.0012721
25.89 -0.00094532
25.9 2.7091e-005
25.91 0.0015792
25.92 -0.0012969
25.93 -0.0012735
25.94 -0.0024239
25.95 -0.006775
25.96 -0.0077967
25.97 -0.0064741
25.98 -0.0048552
25.99 0.00041132
26 0.0056894
26.01 0.013291
26.02 0.020159
26.03 0.028153
26.04 0.034319
26.05 0.036781
26.06 0.04217
26.07 0.042205
26.08 0.039768
26.09 0.03771
26.1 0.034798
26.11 0.026287
26.12 0.017418
26.13 0.0059635
26.14 -0.0057896
26.15 -0.015276
26.16 -0.022664
26.17 -0.026791
26.18 -0.027415
26.19 -0.025696
26.2 -0.018637
26.21 -0.013268
26.22 -0.0046777
26.23 0.0060856
26.24 0.012904
26.25 0.017325
26.26 0.0236
26.27 0.02418
26.28 0.023763
26.29 0.025489
26.3 0.023858
26.31 0.021778
26.32 0.01737
26.33 0.015508
26.34 0.012719
26.35 0.0066324
26.36 0.00091845
26.37 -0.003367
26.38 -0.0046421
26.39 -0.0047366
26.4 -0.0052287
26.41 -0.0054096
26.42 -0.0054772
26.43 -0.0055234
26.44 -0.0055243
26.45 -0.0058594
26.46 -0.0038002
26.47 0.00078879
26.48 0.0047531
26.49 0.0055296
26.5 0.010101
26.51 0.015497
26.52 0.016532
26.53 0.016686
26.54 0.012376
26.55 0.0095914
26.56 0.0077161
26.57 0.0019951
26.58 -0.0061133
26.59 -0.015789
26.6 -0.019786
26.61 -0.024796
26.62 -0.026435
26.63 -0.025057
26.64 -0.022381
26.65 -0.01703
26.66 -0.015045
26.67 -0.011138
26.68 -0.0061331
26.69 -0.003375
26.7 -0.0039173
26.71 -0.0015665
26.72 -0.0004082
26.73 -0.0014077
26.74 -0.0018576
26.75 -0.0044599
26.76 -0.0074166
26.77 -0.0073772
26.78 -0.0085262
26.79 -0.011899
26.8 -0.012891
26.81 -0.012288
26.82 -0.012606
26.83 -0.012685
26.84 -0.012338
26.85 -0.0078746
26.86 -0.0051024
26.87 -0.0032308
26.88 0.0011656
26.89 0.0077625
26.9 0.0097283
26.91 0.011758
26.92 0.017513
26.93 0.02302
26.94 0.025157
26.95 0.023851
26.96 0.021725
26.97 0.018026
26.98 0.01115
26.99 0.0018225
27 -0.0088794
27.01 -0.021563
27.02 -0.031453
27.03 -0.041176
27.04 -0.04613
27.05 -0.044671
27.06 -0.043228
27.07 -0.039481
27.08 -0.037407
27.09 -0.036885
27.1 -0.033658
27.11 -0.030518
27.12 -0.030219
27.13 -0.029539
27.14 -0.028801
27.15 -0.028071
27.16 -0.027525
27.17 -0.029462
27.18 -0.033137
27.19 -0.034636
27.2 -0.039281
27.21 -0.038448
27.22 -0.040797
27.23 -0.04354
27.24 -0.040982
27.25 -0.039289
27.26 -0.034827
27.27 -0.027759
27.28 -0.021264
27.29 -0.011709
27.3 -0.0068475
27.31 -0.00075945
27.32 0.0054638
27.33 0.0072887
27.34 0.0091224
27.35 0.010137
27.36 0.0091267
27.37 0.0082158
27.38 0.0075388
27.39 0.0049062
27.4 0.0021583
27.41 0.0011934
27.42 -0.0046887
27.43 -0.0077154
27.44 -0.011353
27.45 -0.015687
27.46 -0.022066
27.47 -0.027602
27.48 -0.033098
27.49 -0.035034
27.5 -0.034656
27.51 -0.034884
27.52 -0.032357
27.53 -0.027498
27.54 -0.023438
27.55 -0.017144
27.56 -0.0063464
27.57 0.00095924
27.58 0.0054798
27.59 0.0074123
27.6 0.010318
27.61 0.009497
27.62 0.0050025
27.63 0.00084887
27.64 -0.0027253
27.65 -0.0072626
27.66 -0.012085
27.67 -0.011713
27.68 -0.0097385
27.69 -0.0088351
27.7 -0.0046488
27.71 0.00083829
27.72 0.0058157
27.73 0.010019
27.74 0.014526
27.75 0.016411
27.76 0.018213
27.77 0.019281
27.78 0.017038
27.79 0.016123
27.8 0.015792
27.81 0.013546
27.82 0.010973
27.83 0.0092308
27.84 0.0072775
27.85 0.0066928
27.86 0.0072688
27.87 0.0051331
27.88 0.0041531
27.89 0.0047653
27.9 0.0051863
27.91 0.0054648
27.92 0.0060469
27.93 0.0063057
27.94 0.0066324
27.95 0.0068854
27.96 0.0071195
27.97 0.0087044
27.98 0.01084
27.99 0.010829
28 0.012848
28.01 0.014465
28.02 0.015933
28.03 0.015902
28.04 0.013745
28.05 0.012056
28.06 0.012117
28.07 0.011734
28.08 0.011525
28.09 0.01112
28.1 0.011044
28.11 0.0089342
28.12 0.0072964
28.13 0.0064823
28.14 0.005936
28.15 0.0028481
28.16 0.0027655
28.17 0.0036105
28.18 0.0037286
28.19 0.0045804
28.2 0.0076258
28.21 0.010943
28.22 0.013753
28.23 0.018204
28.24 0.022846
28.25 0.023995
28.26 0.025868
28.27 0.024967
28.28 0.022954
28.29 0.018275
28.3 0.013092
28.31 0.009054
28.32 0.0038473
28.33 0.00070257
28.34 -0.0017955
28.35 -0.0043123
28.36 -0.0045314
28.37 -0.0045135
28.38 -0.0046117
28.39 -0.0029192
28.4 0.00034404
28.41 0.002501
28.42 0.0027767
28.43 0.0042823
28.44 0.0048819
28.45 0.0035137
28.46 0.0034391
28.47 0.0045696
28.48 0.004213
28.49 0.0045651
28.5 0.0058454
28.51 0.0057942
28.52 0.0052348
28.53 0.0051073
28.54 0.005138
28.55 0.0063035
28.56 0.0054652
28.57 0.0037934
28.58 0.0035277
28.59 0.0032991
28.6 0.0017773
28.61 0.0011558
28.62 0.001337
28.63 0.0011577
28.64 0.0020818
28.65 0.0027192
28.66 0.0023458
28.67 0.0025673
28.68 0.0035277
28.69 0.0032921
28.7 0.0028796
28.71 0.0017074
28.72 0.00096905
28.73 0.00021224
28.74 -0.0018646
28.75 -0.0019937
28.76 -0.0024416
28.77 -0.0038229
28.78 -0.0038431
28.79 -0.0036653
28.8 -0.0036929
28.81 -0.0026821
28.82 -0.0015817
28.83 -0.00083249
28.84 -0.00081975
28.85 -0.00029913
28.86 0.00015759
28.87 -0.00033057
28.88 -0.00034666
28.89 0.00051198
28.9 0.00016162
28.91 -0.00012839
28.92 4.9363e-006
28.93 0.00012565
28.94 -0.00031071
28.95 -0.00061595
28.96 -0.00042791
28.97 -0.00042218
28.98 -0.0011116
28.99 -0.0015134
29 -0.0012215
29.01 -0.001366
29.02 -0.0013913
29.03 -0.00052479
29.04 -0.00039588
29.05 -0.00042198
29.06 0.00013133
29.07 0.00030822
29.08 0.00043108
29.09 0.00092474
29.1 0.0011017
29.11 0.0010381
29.12 0.001085
29.13 0.00079976
29.14 0.00062143
29.15 0.00067097
29.16 0.00073489
29.17 0.0005549
29.18 0.00051593
29.19 0.00077482
29.2 0.0010177
29.21 0.0013042
29.22 0.0014035
29.23 0.0017758
29.24 0.0019682
29.25 0.0019964
29.26 0.0018343
29.27 0.0015292
29.28 0.0012531
29.29 0.00094038
29.3 0.0003685
29.31 -7.8893e-005
29.32 -0.00040829
29.33 -0.000903
29.34 -0.001034
29.35 -0.0011603
29.36 -0.0012504
29.37 -0.0012747
29.38 -0.0012807
29.39 -0.0012976
29.4 -0.0012764
29.41 -0.0011626
29.42 -0.0010401
29.43 -0.00094395
29.44 -0.00087953
29.45 -0.00080874
29.46 -0.00073462
29.47 -0.00072624
29.48 -0.00070378
29.49 -0.00066746
29.5 -0.00069814
29.51 -0.00073127
29.52 -0.00078393
29.53 -0.00086984
29.54 -0.00093224
29.55 -0.0010204
29.56 -0.0010814
29.57 -0.0011381
29.58 -0.0011836
29.59 -0.0011914
29.6 -0.0011892
29.61 -0.0011875
29.62 -0.0011749
29.63 -0.0011507
29.64 -0.0011337
29.65 -0.0011299
29.66 -0.0011238
29.67 -0.0011254
29.68 -0.0011315
29.69 -0.001123
29.7 -0.0011124
29.71 -0.0010992
29.72 -0.0010838
29.73 -0.0010648
29.74 -0.0010442
29.75 -0.0010206
29.76 -0.00099522
29.77 -0.00096707
29.78 -0.00093643
29.79 -0.00090478
29.8 -0.00087243
29.81 -0.00083763
29.82 -0.00080151
29.83 -0.00076344
29.84 -0.00072387
29.85 -0.00068317
29.86 -0.00064141
29.87 -0.00059837
29.88 -0.00055455
29.89 -0.00050955
29.9 -0.00046377
29.91 -0.00041712
29.92 -0.00036995
29.93 -0.00032223
29.94 -0.00027417
29.95 -0.00022579
