0.01 -0.0016394
0.02 -0.0013383
0.03 -0.001609
0.04 -0.0014182
0.05 0.00053809
0.06 -0.0009363
0.07 -0.0018088
0.08 -0.0012469
0.09 -0.001668
0.1 -0.001387
0.11 0.00053422
0.12 -0.00097529
0.13 0.00028882
0.14 -0.00069906
0.15 -0.0021032
0.16 0.0011771
0.17 0.00034474
0.18 0.0023261
0.19 0.00036016
0.2 0.00022492
0.21 0.0012232
0.22 0.00071681
0.23 0.0011032
0.24 -0.0013041
0.25 0.00050169
0.26 0.001184
0.27 -0.0013587
0.28 -0.0014338
0.29 -0.0016041
0.3 0.00067312
0.31 0.0010344
0.32 -0.0012375
0.33 0.00046802
0.34 0.0011553
0.35 0.00074925
0.36 0.0010353
0.37 0.000875
0.38 -0.0011461
0.39 0.00041391
0.4 0.0011965
0.41 -0.001276
0.42 -0.001667
0.43 0.00087103
0.44 -0.0014761
0.45 0.0015736
0.46 0.0029279
0.47 -0.001601
0.48 -0.001661
0.49 0.0016495
0.5 0.00078697
0.51 -8.0557e-005
0.52 0.0014393
0.53 -0.0013642
0.54 -0.0017603
0.55 0.0017157
0.56 0.00073783
0.57 -2.9386e-005
0.58 0.0013701
0.59 0.00071326
0.6 -0.0010922
0.61 0.00044776
0.62 0.0010699
0.63 0.00094464
0.64 0.00065892
0.65 0.0020033
0.66 0.0027207
0.67 0.00049891
0.68 0.0011361
0.69 0.00072995
0.7 0.0016279
0.71 0.0040004
0.72 0.0019743
0.73 -0.00026249
0.74 0.0023057
0.75 0.00071086
0.76 0.00096682
0.77 0.00093688
0.78 0.00086181
0.79 0.00098736
0.8 0.00086714
0.81 -0.0010487
0.82 -0.0017858
0.83 0.00080743
0.84 0.0009079
0.85 -0.0010831
0.86 -0.001745
0.87 0.00075288
0.88 0.00098877
0.89 -0.0011979
0.9 -0.0015639
0.91 -0.0015286
0.92 0.00069347
0.93 -0.001122
0.94 -0.0015683
0.95 -0.001528
0.96 -0.0013071
0.97 -0.0018838
0.98 -0.00024354
0.99 9.266e-005
1 0.00044892
1.01 -0.001166
1.02 -0.00078462
1.03 0.0027214
1.04 -0.0017022
1.05 -0.0012807
1.06 -0.0016467
1.07 -0.0013857
1.08 0.00046014
1.09 0.0012026
1.1 0.00066106
1.11 -0.00079332
1.12 -0.0022226
1.13 0.0020809
1.14 0.00043092
1.15 0.00019533
1.16 0.0012237
1.17 0.00073229
1.18 0.0010584
1.19 -0.0012386
1.2 -0.0015745
1.21 -0.001484
1.22 0.00061263
1.23 -0.0010574
1.24 0.00039223
1.25 -0.00089664
1.26 0.00023702
1.27 -0.00070577
1.28 -0.0020147
1.29 -0.0010566
1.3 -0.001864
1.31 -0.0011717
1.32 -0.0017584
1.33 -0.0012817
1.34 -0.0016227
1.35 -0.001472
1.36 0.00064467
1.37 -0.0011508
1.38 0.00052457
1.39 -0.0010703
1.4 0.00042954
1.41 -0.00091952
1.42 -0.0018423
1.43 0.00082116
1.44 -0.0011448
1.45 0.00022457
1.46 0.0021356
1.47 0.0026975
1.48 -0.0016258
1.49 0.00064641
1.5 0.0010628
1.51 0.00063163
1.52 0.0019007
1.53 0.002909
1.54 8.03e-005
1.55 0.0023224
1.56 0.0024379
1.57 -0.00076193
1.58 0.0015002
1.59 -0.00026012
1.6 0.00049737
1.61 -0.0010473
1.62 0.00032709
1.63 0.0012401
1.64 0.00062326
1.65 0.001145
1.66 0.00066865
1.67 0.0011102
1.68 0.000699
1.69 0.0010753
1.7 0.00075944
1.71 -0.0010009
1.72 -0.0018635
1.73 0.00084005
1.74 0.00084519
1.75 -0.0010957
1.76 0.00029873
1.77 -0.00071429
1.78 -0.0002076
1.79 0.0025611
1.8 0.0021951
1.81 -0.0010198
1.82 -0.0022384
1.83 0.0021403
1.84 0.00028465
1.85 -0.0016513
1.86 0.00018959
1.87 0.0024317
1.88 9.2642e-006
1.89 0.0013335
1.9 0.0029687
1.91 -0.0017057
1.92 -0.0014749
1.93 0.00059165
1.94 0.00094788
1.95 -0.0010883
1.96 6.5364e-005
1.97 0.00033632
1.98 -0.00042092
1.99 0.0014851
2 0.0029197
2.01 0.00020135
2.02 2.0905e-005
2.03 0.0021727
2.04 0.00072331
2.05 -0.0011374
2.06 0.00034737
2.07 0.00117
2.08 0.00071874
2.09 -0.0010817
2.1 0.0003127
2.11 -0.00082071
2.12 -0.0019792
2.13 -0.0011415
2.14 -0.0018486
2.15 -0.0012667
2.16 0.00028326
2.17 0.0012614
2.18 0.00058943
2.19 -0.00094524
2.2 0.00013322
2.21 -0.0005839
2.22 -0.0023994
2.23 0.0020495
2.24 0.0025662
2.25 -0.0015716
2.26 0.0006003
2.27 -0.0010648
2.28 -0.0017719
2.29 -0.0013856
2.3 0.00038505
2.31 0.0011927
2.32 -0.0014254
2.33 -0.0015105
2.34 -0.0015556
2.35 -0.0015304
2.36 -0.0015253
2.37 0.00042087
2.38 0.0012736
2.39 -0.0017557
2.4 0.00166
2.41 0.0028137
2.42 -0.0017002
2.43 -0.0014644
2.44 0.00050683
2.45 -0.0010128
2.46 -0.0018804
2.47 0.00078298
2.48 0.00076804
2.49 0.001034
2.5 -0.0014186
2.51 0.00058275
2.52 -0.0011074
2.53 -0.0017945
2.54 0.00071344
2.55 -0.0011723
2.56 -0.0017591
2.57 0.00065354
2.58 0.00095457
2.59 -0.0012923
2.6 0.00040806
2.61 0.0010702
2.62 0.00074931
2.63 -0.0011615
2.64 0.00033319
2.65 -0.00089553
2.66 -0.0019537
2.67 -0.0012615
2.68 0.00022823
2.69 0.0013067
2.7 -0.0015973
2.71 0.00062474
2.72 0.00098595
2.73 -0.0014114
2.74 0.00065009
2.75 -0.0014313
2.76 0.0013976
2.77 0.0029425
2.78 0.00024417
2.79 -0.00088926
2.8 0.00011896
2.81 0.0012526
2.82 0.00061066
2.83 -0.0010895
2.84 0.00025974
2.85 0.0011075
2.86 -0.00073819
2.87 0.0013885
2.88 0.0018199
2.89 0.00080687
2.9 0.00085711
2.91 0.00071174
2.92 0.0016347
2.93 0.0016849
2.94 -0.00035131
2.95 -0.0016653
2.96 -0.001585
2.97 0.00050158
2.98 0.00099821
2.99 0.00072243
3 -0.0010731
3.01 -0.0019407
3.02 -0.0011481
3.03 -0.0021813
3.04 0.0018514
3.05 0.0025837
3.06 -0.0015441
3.07 0.0002466
3.08 0.0020974
3.09 0.00042732
3.1 -2.401e-005
3.11 0.0012902
3.12 0.00049777
3.13 -0.00089649
3.14 -0.00021429
3.15 0.0025193
3.16 -0.00010379
3.17 0.0012455
3.18 0.0029509
3.19 0.00018734
3.2 -0.0008157
3.21 -0.0020796
3.22 -0.0011717
3.23 2.0626e-006
3.24 0.00014257
3.25 -0.00010312
3.26 -0.0018986
3.27 0.0012111
3.28 0.0040901
3.29 -0.00033354
3.3 0.0011461
3.31 0.0038897
3.32 9.3003e-005
3.33 -0.0020135
3.34 0.00075521
3.35 0.00074023
3.36 -0.0010703
3.37 -0.0020784
3.38 -0.00041816
3.39 0.0022602
3.4 -0.0015014
3.41 -0.0016919
3.42 0.00058524
3.43 -0.0011701
3.44 -0.0018572
3.45 0.00069579
3.46 -0.0012753
3.47 -0.0017065
3.48 -0.0015309
3.49 -0.0016412
3.5 -0.0015609
3.51 -0.001631
3.52 -0.0015457
3.53 -0.0016911
3.54 0.00058104
3.55 -0.0012145
3.56 0.00026518
3.57 -0.00085323
3.58 -0.0022876
3.59 -0.00017599
3.6 -0.00012577
3.61 0.00034576
3.62 -0.0011438
3.63 -0.0017857
3.64 0.00048639
3.65 0.0010683
3.66 -0.0015899
3.67 0.00067215
3.68 -0.0013892
3.69 -0.0015145
3.7 -0.0019157
3.71 -0.00053636
3.72 0.0023025
3.73 -0.0015644
3.74 -0.0016446
3.75 -0.0015442
3.76 -0.0016896
3.77 -0.0015241
3.78 -0.0016795
3.79 -0.0015992
3.8 0.00048235
3.81 -0.0011878
3.82 0.00028184
3.83 -0.0010322
3.84 0.00012146
3.85 -0.00082643
3.86 -0.0021806
3.87 -0.0010721
3.88 -0.0022657
3.89 -0.00023436
3.9 -4.3708e-005
3.91 -0.0018643
3.92 -0.0015483
3.93 -0.0016084
3.94 -0.0017137
3.95 0.0005785
3.96 -0.0012571
3.97 -0.0017386
3.98 -0.0016232
3.99 0.00048844
4 -0.0011666
4.01 -0.0018537
4.02 -0.0014474
4.03 -0.0017784
4.04 -0.0014624
4.05 -0.0018385
4.06 0.0006744
4.07 -0.0013769
4.08 0.00037858
4.09 0.00093536
4.1 0.0006746
4.11 0.00083516
4.12 0.00071985
4.13 0.00084529
4.14 -0.0013465
4.15 0.00025355
4.16 0.0011514
4.17 -0.0016573
4.18 -0.0013714
4.19 -0.0021236
4.2 0.0016832
4.21 0.0025761
4.22 -0.0011354
4.23 0.0035893
4.24 0.0020947
4.25 -0.0013861
4.26 -0.0019126
4.27 0.00076573
4.28 -0.0015364
4.29 0.00059028
4.3 0.0005502
4.31 0.0018041
4.32 0.0026669
4.33 -0.0018571
4.34 0.00061058
4.35 -0.0012151
4.36 -0.0019874
4.37 -0.00069836
4.38 0.0030283
4.39 0.0033343
4.4 0.0023763
4.41 -0.0017163
4.42 -0.0014856
4.43 -0.0019269
4.44 -0.00065291
4.45 0.0023916
4.46 -0.0017713
4.47 0.00052589
4.48 0.00087702
4.49 0.000536
4.5 0.0016495
4.51 0.001459
4.52 0.001785
4.53 -0.0013647
4.54 -0.0018512
4.55 0.00056634
4.56 0.00077203
4.57 0.00079213
4.58 -0.0013294
4.59 -0.0018159
4.6 -0.0014798
4.61 -0.0019412
4.62 0.0013089
4.63 0.0036412
4.64 0.0027786
4.65 0.0035711
4.66 0.0021116
4.67 -0.0014444
4.68 -0.0018507
4.69 -0.0014293
4.7 5.1913e-006
4.71 0.0020315
4.72 0.0029895
4.73 0.0036266
4.74 -0.00016519
4.75 -0.0015695
4.76 -0.0027431
4.77 -0.00337
4.78 -0.0014892
4.79 0.0010889
4.8 0.0037021
4.81 0.0028795
4.82 0.0027291
4.83 -0.002126
4.84 -0.00059116
4.85 0.0030051
4.86 0.00067786
4.87 -0.0033948
4.88 -0.0030286
4.89 -0.0015941
4.9 -0.001559
4.91 -0.0018348
4.92 -0.0014586
4.93 6.6191e-005
4.94 -0.0001344
4.95 0.002569
4.96 0.0037628
4.97 0.0018218
4.98 -0.001017
4.99 -0.0030684
5 -0.0031737
5.01 -0.0015436
5.02 -0.0015686
5.03 -0.0019297
5.04 -0.00082122
5.05 0.0036678
5.06 0.0082922
5.07 0.0069731
5.08 0.00072371
5.09 -0.0034141
5.1 -0.0030831
5.11 -0.0010016
5.12 0.0035927
5.13 0.0018423
5.14 -0.00056011
5.15 0.0028405
5.16 0.0034775
5.17 0.0021484
5.18 -0.001528
5.19 -0.0017637
5.2 -0.0016433
5.21 0.000378
5.22 -0.0011718
5.23 -0.0019191
5.24 -0.0016382
5.25 0.00099503
5.26 0.0038941
5.27 0.0024195
5.28 0.0044809
5.29 0.0047819
5.3 0.0027356
5.31 0.0030365
5.32 -0.0058059
5.33 -0.010796
5.34 -0.0057808
5.35 -0.00084544
5.36 0.0029363
5.37 0.0034981
5.38 0.001863
5.39 0.0016624
5.4 0.00037848
5.41 0.00048885
5.42 0.0042104
5.43 0.0016625
5.44 -0.0011412
5.45 -0.0022696
5.46 0.0015573
5.47 0.0033027
5.48 0.0031623
5.49 0.00048401
5.5 -0.0051685
5.51 -0.0066281
5.52 -0.0060211
5.53 0.0014421
5.54 0.0032828
5.55 0.0032678
5.56 0.00019326
5.57 -0.0021691
5.58 -0.0013816
5.59 -0.0020236
5.6 0.0011714
5.61 0.0043914
5.62 0.0070146
5.63 0.0030473
5.64 0.0033081
5.65 0.0023451
5.66 -0.0042453
5.67 -0.010234
5.68 -0.0079268
5.69 -0.00030805
5.7 0.0026712
5.71 0.0039352
5.72 0.0085445
5.73 0.012953
5.74 0.0093922
5.75 -0.0012208
5.76 -0.0064771
5.77 -0.0087191
5.78 -0.0068031
5.79 -0.004531
5.8 -0.0030815
5.81 -0.0016019
5.82 -0.0011504
5.83 0.0059416
5.84 0.0086752
5.85 0.0040658
5.86 -0.0048218
5.87 -0.0070638
5.88 -0.0034625
5.89 0.0012722
5.9 0.0043367
5.91 0.0075869
5.92 0.0077624
5.93 -0.0008995
5.94 -0.0071991
5.95 -0.01234
5.96 -0.013193
5.97 -0.0082724
5.98 -0.0032267
5.99 -0.0015113
6 -0.001742
6.01 0.0001589
6.02 0.0017589
6.03 0.0031532
6.04 0.0033037
6.05 9.8759e-005
6.06 -0.0021181
6.07 -0.0015463
6.08 -0.0017369
6.09 -0.0023338
6.1 -0.0068227
6.11 -0.0035977
6.12 -0.0010146
6.13 -0.0050923
6.14 -0.0060001
6.15 -0.0012353
6.16 0.0087357
6.17 0.014428
6.18 0.016445
6.19 0.01005
6.2 0.0046982
6.21 -0.00062833
6.22 -0.0077806
6.23 -0.011061
6.24 -0.011487
6.25 -0.010865
6.26 -0.002795
6.27 0.0033992
6.28 0.0055259
6.29 0.0088161
6.3 0.0070105
6.31 0.0088512
6.32 0.0040814
6.33 0.0017291
6.34 -0.0040589
6.35 -0.0029855
6.36 0.00079623
6.37 -0.0032213
6.38 -0.006371
6.39 -0.0034971
6.4 0.0094381
6.41 0.015963
6.42 0.017523
6.43 0.0059974
6.44 -0.0055334
6.45 -0.0059898
6.46 0.001032
6.47 0.0062583
6.48 0.0084351
6.49 0.0041367
6.5 -0.0029503
6.51 -0.0063409
6.52 -0.0066669
6.53 -0.0065465
6.54 -0.0060901
6.55 0.0012427
6.56 0.0034947
6.57 0.0021405
6.58 -0.0018569
6.59 -0.0010193
6.6 0.0030935
6.61 0.004864
6.62 0.0064539
6.63 0.0080639
6.64 0.0076577
6.65 0.008059
6.66 0.0069705
6.67 0.0030534
6.68 0.0029431
6.69 0.0056114
6.7 0.011429
6.71 0.01007
6.72 0.0039662
6.73 -0.0056988
6.74 -0.011813
6.75 -0.011076
6.76 -0.0093201
6.77 0.00063088
6.78 0.011088
6.79 0.012759
6.8 0.00089671
6.81 -0.007384
6.82 -0.0059947
6.83 -0.0097765
6.84 -0.011326
6.85 -0.0027446
6.86 0.0059775
6.87 0.0085856
6.88 0.0042522
6.89 0.0057819
6.9 0.0083098
6.91 0.0049995
6.92 -0.00051768
6.93 -0.0013202
6.94 0.0057267
6.95 0.011154
6.96 0.012904
6.97 0.0093881
6.98 -0.0019521
6.99 -0.01236
7 -0.01408
7.01 -0.015725
7.02 -0.012625
7.03 -0.0090693
7.04 0.0051148
7.05 0.013566
7.06 0.011279
7.07 0.0056064
7.08 -0.00093902
7.09 -0.0015008
7.1 -0.0023735
7.11 -0.0010193
7.12 -0.0060098
7.13 -0.011462
7.14 -0.011713
7.15 -0.0083722
7.16 -0.0064311
7.17 -0.0041039
7.18 0.0016189
7.19 0.0032088
7.2 0.0021706
7.21 -0.0019422
7.22 -0.0016663
7.23 -0.0025491
7.24 -0.0074293
7.25 -0.011472
7.26 -0.011025
7.27 -0.0029303
7.28 0.0033793
7.29 0.0046934
7.3 0.0037404
7.31 0.0022909
7.32 0.0040514
7.33 0.0099898
7.34 0.016465
7.35 0.015963
7.36 0.0043172
7.37 -0.0028902
7.38 0.0019147
7.39 0.0013379
7.4 -0.0061303
7.41 -0.0008489
7.42 0.0021354
7.43 -0.002499
7.44 -0.0071084
7.45 -0.0028702
7.46 0.0032689
7.47 0.0032689
7.48 0.0083045
7.49 0.0035898
7.5 -0.013679
7.51 -0.021965
7.52 -0.017451
7.53 -0.0073944
7.54 -0.001807
7.55 0.00077103
7.56 0.0060775
7.57 0.011008
7.58 0.010025
7.59 0.0064988
7.6 -0.00015689
7.61 -0.0085029
7.62 -0.0081116
7.63 -0.0040591
7.64 0.0022556
7.65 0.0079984
7.66 0.0073313
7.67 0.0083746
7.68 0.001117
7.69 -0.010444
7.7 -0.011763
7.71 -0.0076252
7.72 0.0074065
7.73 0.011916
7.74 0.0042567
7.75 -0.0017871
7.76 -0.013463
7.77 -0.017727
7.78 -0.011773
7.79 -0.007525
7.8 -0.011563
7.81 -0.010549
7.82 0.0025814
7.83 0.013666
7.84 0.014443
7.85 0.0090465
7.86 0.007918
7.87 0.016123
7.88 0.023261
7.89 0.026611
7.9 0.026631
7.91 0.017859
7.92 0.00059511
7.93 -0.019527
7.94 -0.03468
7.95 -0.041165
7.96 -0.033832
7.97 -0.019106
7.98 -0.004576
7.99 0.0068796
8 0.015612
8.01 0.017563
8.02 0.016535
8.03 0.012101
8.04 0.01355
8.05 0.016745
8.06 0.018551
8.07 0.01821
8.08 0.012051
8.09 0.0097885
8.1 -0.0051981
8.11 -0.019768
8.12 -0.020541
8.13 -0.0046515
8.14 0.0055954
8.15 0.0025208
8.16 -0.0032672
8.17 -0.0033976
8.18 -0.0047117
8.19 -0.006718
8.2 -0.00098518
8.21 0.0053595
8.22 0.0085394
8.23 0.0041758
8.24 0.0028216
8.25 0.00014326
8.26 -0.0058604
8.27 -0.014969
8.28 -0.013956
8.29 -0.0080874
8.3 -0.0066279
8.31 -0.0070292
8.32 -0.0039245
8.33 0.00056946
8.34 -0.0016826
8.35 -0.0048474
8.36 -0.0075508
8.37 -0.0035785
8.38 -0.0017278
8.39 -0.0022193
8.4 -0.0017529
8.41 -0.0044413
8.42 -0.0016676
8.43 0.0060062
8.44 0.017005
8.45 0.016444
8.46 0.0081127
8.47 -0.00097056
8.48 -0.0072752
8.49 -0.0066934
8.5 -0.0042257
8.51 -0.00086029
8.52 0.0058455
8.53 0.013665
8.54 0.0078718
8.55 0.0030568
8.56 -0.00077009
8.57 -0.010275
8.58 -0.011764
8.59 -0.011639
8.6 -0.012065
8.61 -0.017723
8.62 -0.017603
8.63 -0.0079275
8.64 0.0014416
8.65 0.0020335
8.66 -0.0018988
8.67 -0.0049232
8.68 -0.0075615
8.69 -0.0032681
8.7 0.0046164
8.71 0.015074
8.72 0.029398
8.73 0.036144
8.74 0.028155
8.75 0.015054
8.76 0.0040696
8.77 -0.00063506
8.78 -0.010822
8.79 -0.0076118
8.8 0.0068532
8.81 0.012726
8.82 0.008729
8.83 0.0013711
8.84 -0.0017587
8.85 -0.0019543
8.86 0.0065872
8.87 0.012857
8.88 0.0082123
8.89 -0.006975
8.9 -0.019865
8.91 -0.030498
8.92 -0.03274
8.93 -0.018702
8.94 0.00076395
8.95 0.017656
8.96 0.010986
8.97 0.0026397
8.98 0.003071
8.99 0.011171
9 0.020089
9.01 0.022712
9.02 0.017661
9.03 0.01247
9.04 0.0081718
9.05 -0.0067246
9.06 -0.020593
9.07 -0.026275
9.08 -0.026376
9.09 -0.021165
9.1 -0.017904
9.11 -0.013014
9.12 -0.0016038
9.13 0.0016914
9.14 0.011467
9.15 0.016874
9.16 0.0084875
9.17 -0.0010171
9.18 -0.010943
9.19 -0.017197
9.2 -0.012834
9.21 -0.0039262
9.22 0.0010292
9.23 0.00084358
9.24 0.0018768
9.25 0.0035369
9.26 0.010037
9.27 0.012986
9.28 0.009054
9.29 0.0039431
9.3 -0.0064192
9.31 -0.012528
9.32 -0.016666
9.33 -0.0039716
9.34 0.019471
9.35 0.029969
9.36 0.028635
9.37 0.014425
9.38 0.004299
9.39 0.0012896
9.4 -0.002121
9.41 -0.013958
9.42 -0.022249
9.43 -0.018096
9.44 -0.0043179
9.45 0.01102
9.46 0.012324
9.47 0.0088178
9.48 0.00093329
9.49 -0.0015294
9.5 -0.0036059
9.51 -0.0060736
9.52 0.0001307
9.53 0.0043037
9.54 0.0033657
9.55 -0.0038768
9.56 -0.011807
9.57 -0.002317
9.58 0.0077442
9.59 0.0014747
9.6 -0.015729
9.61 -0.02591
9.62 -0.020689
9.63 -0.01612
9.64 -0.0092538
9.65 -0.0031649
9.66 0.003541
9.67 0.0076086
9.68 0.012815
9.69 0.0078493
9.7 0.0030744
9.71 0.0077038
9.72 0.015433
9.73 0.013587
9.74 0.0035257
9.75 -0.007002
9.76 -0.017715
9.77 -0.021778
9.78 -0.017961
9.79 -0.0088579
9.8 -0.0035464
9.81 0.0063443
9.82 0.01475
9.83 0.010823
9.84 0.0015092
9.85 -0.00024628
9.86 -0.0017008
9.87 -0.0056682
9.88 -0.0044244
9.89 0.0092431
9.9 0.011926
9.91 0.015703
9.92 0.021657
9.93 0.010547
9.94 -0.0056633
9.95 -0.018092
9.96 -0.021126
9.97 -0.010037
9.98 0.0098699
9.99 0.019951
10 0.021987
10.01 0.02122
10.02 0.022063
10.03 0.017529
10.04 -0.00019661
10.05 -0.019216
10.06 -0.027361
10.07 -0.022646
10.08 -0.010795
10.09 0.0054809
10.1 0.008736
10.11 -0.0014306
10.12 -0.014366
10.13 -0.030797
10.14 -0.029418
10.15 -0.019502
10.16 -0.012244
10.17 -0.0086031
10.18 -0.018173
10.19 -0.029749
10.2 -0.027728
10.21 -0.011748
10.22 0.00057531
10.23 0.014147
10.24 0.024921
10.25 0.026601
10.26 0.025513
10.27 0.020843
10.28 0.016018
10.29 0.0091167
10.3 0.0058866
10.31 0.0018841
10.32 -0.0030161
10.33 -0.001371
10.34 0.0018189
10.35 0.0052445
10.36 0.01011
10.37 0.012552
10.38 0.010496
10.39 0.01015
10.4 0.014799
10.41 0.017121
10.42 0.0041007
10.43 -0.011147
10.44 -0.021158
10.45 -0.024072
10.46 -0.018028
10.47 -0.0055845
10.48 0.0077068
10.49 -0.0015119
10.5 -0.016092
10.51 -0.016403
10.52 -0.020616
10.53 -0.020326
10.54 -0.011844
10.55 -0.0036487
10.56 0.003017
10.57 0.010244
10.58 0.022693
10.59 0.027453
10.6 0.018916
10.61 -0.0011461
10.62 -0.025005
10.63 -0.039606
10.64 -0.040845
10.65 -0.03461
10.66 -0.023165
10.67 -0.004266
10.68 0.010706
10.69 0.017998
10.7 0.020045
10.71 0.017141
10.72 0.012772
10.73 0.0037689
10.74 0.0016673
10.75 0.00256
10.76 0.0011356
10.77 -0.0050186
10.78 -0.01176
10.79 -0.01987
10.8 -0.022453
10.81 -0.0093873
10.82 0.0060557
10.83 0.014903
10.84 0.019136
10.85 0.027512
10.86 0.034258
10.87 0.035743
10.88 0.026188
10.89 0.013489
10.9 0.010966
10.91 0.012641
10.92 0.0067225
10.93 -0.0027971
10.94 -0.0030329
10.95 0.00088928
10.96 0.007555
10.97 0.0052026
10.98 -0.0055107
10.99 -0.01022
11 -0.0076073
11.01 -0.0082895
11.02 -0.012457
11.03 -0.014228
11.04 -0.013441
11.05 -0.0056363
11.06 0.0032312
11.07 -0.0017794
11.08 -0.0018245
11.09 0.0015359
11.1 0.0052775
11.11 0.0062957
11.12 0.0014806
11.13 -0.0064591
11.14 -0.014961
11.15 -0.012779
11.16 -0.0091375
11.17 0.0018717
11.18 0.015328
11.19 0.021949
11.2 0.016748
11.21 0.0028697
11.22 -0.0059829
11.23 -0.007964
11.24 -0.0098951
11.25 -0.017323
11.26 -0.030444
11.27 -0.037531
11.28 -0.02913
11.29 -0.012679
11.3 -0.0079542
11.31 -0.0038364
11.32 0.014004
11.33 0.021226
11.34 0.011953
11.35 -0.0022566
11.36 -0.0053011
11.37 0.0007677
11.38 0.0017858
11.39 0.0026936
11.4 0.0071374
11.41 0.015032
11.42 0.024391
11.43 0.028609
11.44 0.034818
11.45 0.040125
11.46 0.031714
11.47 0.022259
11.48 0.012394
11.49 0.00068209
11.5 -0.01613
11.51 -0.027792
11.52 -0.032627
11.53 -0.0338
11.54 -0.028037
11.55 -0.017986
11.56 -0.013076
11.57 -0.016737
11.58 2.9805e-005
11.59 0.026322
11.6 0.038876
11.61 0.034186
11.62 0.031498
11.63 0.023503
11.64 0.0037763
11.65 -0.014872
11.66 -0.023418
11.67 -0.027827
11.68 -0.040677
11.69 -0.043466
11.7 -0.028675
11.71 -0.013984
11.72 -0.011958
11.73 -0.0044195
11.74 0.0077283
11.75 0.017769
11.76 0.021827
11.77 0.019776
11.78 0.016109
11.79 0.0050448
11.8 -0.010669
11.81 -0.027256
11.82 -0.037061
11.83 -0.031063
11.84 -0.022511
11.85 -0.014486
11.86 -0.00014655
11.87 0.01634
11.88 0.038323
11.89 0.05012
11.9 0.037851
11.91 0.015627
11.92 0.0050444
11.93 0.011489
11.94 0.021325
11.95 0.019931
11.96 0.013982
11.97 0.0036951
11.98 -0.012255
11.99 -0.01717
12 -0.0090396
12.01 0.00064047
12.02 0.007913
12.03 0.010215
12.04 0.0039607
12.05 -0.013865
12.06 -0.03174
12.07 -0.033907
12.08 -0.018951
12.09 -0.0075001
12.1 -0.0076104
12.11 -0.0015867
12.12 0.007331
12.13 0.010711
12.14 0.0027166
12.15 -0.015716
12.16 -0.030306
12.17 -0.020566
12.18 4.8142e-005
12.19 0.005796
12.2 0.0017835
12.21 -0.00095005
12.22 -0.0075305
12.23 -0.022241
12.24 -0.034991
12.25 -0.036967
12.26 -0.024238
12.27 0.00064976
12.28 0.020471
12.29 0.022548
12.3 0.011649
12.31 0.0041255
12.32 -0.0058205
12.33 -0.02497
12.34 -0.043759
12.35 -0.040659
12.36 -0.024433
12.37 -0.013931
12.38 -0.0012765
12.39 0.025256
12.4 0.056303
12.41 0.072678
12.42 0.06994
12.43 0.050725
12.44 0.018555
12.45 -0.013961
12.46 -0.034575
12.47 -0.042284
12.48 -0.038071
12.49 -0.025021
12.5 -0.0021998
12.51 0.019197
12.52 0.034223
12.53 0.031349
12.54 0.013624
12.55 -0.0092869
12.56 -0.03587
12.57 -0.046222
12.58 -0.034922
12.59 -0.01185
12.6 -0.0026916
12.61 -0.012462
12.62 -0.014258
12.63 -0.0064885
12.64 -0.0038252
12.65 -0.0016334
12.66 0.0097168
12.67 0.019557
12.68 0.020756
12.69 0.021468
12.7 0.026369
12.71 0.030446
12.72 0.029909
12.73 0.02207
12.74 0.012295
12.75 0.00038258
12.76 -0.006564
12.77 -0.011615
12.78 -0.018912
12.79 -0.021686
12.8 -0.014047
12.81 -0.0073717
12.82 -0.0084751
12.83 -0.0076125
12.84 -0.0079687
12.85 0.00093904
12.86 0.0056587
12.87 -0.010331
12.88 -0.027274
12.89 -0.025744
12.9 0.0020474
12.91 0.039725
12.92 0.061597
12.93 0.061021
12.94 0.0496
12.95 0.036359
12.96 0.026714
12.97 0.016808
12.98 0.01087
12.99 0.011446
13 0.01102
13.01 0.011391
13.02 0.01098
13.03 0.013904
13.04 0.020018
13.05 0.026127
13.06 0.024547
13.07 0.021036
13.08 0.020559
13.09 0.021688
13.1 0.025259
13.11 0.014245
13.12 -0.0094089
13.13 -0.026397
13.14 -0.023819
13.15 -0.011531
13.16 -0.0037765
13.17 0.0020867
13.18 0.00094316
13.19 0.006034
13.2 0.019917
13.21 0.028745
13.22 0.030981
13.23 0.026949
13.24 0.016431
13.25 -0.00020559
13.26 -0.012052
13.27 -0.023749
13.28 -0.036368
13.29 -0.032832
13.3 -0.023889
13.31 -0.012419
13.32 -0.0036615
13.33 -0.008306
13.34 -0.0053869
13.35 -0.0084966
13.36 -0.01285
13.37 -0.0098358
13.38 0.0053012
13.39 0.025479
13.4 0.04182
13.41 0.053521
13.42 0.05162
13.43 0.034081
13.44 0.0050051
13.45 -0.012685
13.46 -0.011692
13.47 0.0055969
13.48 0.026166
13.49 0.046534
13.5 0.0612
13.51 0.062132
13.52 0.051896
13.53 0.03242
13.54 0.013471
13.55 -0.017876
13.56 -0.052985
13.57 -0.066814
13.58 -0.057449
13.59 -0.033801
13.6 -0.015263
13.61 -0.006466
13.62 -0.0032209
13.63 -0.0060548
13.64 -0.017661
13.65 -0.027998
13.66 -0.028921
13.67 -0.011206
13.68 0.029425
13.69 0.066495
13.7 0.07902
13.71 0.063456
13.72 0.030047
13.73 -0.008949
13.74 -0.052093
13.75 -0.083049
13.76 -0.086054
13.77 -0.063087
13.78 -0.021032
13.79 0.0098844
13.8 0.024861
13.81 0.019409
13.82 -0.0048114
13.83 -0.030682
13.84 -0.055875
13.85 -0.082663
13.86 -0.11158
13.87 -0.12718
13.88 -0.13202
13.89 -0.11175
13.9 -0.062581
13.91 -0.0040542
13.92 0.049241
13.93 0.087962
13.94 0.11028
13.95 0.11995
13.96 0.1109
13.97 0.086211
13.98 0.059303
13.99 0.04253
14 0.031611
14.01 0.022824
14.02 0.017653
14.03 0.0069096
14.04 -0.0070739
14.05 -0.023906
14.06 -0.038472
14.07 -0.050604
14.08 -0.05225
14.09 -0.027653
14.1 0.0072104
14.11 0.036888
14.12 0.054317
14.13 0.05052
14.14 0.033166
14.15 0.0014473
14.16 -0.033286
14.17 -0.050439
14.18 -0.055455
14.19 -0.05885
14.2 -0.067377
14.21 -0.074599
14.22 -0.084871
14.23 -0.099572
14.24 -0.096016
14.25 -0.068851
14.26 -0.018219
14.27 0.043703
14.28 0.086221
14.29 0.098514
14.3 0.095419
14.31 0.088457
14.32 0.062868
14.33 0.012321
14.34 -0.064689
14.35 -0.1319
14.36 -0.15199
14.37 -0.11786
14.38 -0.054211
14.39 0.0053288
14.4 0.044491
14.41 0.071861
14.42 0.095675
14.43 0.11427
14.44 0.12088
14.45 0.1043
14.46 0.07817
14.47 0.057115
14.48 0.049351
14.49 0.054592
14.5 0.071118
14.51 0.083366
14.52 0.076229
14.53 0.03648
14.54 -0.02005
14.55 -0.065276
14.56 -0.083367
14.57 -0.080539
14.58 -0.058375
14.59 -0.021269
14.6 0.01714
14.61 0.043091
14.62 0.044325
14.63 0.020465
14.64 -0.0061675
14.65 -0.019945
14.66 -0.021881
14.67 -0.0068045
14.68 0.025225
14.69 0.046431
14.7 0.041561
14.71 0.020179
14.72 -0.017598
14.73 -0.055416
14.74 -0.094688
14.75 -0.12841
14.76 -0.14904
14.77 -0.15566
14.78 -0.13827
14.79 -0.11512
14.8 -0.10744
14.81 -0.12063
14.82 -0.14705
14.83 -0.16833
14.84 -0.16277
14.85 -0.12524
14.86 -0.063516
14.87 -0.0066795
14.88 0.024232
14.89 0.022842
14.9 0.0047008
14.91 -0.011881
14.92 -0.010286
14.93 0.01744
14.94 0.06552
14.95 0.1139
14.96 0.14851
14.97 0.16095
14.98 0.14087
14.99 0.10777
15 0.069943
15.01 0.050578
15.02 0.048868
15.03 0.06092
15.04 0.06391
15.05 0.047328
15.06 0.016888
15.07 -0.027901
15.08 -0.057383
15.09 -0.064906
15.1 -0.052001
15.11 -0.022088
15.12 0.013418
15.13 0.047353
15.14 0.067887
15.15 0.084343
15.16 0.087653
15.17 0.076203
15.18 0.053974
15.19 0.026087
15.2 0.0015354
15.21 -0.0038062
15.22 0.018242
15.23 0.039323
15.24 0.043095
15.25 0.017249
15.26 -0.021862
15.27 -0.047211
15.28 -0.050185
15.29 -0.050642
15.3 -0.067394
15.31 -0.1056
15.32 -0.14763
15.33 -0.17734
15.34 -0.18405
15.35 -0.16292
15.36 -0.10497
15.37 -0.02414
15.38 0.04815
15.39 0.10094
15.4 0.11845
15.41 0.10565
15.42 0.066848
15.43 0.026473
15.44 -0.00036091
15.45 -0.0020512
15.46 0.017149
15.47 0.024647
15.48 0.032943
15.49 0.034191
15.5 0.032802
15.51 0.02737
15.52 0.013828
15.53 0.0040978
15.54 -0.0049002
15.55 -0.0039573
15.56 0.012148
15.57 0.042728
15.58 0.071513
15.59 0.08365
15.6 0.094328
15.61 0.10783
15.62 0.12628
15.63 0.14099
15.64 0.14009
15.65 0.12063
15.66 0.076653
15.67 0.024175
15.68 -0.021131
15.69 -0.03846
15.7 -0.034056
15.71 -0.028519
15.72 -0.029873
15.73 -0.037025
15.74 -0.034914
15.75 -0.022224
15.76 -0.01119
15.77 -0.0096804
15.78 -0.019576
15.79 -0.029322
15.8 -0.035506
15.81 -0.031533
15.82 -0.018804
15.83 -0.0043138
15.84 -0.0013045
15.85 -0.010338
15.86 -0.027631
15.87 -0.049981
15.88 -0.07223
15.89 -0.082898
15.9 -0.070801
15.91 -0.042257
15.92 -0.018483
15.93 -0.0060443
15.94 -0.0070023
15.95 -0.011873
15.96 -0.0099666
15.97 -0.014716
15.98 -0.021387
15.99 -0.025876
16 -0.045116
16.01 -0.092317
16.02 -0.14953
16.03 -0.20104
16.04 -0.23375
16.05 -0.24636
16.06 -0.23098
16.07 -0.19365
16.08 -0.13535
16.09 -0.057956
16.1 0.01629
16.11 0.065789
16.12 0.079551
16.13 0.080811
16.14 0.092637
16.15 0.12092
16.16 0.14638
16.17 0.17055
16.18 0.19306
16.19 0.20484
16.2 0.21299
16.21 0.21811
16.22 0.211
16.23 0.19373
16.24 0.17062
16.25 0.15253
16.26 0.13928
16.27 0.13067
16.28 0.12472
16.29 0.11592
16.3 0.10154
16.31 0.075052
16.32 0.0388
16.33 -0.014045
16.34 -0.077371
16.35 -0.13207
16.36 -0.15896
16.37 -0.15166
16.38 -0.11923
16.39 -0.071468
16.4 -0.0085377
16.41 0.05009
16.42 0.086924
16.43 0.084141
16.44 0.048139
16.45 -0.0005128
16.46 -0.046872
16.47 -0.083075
16.48 -0.12107
16.49 -0.16222
16.5 -0.20604
16.51 -0.234
16.52 -0.24412
16.53 -0.25395
16.54 -0.2513
16.55 -0.22973
16.56 -0.18784
16.57 -0.13478
16.58 -0.079709
16.59 -0.029975
16.6 0.012322
16.61 0.05357
16.62 0.074856
16.63 0.066897
16.64 0.044582
16.65 0.029435
16.66 0.031291
16.67 0.04542
16.68 0.064108
16.69 0.07754
16.7 0.087997
16.71 0.099894
16.72 0.10783
16.73 0.11317
16.74 0.10531
16.75 0.083528
16.76 0.06146
16.77 0.036678
16.78 0.016309
16.79 0.0088108
16.8 0.02148
16.81 0.040098
16.82 0.052186
16.83 0.054237
16.84 0.040329
16.85 0.020783
16.86 0.0049939
16.87 0.0003595
16.88 0.017468
16.89 0.052968
16.9 0.1005
16.91 0.14343
16.92 0.16576
16.93 0.1576
16.94 0.10238
16.95 0.022237
16.96 -0.062044
16.97 -0.13709
16.98 -0.17986
16.99 -0.19535
17 -0.18768
17.01 -0.16235
17.02 -0.12945
17.03 -0.088226
17.04 -0.058072
17.05 -0.048929
17.06 -0.052324
17.07 -0.047194
17.08 -0.043592
17.09 -0.057295
17.1 -0.084424
17.11 -0.10698
17.12 -0.11132
17.13 -0.096708
17.14 -0.069177
17.15 -0.051005
17.16 -0.03328
17.17 -0.0070839
17.18 0.028998
17.19 0.079932
17.2 0.13714
17.21 0.18678
17.22 0.22256
17.23 0.23956
17.24 0.24473
17.25 0.2331
17.26 0.2126
17.27 0.18609
17.28 0.1563
17.29 0.11634
17.3 0.057768
17.31 -0.014176
17.32 -0.095218
17.33 -0.15329
17.34 -0.18875
17.35 -0.19339
17.36 -0.17034
17.37 -0.11483
17.38 -0.041792
17.39 0.021741
17.4 0.08592
17.41 0.15018
17.42 0.20981
17.43 0.24333
17.44 0.23766
17.45 0.19402
17.46 0.1176
17.47 0.029695
17.48 -0.05876
17.49 -0.14676
17.5 -0.21002
17.51 -0.24208
17.52 -0.24433
17.53 -0.23326
17.54 -0.20839
17.55 -0.17538
17.56 -0.13865
17.57 -0.10927
17.58 -0.084334
17.59 -0.068565
17.6 -0.059813
17.61 -0.040092
17.62 -0.018575
17.63 -0.0056496
17.64 -0.01371
17.65 -0.0394
17.66 -0.067708
17.67 -0.094576
17.68 -0.12114
17.69 -0.14175
17.7 -0.15703
17.71 -0.15464
17.72 -0.14414
17.73 -0.12096
17.74 -0.070421
17.75 -0.019257
17.76 0.0199
17.77 0.050023
17.78 0.082043
17.79 0.12408
17.8 0.16475
17.81 0.20112
17.82 0.22821
17.83 0.25266
17.84 0.2627
17.85 0.26576
17.86 0.26861
17.87 0.27362
17.88 0.28794
17.89 0.30542
17.9 0.32179
17.91 0.32626
17.92 0.30605
17.93 0.26
17.94 0.21558
17.95 0.18047
17.96 0.14472
17.97 0.1019
17.98 0.053429
17.99 -0.0027708
18 -0.072176
18.01 -0.15869
18.02 -0.23667
18.03 -0.29446
18.04 -0.32339
18.05 -0.31401
18.06 -0.28156
18.07 -0.23848
18.08 -0.20093
18.09 -0.15557
18.1 -0.090182
18.11 -0.021118
18.12 0.036461
18.13 0.078447
18.14 0.10193
18.15 0.11106
18.16 0.096121
18.17 0.064709
18.18 0.03618
18.19 0.021184
18.2 0.031792
18.21 0.048433
18.22 0.053574
18.23 0.0521
18.24 0.028251
18.25 -0.0122
18.26 -0.056453
18.27 -0.10368
18.28 -0.1325
18.29 -0.14722
18.3 -0.15319
18.31 -0.1524
18.32 -0.14103
18.33 -0.11114
18.34 -0.056774
18.35 0.022964
18.36 0.11177
18.37 0.17807
18.38 0.19514
18.39 0.1837
18.4 0.15982
18.41 0.12975
18.42 0.10763
18.43 0.093564
18.44 0.091221
18.45 0.083402
18.46 0.065366
18.47 0.043242
18.48 0.0094121
18.49 -0.022181
18.5 -0.033085
18.51 -0.033025
18.52 -0.041301
18.53 -0.050524
18.54 -0.048929
18.55 -0.023295
18.56 0.018967
18.57 0.056594
18.58 0.075533
18.59 0.057532
18.6 0.018711
18.61 -0.014201
18.62 -0.024453
18.63 -0.0041049
18.64 0.035609
18.65 0.069369
18.66 0.089657
18.67 0.099939
18.68 0.092591
18.69 0.066249
18.7 0.031727
18.71 -0.00062403
18.72 -0.044826
18.73 -0.11572
18.74 -0.18795
18.75 -0.23752
18.76 -0.26096
18.77 -0.2571
18.78 -0.22938
18.79 -0.19978
18.8 -0.1873
18.81 -0.18848
18.82 -0.18582
18.83 -0.16661
18.84 -0.12981
18.85 -0.075101
18.86 -0.010364
18.87 0.061218
18.88 0.13313
18.89 0.19551
18.9 0.23368
18.91 0.24595
18.92 0.23383
18.93 0.21135
18.94 0.18902
18.95 0.16371
18.96 0.12593
18.97 0.069394
18.98 0.0062625
18.99 -0.039736
19 -0.052415
19.01 -0.036631
19.02 -0.0041749
19.03 0.01508
19.04 0.011419
19.05 0.0027065
19.06 0.0010864
19.07 0.019288
19.08 0.049718
19.09 0.067809
19.1 0.051393
19.11 0.0067892
19.12 -0.054903
19.13 -0.12035
19.14 -0.16514
19.15 -0.19392
19.16 -0.21305
19.17 -0.24369
19.18 -0.28627
19.19 -0.33749
19.2 -0.38508
19.21 -0.41169
19.22 -0.41304
19.23 -0.39146
19.24 -0.35891
19.25 -0.31666
19.26 -0.26511
19.27 -0.20279
19.28 -0.11465
19.29 0.0062175
19.3 0.13016
19.31 0.23656
19.32 0.3087
19.33 0.3372
19.34 0.33759
19.35 0.32253
19.36 0.31222
19.37 0.3192
19.38 0.33509
19.39 0.35084
19.4 0.35628
19.41 0.35273
19.42 0.32938
19.43 0.27272
19.44 0.1737
19.45 0.041026
19.46 -0.10064
19.47 -0.22707
19.48 -0.31657
19.49 -0.3609
19.5 -0.35674
19.51 -0.328
19.52 -0.28921
19.53 -0.24347
19.54 -0.20093
19.55 -0.18159
19.56 -0.18585
19.57 -0.20252
19.58 -0.22645
19.59 -0.2519
19.6 -0.26419
19.61 -0.25302
19.62 -0.21534
19.63 -0.15677
19.64 -0.087152
19.65 -0.012019
19.66 0.052356
19.67 0.094297
19.68 0.095305
19.69 0.059393
19.7 0.010807
19.71 -0.035993
19.72 -0.067953
19.73 -0.089013
19.74 -0.081866
19.75 -0.055253
19.76 -0.022948
19.77 0.013872
19.78 0.04389
19.79 0.064058
19.8 0.077786
19.81 0.091463
19.82 0.10913
19.83 0.14259
19.84 0.19102
19.85 0.24019
19.86 0.27712
19.87 0.3003
19.88 0.31771
19.89 0.33456
19.9 0.3333
19.91 0.31458
19.92 0.28457
19.93 0.24085
19.94 0.18184
19.95 0.10162
19.96 0.03089
19.97 -0.0017366
19.98 -0.0032814
19.99 0.0035599
20 0.0063687
20.01 -0.0097464
20.02 -0.041957
20.03 -0.074227
20.04 -0.10026
20.05 -0.11012
20.06 -0.11709
20.07 -0.1226
20.08 -0.13596
20.09 -0.15503
20.1 -0.16558
20.11 -0.15509
20.12 -0.12651
20.13 -0.090412
20.14 -0.059942
20.15 -0.024663
20.16 0.025443
20.17 0.065086
20.18 0.078022
20.19 0.053249
20.2 -0.0090791
20.21 -0.10158
20.22 -0.20034
20.23 -0.28
20.24 -0.33431
20.25 -0.36199
20.26 -0.36959
20.27 -0.3614
20.28 -0.32952
20.29 -0.27023
20.3 -0.18572
20.31 -0.080411
20.32 0.028257
20.33 0.11719
20.34 0.17013
20.35 0.19279
20.36 0.19382
20.37 0.17538
20.38 0.14519
20.39 0.10447
20.4 0.06291
20.41 0.012082
20.42 -0.042979
20.43 -0.094058
20.44 -0.11814
20.45 -0.081619
20.46 -0.0080556
20.47 0.085952
20.48 0.17868
20.49 0.24039
20.5 0.26389
20.51 0.24077
20.52 0.20466
20.53 0.1836
20.54 0.19129
20.55 0.22333
20.56 0.25143
20.57 0.27172
20.58 0.27379
20.59 0.25681
20.6 0.21807
20.61 0.15324
20.62 0.070203
20.63 -0.0052215
20.64 -0.041549
20.65 -0.031202
20.66 0.017785
20.67 0.078599
20.68 0.13026
20.69 0.16549
20.7 0.1828
20.71 0.1905
20.72 0.19642
20.73 0.19688
20.74 0.1895
20.75 0.16355
20.76 0.11544
20.77 0.053882
20.78 -0.014992
20.79 -0.074893
20.8 -0.1171
20.81 -0.13772
20.82 -0.13437
20.83 -0.11663
20.84 -0.086378
20.85 -0.060834
20.86 -0.035179
20.87 -0.0026682
20.88 0.026778
20.89 0.051059
20.9 0.059936
20.91 0.05939
20.92 0.046851
20.93 0.022821
20.94 -0.0052612
20.95 -0.035315
20.96 -0.059184
20.97 -0.080154
20.98 -0.10092
20.99 -0.11427
21 -0.12352
21.01 -0.13267
21.02 -0.14147
21.03 -0.1471
21.04 -0.15623
21.05 -0.15713
21.06 -0.14046
21.07 -0.11334
21.08 -0.098706
21.09 -0.11693
21.1 -0.14952
21.11 -0.17906
21.12 -0.20293
21.13 -0.20237
21.14 -0.17143
21.15 -0.13645
21.16 -0.098962
21.17 -0.05659
21.18 -0.014996
21.19 0.025074
21.2 0.054911
21.21 0.071734
21.22 0.071924
21.23 0.065223
21.24 0.056652
21.25 0.040612
21.26 0.025861
21.27 0.027381
21.28 0.042072
21.29 0.057164
21.3 0.069417
21.31 0.084609
21.32 0.1109
21.33 0.16275
21.34 0.22742
21.35 0.28781
21.36 0.34001
21.37 0.37102
21.38 0.37123
21.39 0.32827
21.4 0.24379
21.41 0.13973
21.42 0.044239
21.43 -0.024916
21.44 -0.076597
21.45 -0.132
21.46 -0.18701
21.47 -0.22966
21.48 -0.24811
21.49 -0.23714
21.5 -0.19921
21.51 -0.12598
21.52 -0.04235
21.53 0.026965
21.54 0.08165
21.55 0.11521
21.56 0.12422
21.57 0.1107
21.58 0.07996
21.59 0.046842
21.6 0.020415
21.61 0.001481
21.62 -0.0079985
21.63 -0.017588
21.64 -0.028071
21.65 -0.05687
21.66 -0.10824
21.67 -0.15128
21.68 -0.17076
21.69 -0.16047
21.7 -0.12625
21.71 -0.06647
21.72 -0.00065544
21.73 0.034935
21.74 0.044751
21.75 0.027522
21.76 -0.012919
21.77 -0.071907
21.78 -0.13604
21.79 -0.17479
21.8 -0.17807
21.81 -0.15691
21.82 -0.10205
21.83 -0.025377
21.84 0.0459
21.85 0.097024
21.86 0.11474
21.87 0.11475
21.88 0.11055
21.89 0.10219
21.9 0.093096
21.91 0.081315
21.92 0.06359
21.93 0.045634
21.94 0.029865
21.95 0.020606
21.96 -0.00096089
21.97 -0.044702
21.98 -0.11318
21.99 -0.18552
22 -0.24442
22.01 -0.28517
22.02 -0.29454
22.03 -0.26512
22.04 -0.21234
22.05 -0.15229
22.06 -0.088598
22.07 -0.033642
22.08 0.0027308
22.09 0.024152
22.1 0.028461
22.11 0.023962
22.12 0.030332
22.13 0.046778
22.14 0.064017
22.15 0.068541
22.16 0.066113
22.17 0.063214
22.18 0.062236
22.19 0.063109
22.2 0.06509
22.21 0.078783
22.22 0.091166
22.23 0.10631
22.24 0.13092
22.25 0.15267
22.26 0.16347
22.27 0.15396
22.28 0.12898
22.29 0.09549
22.3 0.047791
22.31 -0.012837
22.32 -0.063811
22.33 -0.093463
22.34 -0.087238
22.35 -0.067753
22.36 -0.054225
22.37 -0.05554
22.38 -0.079113
22.39 -0.12357
22.4 -0.17135
22.41 -0.20519
22.42 -0.21779
22.43 -0.20513
22.44 -0.16918
22.45 -0.11638
22.46 -0.059086
22.47 -0.0016319
22.48 0.047426
22.49 0.084075
22.5 0.096864
22.51 0.092295
22.52 0.073567
22.53 0.0504
22.54 0.030744
22.55 0.015838
22.56 0.014433
22.57 0.014659
22.58 0.014393
22.59 0.014855
22.6 0.013576
22.61 0.0099495
22.62 0.0098041
22.63 0.021551
22.64 0.041944
22.65 0.065588
22.66 0.081161
22.67 0.0984
22.68 0.10628
22.69 0.10505
22.7 0.09697
22.71 0.079265
22.72 0.059338
22.73 0.045179
22.74 0.050737
22.75 0.056655
22.76 0.065969
22.77 0.064249
22.78 0.052778
22.79 0.039883
22.8 0.026637
22.81 0.0055262
22.82 -0.025204
22.83 -0.05419
22.84 -0.074066
22.85 -0.08646
22.86 -0.096606
22.87 -0.08963
22.88 -0.076403
22.89 -0.0639
22.9 -0.053267
22.91 -0.050237
22.92 -0.060183
22.93 -0.077126
22.94 -0.090788
22.95 -0.083957
22.96 -0.05765
22.97 -0.027005
22.98 0.0013286
22.99 0.018788
23 0.026718
23.01 0.032144
23.02 0.033413
23.03 0.024907
23.04 0.018271
23.05 0.013547
23.06 0.012157
23.07 0.018166
23.08 0.030274
23.09 0.045376
23.1 0.059851
23.11 0.079818
23.12 0.097648
23.13 0.11018
23.14 0.11467
23.15 0.11915
23.16 0.13666
23.17 0.15891
23.18 0.18352
23.19 0.20403
23.2 0.21152
23.21 0.19592
23.22 0.16246
23.23 0.12408
23.24 0.086108
23.25 0.055653
23.26 0.026899
23.27 0.0014547
23.28 -0.016812
23.29 -0.036614
23.3 -0.043575
23.31 -0.043866
23.32 -0.051545
23.33 -0.061897
23.34 -0.070559
23.35 -0.082627
23.36 -0.099143
23.37 -0.10224
23.38 -0.10287
23.39 -0.10037
23.4 -0.10214
23.41 -0.10556
23.42 -0.10616
23.43 -0.10253
23.44 -0.08721
23.45 -0.064866
23.46 -0.032174
23.47 -0.0040921
23.48 0.019331
23.49 0.035752
23.5 0.04644
23.51 0.047293
23.52 0.039815
23.53 0.040542
23.54 0.056637
23.55 0.087628
23.56 0.1253
23.57 0.16001
23.58 0.1849
23.59 0.19143
23.6 0.18287
23.61 0.16682
23.62 0.14988
23.63 0.13642
23.64 0.11682
23.65 0.094911
23.66 0.061091
23.67 0.024141
23.68 -0.010988
23.69 -0.048605
23.7 -0.10207
23.71 -0.15334
23.72 -0.19627
23.73 -0.2327
23.74 -0.24977
23.75 -0.25194
23.76 -0.24731
23.77 -0.2383
23.78 -0.22727
23.79 -0.21323
23.8 -0.19201
23.81 -0.16699
23.82 -0.11736
23.83 -0.048233
23.84 0.021348
23.85 0.087027
23.86 0.13783
23.87 0.16854
23.88 0.18009
23.89 0.17402
23.9 0.15961
23.91 0.132
23.92 0.094857
23.93 0.059136
23.94 0.026931
23.95 0.012195
23.96 0.021133
23.97 0.028295
23.98 0.018805
23.99 -0.0091815
24 -0.041974
24.01 -0.061886
24.02 -0.057071
24.03 -0.028823
24.04 0.0093712
24.05 0.047781
24.06 0.076977
24.07 0.102
24.08 0.12721
24.09 0.14484
24.1 0.14838
24.11 0.13654
24.12 0.10987
24.13 0.069478
24.14 0.0283
24.15 -0.0025204
24.16 -0.019358
24.17 -0.025507
24.18 -0.032684
24.19 -0.043939
24.2 -0.057225
24.21 -0.064022
24.22 -0.05881
24.23 -0.041466
24.24 -0.010565
24.25 0.020251
24.26 0.049356
24.27 0.08272
24.28 0.10798
24.29 0.12217
24.3 0.1174
24.31 0.097867
24.32 0.077825
24.33 0.056148
24.34 0.021756
24.35 -0.023621
24.36 -0.073355
24.37 -0.11524
24.38 -0.14179
24.39 -0.1616
24.4 -0.1848
24.41 -0.2141
24.42 -0.25108
24.43 -0.28837
24.44 -0.31163
24.45 -0.32843
24.46 -0.33346
24.47 -0.32746
24.48 -0.31113
24.49 -0.28772
24.5 -0.26448
24.51 -0.23907
24.52 -0.20789
24.53 -0.16666
24.54 -0.12664
24.55 -0.078947
24.56 -0.026624
24.57 0.0089915
24.58 0.038207
24.59 0.065582
24.6 0.097577
24.61 0.12071
24.62 0.13573
24.63 0.14365
24.64 0.13971
24.65 0.13554
24.66 0.13875
24.67 0.15466
24.68 0.1742
24.69 0.18432
24.7 0.18879
24.71 0.18476
24.72 0.17323
24.73 0.15977
24.74 0.14915
24.75 0.14188
24.76 0.13359
24.77 0.12498
24.78 0.11503
24.79 0.11671
24.8 0.1195
24.81 0.11225
24.82 0.084532
24.83 0.036979
24.84 -0.01583
24.85 -0.068905
24.86 -0.11778
24.87 -0.15128
24.88 -0.16994
24.89 -0.1786
24.9 -0.16754
24.91 -0.14371
24.92 -0.11488
24.93 -0.087112
24.94 -0.074181
24.95 -0.076388
24.96 -0.078414
24.97 -0.080892
24.98 -0.084067
24.99 -0.093115
25 -0.09961
25.01 -0.098692
25.02 -0.097188
25.03 -0.10087
25.04 -0.10825
25.05 -0.10189
25.06 -0.080897
25.07 -0.058447
25.08 -0.033775
25.09 -0.013723
25.1 -0.0019562
25.11 0.00071716
25.12 -0.0054721
25.13 -0.014941
25.14 -0.024376
25.15 -0.034482
25.16 -0.042653
25.17 -0.049148
25.18 -0.051866
25.19 -0.048285
25.2 -0.045165
25.21 -0.044639
25.22 -0.045165
25.23 -0.041965
25.24 -0.039056
25.25 -0.032767
25.26 -0.026728
25.27 -0.014475
25.28 -0.0016397
25.29 0.012188
25.3 0.023493
25.31 0.027325
25.32 0.032256
25.33 0.033349
25.34 0.035446
25.35 0.038701
25.36 0.037076
25.37 0.038686
25.38 0.048236
25.39 0.062996
25.4 0.082698
25.41 0.10281
25.42 0.11613
25.43 0.126
25.44 0.12914
25.45 0.14121
25.46 0.15886
25.47 0.17876
25.48 0.19348
25.49 0.19507
25.5 0.19402
25.51 0.18992
25.52 0.19018
25.53 0.18927
25.54 0.18219
25.55 0.16509
25.56 0.13377
25.57 0.0946
25.58 0.061904
25.59 0.033992
25.6 0.023369
25.61 0.021057
25.62 0.016583
25.63 0.008603
25.64 -0.012663
25.65 -0.046217
25.66 -0.092316
25.67 -0.13203
25.68 -0.16211
25.69 -0.17927
25.7 -0.1879
25.71 -0.19838
25.72 -0.20641
25.73 -0.21278
25.74 -0.21842
25.75 -0.21774
25.76 -0.20742
25.77 -0.19074
25.78 -0.16406
25.79 -0.12268
25.8 -0.068597
25.81 -0.020502
25.82 0.025596
25.83 0.06225
25.84 0.089967
25.85 0.10744
25.86 0.10464
25.87 0.093753
25.88 0.080437
25.89 0.070296
25.9 0.064553
25.91 0.06526
25.92 0.073205
25.93 0.082639
25.94 0.095579
25.95 0.10665
25.96 0.10823
25.97 0.107
25.98 0.10283
25.99 0.094055
26 0.078993
26.01 0.056653
26.02 0.032639
26.03 0.0081074
26.04 -0.0119
26.05 -0.028185
26.06 -0.043222
26.07 -0.054658
26.08 -0.065973
26.09 -0.0842
26.1 -0.10791
26.11 -0.12228
26.12 -0.13364
26.13 -0.13342
26.14 -0.1236
26.15 -0.11381
26.16 -0.097977
26.17 -0.080683
26.18 -0.070883
26.19 -0.061478
26.2 -0.051613
26.21 -0.0425
26.22 -0.02968
26.23 -0.016739
26.24 0.0049831
26.25 0.031987
26.26 0.064368
26.27 0.094597
26.28 0.11735
26.29 0.13378
26.3 0.13606
26.31 0.13056
26.32 0.12696
26.33 0.12595
26.34 0.12185
26.35 0.12198
26.36 0.12389
26.37 0.12213
26.38 0.11059
26.39 0.092766
26.4 0.066746
26.41 0.042039
26.42 0.014498
26.43 -0.013158
26.44 -0.038742
26.45 -0.06231
26.46 -0.066734
26.47 -0.067236
26.48 -0.064783
26.49 -0.066077
26.5 -0.06205
26.51 -0.060731
26.52 -0.059632
26.53 -0.056377
26.54 -0.051958
26.55 -0.04607
26.56 -0.046075
26.57 -0.049872
26.58 -0.057099
26.59 -0.060244
26.6 -0.051642
26.61 -0.037408
26.62 -0.017145
26.63 0.007537
26.64 0.031928
26.65 0.060893
26.66 0.089718
26.67 0.11733
26.68 0.131
26.69 0.13547
26.7 0.12784
26.71 0.11487
26.72 0.10278
26.73 0.096875
26.74 0.091955
26.75 0.085475
26.76 0.078844
26.77 0.073352
26.78 0.073558
26.79 0.073467
26.8 0.073131
26.81 0.062473
26.82 0.049076
26.83 0.036452
26.84 0.028849
26.85 0.023051
26.86 0.0075575
26.87 -0.0071282
26.88 -0.026488
26.89 -0.044926
26.9 -0.050292
26.91 -0.057831
26.92 -0.069502
26.93 -0.08821
26.94 -0.11455
26.95 -0.13888
26.96 -0.16028
26.97 -0.17551
26.98 -0.18102
26.99 -0.17196
27 -0.1521
27.01 -0.1162
27.02 -0.070415
27.03 -0.031855
27.04 -0.0025035
27.05 0.018662
27.06 0.025835
27.07 0.031783
27.08 0.041779
27.09 0.052036
27.1 0.070418
27.11 0.084843
27.12 0.099298
27.13 0.11098
27.14 0.1199
27.15 0.12751
27.16 0.12967
27.17 0.12371
27.18 0.11643
27.19 0.10254
27.2 0.087802
27.21 0.073674
27.22 0.058998
27.23 0.045371
27.24 0.035936
27.25 0.027937
27.26 0.020197
27.27 0.011781
27.28 9.7366e-006
27.29 -0.017495
27.3 -0.03846
27.31 -0.05794
27.32 -0.075064
27.33 -0.083871
27.34 -0.082171
27.35 -0.071688
27.36 -0.062484
27.37 -0.053201
27.38 -0.05148
27.39 -0.051952
27.4 -0.051089
27.41 -0.043726
27.42 -0.030736
27.43 -0.015388
27.44 0.00067205
27.45 0.0083409
27.46 0.012384
27.47 0.011887
27.48 0.010748
27.49 0.0077441
27.5 0.0022671
27.51 -0.0084813
27.52 -0.021848
27.53 -0.029221
27.54 -0.031523
27.55 -0.027571
27.56 -0.019706
27.57 -0.019054
27.58 -0.034753
27.59 -0.054885
27.6 -0.073403
27.61 -0.090952
27.62 -0.098747
27.63 -0.083399
27.64 -0.063216
27.65 -0.044513
27.66 -0.028117
27.67 -0.020564
27.68 -0.016672
27.69 -0.014114
27.7 -0.01285
27.71 -0.01462
27.72 -0.020829
27.73 -0.036433
27.74 -0.059088
27.75 -0.078454
27.76 -0.08861
27.77 -0.090948
27.78 -0.089051
27.79 -0.086017
27.8 -0.082411
27.81 -0.077816
27.82 -0.074471
27.83 -0.071868
27.84 -0.066702
27.85 -0.052447
27.86 -0.035159
27.87 -0.015342
27.88 0.00034161
27.89 0.0059591
27.9 0.0024632
27.91 -0.010798
27.92 -0.022474
27.93 -0.03082
27.94 -0.036026
27.95 -0.037661
27.96 -0.04053
27.97 -0.052167
27.98 -0.064319
27.99 -0.069596
28 -0.073919
28.01 -0.080294
28.02 -0.096991
28.03 -0.10904
28.04 -0.11465
28.05 -0.11346
28.06 -0.1068
28.07 -0.089362
28.08 -0.068843
28.09 -0.054137
28.1 -0.037847
28.11 -0.030218
28.12 -0.023848
28.13 -0.014991
28.14 -0.0016042
28.15 0.018834
28.16 0.041916
28.17 0.060755
28.18 0.071393
28.19 0.075847
28.2 0.078229
28.21 0.077156
28.22 0.078655
28.23 0.084865
28.24 0.088917
28.25 0.091606
28.26 0.10443
28.27 0.123
28.28 0.14661
28.29 0.17439
28.3 0.19904
28.31 0.21909
28.32 0.23028
28.33 0.23043
28.34 0.22393
28.35 0.20516
28.36 0.17151
28.37 0.13445
28.38 0.090954
28.39 0.056757
28.4 0.030972
28.41 0.014927
28.42 -0.0029682
28.43 -0.025107
28.44 -0.052031
28.45 -0.083639
28.46 -0.10366
28.47 -0.11291
28.48 -0.11137
28.49 -0.099027
28.5 -0.083855
28.51 -0.075172
28.52 -0.07102
28.53 -0.07108
28.54 -0.07103
28.55 -0.07102
28.56 -0.069124
28.57 -0.067644
28.58 -0.065939
28.59 -0.066847
28.6 -0.073923
28.61 -0.076391
28.62 -0.072409
28.63 -0.059564
28.64 -0.044583
28.65 -0.021596
28.66 0.0071383
28.67 0.027381
28.68 0.038546
28.69 0.04784
28.7 0.060053
28.71 0.07673
28.72 0.099049
28.73 0.11335
28.74 0.12598
28.75 0.13894
28.76 0.14898
28.77 0.15818
28.78 0.16832
28.79 0.17668
28.8 0.18208
28.81 0.184
28.82 0.19199
28.83 0.2008
28.84 0.20667
28.85 0.2127
28.86 0.21166
28.87 0.20327
28.88 0.17735
28.89 0.14786
28.9 0.11113
28.91 0.073023
28.92 0.0448
28.93 0.026328
28.94 0.016392
28.95 0.010424
28.96 0.011221
28.97 0.0074142
28.98 -0.0033542
28.99 -0.017438
29 -0.032129
29.01 -0.046132
29.02 -0.061129
29.03 -0.074024
29.04 -0.085725
29.05 -0.10126
29.06 -0.11155
29.07 -0.11787
29.08 -0.12708
29.09 -0.13693
29.1 -0.14625
29.11 -0.15622
29.12 -0.1629
29.13 -0.16409
29.14 -0.15713
29.15 -0.14335
29.16 -0.12516
29.17 -0.10051
29.18 -0.080118
29.19 -0.06957
29.2 -0.068362
29.21 -0.074801
29.22 -0.080293
29.23 -0.080243
29.24 -0.076938
29.25 -0.065818
29.26 -0.049954
29.27 -0.033864
29.28 -0.015387
29.29 0.0071232
29.3 0.031323
29.31 0.052906
29.32 0.067195
29.33 0.069266
29.34 0.064713
29.35 0.049505
29.36 0.03661
29.37 0.026152
29.38 0.020655
29.39 0.023268
29.4 0.030436
29.41 0.043531
29.42 0.053768
29.43 0.059481
29.44 0.059105
29.45 0.059511
29.46 0.056422
29.47 0.053894
29.48 0.055092
29.49 0.053357
29.5 0.050182
29.51 0.046761
29.52 0.041992
29.53 0.036434
29.54 0.026809
29.55 0.01729
29.56 0.008051
29.57 0.0065463
29.58 0.006481
29.59 0.0074892
29.6 0.011843
29.61 0.019953
29.62 0.028961
29.63 0.031905
29.64 0.032788
29.65 0.024311
29.66 0.01107
29.67 -0.0010976
29.68 -0.012212
29.69 -0.017248
29.7 -0.026687
29.71 -0.040114
29.72 -0.058837
29.73 -0.073272
29.74 -0.085309
29.75 -0.098867
29.76 -0.098641
29.77 -0.098661
29.78 -0.098766
29.79 -0.098531
29.8 -0.098796
29.81 -0.098501
29.82 -0.094904
29.83 -0.091414
29.84 -0.080038
29.85 -0.071522
29.86 -0.054785
29.87 -0.030474
29.88 -0.0031091
29.89 0.031684
29.9 0.070399
29.91 0.10427
29.92 0.12772
29.93 0.13788
29.94 0.13543
29.95 0.12935
29.96 0.11437
29.97 0.098988
29.98 0.078891
29.99 0.053462
30 0.022204
30.01 -0.010231
30.02 -0.041509
30.03 -0.06285
30.04 -0.069912
30.05 -0.068708
30.06 -0.064084
30.07 -0.057092
30.08 -0.051826
30.09 -0.049243
30.1 -0.045446
30.11 -0.045466
30.12 -0.045286
30.13 -0.045963
30.14 -0.053466
30.15 -0.063984
30.16 -0.069426
30.17 -0.071311
30.18 -0.070399
30.19 -0.074156
30.2 -0.073258
30.21 -0.066968
30.22 -0.057007
30.23 -0.037888
30.24 -0.015659
30.25 0.0060538
30.26 0.023794
30.27 0.038575
30.28 0.050417
30.29 0.055643
30.3 0.058361
30.31 0.063838
30.32 0.065679
30.33 0.062484
30.34 0.056871
30.35 0.04657
30.36 0.029647
30.37 0.0088823
30.38 -0.016301
30.39 -0.042558
30.4 -0.066999
30.41 -0.097128
30.42 -0.11703
30.43 -0.12183
30.44 -0.11791
30.45 -0.1017
30.46 -0.083957
30.47 -0.068819
30.48 -0.058342
30.49 -0.053803
30.5 -0.049379
30.51 -0.050317
30.52 -0.055137
30.53 -0.059435
30.54 -0.070325
30.55 -0.078746
30.56 -0.0864
30.57 -0.082276
30.58 -0.069241
30.59 -0.051857
30.6 -0.032371
30.61 -0.010338
30.62 0.011364
30.63 0.029922
30.64 0.046734
30.65 0.060392
30.66 0.074711
30.67 0.083178
30.68 0.088213
30.69 0.092526
30.7 0.089778
30.71 0.091072
30.72 0.091493
30.73 0.092456
30.74 0.095486
30.75 0.094302
30.76 0.09522
30.77 0.094332
30.78 0.097903
30.79 0.10255
30.8 0.10789
30.81 0.1093
30.82 0.10961
30.83 0.1057
30.84 0.098169
30.85 0.08411
30.86 0.070949
30.87 0.066395
30.88 0.065943
30.89 0.066545
30.9 0.06336
30.91 0.057788
30.92 0.047792
30.93 0.041492
30.94 0.036642
30.95 0.032956
30.96 0.029736
30.97 0.02958
30.98 0.028737
30.99 0.027378
31 0.031034
31.01 0.035895
31.02 0.038071
31.03 0.037244
31.04 0.038061
31.05 0.036607
31.06 0.033146
31.07 0.030151
31.08 0.024268
31.09 0.014809
31.1 0.0051185
31.11 -0.0037992
31.12 -0.0083986
31.13 -0.011533
31.14 -0.01215
31.15 -0.0064828
31.16 0.0037791
31.17 0.017978
31.18 0.023556
31.19 0.023601
31.2 0.020245
31.21 0.0091958
31.22 -0.0046623
31.23 -0.022031
31.24 -0.041958
31.25 -0.057211
31.26 -0.066409
31.27 -0.076737
31.28 -0.093524
31.29 -0.1053
31.3 -0.11432
31.31 -0.12428
31.32 -0.1311
31.33 -0.13433
31.34 -0.13587
31.35 -0.13606
31.36 -0.12597
31.37 -0.1162
31.38 -0.10052
31.39 -0.082234
31.4 -0.068416
31.41 -0.059413
31.42 -0.057593
31.43 -0.055802
31.44 -0.057277
31.45 -0.057994
31.46 -0.059754
31.47 -0.055858
31.48 -0.048359
31.49 -0.042978
31.5 -0.034837
31.51 -0.025268
31.52 -0.015392
31.53 -0.0062134
31.54 0.0044998
31.55 0.018589
31.56 0.033375
31.57 0.047212
31.58 0.065013
31.59 0.083596
31.6 0.098096
31.61 0.10977
31.62 0.11817
31.63 0.12067
31.64 0.11879
31.65 0.11828
31.66 0.12057
31.67 0.11926
31.68 0.11216
31.69 0.10096
31.7 0.084794
31.71 0.060498
31.72 0.035696
31.73 0.016642
31.74 -0.0019813
31.75 -0.013613
31.76 -0.021903
31.77 -0.024637
31.78 -0.020248
31.79 -0.021763
31.8 -0.024667
31.81 -0.031895
31.82 -0.042086
31.83 -0.051054
31.84 -0.052128
31.85 -0.046952
31.86 -0.042282
31.87 -0.035491
31.88 -0.029728
31.89 -0.028655
31.9 -0.025445
31.91 -0.023394
31.92 -0.02365
31.93 -0.024397
31.94 -0.02848
31.95 -0.028435
31.96 -0.028329
31.97 -0.029087
31.98 -0.035858
31.99 -0.041927
32 -0.049195
32.01 -0.059948
32.02 -0.065089
32.03 -0.069944
32.04 -0.072046
32.05 -0.06862
32.06 -0.063695
32.07 -0.058293
32.08 -0.050393
32.09 -0.042474
32.1 -0.034299
32.11 -0.024684
32.12 -0.012205
32.13 0.0002234
32.14 0.0057606
32.15 0.013164
32.16 0.017673
32.17 0.023832
32.18 0.030046
32.19 0.037012
32.2 0.041451
32.21 0.038873
32.22 0.02975
32.23 0.015957
32.24 0.006427
32.25 -0.0027115
32.26 -0.0045573
32.27 -0.003499
32.28 0.0032368
32.29 0.011161
32.3 0.02207
32.31 0.03339
32.32 0.042659
32.33 0.051853
32.34 0.056186
32.35 0.06215
32.36 0.070882
32.37 0.075556
32.38 0.079283
32.39 0.08495
32.4 0.086209
32.41 0.090387
32.42 0.091791
32.43 0.094705
32.44 0.097133
32.45 0.09632
32.46 0.096897
32.47 0.09638
32.48 0.096982
32.49 0.095733
32.5 0.091515
32.51 0.08343
32.52 0.073845
32.53 0.061396
32.54 0.045978
32.55 0.026558
32.56 0.010488
32.57 -0.005718
32.58 -0.021216
32.59 -0.040587
32.6 -0.058854
32.61 -0.070941
32.62 -0.0786
32.63 -0.084779
32.64 -0.084619
32.65 -0.082026
32.66 -0.084825
32.67 -0.078505
32.68 -0.071819
32.69 -0.063905
32.7 -0.057997
32.71 -0.057224
32.72 -0.056066
32.73 -0.061783
32.74 -0.071333
32.75 -0.074433
32.76 -0.085723
32.77 -0.098468
32.78 -0.10035
32.79 -0.10006
32.8 -0.097686
32.81 -0.088954
32.82 -0.084996
32.83 -0.08623
32.84 -0.084696
32.85 -0.080628
32.86 -0.072483
32.87 -0.062873
32.88 -0.05054
32.89 -0.035257
32.9 -0.02483
32.91 -0.020858
32.92 -0.023651
32.93 -0.029068
32.94 -0.03286
32.95 -0.032941
32.96 -0.032986
32.97 -0.03285
32.98 -0.033192
32.99 -0.030042
33 -0.025678
33.01 -0.025262
33.02 -0.022524
33.03 -0.026797
33.04 -0.028161
33.05 -0.028462
33.06 -0.027179
33.07 -0.023698
33.08 -0.022444
33.09 -0.018858
33.1 -0.015703
33.11 -0.013226
33.12 -0.014399
33.13 -0.010126
33.14 -0.00059656
33.15 0.011787
33.16 0.027335
33.17 0.04647
33.18 0.065539
33.19 0.084578
33.2 0.095321
33.21 0.10569
33.22 0.11053
33.23 0.11489
33.24 0.11808
33.25 0.11239
33.26 0.10738
33.27 0.096895
33.28 0.082214
33.29 0.069009
33.3 0.058641
33.31 0.052873
33.32 0.044096
33.33 0.030448
33.34 0.017839
33.35 0.0058165
33.36 -0.0034575
33.37 -0.021082
33.38 -0.032016
33.39 -0.042755
33.4 -0.053203
33.41 -0.060049
33.42 -0.062331
33.43 -0.062622
33.44 -0.064373
33.45 -0.058474
33.46 -0.054623
33.47 -0.048468
33.48 -0.037304
33.49 -0.026209
33.5 -0.014167
33.51 -0.00083075
33.52 0.010896
33.53 0.019527
33.54 0.032894
33.55 0.041621
33.56 0.046777
33.57 0.048417
33.58 0.048321
33.59 0.047464
33.6 0.043381
33.61 0.043461
33.62 0.043376
33.63 0.043421
33.64 0.043285
33.65 0.045948
33.66 0.052193
33.67 0.060759
33.68 0.065499
33.69 0.071151
33.7 0.078007
33.71 0.084021
33.72 0.090752
33.73 0.096821
33.74 0.10162
33.75 0.1057
33.76 0.10555
33.77 0.10538
33.78 0.096534
33.79 0.081994
33.8 0.067529
33.81 0.051353
33.82 0.035288
33.83 0.019444
33.84 0.0051343
33.85 -0.011131
33.86 -0.027091
33.87 -0.043131
33.88 -0.056683
33.89 -0.065591
33.9 -0.06832
33.91 -0.072182
33.92 -0.069413
33.93 -0.063641
33.94 -0.051282
33.95 -0.036386
33.96 -0.024223
33.97 -0.011007
33.98 -0.0010515
33.99 0.0054537
34 0.010003
34.01 0.014672
34.02 0.022356
34.03 0.032537
34.04 0.038636
34.05 0.036911
34.06 0.033811
34.07 0.029538
34.08 0.022531
34.09 0.018543
34.1 0.010408
34.11 0.0027087
34.12 -0.0083809
34.13 -0.018914
34.14 -0.027847
34.15 -0.037753
34.16 -0.038079
34.17 -0.031779
34.18 -0.02234
34.19 -0.010834
34.2 -0.004229
34.21 -0.00077334
34.22 -0.00070324
34.23 -0.0093202
34.24 -0.0157
34.25 -0.020671
34.26 -0.024794
34.27 -0.033416
34.28 -0.039154
34.29 -0.039299
34.3 -0.035487
34.31 -0.028696
34.32 -0.030788
34.33 -0.033737
34.34 -0.037524
34.35 -0.037785
34.36 -0.043995
34.37 -0.040293
34.38 -0.033532
34.39 -0.026175
34.4 -0.016846
34.41 -0.011981
34.42 -0.010391
34.43 -0.0094431
34.44 -0.011174
34.45 -0.019725
34.46 -0.028287
34.47 -0.038469
34.48 -0.047838
34.49 -0.055005
34.5 -0.056255
34.51 -0.058095
34.52 -0.05953
34.53 -0.063312
34.54 -0.063573
34.55 -0.060784
34.56 -0.054776
34.57 -0.045442
34.58 -0.03525
34.59 -0.017932
34.6 0.0017143
34.61 0.020538
34.62 0.04222
34.63 0.058927
34.64 0.069996
34.65 0.078096
34.66 0.075738
34.67 0.07311
34.68 0.066375
34.69 0.060672
34.7 0.052531
34.71 0.043834
34.72 0.037805
34.73 0.032042
34.74 0.031796
34.75 0.024583
34.76 0.01887
34.77 0.0092052
34.78 -0.00041481
34.79 -0.0074518
34.8 -0.010727
34.81 -0.011896
34.82 -0.016044
34.83 -0.013025
34.84 -0.010552
34.85 -0.011555
34.86 -0.011169
34.87 -0.018111
34.88 -0.024847
34.89 -0.029612
34.9 -0.035451
34.91 -0.035235
34.92 -0.034623
34.93 -0.029758
34.94 -0.025039
34.95 -0.020184
34.96 -0.016016
34.97 -0.016347
34.98 -0.015846
34.99 -0.019071
35 -0.024192
35.01 -0.026294
35.02 -0.024879
35.03 -0.018675
35.04 -0.0099784
35.05 -0.0032828
35.06 -0.0014723
35.07 -0.0028567
35.08 -0.0070299
35.09 -0.015291
35.1 -0.022132
35.11 -0.028943
35.12 -0.042601
35.13 -0.053922
35.14 -0.063401
35.15 -0.072319
35.16 -0.075253
35.17 -0.075991
35.18 -0.072967
35.19 -0.066893
35.2 -0.060548
35.21 -0.049238
35.22 -0.040998
35.23 -0.032421
35.24 -0.022059
35.25 -0.013372
35.26 -2.5968e-005
35.27 0.010682
35.28 0.015647
35.29 0.023266
35.3 0.025693
35.31 0.030042
35.32 0.030528
35.33 0.026621
35.34 0.026119
35.35 0.027553
35.36 0.028235
35.37 0.025823
35.38 0.029358
35.39 0.032302
35.4 0.035708
35.41 0.038536
35.42 0.044856
35.43 0.050975
35.44 0.060539
35.45 0.069136
35.46 0.077116
35.47 0.079573
35.48 0.078715
35.49 0.0787
35.5 0.073102
35.51 0.0692
35.52 0.060839
35.53 0.051309
35.54 0.041438
35.55 0.032209
35.56 0.021516
35.57 0.0098846
35.58 0.0016689
35.59 -0.0056992
35.6 -0.010529
35.61 -0.015746
35.62 -0.0172
35.63 -0.019944
35.64 -0.02322
35.65 -0.026711
35.66 -0.026741
35.67 -0.027634
35.68 -0.031707
35.69 -0.031602
35.7 -0.034205
35.71 -0.040806
35.72 -0.046127
35.73 -0.048826
35.74 -0.052282
35.75 -0.055437
35.76 -0.056124
35.77 -0.052879
35.78 -0.049915
35.79 -0.046294
35.8 -0.046364
35.81 -0.045943
35.82 -0.047383
35.83 -0.048035
35.84 -0.046024
35.85 -0.043767
35.86 -0.040131
35.87 -0.037077
35.88 -0.036179
35.89 -0.0284
35.9 -0.019327
35.91 -0.01375
35.92 -0.0075009
35.93 -0.0083888
35.94 -0.007752
35.95 -0.0082438
35.96 -0.0099443
35.97 -0.0088611
35.98 -0.0049642
35.99 0.0016111
36 0.0060096
36.01 0.011641
36.02 0.011499
36.03 0.011887
36.04 0.010938
36.05 0.0070163
36.06 0.0071499
36.07 0.0070668
36.08 0.0097879
36.09 0.01617
36.1 0.025021
36.11 0.038261
36.12 0.049694
36.13 0.059147
36.14 0.067854
36.15 0.072971
36.16 0.072028
36.17 0.06541
36.18 0.056489
36.19 0.043685
36.2 0.02906
36.21 0.014843
36.22 0.0025069
36.23 -0.010676
36.24 -0.017516
36.25 -0.021482
36.26 -0.026811
36.27 -0.03015
36.28 -0.031165
36.29 -0.03497
36.3 -0.034682
36.31 -0.035356
36.32 -0.039492
36.33 -0.036183
36.34 -0.033191
36.35 -0.026823
36.36 -0.02106
36.37 -0.019478
36.38 -0.019574
36.39 -0.019215
36.4 -0.019948
36.41 -0.021917
36.42 -0.02026
36.43 -0.017993
36.44 -0.013226
36.45 -0.0067143
36.46 -0.00042625
36.47 0.0077432
36.48 0.012801
36.49 0.015114
36.5 0.019137
36.51 0.018446
36.52 0.022074
36.53 0.02346
36.54 0.024368
36.55 0.027163
36.56 0.023486
36.57 0.022592
36.58 0.018304
36.59 0.010671
36.6 0.0041588
36.61 -0.0019173
36.62 -0.0043906
36.63 -0.0033137
36.64 -0.003967
36.65 -0.0030948
36.66 -0.0044026
36.67 -0.0074568
36.68 -0.010315
36.69 -0.012945
36.7 -0.016643
36.71 -0.020737
36.72 -0.019685
36.73 -0.02296
36.74 -0.02415
36.75 -0.024061
36.76 -0.020785
36.77 -0.016408
36.78 -0.010026
36.79 0.0020045
36.8 0.013875
36.81 0.024156
36.82 0.035142
36.83 0.045701
36.84 0.054043
36.85 0.066419
36.86 0.073948
36.87 0.082488
36.88 0.089337
36.89 0.093058
36.9 0.096521
36.91 0.097637
36.92 0.095601
36.93 0.090907
36.94 0.085762
36.95 0.079244
36.96 0.073256
36.97 0.064378
36.98 0.057879
36.99 0.05199
37 0.048133
37.01 0.045447
37.02 0.041571
37.03 0.039808
37.04 0.037093
37.05 0.032199
37.06 0.02791
37.07 0.025721
37.08 0.025999
37.09 0.026814
37.1 0.025831
37.11 0.021417
37.12 0.013185
37.13 0.00032302
37.14 -0.0093124
37.15 -0.014705
37.16 -0.020436
37.17 -0.021503
37.18 -0.022529
37.19 -0.022302
37.2 -0.022038
37.21 -0.02197
37.22 -0.023726
37.23 -0.026611
37.24 -0.02666
37.25 -0.028736
37.26 -0.027462
37.27 -0.024602
37.28 -0.02341
37.29 -0.018318
37.3 -0.013597
37.31 -0.012773
37.32 -0.011814
37.33 -0.0089968
37.34 -0.0082551
37.35 -0.0032031
37.36 0.0011871
37.37 0.0081603
37.38 0.012944
37.39 0.01578
37.4 0.018874
37.41 0.016166
37.42 0.011896
37.43 0.0045242
37.44 -0.00023088
37.45 -0.0034388
37.46 -0.0070938
37.47 -0.0097212
37.48 -0.0099019
37.49 -0.0077012
37.5 -0.0055925
37.51 -0.002707
37.52 0.00068747
37.53 0.0050909
37.54 0.0090419
37.55 0.013413
37.56 0.01515
37.57 0.017245
37.58 0.01795
37.59 0.019328
37.6 0.020524
37.61 0.019496
37.62 0.019373
37.63 0.018657
37.64 0.018327
37.65 0.018089
37.66 0.022222
37.67 0.023384
37.68 0.025501
37.69 0.029205
37.7 0.030452
37.71 0.031683
37.72 0.031209
37.73 0.029692
37.74 0.026349
37.75 0.020465
37.76 0.011072
37.77 0.0023033
37.78 -0.0065467
37.79 -0.014586
37.8 -0.019978
37.81 -0.025597
37.82 -0.02897
37.83 -0.032396
37.84 -0.035308
37.85 -0.040206
37.86 -0.044761
37.87 -0.04954
37.88 -0.054709
37.89 -0.059032
37.9 -0.06256
37.91 -0.061831
37.92 -0.057286
37.93 -0.052313
37.94 -0.050596
37.95 -0.04979
37.96 -0.048513
37.97 -0.048168
37.98 -0.048982
37.99 -0.04813
38 -0.046555
38.01 -0.042271
38.02 -0.038252
38.03 -0.032871
38.04 -0.027589
38.05 -0.024933
38.06 -0.021591
38.07 -0.020546
38.08 -0.01946
38.09 -0.017291
38.1 -0.015303
38.11 -0.013786
38.12 -0.012879
38.13 -0.011451
38.14 -0.011901
38.15 -0.011649
38.16 -0.010427
38.17 -0.0081979
38.18 -0.0056865
38.19 -0.0035012
38.2 -0.00090944
38.21 0.0022059
38.22 0.0034485
38.23 0.0050925
38.24 0.0056451
38.25 0.0068694
38.26 0.0073914
38.27 0.0053725
38.28 0.0066793
38.29 0.0077503
38.3 0.0089412
38.31 0.0099444
38.32 0.01175
38.33 0.013109
38.34 0.014999
38.35 0.017069
38.36 0.017941
38.37 0.017527
38.38 0.017098
38.39 0.015682
38.4 0.014024
38.41 0.01407
38.42 0.012362
38.43 0.011651
38.44 0.012376
38.45 0.013665
38.46 0.014062
38.47 0.014788
38.48 0.015099
38.49 0.016454
38.5 0.015941
38.51 0.014213
38.52 0.01342
38.53 0.010887
38.54 0.0094846
38.55 0.0073953
38.56 0.0058203
38.57 0.0057155
38.58 0.0055566
38.59 0.0041227
38.6 0.0039363
38.61 0.0027602
38.62 -0.00023808
38.63 -0.0018701
38.64 -0.0038737
38.65 -0.0062663
38.66 -0.0064404
38.67 -0.0063915
38.68 -0.0053739
38.69 -0.0048783
38.7 -0.0040739
38.71 -0.0035439
38.72 -0.0028981
38.73 -0.0023184
38.74 -0.0023426
38.75 -0.0011624
38.76 -0.00027888
38.77 0.0011563
38.78 0.0020746
38.79 0.0027983
38.8 0.0032233
38.81 0.0029998
38.82 0.0022246
38.83 0.0010716
38.84 0.00011498
38.85 -6.4877e-005
38.86 -0.00018505
38.87 -0.00039013
38.88 -0.00046549
38.89 -0.00071073
38.9 -0.0007088
38.91 -0.0014908
38.92 -0.0018701
38.93 -0.0020621
38.94 -0.0028898
38.95 -0.0041436
38.96 -0.0056977
38.97 -0.0065758
38.98 -0.007348
38.99 -0.0080807
39 -0.0087198
39.01 -0.0090139
39.02 -0.0097587
39.03 -0.010325
39.04 -0.010653
39.05 -0.010678
39.06 -0.010474
39.07 -0.010082
39.08 -0.0093951
39.09 -0.0090404
39.1 -0.0080158
39.11 -0.0071194
39.12 -0.0058026
39.13 -0.0043723
39.14 -0.0034066
39.15 -0.0020939
39.16 -0.0011849
39.17 -0.00060302
39.18 -9.2946e-005
39.19 0.0005253
39.2 0.00075889
39.21 0.0010867
39.22 0.0013144
39.23 0.0015641
39.24 0.0019065
39.25 0.002245
39.26 0.0029525
39.27 0.0038356
39.28 0.0041987
39.29 0.0043154
39.3 0.0043986
39.31 0.0039194
39.32 0.0033002
39.33 0.0029844
39.34 0.0024697
39.35 0.0020235
39.36 0.001822
39.37 0.0014584
39.38 0.0010361
39.39 0.00058405
39.4 2.9098e-005
39.41 -0.00043825
39.42 -0.00072385
39.43 -0.00095552
39.44 -0.0010331
39.45 -0.0012012
39.46 -0.0013907
39.47 -0.0016381
39.48 -0.0019059
39.49 -0.0020731
39.5 -0.0022882
39.51 -0.0025051
39.52 -0.0024351
39.53 -0.0024316
39.54 -0.0024615
39.55 -0.0024579
39.56 -0.0024718
39.57 -0.0023823
39.58 -0.0021523
39.59 -0.0019837
39.6 -0.0017698
39.61 -0.0015356
39.62 -0.0013685
39.63 -0.0011983
39.64 -0.0011244
39.65 -0.00094004
39.66 -0.00070872
39.67 -0.00043859
39.68 -0.00016224
39.69 0.00014613
39.7 0.00038192
39.71 0.00065058
39.72 0.00085714
39.73 0.00097456
39.74 0.00114
39.75 0.0012269
39.76 0.0013045
39.77 0.001392
39.78 0.0014349
39.79 0.0014689
39.8 0.0015124
39.81 0.001544
39.82 0.0015724
39.83 0.0015872
39.84 0.0015865
39.85 0.0015632
39.86 0.0015266
39.87 0.0014737
39.88 0.0014068
39.89 0.0013418
39.9 0.0012751
39.91 0.0012121
39.92 0.0011469
39.93 0.0010807
39.94 0.0010175
39.95 0.00095434
