0.01 -3.0665e-006
0.02 -3.1842e-006
0.03 -3.3264e-006
0.04 -3.4407e-006
0.05 -3.5792e-006
0.06 -3.69e-006
0.07 -3.8251e-006
0.08 -3.9323e-006
0.09 -4.0638e-006
0.1 -4.1674e-006
0.11 -4.2953e-006
0.12 -4.3954e-006
0.13 -4.5197e-006
0.14 -4.6161e-006
0.15 -4.7368e-006
0.16 -4.8295e-006
0.17 -4.9466e-006
0.18 -5.0357e-006
0.19 -5.1491e-006
0.2 -5.2345e-006
0.21 -5.3443e-006
0.22 -5.4261e-006
0.23 -5.5323e-006
0.24 -5.6103e-006
0.25 -5.7129e-006
0.26 -5.7873e-006
0.27 -5.8863e-006
0.28 -5.957e-006
0.29 -6.0524e-006
0.3 -6.1195e-006
0.31 -6.2113e-006
0.32 -6.2748e-006
0.33 -6.3631e-006
0.34 -6.4229e-006
0.35 -6.5077e-006
0.36 -6.564e-006
0.37 -6.6452e-006
0.38 -6.698e-006
0.39 -6.7758e-006
0.4 -6.825e-006
0.41 -6.8995e-006
0.42 -6.9452e-006
0.43 -7.0163e-006
0.44 -7.0586e-006
0.45 -7.1264e-006
0.46 -7.1652e-006
0.47 -7.2298e-006
0.48 -7.2653e-006
0.49 -7.3267e-006
0.5 -7.3589e-006
0.51 -7.4171e-006
0.52 -7.446e-006
0.53 -7.5012e-006
0.54 -7.5269e-006
0.55 -7.5791e-006
0.56 -7.6016e-006
0.57 -7.651e-006
0.58 -7.6703e-006
0.59 -7.7169e-006
0.6 -7.7331e-006
0.61 -7.7769e-006
0.62 -7.7902e-006
0.63 -7.8314e-006
0.64 -7.8416e-006
0.65 -7.8803e-006
0.66 -7.8875e-006
0.67 -7.9238e-006
0.68 -7.9281e-006
0.69 -7.9622e-006
0.7 -7.9636e-006
0.71 -7.9955e-006
0.72 -7.994e-006
0.73 -8.024e-006
0.74 -8.0196e-006
0.75 -8.0479e-006
0.76 -8.0401e-006
0.77 -8.0668e-006
0.78 -8.057e-006
0.79 -8.0835e-006
0.8 -8.0667e-006
0.81 -8.0884e-006
0.82 -8.078e-006
0.83 -8.1178e-006
0.84 -8.0773e-006
0.85 -8.0463e-006
0.86 -8.0547e-006
0.87 -8.289e-006
0.88 -8.2244e-006
0.89 -7.5597e-006
0.9 -7.2973e-006
0.91 -9.5394e-006
0.92 -1.1065e-005
0.93 -4.5398e-006
0.94 2.0716e-006
0.95 -2.8841e-005
0.96 -0.00011513
0.97 -0.00020109
0.98 -0.00018996
0.99 -7.2532e-005
1 9.3343e-006
1.01 -3.1364e-005
1.02 -0.00011971
1.03 -0.00015581
1.04 -0.00016236
1.05 -0.0002084
1.06 -0.00024403
1.07 -0.00017496
1.08 -5.2447e-005
1.09 3.4906e-005
1.1 0.00011048
1.11 0.00021838
1.12 0.00030452
1.13 0.00024475
1.14 8.3216e-005
1.15 -3.2438e-006
1.16 -4.3842e-005
1.17 -0.00019228
1.18 -0.00037628
1.19 -0.00031901
1.2 5.6578e-005
1.21 0.00039981
1.22 0.00038542
1.23 0.00023322
1.24 0.0003571
1.25 0.00076598
1.26 0.0010745
1.27 0.00095725
1.28 0.00045049
1.29 -0.00024906
1.3 -0.0010013
1.31 -0.0016021
1.32 -0.001772
1.33 -0.001423
1.34 -0.00082815
1.35 -0.00039931
1.36 -0.00028867
1.37 -0.00019465
1.38 0.0003285
1.39 0.0011724
1.4 0.0016276
1.41 0.0012742
1.42 0.00048743
1.43 -4.6776e-005
1.44 2.2216e-005
1.45 0.00057147
1.46 0.0011794
1.47 0.0013103
1.48 0.00054426
1.49 -0.00090325
1.5 -0.0021073
1.51 -0.0023875
1.52 -0.0020526
1.53 -0.0016989
1.54 -0.001291
1.55 -0.00054981
1.56 0.00047536
1.57 0.0014476
1.58 0.0019275
1.59 0.0017865
1.6 0.001522
1.61 0.0016159
1.62 0.0017879
1.63 0.0014815
1.64 0.00078514
1.65 0.00020773
1.66 -0.00037476
1.67 -0.0014422
1.68 -0.0022713
1.69 -0.0012389
1.7 0.001556
1.71 0.0036137
1.72 0.0031896
1.73 0.0015723
1.74 0.00082446
1.75 0.00065237
1.76 -0.00065763
1.77 -0.0031562
1.78 -0.0049846
1.79 -0.0049647
1.8 -0.0039332
1.81 -0.0031653
1.82 -0.0025364
1.83 -0.0011053
1.84 0.00084794
1.85 0.0017105
1.86 0.0010441
1.87 0.00054865
1.88 0.0014613
1.89 0.0026845
1.9 0.0027372
1.91 0.0021662
1.92 0.002432
1.93 0.0034277
1.94 0.0037141
1.95 0.0027646
1.96 0.0015679
1.97 0.00089614
1.98 0.00045163
1.99 2.2927e-005
2 7.3192e-005
2.01 0.00044213
2.02 -0.00012373
2.03 -0.0019291
2.04 -0.0031862
2.05 -0.002437
2.06 -0.00099878
2.07 -0.0012373
2.08 -0.0030718
2.09 -0.004132
2.1 -0.0032472
2.11 -0.0017296
2.12 -0.00099076
2.13 -0.00096141
2.14 -0.0011857
2.15 -0.0015018
2.16 -0.0014251
2.17 -0.000472
2.18 0.0010251
2.19 0.0024704
2.2 0.0038231
2.21 0.0049738
2.22 0.0050678
2.23 0.0037816
2.24 0.0023538
2.25 0.0019249
2.26 0.0017358
2.27 0.00014177
2.28 -0.0030467
2.29 -0.0060128
2.3 -0.0066544
2.31 -0.00451
2.32 -0.0011132
2.33 0.0014476
2.34 0.0025397
2.35 0.0029462
2.36 0.0029652
2.37 0.0018429
2.38 -0.0008167
2.39 -0.0039203
2.4 -0.0055714
2.41 -0.0049223
2.42 -0.0030241
2.43 -0.0016486
2.44 -0.0012415
2.45 -0.00039488
2.46 0.0019778
2.47 0.0046575
2.48 0.0055466
2.49 0.0043521
2.5 0.0025141
2.51 0.00096246
2.52 -0.00079172
2.53 -0.003156
2.54 -0.0052232
2.55 -0.0057163
2.56 -0.0040766
2.57 -0.00072047
2.58 0.0027719
2.59 0.0048095
2.6 0.0055789
2.61 0.0063283
2.62 0.0069982
2.63 0.006014
2.64 0.0027102
2.65 -0.0014215
2.66 -0.004525
2.67 -0.0060381
2.68 -0.0060693
2.69 -0.0044704
2.7 -0.0012907
2.71 0.00236
2.72 0.0045593
2.73 0.0041527
2.74 0.0018631
2.75 -0.00069291
2.76 -0.0026748
2.77 -0.0041028
2.78 -0.004976
2.79 -0.0051799
2.8 -0.0048375
2.81 -0.0038527
2.82 -0.0016358
2.83 0.001731
2.84 0.004542
2.85 0.0049753
2.86 0.0034186
2.87 0.0021173
2.88 0.0023752
2.89 0.0032493
2.9 0.0034547
2.91 0.0033104
2.92 0.0036659
2.93 0.0038652
2.94 0.0023846
2.95 -0.0006951
2.96 -0.0032496
2.97 -0.0036668
2.98 -0.0028458
2.99 -0.0026873
3 -0.0033818
3.01 -0.0034028
3.02 -0.0017031
3.03 0.0011549
3.04 0.0038738
3.05 0.0055967
3.06 0.0059762
3.07 0.0046865
3.08 0.0019276
3.09 -0.0010387
3.1 -0.0030291
3.11 -0.0042149
3.12 -0.0056115
3.13 -0.0074501
3.14 -0.0085768
3.15 -0.0077652
3.16 -0.0049957
3.17 -0.0011989
3.18 0.0026363
3.19 0.0057706
3.2 0.0075756
3.21 0.0077854
3.22 0.0067782
3.23 0.0048991
3.24 0.0020138
3.25 -0.0016411
3.26 -0.0048317
3.27 -0.0061353
3.28 -0.0051279
3.29 -0.0026236
3.3 -3.3638e-006
3.31 0.0017047
3.32 0.0022779
3.33 0.0021718
3.34 0.0019931
3.35 0.0018045
3.36 0.0011488
3.37 -0.00015983
3.38 -0.001686
3.39 -0.0027173
3.4 -0.0026874
3.41 -0.0013767
3.42 0.0010652
3.43 0.0039457
3.44 0.0062714
3.45 0.0075586
3.46 0.0079586
3.47 0.0074135
3.48 0.0053822
3.49 0.001739
3.5 -0.0026805
3.51 -0.0064683
3.52 -0.0084348
3.53 -0.0083483
3.54 -0.0068754
3.55 -0.005046
3.56 -0.0037591
3.57 -0.0032346
3.58 -0.0031083
3.59 -0.0030892
3.6 -0.0033474
3.61 -0.0040193
3.62 -0.0040427
3.63 -0.0015392
3.64 0.0038685
3.65 0.0099756
3.66 0.01376
3.67 0.013992
3.68 0.011666
3.69 0.0082154
3.7 0.0041986
3.71 -0.00026761
3.72 -0.0046094
3.73 -0.0077572
3.74 -0.0088015
3.75 -0.0075226
3.76 -0.0047193
3.77 -0.0019471
3.78 -0.00016906
3.79 0.0007366
3.8 0.00089285
3.81 0.00019508
3.82 -0.00089107
3.83 -0.0012088
3.84 0.0001405
3.85 0.002668
3.86 0.0044255
3.87 0.0037194
3.88 0.0011372
3.89 -0.00095386
3.9 -0.0013387
3.91 -0.0012434
3.92 -0.0021777
3.93 -0.003663
3.94 -0.0041805
3.95 -0.003283
3.96 -0.0014505
3.97 0.00096935
3.98 0.0032554
3.99 0.00374
4 0.0015144
4.01 -0.0019947
4.02 -0.0047713
4.03 -0.0062086
4.04 -0.0062843
4.05 -0.0042697
4.06 0.00031206
4.07 0.0056616
4.08 0.0083493
4.09 0.0065701
4.1 0.0016203
4.11 -0.0040295
4.12 -0.0091885
4.13 -0.013775
4.14 -0.017104
4.15 -0.018107
4.16 -0.016891
4.17 -0.014595
4.18 -0.011873
4.19 -0.0084106
4.2 -0.0041766
4.21 0.00017885
4.22 0.0047255
4.23 0.010694
4.24 0.01897
4.25 0.028466
4.26 0.036252
4.27 0.038991
4.28 0.03434
4.29 0.022413
4.3 0.0063265
4.31 -0.0091
4.32 -0.020319
4.33 -0.027657
4.34 -0.033574
4.35 -0.038038
4.36 -0.037433
4.37 -0.028311
4.38 -0.011315
4.39 0.0088167
4.4 0.026736
4.41 0.039617
4.42 0.047112
4.43 0.049089
4.44 0.044634
4.45 0.033603
4.46 0.018098
4.47 0.0018747
4.48 -0.011296
4.49 -0.018757
4.5 -0.020185
4.51 -0.018444
4.52 -0.017302
4.53 -0.017658
4.54 -0.017194
4.55 -0.013403
4.56 -0.0060236
4.57 0.0020796
4.58 0.0056221
4.59 0.0013182
4.6 -0.0081051
4.61 -0.016799
4.62 -0.022044
4.63 -0.024872
4.64 -0.025284
4.65 -0.020794
4.66 -0.011188
4.67 -0.00079905
4.68 0.0061985
4.69 0.0090643
4.7 0.008756
4.71 0.0060442
4.72 0.0020326
4.73 -0.0017192
4.74 -0.0051116
4.75 -0.0085665
4.76 -0.010348
4.77 -0.0081413
4.78 -0.0019851
4.79 0.006558
4.8 0.01583
4.81 0.023493
4.82 0.027207
4.83 0.02784
4.84 0.029879
4.85 0.035534
4.86 0.040784
4.87 0.04015
4.88 0.032447
4.89 0.020052
4.9 0.006273
4.91 -0.0059158
4.92 -0.015945
4.93 -0.025944
4.94 -0.036447
4.95 -0.043755
4.96 -0.043864
4.97 -0.036501
4.98 -0.024713
4.99 -0.012987
5 -0.0037479
5.01 0.005264
5.02 0.016863
5.03 0.02825
5.04 0.031578
5.05 0.022857
5.06 0.0075825
5.07 -0.0071571
5.08 -0.020951
5.09 -0.035564
5.1 -0.048115
5.11 -0.053254
5.12 -0.049579
5.13 -0.040158
5.14 -0.027227
5.15 -0.011105
5.16 0.0067127
5.17 0.023783
5.18 0.037144
5.19 0.043366
5.2 0.043031
5.21 0.040462
5.22 0.036389
5.23 0.029697
5.24 0.023188
5.25 0.019793
5.26 0.01796
5.27 0.01435
5.28 0.010623
5.29 0.012765
5.3 0.021375
5.31 0.029594
5.32 0.032432
5.33 0.030136
5.34 0.021422
5.35 0.0045461
5.36 -0.015316
5.37 -0.032327
5.38 -0.04926
5.39 -0.068699
5.4 -0.083997
5.41 -0.086937
5.42 -0.076124
5.43 -0.055105
5.44 -0.027494
5.45 0.0024159
5.46 0.02842
5.47 0.046094
5.48 0.055025
5.49 0.05689
5.5 0.052844
5.51 0.043371
5.52 0.030076
5.53 0.015198
5.54 0.00048952
5.55 -0.012401
5.56 -0.022441
5.57 -0.028897
5.58 -0.030052
5.59 -0.024585
5.6 -0.013872
5.61 -0.001835
5.62 0.0078016
5.63 0.013188
5.64 0.014014
5.65 0.011878
5.66 0.0096164
5.67 0.0091439
5.68 0.010336
5.69 0.01146
5.7 0.010394
5.71 0.0054655
5.72 -0.0036119
5.73 -0.014283
5.74 -0.022364
5.75 -0.025053
5.76 -0.02161
5.77 -0.012991
5.78 -0.0017705
5.79 0.0085136
5.8 0.015301
5.81 0.018072
5.82 0.016998
5.83 0.012954
5.84 0.0076217
5.85 0.0016556
5.86 -0.0051447
5.87 -0.012222
5.88 -0.018153
5.89 -0.021394
5.9 -0.020968
5.91 -0.016866
5.92 -0.010429
5.93 -0.0037236
5.94 0.002277
5.95 0.007742
5.96 0.012849
5.97 0.017655
5.98 0.021819
5.99 0.023969
6 0.022981
6.01 0.020006
6.02 0.016888
6.03 0.012994
6.04 0.0068611
6.05 -0.00021566
6.06 -0.0057258
6.07 -0.0096649
6.08 -0.013893
6.09 -0.018571
6.1 -0.022129
6.11 -0.023658
6.12 -0.022602
6.13 -0.019119
6.14 -0.01557
6.15 -0.014551
6.16 -0.015068
6.17 -0.013127
6.18 -0.0068145
6.19 0.00096762
6.2 0.006002
6.21 0.0074197
6.22 0.0071202
6.23 0.0068257
6.24 0.0078962
6.25 0.011183
6.26 0.015494
6.27 0.018369
6.28 0.019134
6.29 0.019215
6.3 0.018996
6.31 0.01709
6.32 0.012714
6.33 0.0066683
6.34 0.00014136
6.35 -0.0064792
6.36 -0.013002
6.37 -0.018393
6.38 -0.021222
6.39 -0.020664
6.4 -0.017057
6.41 -0.011867
6.42 -0.0065655
6.43 -0.0016676
6.44 0.0028962
6.45 0.0070107
6.46 0.010123
6.47 0.011711
6.48 0.011378
6.49 0.0089628
6.5 0.0052705
6.51 0.0016621
6.52 -0.0010791
6.53 -0.0028046
6.54 -0.0035796
6.55 -0.0037031
6.56 -0.003818
6.57 -0.0041109
6.58 -0.0037434
6.59 -0.0024023
6.6 -0.0013089
6.61 -0.001518
6.62 -0.0026256
6.63 -0.0038241
6.64 -0.0047199
6.65 -0.0045012
6.66 -0.0023294
6.67 0.00076258
6.68 0.0023062
6.69 0.00098211
6.7 -0.0020298
6.71 -0.0038893
6.72 -0.0027536
6.73 0.00026767
6.74 0.0028837
6.75 0.0042796
6.76 0.0048727
6.77 0.0046123
6.78 0.002799
6.79 -0.00081991
6.8 -0.005285
6.81 -0.0081777
6.82 -0.006653
6.83 -0.00011339
6.84 0.0084012
6.85 0.01462
6.86 0.016619
6.87 0.015296
6.88 0.012075
6.89 0.007864
6.9 0.0036961
6.91 0.00058844
6.92 -0.0011718
6.93 -0.0020253
6.94 -0.002625
6.95 -0.0035239
6.96 -0.0048117
6.97 -0.0057477
6.98 -0.0055435
6.99 -0.0045616
7 -0.0037335
7.01 -0.0032782
7.02 -0.0028938
7.03 -0.0025908
7.04 -0.0024431
7.05 -0.0023572
7.06 -0.0031126
7.07 -0.0060584
7.08 -0.010507
7.09 -0.013399
7.1 -0.0128
7.11 -0.0096805
7.12 -0.0056051
7.13 -0.00088101
7.14 0.0044804
7.15 0.0099671
7.16 0.014881
7.17 0.017966
7.18 0.017441
7.19 0.012788
7.2 0.005993
7.21 0.00013515
7.22 -0.0025747
7.23 -0.0013043
7.24 0.0031377
7.25 0.0080945
7.26 0.010439
7.27 0.0090075
7.28 0.0049461
7.29 -6.8358e-005
7.3 -0.00457
7.31 -0.0072256
7.32 -0.0079576
7.33 -0.0083812
7.34 -0.0099117
7.35 -0.012077
7.36 -0.013416
7.37 -0.013139
7.38 -0.01108
7.39 -0.0075236
7.4 -0.0039572
7.41 -0.0024608
7.42 -0.003344
7.43 -0.0045195
7.44 -0.0041441
7.45 -0.0024577
7.46 -0.00052786
7.47 0.0010439
7.48 0.0019124
7.49 0.0018499
7.5 0.0012061
7.51 0.00092091
7.52 0.001627
7.53 0.003023
7.54 0.004433
7.55 0.0054628
7.56 0.0060843
7.57 0.0062739
7.58 0.0053752
7.59 0.0026968
7.6 -0.00090484
7.61 -0.0030026
7.62 -0.0018523
7.63 0.0018457
7.64 0.0059761
7.65 0.00917
7.66 0.011329
7.67 0.012474
7.68 0.012103
7.69 0.009614
7.7 0.0051351
7.71 4.5627e-005
7.72 -0.0037732
7.73 -0.0055668
7.74 -0.0061624
7.75 -0.006299
7.76 -0.0053653
7.77 -0.0027652
7.78 0.00050131
7.79 0.0026904
7.8 0.0029595
7.81 0.0015781
7.82 -0.00049803
7.83 -0.0019196
7.84 -0.0017104
7.85 2.8737e-005
7.86 0.0023891
7.87 0.0042364
7.88 0.0046241
7.89 0.0031514
7.9 0.00039957
7.91 -0.0020295
7.92 -0.0028453
7.93 -0.0022949
7.94 -0.0013154
7.95 -0.00034889
7.96 0.00042799
7.97 0.00067236
7.98 0.00012735
7.99 -0.0011789
8 -0.0029337
8.01 -0.0043647
8.02 -0.0045616
8.03 -0.0033869
8.04 -0.001523
8.05 0.0004378
8.06 0.0021697
8.07 0.003124
8.08 0.0029168
8.09 0.0019093
8.1 0.00070827
8.11 -0.00058249
8.12 -0.0024243
8.13 -0.0050273
8.14 -0.0073155
8.15 -0.0073345
8.16 -0.0043094
8.17 9.101e-006
8.18 0.0029104
8.19 0.0034933
8.2 0.0029354
8.21 0.0025018
8.22 0.0025114
8.23 0.0029046
8.24 0.0036257
8.25 0.0043539
8.26 0.0046505
8.27 0.0044592
8.28 0.0038751
8.29 0.0027987
8.3 0.0013654
8.31 3.2329e-005
8.32 -0.0010669
8.33 -0.0021535
8.34 -0.0027974
8.35 -0.0022184
8.36 -0.0010029
8.37 -0.00091734
8.38 -0.0026009
8.39 -0.0044941
8.4 -0.0046782
8.41 -0.0031181
8.42 -0.0014543
8.43 -0.0010372
8.44 -0.0016032
8.45 -0.0018584
8.46 -0.0011747
8.47 -5.2914e-005
8.48 0.0010266
8.49 0.0019801
8.5 0.0025115
8.51 0.0022249
8.52 0.0014757
8.53 0.0012876
8.54 0.0020728
8.55 0.0029996
8.56 0.0028707
8.57 0.0013023
8.58 -0.00087071
8.59 -0.0021656
8.6 -0.0017143
8.61 -0.00011519
8.62 0.0010571
8.63 0.00079554
8.64 -0.00064735
8.65 -0.0024464
8.66 -0.0038309
8.67 -0.0042923
8.68 -0.0040417
8.69 -0.0040824
8.7 -0.0050561
8.71 -0.0062588
8.72 -0.0063855
8.73 -0.0051786
8.74 -0.0035853
8.75 -0.0023994
8.76 -0.0017671
8.77 -0.0015172
8.78 -0.0011822
8.79 -0.00036994
8.8 0.00082555
8.81 0.0022287
8.82 0.0036059
8.83 0.004171
8.84 0.0031199
8.85 0.00095227
8.86 -0.00051649
8.87 -2.5698e-005
8.88 0.0017706
8.89 0.0032456
8.9 0.0035279
8.91 0.0029462
8.92 0.0022039
8.93 0.0016629
8.94 0.0013277
8.95 0.00089028
8.96 0.00010698
8.97 -0.00079363
8.98 -0.0016261
8.99 -0.0024023
9 -0.0028403
9.01 -0.0027535
9.02 -0.0025729
9.03 -0.0028258
9.04 -0.0035863
9.05 -0.0044247
9.06 -0.0047118
9.07 -0.0040496
9.08 -0.0023581
9.09 0.00023012
9.1 0.0033063
9.11 0.0061268
9.12 0.0078829
9.13 0.0082555
9.14 0.0076129
9.15 0.006483
9.16 0.0051801
9.17 0.0039973
9.18 0.0032561
9.19 0.0031165
9.2 0.0034062
9.21 0.0036656
9.22 0.0034185
9.23 0.0025083
9.24 0.0014591
9.25 0.0010278
9.26 0.0011685
9.27 0.00096317
9.28 -0.00017017
9.29 -0.0017408
9.3 -0.0029564
9.31 -0.0034086
9.32 -0.0028916
9.33 -0.0016219
9.34 -0.00061112
9.35 -0.00078824
9.36 -0.0018162
9.37 -0.002482
9.38 -0.0021689
9.39 -0.0013453
9.4 -0.0006053
9.41 -3.9997e-006
9.42 0.00049151
9.43 0.00065643
9.44 0.00036745
9.45 5.1589e-005
9.46 0.00031626
9.47 0.00099329
9.48 0.0011445
9.49 0.00047228
9.5 0.00015698
9.51 0.00142
9.52 0.0037521
9.53 0.0052471
9.54 0.0044858
9.55 0.0017592
9.56 -0.0015207
9.57 -0.0039832
9.58 -0.0048792
9.59 -0.0043285
9.6 -0.0030949
9.61 -0.0019788
9.62 -0.001545
9.63 -0.0019339
9.64 -0.0025389
9.65 -0.0024986
9.66 -0.0017037
9.67 -0.00086656
9.68 -0.00055096
9.69 -0.00070249
9.7 -0.0010567
9.71 -0.0012046
9.72 -0.0005699
9.73 0.00090648
9.74 0.0023309
9.75 0.0026831
9.76 0.0019451
9.77 0.0010508
9.78 0.0006684
9.79 0.00059021
9.8 0.00047666
9.81 0.00049388
9.82 0.0008142
9.83 0.00089218
9.84 -0.00014484
9.85 -0.0021532
9.86 -0.0036101
9.87 -0.003191
9.88 -0.0013712
9.89 0.00017103
9.9 0.0003698
9.91 -0.00072489
9.92 -0.0026034
9.93 -0.004557
9.94 -0.0056208
9.95 -0.0050144
9.96 -0.002977
9.97 -0.00071194
9.98 0.00076343
9.99 0.0013051
10 0.0014792
10.01 0.0019513
10.02 0.0027432
10.03 0.0032881
10.04 0.0032445
10.05 0.0029079
10.06 0.0028012
10.07 0.003046
10.08 0.003292
10.09 0.003066
10.1 0.0021194
10.11 0.00064667
10.12 -0.00073089
10.13 -0.0014371
10.14 -0.0017009
10.15 -0.0023983
10.16 -0.0036133
10.17 -0.0042844
10.18 -0.0038417
10.19 -0.0029725
10.2 -0.0023556
10.21 -0.0017454
10.22 -0.00082962
10.23 -0.00019847
10.24 -0.00057523
10.25 -0.0014754
10.26 -0.0017368
10.27 -0.0011475
10.28 -0.00045361
10.29 -1.5516e-005
10.3 0.0005442
10.31 0.0015098
10.32 0.0024188
10.33 0.0026052
10.34 0.0021776
10.35 0.0018667
10.36 0.0021589
10.37 0.0028345
10.38 0.0031863
10.39 0.002695
10.4 0.0014093
10.41 -0.00026316
10.42 -0.0016801
10.43 -0.0020726
10.44 -0.0010838
10.45 0.00067563
10.46 0.0020102
10.47 0.002352
10.48 0.0022504
10.49 0.002405
10.5 0.0026826
10.51 0.0025362
10.52 0.0018785
10.53 0.00086438
10.54 -0.0005599
10.55 -0.0021156
10.56 -0.0029428
10.57 -0.0025296
10.58 -0.0015052
10.59 -0.00097211
10.6 -0.0012037
10.61 -0.0014518
10.62 -0.0010166
10.63 -4.4489e-005
10.64 0.00095373
10.65 0.001715
10.66 0.002133
10.67 0.0020711
10.68 0.0016145
10.69 0.001267
10.7 0.0014748
10.71 0.0020301
10.72 0.0023646
10.73 0.0023257
10.74 0.002252
10.75 0.0023351
10.76 0.0022375
10.77 0.0015777
10.78 0.00036537
10.79 -0.0011291
10.8 -0.0025192
10.81 -0.0035453
10.82 -0.0040961
10.83 -0.003902
10.84 -0.0027206
10.85 -0.00098978
10.86 0.00034316
10.87 0.00083261
10.88 0.00077739
10.89 0.00040826
10.9 -0.0004239
10.91 -0.001725
10.92 -0.002983
10.93 -0.0034553
10.94 -0.0029004
10.95 -0.0017816
10.96 -0.00077808
10.97 -0.00026121
10.98 -8.1264e-005
10.99 -2.6267e-005
11 -0.00026966
11.01 -0.00094343
11.02 -0.0016449
11.03 -0.0017469
11.04 -0.0011551
11.05 -0.00043384
11.06 0.000107
11.07 0.00086189
11.08 0.0020222
11.09 0.0030704
11.1 0.0034963
11.11 0.0033735
11.12 0.0030949
11.13 0.0027814
11.14 0.0022161
11.15 0.0012521
11.16 0.00014164
11.17 -0.00063095
11.18 -0.0010206
11.19 -0.0014035
11.2 -0.001895
11.21 -0.0022311
11.22 -0.0023153
11.23 -0.0025033
11.24 -0.0029967
11.25 -0.0033941
11.26 -0.0033209
11.27 -0.0029294
11.28 -0.0024482
11.29 -0.0018683
11.3 -0.0012114
11.31 -0.00050574
11.32 0.00037773
11.33 0.0014004
11.34 0.0020672
11.35 0.0019297
11.36 0.0011706
11.37 0.00048843
11.38 0.00052228
11.39 0.0012608
11.4 0.0019726
11.41 0.00195
11.42 0.0012487
11.43 0.00043683
11.44 4.9163e-005
11.45 0.00040676
11.46 0.0015404
11.47 0.0030567
11.48 0.0041903
11.49 0.0044451
11.5 0.0041027
11.51 0.003796
11.52 0.0037469
11.53 0.0037311
11.54 0.0035818
11.55 0.0033513
11.56 0.0030186
11.57 0.0023963
11.58 0.001358
11.59 -6.3394e-005
11.6 -0.0017917
11.61 -0.0036983
11.62 -0.0053701
11.63 -0.0063538
11.64 -0.0065404
11.65 -0.0061684
11.66 -0.0055708
11.67 -0.0049595
11.68 -0.0044315
11.69 -0.003967
11.7 -0.0034025
11.71 -0.0024547
11.72 -0.0010736
11.73 9.3309e-005
11.74 0.00025575
11.75 -0.00048182
11.76 -0.0012426
11.77 -0.0014622
11.78 -0.0014416
11.79 -0.0016632
11.8 -0.002041
11.81 -0.0020782
11.82 -0.0014573
11.83 -0.00018725
11.84 0.0016198
11.85 0.0037968
11.86 0.0059769
11.87 0.0074786
11.88 0.0077017
11.89 0.0068458
11.9 0.0058075
11.91 0.0051237
11.92 0.0044406
11.93 0.0032642
11.94 0.0017439
11.95 0.00046844
11.96 -0.00022421
11.97 -0.00049769
11.98 -0.00080326
11.99 -0.0015872
12 -0.0029201
12.01 -0.0042903
12.02 -0.0050899
12.03 -0.0051529
12.04 -0.0048329
12.05 -0.0045267
12.06 -0.0043096
12.07 -0.0040432
12.08 -0.0033945
12.09 -0.0021339
12.1 -0.00052002
12.11 0.00098447
12.12 0.0021091
12.13 0.0027163
12.14 0.0026548
12.15 0.0019782
12.16 0.0012072
12.17 0.00090896
12.18 0.0012337
12.19 0.001882
12.2 0.0023401
12.21 0.0023401
12.22 0.002131
12.23 0.002165
12.24 0.0024396
12.25 0.0022735
12.26 0.0010541
12.27 -0.00077771
12.28 -0.0020555
12.29 -0.002208
12.3 -0.0016166
12.31 -0.00092181
12.32 -0.00050673
12.33 -0.00040327
12.34 -0.00047641
12.35 -0.00068184
12.36 -0.0010183
12.37 -0.0013256
12.38 -0.0013756
12.39 -0.0012051
12.4 -0.0009767
12.41 -0.00050691
12.42 0.00064126
12.43 0.0023559
12.44 0.003625
12.45 0.0035582
12.46 0.0024143
12.47 0.0012033
12.48 0.00067907
12.49 0.00091922
12.5 0.0015122
12.51 0.0018237
12.52 0.0013632
12.53 0.00027104
12.54 -0.00081873
12.55 -0.0015174
12.56 -0.0019022
12.57 -0.0020371
12.58 -0.0018692
12.59 -0.0014967
12.6 -0.0011077
12.61 -0.00087096
12.62 -0.0010626
12.63 -0.0018517
12.64 -0.0029496
12.65 -0.0038695
12.66 -0.0042254
12.67 -0.003708
12.68 -0.0023591
12.69 -0.00083611
12.7 -1.4331e-005
12.71 -0.00010281
12.72 -0.00038311
12.73 -0.00027218
12.74 -1.0686e-005
12.75 -7.2768e-005
12.76 -0.00039612
12.77 -0.00042852
12.78 0.00017416
12.79 0.0012328
12.8 0.002311
12.81 0.0030484
12.82 0.003378
12.83 0.0034311
12.84 0.003384
12.85 0.0034347
12.86 0.0036641
12.87 0.0039019
12.88 0.0037783
12.89 0.0030621
12.9 0.0017428
12.91 -0.0001321
12.92 -0.0023214
12.93 -0.0041881
12.94 -0.0051241
12.95 -0.0050488
12.96 -0.0042116
12.97 -0.0027955
12.98 -0.0011014
12.99 0.00017862
13 0.00039888
13.01 -0.00021843
13.02 -0.00061409
13.03 -1.2103e-005
13.04 0.0012203
13.05 0.0019883
13.06 0.0016643
13.07 0.0007628
13.08 0.00026175
13.09 0.00051139
13.1 0.0010291
13.11 0.0012339
13.12 0.0010477
13.13 0.00060229
13.14 -1.7167e-007
13.15 -0.0004544
13.16 -0.00039348
13.17 0.000151
13.18 0.00073408
13.19 0.0009514
13.2 0.00069922
13.21 0.00016942
13.22 -0.0003005
13.23 -0.00059423
13.24 -0.00093137
13.25 -0.0013833
13.26 -0.0016879
13.27 -0.0015549
13.28 -0.0010085
13.29 -0.00044251
13.3 -0.00024573
13.31 -0.00049039
13.32 -0.00090555
13.33 -0.0011332
13.34 -0.001036
13.35 -0.00064534
13.36 1.889e-006
13.37 0.00072456
13.38 0.0011686
13.39 0.0011117
13.4 0.00078193
13.41 0.0007045
13.42 0.001154
13.43 0.0019293
13.44 0.0025231
13.45 0.0024452
13.46 0.0015357
13.47 9.3817e-005
13.48 -0.0012241
13.49 -0.001844
13.5 -0.0016315
13.51 -0.00096552
13.52 -0.00043177
13.53 -0.00032663
13.54 -0.00040629
13.55 -0.00017083
13.56 0.00043784
13.57 0.00087455
13.58 0.00058614
13.59 -0.00053865
13.6 -0.0021394
13.61 -0.0034311
13.62 -0.0036242
13.63 -0.0024817
13.64 -0.00048906
13.65 0.0013509
13.66 0.0022104
13.67 0.0020163
13.68 0.0014284
13.69 0.0013413
13.7 0.0020043
13.71 0.0028022
13.72 0.0031045
13.73 0.0028379
13.74 0.002341
13.75 0.0020857
13.76 0.0024131
13.77 0.0031462
13.78 0.00344
13.79 0.0025211
13.8 0.00074179
13.81 -0.00060071
13.82 -0.00067829
13.83 -3.2846e-005
13.84 0.00013315
13.85 -0.00065594
13.86 -0.001789
13.87 -0.0025487
13.88 -0.0029114
13.89 -0.0031416
13.9 -0.0030989
13.91 -0.0025756
13.92 -0.0019633
13.93 -0.0017491
13.94 -0.0016778
13.95 -0.0011469
13.96 -0.0001663
13.97 0.00082912
13.98 0.0016266
13.99 0.0021613
14 0.0023345
14.01 0.0021069
14.02 0.0016605
14.03 0.0012858
14.04 0.0010484
14.05 0.00079581
14.06 0.00046
14.07 3.4896e-005
14.08 -0.00050184
14.09 -0.0011162
14.1 -0.0016611
14.11 -0.0019281
14.12 -0.0017379
14.13 -0.001201
14.14 -0.00080186
14.15 -0.00084158
14.16 -0.0011381
14.17 -0.0014397
14.18 -0.0016434
14.19 -0.0016393
14.2 -0.0013396
14.21 -0.00092103
14.22 -0.00079777
14.23 -0.0011212
14.24 -0.0015454
14.25 -0.001719
14.26 -0.0016229
14.27 -0.0013522
14.28 -0.00099339
14.29 -0.00062268
14.3 -0.00027108
14.31 3.4831e-005
14.32 0.00027943
14.33 0.00043319
14.34 0.00049487
14.35 0.00055427
14.36 0.00064641
14.37 0.00071829
14.38 0.00079789
14.39 0.00090251
14.4 0.00092628
14.41 0.00080004
14.42 0.00048908
14.43 -7.0579e-005
14.44 -0.00068394
14.45 -0.000823
14.46 -0.00023497
14.47 0.00065056
14.48 0.0012372
14.49 0.0013973
14.5 0.0014706
14.51 0.0018669
14.52 0.0026642
14.53 0.0034956
14.54 0.0038002
14.55 0.0032864
14.56 0.0021609
14.57 0.00096788
14.58 0.00021267
14.59 7.403e-005
14.6 0.00027794
14.61 0.00020291
14.62 -0.00055449
14.63 -0.0016843
14.64 -0.0025859
14.65 -0.0031328
14.66 -0.003474
14.67 -0.0035059
14.68 -0.0029907
14.69 -0.0019304
14.7 -0.00061325
14.71 0.00062114
14.72 0.0015492
14.73 0.0020534
14.74 0.0019963
14.75 0.0013464
14.76 0.00042406
14.77 -6.4262e-005
14.78 0.00030675
14.79 0.0010398
14.8 0.0013861
14.81 0.0013386
14.82 0.0012679
14.83 0.0010279
14.84 0.00025511
14.85 -0.00081725
14.86 -0.001616
14.87 -0.0019337
14.88 -0.0018795
14.89 -0.0015136
14.9 -0.00095798
14.91 -0.00053384
14.92 -0.00039021
14.93 -0.00038075
14.94 -0.00047975
14.95 -0.00082188
14.96 -0.0012158
14.97 -0.0012021
14.98 -0.00068919
14.99 -6.2812e-008
15 0.00050176
15.01 0.00058484
15.02 0.00013085
15.03 -0.00069271
15.04 -0.0012756
15.05 -0.0011448
15.06 -0.0005401
15.07 9.1852e-006
15.08 0.0003401
15.09 0.0005143
15.1 0.00039873
15.11 -0.00015211
15.12 -0.00094537
15.13 -0.0015951
15.14 -0.0018609
15.15 -0.0018441
15.16 -0.001872
15.17 -0.0021478
15.18 -0.0024924
15.19 -0.0025415
15.2 -0.0021825
15.21 -0.0015628
15.22 -0.00087215
15.23 -0.00031869
15.24 6.0973e-005
15.25 0.00055509
15.26 0.0013866
15.27 0.0024015
15.28 0.0032543
15.29 0.003667
15.3 0.0034946
15.31 0.0027767
15.32 0.0019733
15.33 0.0017211
15.34 0.0021131
15.35 0.0025832
15.36 0.0025677
15.37 0.0020379
15.38 0.0013283
15.39 0.00075103
15.4 0.00051699
15.41 0.00055463
15.42 0.0004165
15.43 -0.00027062
15.44 -0.0012547
15.45 -0.0019271
15.46 -0.0020214
15.47 -0.0017253
15.48 -0.0013275
15.49 -0.00091157
15.5 -0.00045846
15.51 2.002e-005
15.52 0.00050654
15.53 0.00095701
15.54 0.0012407
15.55 0.0011687
15.56 0.00068707
15.57 8.6304e-005
15.58 -0.00019486
15.59 -7.0362e-006
15.6 0.00049504
15.61 0.0011685
15.62 0.001989
15.63 0.0028447
15.64 0.0034381
15.65 0.0036352
15.66 0.0035907
15.67 0.0033062
15.68 0.0025571
15.69 0.0013994
15.7 0.00038635
15.71 -1.2685e-005
15.72 1.6358e-005
15.73 -3.9868e-005
15.74 -0.00039097
15.75 -0.00087893
15.76 -0.001417
15.77 -0.0021241
15.78 -0.0029996
15.79 -0.0037751
15.8 -0.0041387
15.81 -0.0040073
15.82 -0.0035387
15.83 -0.0028159
15.84 -0.0017519
15.85 -0.00046037
15.86 0.00061006
15.87 0.0012235
15.88 0.0016275
15.89 0.0019683
15.9 0.0021063
15.91 0.0022179
15.92 0.0026732
15.93 0.0032958
15.94 0.0034145
15.95 0.0027341
15.96 0.0016892
15.97 0.00086316
15.98 0.00057536
15.99 0.0007694
16 0.00091016
16.01 0.0004227
16.02 -0.00061431
16.03 -0.0015764
16.04 -0.0021018
16.05 -0.0024044
16.06 -0.0027809
16.07 -0.0032026
16.08 -0.0035383
16.09 -0.0037884
16.1 -0.003912
16.11 -0.0037649
16.12 -0.0033068
16.13 -0.0026811
16.14 -0.0022
16.15 -0.0021251
16.16 -0.0022735
16.17 -0.0022623
16.18 -0.0021268
16.19 -0.0021997
16.2 -0.0023237
16.21 -0.0017194
16.22 1.9179e-005
16.23 0.0022526
16.24 0.0040299
16.25 0.0050332
16.26 0.0054441
16.27 0.0053889
16.28 0.0049297
16.29 0.0043124
16.3 0.0038019
16.31 0.0033131
16.32 0.0025146
16.33 0.0013107
16.34 -2.5949e-005
16.35 -0.0011855
16.36 -0.0019867
16.37 -0.0024539
16.38 -0.0027629
16.39 -0.0030013
16.4 -0.0032508
16.41 -0.003648
16.42 -0.0040899
16.43 -0.004227
16.44 -0.0039695
16.45 -0.0035771
16.46 -0.0032535
16.47 -0.0029518
16.48 -0.0026387
16.49 -0.0023792
16.5 -0.0020346
16.51 -0.0013641
16.52 -0.00047603
16.53 0.00021433
16.54 0.00051543
16.55 0.00070975
16.56 0.0012505
16.57 0.0023085
16.58 0.0036125
16.59 0.0046564
16.6 0.0050186
16.61 0.0046412
16.62 0.0038507
16.63 0.0030953
16.64 0.0025542
16.65 0.0021326
16.66 0.0017376
16.67 0.0013152
16.68 0.00082113
16.69 0.00024039
16.7 -0.00050161
16.71 -0.0013759
16.72 -0.0020901
16.73 -0.0023321
16.74 -0.0020834
16.75 -0.0016528
16.76 -0.0014006
16.77 -0.0014
16.78 -0.0013949
16.79 -0.0010965
16.8 -0.00052298
16.81 2.1238e-005
16.82 0.0002912
16.83 0.00023433
16.84 -3.0652e-005
16.85 -0.00018775
16.86 5.268e-005
16.87 0.00052218
16.88 0.00063916
16.89 0.00015239
16.9 -0.00030399
16.91 0.00010218
16.92 0.0012608
16.93 0.0023516
16.94 0.0029324
16.95 0.0030691
16.96 0.0028066
16.97 0.0021209
16.98 0.0011832
16.99 0.0003259
17 -0.00027597
17.01 -0.00069545
17.02 -0.00094716
17.03 -0.00087423
17.04 -0.00042692
17.05 0.00011592
17.06 0.00041327
17.07 0.00035635
17.08 2.6816e-005
17.09 -0.00032895
17.1 -0.00057156
17.11 -0.00072835
17.12 -0.00060943
17.13 2.7585e-005
17.14 0.00094982
17.15 0.0015591
17.16 0.0015178
17.17 0.00097025
17.18 0.00017616
17.19 -0.00063423
17.2 -0.0011767
17.21 -0.0012081
17.22 -0.00061558
17.23 0.00044391
17.24 0.0014552
17.25 0.0018461
17.26 0.0014227
17.27 0.00053263
17.28 -0.00026314
17.29 -0.00062565
17.3 -0.00054776
17.31 -0.00019182
17.32 0.00029907
17.33 0.0006923
17.34 0.00067995
17.35 0.00022841
17.36 -0.00033821
17.37 -0.00077477
17.38 -0.0011714
17.39 -0.0016036
17.4 -0.0019068
17.41 -0.0018401
17.42 -0.0013524
17.43 -0.0007548
17.44 -0.00045586
17.45 -0.00047405
17.46 -0.00041782
17.47 3.289e-005
17.48 0.00070931
17.49 0.0011184
17.5 0.00099903
17.51 0.00052696
17.52 -2.5492e-005
17.53 -0.00048939
17.54 -0.00066792
17.55 -0.00042019
17.56 2.7979e-005
17.57 0.00013845
17.58 -0.00037247
17.59 -0.0012055
17.6 -0.0018458
17.61 -0.0020368
17.62 -0.0019628
17.63 -0.001907
17.64 -0.001752
17.65 -0.0011975
17.66 -0.00026882
17.67 0.0007637
17.68 0.0016421
17.69 0.0021445
17.7 0.0021278
17.71 0.0016339
17.72 0.00096012
17.73 0.00051881
17.74 0.00048916
17.75 0.00066776
17.76 0.00075813
17.77 0.00070076
17.78 0.00066827
17.79 0.00085396
17.8 0.0011397
17.81 0.0010839
17.82 0.00056461
17.83 1.8476e-005
17.84 -0.00016874
17.85 -8.1786e-005
17.86 1.0727e-005
17.87 8.942e-005
17.88 0.00022259
17.89 0.00025138
17.9 -1.9729e-005
17.91 -0.00046539
17.92 -0.00063664
17.93 -0.00020899
17.94 0.00064726
17.95 0.0014716
17.96 0.0018873
17.97 0.001666
17.98 0.00073331
17.99 -0.00074736
18 -0.0023201
18.01 -0.0034245
18.02 -0.0038396
18.03 -0.0037435
18.04 -0.0032893
18.05 -0.0024899
18.06 -0.001467
18.07 -0.00048723
18.08 0.00032065
18.09 0.00093672
18.1 0.0011998
18.11 0.00092524
18.12 0.00022952
18.13 -0.00039427
18.14 -0.00044797
18.15 0.00016954
18.16 0.0012403
18.17 0.0024242
18.18 0.0032335
18.19 0.0032772
18.2 0.0026794
18.21 0.0019153
18.22 0.0013214
18.23 0.0010483
18.24 0.0011575
18.25 0.0014668
18.26 0.0016137
18.27 0.0013757
18.28 0.00088368
18.29 0.00035066
18.3 -0.00019057
18.31 -0.00066159
18.32 -0.00092787
18.33 -0.00097058
18.34 -0.00086069
18.35 -0.00074159
18.36 -0.00086453
18.37 -0.0014627
18.38 -0.0025423
18.39 -0.0037638
18.4 -0.0046519
18.41 -0.0049381
18.42 -0.0046812
18.43 -0.004063
18.44 -0.0031442
18.45 -0.0019508
18.46 -0.00067271
18.47 0.00049006
18.48 0.0014394
18.49 0.0021065
18.5 0.0024203
18.51 0.0023298
18.52 0.0018938
18.53 0.0014098
18.54 0.001278
18.55 0.0016103
18.56 0.0021069
18.57 0.0024157
18.58 0.0023838
18.59 0.0020264
18.6 0.0015497
18.61 0.0011907
18.62 0.00088843
18.63 0.0004863
18.64 7.5963e-005
18.65 -0.00020997
18.66 -0.00049389
18.67 -0.00093967
18.68 -0.0013966
18.69 -0.0015244
18.7 -0.0012626
18.71 -0.00093043
18.72 -0.00084071
18.73 -0.001197
18.74 -0.0021128
18.75 -0.0033273
18.76 -0.0041394
18.77 -0.003947
18.78 -0.0028743
18.79 -0.0016097
18.8 -0.00070561
18.81 -0.00022628
18.82 9.4028e-005
18.83 0.00043618
18.84 0.00072833
18.85 0.00093033
18.86 0.0012126
18.87 0.0017366
18.88 0.0023169
18.89 0.0025538
18.9 0.0023953
18.91 0.0022228
18.92 0.0023084
18.93 0.002564
18.94 0.0028698
18.95 0.0031708
18.96 0.0032006
18.97 0.0026102
18.98 0.0014741
18.99 0.00026598
19 -0.00055827
19.01 -0.00076774
19.02 -0.00050169
19.03 -0.00028446
19.04 -0.00043253
19.05 -0.00067313
19.06 -0.00060401
19.07 -0.00027742
19.08 -8.3149e-005
19.09 -0.00011226
19.1 -0.00014929
19.11 -0.00028136
19.12 -0.0008044
19.13 -0.0015114
19.14 -0.0017669
19.15 -0.0013541
19.16 -0.00057586
19.17 0.00026412
19.18 0.00090995
19.19 0.0011991
19.2 0.001226
19.21 0.0011902
19.22 0.0011552
19.23 0.0010363
19.24 0.00067888
19.25 1.6135e-006
19.26 -0.00073409
19.27 -0.0010209
19.28 -0.00070905
19.29 -0.00029832
19.3 -0.00025196
19.31 -0.00035818
19.32 -0.00017456
19.33 0.00018943
19.34 0.00021841
19.35 -0.0002362
19.36 -0.00077202
19.37 -0.0010446
19.38 -0.0011573
19.39 -0.001325
19.4 -0.0016612
19.41 -0.0021549
19.42 -0.0025118
19.43 -0.0023053
19.44 -0.0014413
19.45 -0.00024383
19.46 0.00083522
19.47 0.0013627
19.48 0.0011228
19.49 0.00052534
19.5 0.00036645
19.51 0.00090672
19.52 0.0015972
19.53 0.0018818
19.54 0.0017963
19.55 0.0016053
19.56 0.0013531
19.57 0.0010714
19.58 0.00088772
19.59 0.00079014
19.6 0.00063603
19.61 0.00033321
19.62 -4.7841e-005
19.63 -0.0003744
19.64 -0.00055689
19.65 -0.00060338
19.66 -0.00065503
19.67 -0.0010272
19.68 -0.0018526
19.69 -0.0027271
19.7 -0.0030971
19.71 -0.0027929
19.72 -0.0020698
19.73 -0.0014148
19.74 -0.0012082
19.75 -0.0013548
19.76 -0.0013717
19.77 -0.00091561
19.78 -7.2489e-005
19.79 0.00083002
19.8 0.0014198
19.81 0.0013546
19.82 0.00070259
19.83 9.9101e-005
19.84 9.9615e-005
19.85 0.00054576
19.86 0.00099273
19.87 0.0014665
19.88 0.0022011
19.89 0.0029917
19.9 0.0032959
19.91 0.0028662
19.92 0.0019116
19.93 0.00073786
19.94 -0.0004914
19.95 -0.0016273
19.96 -0.0023463
19.97 -0.0022893
19.98 -0.0014233
19.99 -0.00020092
20 0.00071622
20.01 0.00090906
20.02 0.0005107
20.03 4.3494e-005
20.04 -0.00016905
20.05 -0.00031441
20.06 -0.00068519
20.07 -0.0011238
20.08 -0.001176
20.09 -0.00066059
20.1 6.0349e-005
20.11 0.00033142
20.12 -0.00012573
20.13 -0.00089918
20.14 -0.0014471
20.15 -0.0015802
20.16 -0.0014256
20.17 -0.0011939
20.18 -0.00090233
20.19 -0.00041447
20.2 0.0002228
20.21 0.00071873
20.22 0.00088423
20.23 0.00086031
20.24 0.00087559
20.25 0.00093735
20.26 0.0010103
20.27 0.0011303
20.28 0.0012794
20.29 0.0013431
20.3 0.0012086
20.31 0.00095944
20.32 0.0007697
20.33 0.00065189
20.34 0.00049529
20.35 0.00027867
20.36 2.7774e-005
20.37 -0.0002915
20.38 -0.00062654
20.39 -0.00076211
20.4 -0.0005509
20.41 -0.00012227
20.42 0.00025367
20.43 0.00056235
20.44 0.00091428
20.45 0.0011965
20.46 0.001174
20.47 0.0007385
20.48 6.177e-006
20.49 -0.00075106
20.5 -0.0012563
20.51 -0.0014857
20.52 -0.0016778
20.53 -0.0018321
20.54 -0.0016132
20.55 -0.00088876
20.56 -3.8293e-005
20.57 0.00043385
20.58 0.00050754
20.59 0.0005919
20.6 0.00087338
20.61 0.0011314
20.62 0.0012609
20.63 0.0014238
20.64 0.0016468
20.65 0.0016904
20.66 0.001318
20.67 0.00060983
20.68 -6.8136e-005
20.69 -0.00043155
20.7 -0.00042886
20.71 -0.0002614
20.72 -0.00022753
20.73 -0.00042862
20.74 -0.00072722
20.75 -0.0009153
20.76 -0.00088315
20.77 -0.00074631
20.78 -0.00070033
20.79 -0.00071158
20.8 -0.00057887
20.81 -0.00032176
20.82 -0.00022958
20.83 -0.00041814
20.84 -0.00071239
20.85 -0.00091097
20.86 -0.00092891
20.87 -0.00076054
20.88 -0.00037035
20.89 0.00021571
20.9 0.00071016
20.91 0.00073884
20.92 0.00018288
20.93 -0.00066777
20.94 -0.0013087
20.95 -0.001507
20.96 -0.0013737
20.97 -0.00097703
20.98 -0.0003129
20.99 0.00038006
21 0.00067014
21.01 0.00051792
21.02 0.00033755
21.03 0.0003784
21.04 0.00049896
21.05 0.00052712
21.06 0.00042491
21.07 0.00026916
21.08 0.00025014
21.09 0.00049711
21.1 0.00093632
21.11 0.0013829
21.12 0.0017247
21.13 0.0018988
21.14 0.0017995
21.15 0.0014797
21.16 0.0012201
21.17 0.0011377
21.18 0.0010188
21.19 0.00059382
21.2 -0.00013855
21.21 -0.00089185
21.22 -0.001479
21.23 -0.0018823
21.24 -0.0020227
21.25 -0.0018925
21.26 -0.0017054
21.27 -0.001587
21.28 -0.001386
21.29 -0.00096535
21.3 -0.00041898
21.31 -1.0749e-005
21.32 1.5654e-005
21.33 -0.00029904
21.34 -0.00057534
21.35 -0.00047292
21.36 -8.5034e-005
21.37 0.00032671
21.38 0.00068418
21.39 0.00097862
21.4 0.0011621
21.41 0.0011999
21.42 0.0011639
21.43 0.001211
21.44 0.0014256
21.45 0.0016637
21.46 0.0016327
21.47 0.0011807
21.48 0.00047945
21.49 -0.00014484
21.5 -0.00053801
21.51 -0.0007244
21.52 -0.00062873
21.53 -0.00020596
21.54 0.00022221
21.55 0.00018086
21.56 -0.00040604
21.57 -0.0011432
21.58 -0.0016572
21.59 -0.0018988
21.6 -0.0020199
21.61 -0.0021898
21.62 -0.0023864
21.63 -0.0022293
21.64 -0.0014105
21.65 -0.00024233
21.66 0.00064258
21.67 0.00099283
21.68 0.0010559
21.69 0.001053
21.7 0.00099525
21.71 0.00098041
21.72 0.0011454
21.73 0.0014778
21.74 0.0018205
21.75 0.0019729
21.76 0.0018283
21.77 0.0014285
21.78 0.0009884
21.79 0.0006962
21.8 0.00050304
21.81 0.00021873
21.82 -0.0002359
21.83 -0.00068261
21.84 -0.00086702
21.85 -0.00078135
21.86 -0.0006339
21.87 -0.00053128
21.88 -0.00040084
21.89 -0.00018159
21.9 -5.891e-005
21.91 -0.00025706
21.92 -0.00063433
21.93 -0.00087676
21.94 -0.0009956
21.95 -0.0012289
21.96 -0.0015331
21.97 -0.0016536
21.98 -0.0016177
21.99 -0.0017156
22 -0.0020481
22.01 -0.0023261
22.02 -0.0021642
22.03 -0.0013493
22.04 4.2436e-005
22.05 0.0015878
22.06 0.0028223
22.07 0.0036136
22.08 0.0040088
22.09 0.0039585
22.1 0.0035023
22.11 0.0029571
22.12 0.0025545
22.13 0.002107
22.14 0.001385
22.15 0.00055352
22.16 9.5804e-006
22.17 -4.8849e-005
22.18 0.00029509
22.19 0.00075872
22.2 0.00086922
22.21 0.0002683
22.22 -0.00092343
22.23 -0.0022705
22.24 -0.0034113
22.25 -0.0041236
22.26 -0.004238
22.27 -0.00379
22.28 -0.0029775
22.29 -0.0019742
22.3 -0.00086057
22.31 0.00028982
22.32 0.0011289
22.33 0.001171
22.34 0.00031469
22.35 -0.0010103
22.36 -0.0020827
22.37 -0.002256
22.38 -0.001461
22.39 -0.00025513
22.4 0.00077172
22.41 0.0013906
22.42 0.0016779
22.43 0.0018699
22.44 0.0021735
22.45 0.0025798
22.46 0.0028507
22.47 0.0027746
22.48 0.0024279
22.49 0.0021017
22.5 0.0019465
22.51 0.0018184
22.52 0.0014594
22.53 0.00075163
22.54 -0.00027255
22.55 -0.0014161
22.56 -0.0022804
22.57 -0.0025669
22.58 -0.0023924
22.59 -0.0020944
22.6 -0.0018717
22.61 -0.0017909
22.62 -0.0019538
22.63 -0.0023757
22.64 -0.0027159
22.65 -0.0025667
22.66 -0.0019458
22.67 -0.001129
22.68 -0.00023484
22.69 0.00074275
22.7 0.001688
22.71 0.0023
22.72 0.0023824
22.73 0.0021289
22.74 0.0019231
22.75 0.0019098
22.76 0.0018478
22.77 0.0014347
22.78 0.00070956
22.79 3.8877e-005
22.8 -0.00021945
22.81 -1.3769e-006
22.82 0.00048383
22.83 0.00095435
22.84 0.0011823
22.85 0.0010162
22.86 0.00040025
22.87 -0.00047445
22.88 -0.0010947
22.89 -0.0011051
22.9 -0.00079645
22.91 -0.00071143
22.92 -0.00088309
22.93 -0.00088894
22.94 -0.00050622
22.95 2.4318e-005
22.96 0.00027482
22.97 -5.0982e-005
22.98 -0.00089363
22.99 -0.0018304
23 -0.0024012
23.01 -0.0023334
23.02 -0.0015778
23.03 -0.00045618
23.04 0.00041664
23.05 0.00068707
23.06 0.00061529
23.07 0.00062714
23.08 0.00077632
23.09 0.0008693
23.1 0.0007992
23.11 0.00065721
23.12 0.00057172
23.13 0.00060195
23.14 0.0007872
23.15 0.0011889
23.16 0.0016727
23.17 0.0018801
23.18 0.0015885
23.19 0.0010367
23.2 0.0007083
23.21 0.00075108
23.22 0.00086852
23.23 0.00075961
23.24 0.00047888
23.25 0.0002465
23.26 0.00010446
23.27 -0.00015487
23.28 -0.00063763
23.29 -0.0010666
23.3 -0.0012477
23.31 -0.0013808
23.32 -0.0016744
23.33 -0.0020563
23.34 -0.0023193
23.35 -0.0024
23.36 -0.0023302
23.37 -0.0020452
23.38 -0.0014787
23.39 -0.00066576
23.4 0.00029545
23.41 0.001154
23.42 0.0015881
23.43 0.0015328
23.44 0.0011457
23.45 0.0005046
23.46 -0.00029666
23.47 -0.00090265
23.48 -0.00083969
23.49 -5.8666e-005
23.5 0.00093991
23.51 0.0016556
23.52 0.001942
23.53 0.0018538
23.54 0.0014361
23.55 0.00074587
23.56 -8.7749e-005
23.57 -0.0008157
23.58 -0.0011886
23.59 -0.0012055
23.6 -0.00095012
23.61 -0.00037729
23.62 0.00045398
23.63 0.0011698
23.64 0.0013829
23.65 0.0010498
23.66 0.0003861
23.67 -0.00037365
23.68 -0.001013
23.69 -0.0013641
23.7 -0.0013625
23.71 -0.0011946
23.72 -0.0011892
23.73 -0.0013924
23.74 -0.0014251
23.75 -0.00085685
23.76 0.00026259
23.77 0.0013039
23.78 0.0016969
23.79 0.0014702
23.8 0.00093713
23.81 0.00025143
23.82 -0.00052081
23.83 -0.0011465
23.84 -0.0013036
23.85 -0.0010175
23.86 -0.00068542
23.87 -0.00052107
23.88 -0.00032145
23.89 0.00014445
23.9 0.0007753
23.91 0.0013594
23.92 0.0018725
23.93 0.0024674
23.94 0.0030672
23.95 0.0031937
23.96 0.0026002
23.97 0.0017408
23.98 0.0011944
23.99 0.00092286
24 0.00044189
24.01 -0.00047746
24.02 -0.001542
24.03 -0.0023675
24.04 -0.0028715
24.05 -0.0030477
24.06 -0.0027609
24.07 -0.0020702
24.08 -0.0014728
24.09 -0.0014455
24.1 -0.0018066
24.11 -0.0018917
24.12 -0.0013384
24.13 -0.00049451
24.14 -5.2457e-005
24.15 -0.00024333
24.16 -0.00057323
24.17 -0.00049932
24.18 -4.3758e-005
24.19 0.00049197
24.2 0.000982
24.21 0.0014337
24.22 0.0018216
24.23 0.0021721
24.24 0.0026024
24.25 0.0030719
24.26 0.0032767
24.27 0.0028773
24.28 0.0017936
24.29 0.00033974
24.3 -0.0009414
24.31 -0.0016693
24.32 -0.0016724
24.33 -0.00087014
24.34 0.00052408
24.35 0.0018171
24.36 0.0023048
24.37 0.0019554
24.38 0.0012521
24.39 0.00044488
24.4 -0.00056446
24.41 -0.0016166
24.42 -0.0021892
24.43 -0.0021583
24.44 -0.0020557
24.45 -0.0021969
24.46 -0.0022934
24.47 -0.0021647
24.48 -0.001973
24.49 -0.0017227
24.5 -0.0012199
24.51 -0.00048998
24.52 0.00027454
24.53 0.00093699
24.54 0.0014185
24.55 0.0016701
24.56 0.0016559
24.57 0.0013825
24.58 0.00098886
24.59 0.00071102
24.6 0.00069798
24.61 0.00095973
24.62 0.0014154
24.63 0.0018936
24.64 0.0021395
24.65 0.0018981
24.66 0.0011047
24.67 7.5463e-005
24.68 -0.00067321
24.69 -0.00094811
24.7 -0.00099334
24.71 -0.0011038
24.72 -0.0013988
24.73 -0.0019166
24.74 -0.0025652
24.75 -0.0030427
24.76 -0.0030493
24.77 -0.0025624
24.78 -0.0018847
24.79 -0.0014044
24.8 -0.0012328
24.81 -0.0010862
24.82 -0.0006545
24.83 -8.2379e-005
24.84 0.00024552
24.85 0.00027408
24.86 0.00027
24.87 0.00042883
24.88 0.00074881
24.89 0.001148
24.9 0.0015149
24.91 0.0017299
24.92 0.0017905
24.93 0.0018476
24.94 0.0019108
24.95 0.0018473
24.96 0.0016479
24.97 0.0014871
24.98 0.0014353
24.99 0.0012987
25 0.001002
25.01 0.00080703
25.02 0.00085478
25.03 0.00093475
25.04 0.00082109
25.05 0.00038011
25.06 -0.00043378
25.07 -0.0013936
25.08 -0.0021106
25.09 -0.0023361
25.1 -0.0021034
25.11 -0.0016731
25.12 -0.0013344
25.13 -0.0012468
25.14 -0.0013601
25.15 -0.0014075
25.16 -0.0011622
25.17 -0.00067659
25.18 -0.0002579
25.19 -0.0002043
25.2 -0.00051237
25.21 -0.00086557
25.22 -0.00093582
25.23 -0.00072047
25.24 -0.00044841
25.25 -0.00024585
25.26 6.7088e-006
25.27 0.00053928
25.28 0.0013899
25.29 0.0023205
25.3 0.0030964
25.31 0.0036057
25.32 0.003694
25.33 0.0032558
25.34 0.0025167
25.35 0.0017943
25.36 0.0011519
25.37 0.00059715
25.38 0.00015267
25.39 -0.00023901
25.4 -0.00059263
25.41 -0.0009898
25.42 -0.0016545
25.43 -0.0025929
25.44 -0.0034376
25.45 -0.0037958
25.46 -0.0035541
25.47 -0.0027697
25.48 -0.0016134
25.49 -0.00048076
25.5 0.00018995
25.51 0.00029637
25.52 6.7038e-005
25.53 -0.00030838
25.54 -0.00070783
25.55 -0.00084587
25.56 -0.00046678
25.57 0.00037581
25.58 0.0015233
25.59 0.0028379
25.6 0.0039706
25.61 0.0044832
25.62 0.0042283
25.63 0.0033983
25.64 0.0022787
25.65 0.0011455
25.66 0.00038004
25.67 0.00018045
25.68 0.00025436
25.69 0.00018544
25.7 -0.00012459
25.71 -0.0005186
25.72 -0.00089058
25.73 -0.0012268
25.74 -0.0015211
25.75 -0.0017533
25.76 -0.0018434
25.77 -0.0015796
25.78 -0.00092887
25.79 -0.00026669
25.8 -6.2258e-006
25.81 -0.00016623
25.82 -0.00047093
25.83 -0.00071811
25.84 -0.00087361
25.85 -0.00099553
25.86 -0.0011215
25.87 -0.0011592
25.88 -0.0009661
25.89 -0.00044733
25.9 0.00034356
25.91 0.0010539
25.92 0.0012596
25.93 0.00091639
25.94 0.0003097
25.95 -0.00026766
25.96 -0.00068641
25.97 -0.00090968
25.98 -0.00095244
25.99 -0.00090475
26 -0.00089663
26.01 -0.0010186
26.02 -0.0011291
26.03 -0.00087829
26.04 -0.00020519
26.05 0.0004167
26.06 0.00048158
26.07 3.6505e-005
26.08 -0.00042394
26.09 -0.00050127
26.1 -0.00018422
26.11 0.00024518
26.12 0.00044176
26.13 0.00028878
26.14 -1.0778e-005
26.15 -0.00016715
26.16 -2.6595e-005
26.17 0.00041328
26.18 0.0011168
26.19 0.0018405
26.2 0.0020645
26.21 0.001629
26.22 0.0010787
26.23 0.00096433
26.24 0.0011065
26.25 0.00094641
26.26 0.00031527
26.27 -0.00049935
26.28 -0.0011392
26.29 -0.0014079
26.3 -0.0013571
26.31 -0.0012199
26.32 -0.0011646
26.33 -0.0011092
26.34 -0.00093145
26.35 -0.00072707
26.36 -0.00066116
26.37 -0.00071695
26.38 -0.00069269
26.39 -0.00038331
26.4 0.00017403
26.41 0.00071428
26.42 0.0010437
26.43 0.0010811
26.44 0.00081696
26.45 0.00040209
26.46 7.1763e-005
26.47 1.6332e-005
26.48 0.00021995
26.49 0.00050597
26.5 0.00073426
26.51 0.0008818
26.52 0.001061
26.53 0.0013683
26.54 0.0016655
26.55 0.0017062
26.56 0.0013542
26.57 0.00074189
26.58 0.00027689
26.59 0.00025196
26.6 0.00051232
26.61 0.00061772
26.62 0.00032606
26.63 -0.00020369
26.64 -0.00073544
26.65 -0.0011479
26.66 -0.0013711
26.67 -0.0014213
26.68 -0.0014005
26.69 -0.0013818
26.7 -0.0013873
26.71 -0.0014436
26.72 -0.0015565
26.73 -0.0017002
26.74 -0.0018372
26.75 -0.0018577
26.76 -0.0016467
26.77 -0.0011626
26.78 -0.00042903
26.79 0.00043894
26.8 0.0012327
26.81 0.0016937
26.82 0.0015808
26.83 0.0009532
26.84 0.00033067
26.85 0.00022925
26.86 0.00066278
26.87 0.0012685
26.88 0.0016233
26.89 0.0014434
26.9 0.00084923
26.91 0.00038868
26.92 0.00049724
26.93 0.00088804
26.94 0.00090623
26.95 0.00034422
26.96 -0.00047834
26.97 -0.0011948
26.98 -0.0015934
26.99 -0.0016274
27 -0.0014319
27.01 -0.0011664
27.02 -0.00086038
27.03 -0.0005188
27.04 -0.00018913
27.05 0.00017045
27.06 0.00064695
27.07 0.0010993
27.08 0.0011462
27.09 0.00073634
27.1 0.0003165
27.11 0.00024832
27.12 0.00040982
27.13 0.00051393
27.14 0.00048899
27.15 0.00033225
27.16 -0.00011066
27.17 -0.0009183
27.18 -0.0017574
27.19 -0.0021935
27.2 -0.0020764
27.21 -0.0014296
27.22 -0.00038645
27.23 0.00070474
27.24 0.0013662
27.25 0.0014314
27.26 0.0012428
27.27 0.001208
27.28 0.0013511
27.29 0.0014603
27.3 0.0014262
27.31 0.00123
27.32 0.00085147
27.33 0.00036328
27.34 -4.2442e-005
27.35 -0.00023989
27.36 -0.00018163
27.37 5.2194e-005
27.38 0.00017455
27.39 -1.9523e-005
27.4 -0.00033821
27.41 -0.00049611
27.42 -0.00052952
27.43 -0.00059505
27.44 -0.00073635
27.45 -0.00094588
27.46 -0.0011065
27.47 -0.0010178
27.48 -0.00056379
27.49 0.00014605
27.5 0.00075874
27.51 0.00096705
27.52 0.00067724
27.53 3.3802e-005
27.54 -0.00065878
27.55 -0.0012012
27.56 -0.0016009
27.57 -0.0019116
27.58 -0.0020924
27.59 -0.0020315
27.6 -0.0017388
27.61 -0.001345
27.62 -0.00090984
27.63 -0.00049446
27.64 -0.00019251
27.65 -1.7551e-006
27.66 0.00020528
27.67 0.00059507
27.68 0.0011417
27.69 0.0015716
27.7 0.0017698
27.71 0.0018711
27.72 0.0018851
27.73 0.0016645
27.74 0.0011586
27.75 0.00052869
27.76 1.5942e-005
27.77 -0.00027701
27.78 -0.00036842
27.79 -0.00031232
27.8 -0.00017403
27.81 2.7957e-005
27.82 0.00021851
27.83 0.00025132
27.84 5.8187e-005
27.85 -0.00030429
27.86 -0.00063919
27.87 -0.00068589
27.88 -0.00041838
27.89 -9.991e-005
27.9 8.5645e-005
27.91 0.00025199
27.92 0.00049726
27.93 0.00069212
27.94 0.00068514
27.95 0.00054958
27.96 0.00047027
27.97 0.00047102
27.98 0.00047286
27.99 0.00048142
28 0.00055693
28.01 0.0006276
28.02 0.0005287
28.03 0.00025519
28.04 -3.6565e-005
28.05 -0.00015195
28.06 -1.0397e-005
28.07 0.00022205
28.08 0.00030777
28.09 0.00015281
28.1 -0.00012362
28.11 -0.00027527
28.12 -0.00017435
28.13 0.0001527
28.14 0.00062518
28.15 0.0011039
28.16 0.0013892
28.17 0.001478
28.18 0.0014931
28.19 0.0013128
28.2 0.00072428
28.21 -0.00014434
28.22 -0.0009745
28.23 -0.0016226
28.24 -0.0020921
28.25 -0.0023949
28.26 -0.0024893
28.27 -0.0023654
28.28 -0.0021413
28.29 -0.0018555
28.3 -0.0013485
28.31 -0.00051423
28.32 0.00051582
28.33 0.0014631
28.34 0.0020373
28.35 0.0021774
28.36 0.0021486
28.37 0.0021595
28.38 0.0020776
28.39 0.0016661
28.4 0.00096429
28.41 0.00026276
28.42 -0.000211
28.43 -0.00047677
28.44 -0.00069031
28.45 -0.00092921
28.46 -0.001157
28.47 -0.0013612
28.48 -0.0016588
28.49 -0.0021626
28.5 -0.0027235
28.51 -0.0030492
28.52 -0.0030634
28.53 -0.002842
28.54 -0.0023185
28.55 -0.0013398
28.56 -2.6152e-005
28.57 0.0011758
28.58 0.0019037
28.59 0.002148
28.6 0.0021339
28.61 0.0020997
28.62 0.0021842
28.63 0.002349
28.64 0.0023706
28.65 0.002071
28.66 0.0015244
28.67 0.00091194
28.68 0.00025639
28.69 -0.00047267
28.7 -0.0011608
28.71 -0.0015884
28.72 -0.0016508
28.73 -0.0014434
28.74 -0.001069
28.75 -0.0005546
28.76 7.3823e-005
28.77 0.00076309
28.78 0.0013166
28.79 0.0015229
28.8 0.0013767
28.81 0.00098002
28.82 0.00045369
28.83 -0.00012805
28.84 -0.00080091
28.85 -0.0015888
28.86 -0.0022924
28.87 -0.0026477
28.88 -0.0025123
28.89 -0.001879
28.9 -0.00093735
28.91 1.7303e-005
28.92 0.00075058
28.93 0.0011438
28.94 0.0012289
28.95 0.001186
28.96 0.0012008
28.97 0.0013775
28.98 0.0017362
28.99 0.0021392
29 0.0022705
29.01 0.001971
29.02 0.0014392
29.03 0.00092014
29.04 0.00051277
29.05 0.00023169
29.06 3.1831e-005
29.07 -0.00018589
29.08 -0.00052452
29.09 -0.00091959
29.1 -0.0010921
29.11 -0.00093075
29.12 -0.00074588
29.13 -0.0009009
29.14 -0.0013861
29.15 -0.0018837
29.16 -0.0020695
29.17 -0.0018563
29.18 -0.0014499
29.19 -0.0011129
29.2 -0.00094289
29.21 -0.00091254
29.22 -0.00093781
29.23 -0.00090737
29.24 -0.00072615
29.25 -0.00038304
29.26 -1.349e-005
29.27 0.00017069
29.28 0.00016268
29.29 0.00014816
29.3 0.00025406
29.31 0.00057725
29.32 0.0011038
29.33 0.0016714
29.34 0.0021876
29.35 0.0025942
29.36 0.0027664
29.37 0.0026765
29.38 0.0023966
29.39 0.0018483
29.4 0.00092339
29.41 -0.00017652
29.42 -0.0010861
29.43 -0.0017346
29.44 -0.0023054
29.45 -0.0028017
29.46 -0.0030231
29.47 -0.0028343
29.48 -0.0023018
29.49 -0.0016533
29.5 -0.0011518
29.51 -0.00090529
29.52 -0.00076508
29.53 -0.00037797
29.54 0.00050681
29.55 0.0016279
29.56 0.0023687
29.57 0.0023642
29.58 0.0018342
29.59 0.001369
29.6 0.0013072
29.61 0.0014282
29.62 0.0014318
29.63 0.0012518
29.64 0.00088605
29.65 0.00030051
29.66 -0.00045655
29.67 -0.0012285
29.68 -0.001764
29.69 -0.001884
29.7 -0.0016935
29.71 -0.0013567
29.72 -0.00088137
29.73 -0.00029204
29.74 0.0002904
29.75 0.00074737
29.76 0.00092576
29.77 0.00071475
29.78 0.00024853
29.79 -0.00015389
29.8 -0.00028949
29.81 -0.00018973
29.82 3.1581e-005
29.83 0.00022824
29.84 0.00025403
29.85 5.9881e-005
29.86 -0.00029572
29.87 -0.00063364
29.88 -0.00069995
29.89 -0.00042514
29.9 -2.1107e-005
29.91 0.0002397
29.92 0.00029341
29.93 0.00024983
29.94 0.00021011
29.95 0.00027276
29.96 0.00053148
29.97 0.0009089
29.98 0.0011826
29.99 0.0012222
30 0.00099346
30.01 0.00042293
30.02 -0.00046203
30.03 -0.0013414
30.04 -0.0018521
30.05 -0.0019435
30.06 -0.0017764
30.07 -0.001477
30.08 -0.001106
30.09 -0.000679
30.1 -0.0002681
30.11 4.4836e-005
30.12 0.00027401
30.13 0.00043969
30.14 0.00054418
30.15 0.0006405
30.16 0.0008203
30.17 0.0011261
30.18 0.0014511
30.19 0.0016566
30.2 0.0016648
30.21 0.0014612
30.22 0.0011076
30.23 0.0007899
30.24 0.00073701
30.25 0.00093189
30.26 0.0011464
30.27 0.0012493
30.28 0.0012171
30.29 0.00091393
30.3 0.00021928
30.31 -0.00066016
30.32 -0.0013317
30.33 -0.0016817
30.34 -0.0019083
30.35 -0.0020786
30.36 -0.0020235
30.37 -0.0017156
30.38 -0.0013752
30.39 -0.001144
30.4 -0.00095963
30.41 -0.0006653
30.42 -0.00017209
30.43 0.00038707
30.44 0.00079144
30.45 0.0009611
30.46 0.00090868
30.47 0.00074932
30.48 0.00072153
30.49 0.00097298
30.5 0.0013946
30.51 0.0017007
30.52 0.0016386
30.53 0.0011619
30.54 0.0005188
30.55 4.1976e-005
30.56 -0.00022266
30.57 -0.00051092
30.58 -0.00093436
30.59 -0.0012946
30.6 -0.0014379
30.61 -0.00149
30.62 -0.00152
30.63 -0.0014167
30.64 -0.0011891
30.65 -0.00093666
30.66 -0.00064366
30.67 -0.00024523
30.68 0.00023657
30.69 0.00074008
30.7 0.0011902
30.71 0.0014452
30.72 0.0013653
30.73 0.00098711
30.74 0.00053961
30.75 0.00018786
30.76 -1.279e-005
30.77 7.4513e-005
30.78 0.00052384
30.79 0.0010652
30.8 0.0013089
30.81 0.0011075
30.82 0.00053116
30.83 -0.00022085
30.84 -0.00096054
30.85 -0.0015674
30.86 -0.0019566
30.87 -0.0020553
30.88 -0.0018018
30.89 -0.0013128
30.9 -0.00078784
30.91 -0.00030418
30.92 6.2354e-005
30.93 0.00023388
30.94 0.00020262
30.95 8.4206e-005
30.96 9.4457e-006
30.97 -5.5585e-005
30.98 -0.00015996
30.99 -0.00023215
31 -0.00023342
31.01 -0.00021103
31.02 -0.00021617
31.03 -0.00024795
31.04 -0.00021002
31.05 3.4244e-005
31.06 0.00047952
31.07 0.00092948
31.08 0.0011916
31.09 0.0012344
31.1 0.0011268
31.11 0.00098296
31.12 0.00096972
31.13 0.00116
31.14 0.001451
31.15 0.0016553
31.16 0.00163
31.17 0.0014228
31.18 0.0012412
31.19 0.0011571
31.2 0.00096403
31.21 0.00043515
31.22 -0.00039012
31.23 -0.0012307
31.24 -0.0018182
31.25 -0.0020795
31.26 -0.0021907
31.27 -0.002309
31.28 -0.0023207
31.29 -0.0020823
31.3 -0.0016943
31.31 -0.0013705
31.32 -0.0011855
31.33 -0.0010908
31.34 -0.0010326
31.35 -0.00089667
31.36 -0.00042754
31.37 0.00046597
31.38 0.0014585
31.39 0.002034
31.4 0.0019511
31.41 0.0014435
31.42 0.00089315
31.43 0.00054479
31.44 0.00044965
31.45 0.00047505
31.46 0.00048744
31.47 0.00047696
31.48 0.00048851
31.49 0.00050633
31.5 0.00043259
31.51 0.00023631
31.52 6.3933e-005
31.53 1.7281e-005
31.54 -4.3028e-005
31.55 -0.00024105
31.56 -0.00039813
31.57 -0.00026787
31.58 9.0905e-005
31.59 0.00033931
31.6 0.00027663
31.61 9.4734e-005
31.62 -3.8639e-005
31.63 -0.00027546
31.64 -0.00070313
31.65 -0.0010915
31.66 -0.0012189
31.67 -0.0011684
31.68 -0.0011419
31.69 -0.0012228
31.7 -0.0013112
31.71 -0.0012294
31.72 -0.00090307
31.73 -0.00038302
31.74 0.00014172
31.75 0.00050801
31.76 0.00079817
31.77 0.0010894
31.78 0.0012491
31.79 0.0011267
31.8 0.00072232
31.81 0.00025075
31.82 -6.7446e-006
31.83 5.1987e-005
31.84 0.00023507
31.85 0.00019104
31.86 -0.00020163
31.87 -0.00066942
31.88 -0.00086786
31.89 -0.00073463
31.9 -0.00042284
31.91 -7.08e-006
31.92 0.00053996
31.93 0.0011411
31.94 0.0015577
31.95 0.0016629
31.96 0.0015676
31.97 0.0013944
31.98 0.001121
31.99 0.00063938
32 -2.1331e-005
32.01 -0.00062243
32.02 -0.00097132
32.03 -0.0011048
32.04 -0.0011405
32.05 -0.0011356
32.06 -0.0010657
32.07 -0.00093164
32.08 -0.0008374
32.09 -0.00089517
32.1 -0.001108
32.11 -0.0012932
32.12 -0.0012232
32.13 -0.00091727
32.14 -0.0006052
32.15 -0.00038113
32.16 -0.00014195
32.17 0.00021943
32.18 0.00073439
32.19 0.0013644
32.2 0.0019416
32.21 0.0022393
32.22 0.0021379
32.23 0.0016932
32.24 0.0011541
32.25 0.00075799
32.26 0.00051664
32.27 0.00029893
32.28 2.4725e-005
32.29 -0.0001917
32.3 -0.00025348
32.31 -0.00023747
32.32 -0.00022191
32.33 -0.00018062
32.34 -8.1814e-005
32.35 5.1795e-005
32.36 0.00016758
32.37 0.00016605
32.38 1.0617e-005
32.39 -0.00022175
32.4 -0.00044665
32.41 -0.00061665
32.42 -0.00073973
32.43 -0.00092236
32.44 -0.0011898
32.45 -0.0012868
32.46 -0.0010271
32.47 -0.0005841
32.48 -0.00018358
32.49 0.00013471
32.5 0.00033374
32.51 0.00027839
32.52 -2.1332e-005
32.53 -0.0003209
32.54 -0.00032568
32.55 6.3768e-006
32.56 0.00042365
32.57 0.00063821
32.58 0.00052912
32.59 0.0002399
32.6 8.4027e-005
32.61 0.00017604
32.62 0.00033786
32.63 0.00045067
32.64 0.00057478
32.65 0.00070774
32.66 0.00075532
32.67 0.00069162
32.68 0.0005808
32.69 0.00047745
32.7 0.00035576
32.71 0.00017263
32.72 -8.4767e-005
32.73 -0.00033165
32.74 -0.00039007
32.75 -0.00018522
32.76 0.00016567
32.77 0.00044673
32.78 0.00053131
32.79 0.00045816
32.8 0.00030693
32.81 0.00012641
32.82 -5.7521e-005
32.83 -0.00021601
32.84 -0.00032428
32.85 -0.00042258
32.86 -0.00055143
32.87 -0.00060878
32.88 -0.00051355
32.89 -0.00040968
32.9 -0.00043494
32.91 -0.00050443
32.92 -0.00047035
32.93 -0.00028663
32.94 -3.5174e-005
32.95 0.00017722
32.96 0.00033316
32.97 0.00043607
32.98 0.00046007
32.99 0.00041238
33 0.00033835
33.01 0.00022973
33.02 1.2323e-006
33.03 -0.00035878
33.04 -0.00071214
33.05 -0.00088291
33.06 -0.00084888
33.07 -0.00073997
33.08 -0.00064949
33.09 -0.00054125
33.1 -0.00035803
33.11 -0.00010569
33.12 0.00017619
33.13 0.00047355
33.14 0.00075326
33.15 0.00089655
33.16 0.00083983
33.17 0.00070694
33.18 0.0006094
33.19 0.00050964
33.2 0.00036515
33.21 0.00021219
33.22 0.00011554
33.23 8.4291e-005
33.24 5.272e-005
33.25 -8.7135e-006
33.26 -5.1376e-005
33.27 -4.9038e-005
33.28 -2.962e-005
33.29 -4.9416e-005
33.3 -0.00016478
33.31 -0.00037942
33.32 -0.00063023
33.33 -0.00081458
33.34 -0.0008294
33.35 -0.0006385
33.36 -0.00033069
33.37 -9.7792e-005
33.38 -6.9598e-005
33.39 -0.00020633
33.4 -0.0003615
33.41 -0.00041516
33.42 -0.0003548
33.43 -0.00024014
33.44 -0.00016069
33.45 -0.00014831
33.46 -0.00010205
33.47 8.5931e-005
33.48 0.000352
33.49 0.00052883
33.5 0.00055736
33.51 0.0005173
33.52 0.00048654
33.53 0.00049084
33.54 0.00054202
33.55 0.00064306
33.56 0.00076254
33.57 0.00082999
33.58 0.00079746
33.59 0.00067629
33.6 0.00050626
33.61 0.00030006
33.62 3.9515e-005
33.63 -0.00024927
33.64 -0.00048422
33.65 -0.00061618
33.66 -0.00067244
33.67 -0.00071301
33.68 -0.00076478
33.69 -0.00079539
33.7 -0.00074778
33.71 -0.00061143
33.72 -0.0004349
33.73 -0.00027137
33.74 -0.00016336
33.75 -0.00012975
33.76 -0.00013285
33.77 -0.00011271
33.78 -5.2473e-005
33.79 2.5372e-006
33.8 4.3196e-006
33.81 -3.0554e-005
33.82 -3.9802e-005
33.83 1.6549e-005
33.84 0.0001323
33.85 0.00026284
33.86 0.0003521
33.87 0.0003811
33.88 0.00037852
33.89 0.00037717
33.9 0.00038333
33.91 0.00038751
33.92 0.00037438
33.93 0.00034133
33.94 0.0003033
33.95 0.00026566
33.96 0.0002087
33.97 0.00012872
33.98 5.5943e-005
33.99 6.4756e-006
34 -4.3324e-005
34.01 -0.00011247
34.02 -0.00019005
34.03 -0.00026288
34.04 -0.00031819
34.05 -0.00033503
34.06 -0.0003041
34.07 -0.00025129
34.08 -0.00021236
34.09 -0.00019653
34.1 -0.00018079
34.11 -0.00013854
34.12 -7.3487e-005
34.13 -1.3712e-005
34.14 2.4411e-005
34.15 4.7637e-005
34.16 6.9889e-005
34.17 8.9894e-005
34.18 9.4987e-005
34.19 8.3883e-005
34.2 6.4834e-005
34.21 4.3329e-005
34.22 2.0017e-005
34.23 1.9619e-008
34.24 -7.37e-006
34.25 -1.8047e-006
34.26 9.512e-006
34.27 2.0992e-005
34.28 3.4312e-005
34.29 5.2677e-005
34.3 6.9825e-005
34.31 7.2406e-005
34.32 5.4407e-005
34.33 2.6225e-005
34.34 3.7778e-006
34.35 -8.6518e-006
34.36 -1.4908e-005
34.37 -1.5913e-005
34.38 -1.457e-005
34.39 -1.8655e-005
34.4 -2.7648e-005
34.41 -3.1742e-005
34.42 -2.6341e-005
34.43 -1.8309e-005
34.44 -1.5333e-005
34.45 -1.5388e-005
34.46 -1.2993e-005
34.47 -6.4314e-006
34.48 2.3501e-006
34.49 1.0601e-005
34.5 1.6988e-005
34.51 2.1119e-005
34.52 2.2855e-005
34.53 2.2168e-005
34.54 1.9128e-005
34.55 1.4766e-005
34.56 1.0304e-005
34.57 5.3169e-006
34.58 -7.0377e-007
34.59 -6.2116e-006
34.6 -9.3503e-006
34.61 -9.7714e-006
34.62 -7.9122e-006
34.63 -4.6042e-006
34.64 -1.331e-006
34.65 5.4735e-007
34.66 8.56e-007
34.67 4.8089e-007
34.68 1.5707e-007
34.69 6.3002e-008
34.7 1.7495e-007
34.71 1.9768e-007
34.72 -2.5425e-007
34.73 -1.0438e-006
34.74 -1.5848e-006
34.75 -1.5051e-006
34.76 -1.0904e-006
34.77 -8.522e-007
34.78 -9.2787e-007
34.79 -1.0892e-006
34.8 -1.0757e-006
34.81 -8.6631e-007
34.82 -5.6941e-007
34.83 -3.1894e-007
34.84 -2.2549e-007
34.85 -2.8143e-007
34.86 -3.7148e-007
34.87 -4.0169e-007
34.88 -3.7922e-007
34.89 -3.6529e-007
34.9 -3.9689e-007
34.91 -4.6387e-007
34.92 -5.2619e-007
34.93 -5.5946e-007
34.94 -5.6902e-007
34.95 -5.6987e-007
34.96 -5.7289e-007
34.97 -5.8218e-007
34.98 -5.9519e-007
34.99 -6.0917e-007
35 -6.2359e-007
35.01 -6.3905e-007
35.02 -6.5549e-007
35.03 -6.7229e-007
35.04 -6.8917e-007
35.05 -7.0634e-007
