0.01 0.0013845
0.02 0.0013845
0.03 0.0013767
0.04 0.0013569
0.05 0.0013288
0.06 0.0013073
0.07 0.001294
0.08 0.0012705
0.09 0.0012183
0.1 0.001124
0.11 0.00097395
0.12 0.00084239
0.13 0.00088157
0.14 0.0010415
0.15 0.0010373
0.16 0.000798
0.17 0.00051615
0.18 0.00044006
0.19 0.00075284
0.2 0.001346
0.21 0.0018168
0.22 0.0018812
0.23 0.001494
0.24 0.00076414
0.25 -3.8035e-006
0.26 -0.00047069
0.27 -0.00063975
0.28 -0.00073872
0.29 -0.00085649
0.3 -0.00094961
0.31 -0.0010959
0.32 -0.0014091
0.33 -0.0015121
0.34 -0.00056268
0.35 0.001296
0.36 0.0019751
0.37 -0.00016753
0.38 -0.003235
0.39 -0.0043167
0.4 -0.0036206
0.41 -0.0028569
0.42 -0.002645
0.43 -0.0027468
0.44 -0.0028948
0.45 -0.0030388
0.46 -0.0031679
0.47 -0.0032056
0.48 -0.0032284
0.49 -0.003569
0.5 -0.0040421
0.51 -0.0031719
0.52 8.5147e-005
0.53 0.0035346
0.54 0.0033622
0.55 -0.00080249
0.56 -0.0044144
0.57 -0.0038259
0.58 -0.0017992
0.59 -0.0023642
0.6 -0.003729
0.61 -0.0018122
0.62 0.003437
0.63 0.0088719
0.64 0.012302
0.65 0.013624
0.66 0.012992
0.67 0.0087494
0.68 -0.00078802
0.69 -0.013392
0.7 -0.022567
0.71 -0.022575
0.72 -0.013398
0.73 -0.00076574
0.74 0.0088606
0.75 0.013343
0.76 0.014233
0.77 0.012659
0.78 0.0083653
0.79 0.0024679
0.8 -0.0035589
0.81 -0.010855
0.82 -0.01882
0.83 -0.019712
0.84 -0.0067943
0.85 0.015366
0.86 0.034406
0.87 0.039678
0.88 0.029937
0.89 0.0099905
0.9 -0.015195
0.91 -0.037515
0.92 -0.049247
0.93 -0.05048
0.94 -0.041506
0.95 -0.016714
0.96 0.019896
0.97 0.046742
0.98 0.048251
0.99 0.030763
1 0.011915
1.01 0.0069364
1.02 0.015962
1.03 0.019293
1.04 0.00036579
1.05 -0.0266
1.06 -0.033929
1.07 -0.023102
1.08 -0.016701
1.09 -0.015565
1.1 -0.0028966
1.11 0.022232
1.12 0.039105
1.13 0.030732
1.14 0.0047337
1.15 -0.016955
1.16 -0.026116
1.17 -0.032949
1.18 -0.039421
1.19 -0.030799
1.2 0.00048083
1.21 0.035214
1.22 0.044387
1.23 0.024759
1.24 -0.0023064
1.25 -0.021682
1.26 -0.035284
1.27 -0.042191
1.28 -0.027259
1.29 0.012046
1.3 0.047334
1.31 0.054407
1.32 0.041431
1.33 0.02682
1.34 0.015964
1.35 0.0039326
1.36 -0.0083105
1.37 -0.0096772
1.38 0.00094698
1.39 0.0074633
1.4 -0.0014767
1.41 -0.017277
1.42 -0.026036
1.43 -0.024856
1.44 -0.019852
1.45 -0.015312
1.46 -0.0088125
1.47 0.001968
1.48 0.012632
1.49 0.018641
1.5 0.019222
1.51 0.014943
1.52 0.0080728
1.53 0.0037533
1.54 0.0038993
1.55 0.0029121
1.56 -0.0014767
1.57 -0.0024128
1.58 0.0056356
1.59 0.018141
1.6 0.023689
1.61 0.015238
1.62 -0.0013678
1.63 -0.014509
1.64 -0.024204
1.65 -0.037497
1.66 -0.048915
1.67 -0.04851
1.68 -0.042746
1.69 -0.045452
1.7 -0.056236
1.71 -0.064622
1.72 -0.069317
1.73 -0.077671
1.74 -0.087314
1.75 -0.085124
1.76 -0.064958
1.77 -0.035514
1.78 -0.0093186
1.79 0.0083529
1.8 0.015267
1.81 0.01028
1.82 -0.0019765
1.83 -0.0095953
1.84 0.00036857
1.85 0.03432
1.86 0.084721
1.87 0.13146
1.88 0.15713
1.89 0.15931
1.9 0.14872
1.91 0.13729
1.92 0.12934
1.93 0.12293
1.94 0.1169
1.95 0.11117
1.96 0.10241
1.97 0.085632
1.98 0.06242
1.99 0.037706
2 0.0042733
2.01 -0.053669
2.02 -0.12431
2.03 -0.15692
2.04 -0.11873
2.05 -0.05041
2.06 -0.026611
2.07 -0.065176
2.08 -0.1156
2.09 -0.14148
2.1 -0.15401
2.11 -0.16017
2.12 -0.13244
2.13 -0.057591
2.14 0.023713
2.15 0.062979
2.16 0.055637
2.17 0.039033
2.18 0.045464
2.19 0.062103
2.2 0.060689
2.21 0.046432
2.22 0.040519
2.23 0.040361
2.24 0.025057
2.25 -0.012171
2.26 -0.045054
2.27 -0.038887
2.28 -0.00082366
2.29 0.023871
2.3 0.012373
2.31 -0.0087523
2.32 -0.014628
2.33 -0.018892
2.34 -0.046944
2.35 -0.097056
2.36 -0.13038
2.37 -0.098365
2.38 0.0010826
2.39 0.097188
2.4 0.1065
2.41 0.031274
2.42 -0.061447
2.43 -0.15031
2.44 -0.2266
2.45 -0.23629
2.46 -0.1452
2.47 -0.013621
2.48 0.074158
2.49 0.12747
2.5 0.17865
2.51 0.19625
2.52 0.15487
2.53 0.097439
2.54 0.067835
2.55 0.068848
2.56 0.089831
2.57 0.1061
2.58 0.091205
2.59 0.049006
2.6 0.010601
2.61 -0.00045167
2.62 -0.0022544
2.63 -0.031692
2.64 -0.07494
2.65 -0.05643
2.66 0.052613
2.67 0.1613
2.68 0.17565
2.69 0.12144
2.7 0.10256
2.71 0.16863
2.72 0.23868
2.73 0.20251
2.74 0.061271
2.75 -0.10073
2.76 -0.2053
2.77 -0.21298
2.78 -0.14551
2.79 -0.088918
2.8 -0.10881
2.81 -0.1639
2.82 -0.15764
2.83 -0.065746
2.84 0.025411
2.85 0.049199
2.86 0.029995
2.87 0.0073908
2.88 -0.008575
2.89 -0.019868
2.9 -0.028587
2.91 -0.033318
2.92 -0.034031
2.93 -0.043773
2.94 -0.073583
2.95 -0.1006
2.96 -0.088273
2.97 -0.040566
2.98 -0.001126
2.99 0.00079256
3 -0.017169
3.01 -0.030863
3.02 -0.039088
3.03 -0.045593
3.04 -0.046995
3.05 -0.034429
3.06 0.00038645
3.07 0.049301
3.08 0.08513
3.09 0.086997
3.1 0.060031
3.11 0.026407
3.12 0.0035331
3.13 -0.0045418
3.14 0.00017831
3.15 0.010311
3.16 0.01189
3.17 -0.00033852
3.18 -0.014208
3.19 -0.02054
3.2 -0.026282
3.21 -0.028103
3.22 -0.012057
3.23 0.00051088
3.24 -0.025017
3.25 -0.069021
3.26 -0.082015
3.27 -0.05087
3.28 0.0038037
3.29 0.053662
3.3 0.078979
3.31 0.084385
3.32 0.086746
3.33 0.090884
3.34 0.085205
3.35 0.054602
3.36 -0.00014844
3.37 -0.055497
3.38 -0.085391
3.39 -0.078535
3.4 -0.038333
3.41 0.014874
3.42 0.052602
3.43 0.065664
3.44 0.060234
3.45 0.036157
3.46 -0.0059814
3.47 -0.044626
3.48 -0.056843
3.49 -0.049382
3.5 -0.03919
3.51 -0.023723
3.52 0.0035326
3.53 0.030956
3.54 0.043304
3.55 0.038711
3.56 0.023583
3.57 0.0048193
3.58 -0.0096004
3.59 -0.012184
3.6 -0.00071347
3.61 0.021269
3.62 0.045377
3.63 0.059807
3.64 0.052792
3.65 0.025801
3.66 -0.002096
3.67 -0.012171
3.68 -0.0021988
3.69 0.014695
3.7 0.022772
3.71 0.01675
3.72 0.0015729
3.73 -0.018599
3.74 -0.043654
3.75 -0.067689
3.76 -0.075463
3.77 -0.061242
3.78 -0.042124
3.79 -0.039335
3.8 -0.044694
3.81 -0.030097
3.82 0.0032159
3.83 0.02161
3.84 0.012309
3.85 -0.0011372
3.86 0.001551
3.87 0.014616
3.88 0.026206
3.89 0.033138
3.9 0.036654
3.91 0.039027
3.92 0.040879
3.93 0.037155
3.94 0.021042
3.95 -0.0066952
3.96 -0.033956
3.97 -0.048145
3.98 -0.052661
3.99 -0.058867
4 -0.064951
4.01 -0.055425
4.02 -0.024861
4.03 0.007413
4.04 0.020291
4.05 0.020523
4.06 0.02461
4.07 0.029426
4.08 0.02437
4.09 0.01416
4.1 0.010259
4.11 0.012394
4.12 0.011672
4.13 0.0025748
4.14 -0.01286
4.15 -0.025278
4.16 -0.023093
4.17 -0.00563
4.18 0.011719
4.19 0.015194
4.2 0.009889
4.21 0.0068363
4.22 0.0042654
4.23 -0.0035737
4.24 -0.0095629
4.25 -0.0010625
4.26 0.019705
4.27 0.035734
4.28 0.036838
4.29 0.030282
4.3 0.022856
4.31 0.0072917
4.32 -0.018667
4.33 -0.039756
4.34 -0.042104
4.35 -0.027666
4.36 -0.0080848
4.37 0.0028156
4.38 -0.00052005
4.39 -0.0098923
4.4 -0.016269
4.41 -0.018187
4.42 -0.014279
4.43 -0.00073883
4.44 0.018775
4.45 0.032784
4.46 0.034968
4.47 0.028819
4.48 0.019945
4.49 0.0094879
4.5 -0.0064316
4.51 -0.028256
4.52 -0.045257
4.53 -0.047743
4.54 -0.039276
4.55 -0.029101
4.56 -0.020395
4.57 -0.01024
4.58 0.0024449
4.59 0.01283
4.6 0.016133
4.61 0.014111
4.62 0.011939
4.63 0.011427
4.64 0.010102
4.65 0.0073468
4.66 0.0076507
4.67 0.014732
4.68 0.026124
4.69 0.034155
4.7 0.031103
4.71 0.018327
4.72 0.0066452
4.73 0.0033581
4.74 0.0061575
4.75 0.0082869
4.76 0.0051568
4.77 -0.0019683
4.78 -0.0069605
4.79 -0.0078678
4.8 -0.010079
4.81 -0.015665
4.82 -0.018249
4.83 -0.012252
4.84 -0.0011788
4.85 0.0064239
4.86 0.0056402
4.87 0.0003122
4.88 -0.0025527
4.89 -0.0023014
4.9 -0.0023017
4.91 -0.0025297
4.92 0.0006775
4.93 0.0078663
4.94 0.015065
4.95 0.022304
4.96 0.033214
4.97 0.045361
4.98 0.048674
4.99 0.035688
5 0.01175
5.01 -0.010765
5.02 -0.022651
5.03 -0.021079
5.04 -0.0086062
5.05 0.0067229
5.06 0.013684
5.07 0.0088544
5.08 -0.00044427
5.09 -0.0086892
5.1 -0.017661
5.11 -0.030027
5.12 -0.043718
5.13 -0.049149
5.14 -0.037711
5.15 -0.014786
5.16 0.004431
5.17 0.012677
5.18 0.017559
5.19 0.026293
5.2 0.032751
5.21 0.027396
5.22 0.014862
5.23 0.0095256
5.24 0.014992
5.25 0.020923
5.26 0.016785
5.27 0.0012661
5.28 -0.017523
5.29 -0.029645
5.3 -0.032507
5.31 -0.03015
5.32 -0.026715
5.33 -0.023164
5.34 -0.018501
5.35 -0.011024
5.36 -0.0012418
5.37 0.0071223
5.38 0.0097884
5.39 0.0058249
5.4 -9.5638e-005
5.41 -0.0013644
5.42 0.0026386
5.43 0.0065892
5.44 0.0066086
5.45 0.0031235
5.46 -0.0024817
5.47 -0.009187
5.48 -0.015862
5.49 -0.021433
5.5 -0.023439
5.51 -0.019509
5.52 -0.010691
5.53 -0.00086813
5.54 0.0066017
5.55 0.011902
5.56 0.018251
5.57 0.025476
5.58 0.027714
5.59 0.022355
5.6 0.013713
5.61 0.0030088
5.62 -0.014007
5.63 -0.034425
5.64 -0.045862
5.65 -0.042784
5.66 -0.032239
5.67 -0.022818
5.68 -0.014295
5.69 0.00080173
5.7 0.023854
5.71 0.044651
5.72 0.051826
5.73 0.043279
5.74 0.027684
5.75 0.015387
5.76 0.0094738
5.77 0.0078886
5.78 0.0079774
5.79 0.0076445
5.8 0.0056359
5.81 0.0019542
5.82 -0.0028977
5.83 -0.0076866
5.84 -0.0094297
5.85 -0.00714
5.86 -0.0034062
5.87 -0.00040928
5.88 0.0013771
5.89 0.00091351
5.9 -0.0032527
5.91 -0.010567
5.92 -0.017469
5.93 -0.020532
5.94 -0.018785
5.95 -0.011681
5.96 -0.00016528
5.97 0.011114
5.98 0.017198
5.99 0.017937
6 0.016108
6.01 0.01355
6.02 0.01083
6.03 0.0066862
6.04 -0.00050563
6.05 -0.0096503
6.06 -0.018864
6.07 -0.028119
6.08 -0.037565
6.09 -0.044793
6.1 -0.04615
6.11 -0.040004
6.12 -0.02647
6.13 -0.0086059
6.14 0.0051746
6.15 0.0090954
6.16 0.0084028
6.17 0.010625
6.18 0.014005
6.19 0.012641
6.2 0.0096954
6.21 0.013009
6.22 0.021515
6.23 0.025344
6.24 0.017798
6.25 0.0030493
6.26 -0.0082869
6.27 -0.009436
6.28 -0.0030012
6.29 0.0053999
6.3 0.013205
6.31 0.017005
6.32 0.012219
6.33 -0.00050376
6.34 -0.013482
6.35 -0.018706
6.36 -0.014453
6.37 -0.0048535
6.38 0.0041146
6.39 0.0077161
6.4 0.0048897
6.41 -0.0016111
6.42 -0.007869
6.43 -0.011061
6.44 -0.0097928
6.45 -0.0027739
6.46 0.0077039
6.47 0.015324
6.48 0.019522
6.49 0.026573
6.5 0.036991
6.51 0.041416
6.52 0.032374
6.53 0.014567
6.54 -0.0023587
6.55 -0.012941
6.56 -0.017047
6.57 -0.020227
6.58 -0.027612
6.59 -0.035326
6.6 -0.035485
6.61 -0.02785
6.62 -0.019693
6.63 -0.015085
6.64 -0.011074
6.65 -0.0046185
6.66 0.0035286
6.67 0.011338
6.68 0.017746
6.69 0.02187
6.7 0.023149
6.71 0.021727
6.72 0.018088
6.73 0.013511
6.74 0.0092094
6.75 0.0054071
6.76 0.0024768
6.77 0.0014548
6.78 0.0021216
6.79 0.0026486
6.8 0.0017265
6.81 0.00092085
6.82 0.0025673
6.83 0.0044012
6.84 0.0013706
6.85 -0.0074188
6.86 -0.018562
6.87 -0.028308
6.88 -0.032636
6.89 -0.029727
6.9 -0.022002
6.91 -0.011468
6.92 -0.0010726
6.93 0.0040043
6.94 0.0029952
6.95 0.00047495
6.96 -0.00024553
6.97 0.00052706
6.98 0.0017335
6.99 0.0034024
7 0.0059624
7.01 0.0086234
7.02 0.010005
7.03 0.009397
7.04 0.0062475
7.05 0.00091154
7.06 -0.0045754
7.07 -0.0079499
7.08 -0.0086516
7.09 -0.0086665
7.1 -0.010259
7.11 -0.013232
7.12 -0.015176
7.13 -0.014375
7.14 -0.011874
7.15 -0.0087708
7.16 -0.0030976
7.17 0.0065081
7.18 0.015825
7.19 0.019886
7.2 0.019806
7.21 0.01788
7.22 0.013689
7.23 0.0084567
7.24 0.0058562
7.25 0.0069571
7.26 0.0089751
7.27 0.010203
7.28 0.01214
7.29 0.014767
7.3 0.013655
7.31 0.0050628
7.32 -0.0076322
7.33 -0.016391
7.34 -0.017182
7.35 -0.013191
7.36 -0.0094327
7.37 -0.0077501
7.38 -0.0078787
7.39 -0.0097124
7.4 -0.012792
7.41 -0.014731
7.42 -0.012094
7.43 -0.0039058
7.44 0.0067495
7.45 0.014188
7.46 0.013805
7.47 0.0071754
7.48 0.00058012
7.49 -0.0021241
7.5 -0.0017591
7.51 -0.00035325
7.52 0.0026346
7.53 0.0075174
7.54 0.011349
7.55 0.010784
7.56 0.0051497
7.57 -0.0036887
7.58 -0.013278
7.59 -0.01906
7.6 -0.016707
7.61 -0.0080404
7.62 0.0018028
7.63 0.010677
7.64 0.019723
7.65 0.02962
7.66 0.037895
7.67 0.04094
7.68 0.037495
7.69 0.028179
7.7 0.015624
7.71 0.0032665
7.72 -0.0086337
7.73 -0.021357
7.74 -0.031752
7.75 -0.03548
7.76 -0.033575
7.77 -0.029665
7.78 -0.025422
7.79 -0.019646
7.8 -0.011293
7.81 -0.0028886
7.82 0.0019017
7.83 0.0027794
7.84 0.0022104
7.85 0.0018988
7.86 0.0023786
7.87 0.0044042
7.88 0.008849
7.89 0.016198
7.9 0.025614
7.91 0.033069
7.92 0.03354
7.93 0.026294
7.94 0.014749
7.95 0.0031228
7.96 -0.0046161
7.97 -0.0066913
7.98 -0.0042489
7.99 0.00010305
8 0.0039
8.01 0.0055847
8.02 0.0048101
8.03 0.002725
8.04 -0.00010967
8.05 -0.003334
8.06 -0.0061201
8.07 -0.0090309
8.08 -0.012467
8.09 -0.015
8.1 -0.015691
8.11 -0.0145
8.12 -0.011044
8.13 -0.0051733
8.14 0.0020595
8.15 0.0084614
8.16 0.011949
8.17 0.011323
8.18 0.0079761
8.19 0.0048163
8.2 0.0012529
8.21 -0.005569
8.22 -0.013964
8.23 -0.019228
8.24 -0.019569
8.25 -0.016255
8.26 -0.010722
8.27 -0.0039522
8.28 0.001864
8.29 0.0040076
8.3 0.0033806
8.31 0.0036951
8.32 0.0069849
8.33 0.011266
8.34 0.013333
8.35 0.01277
8.36 0.010716
8.37 0.0079144
8.38 0.0048277
8.39 0.0013767
8.4 -0.0024143
8.41 -0.0051157
8.42 -0.0058053
8.43 -0.0045511
8.44 -0.0015639
8.45 0.0019684
8.46 0.004207
8.47 0.0038952
8.48 0.00091609
8.49 -0.0036063
8.5 -0.0084793
8.51 -0.012646
8.52 -0.014137
8.53 -0.012321
8.54 -0.0086472
8.55 -0.0054255
8.56 -0.0043913
8.57 -0.0049136
8.58 -0.0046837
8.59 -0.0020125
8.6 0.0022305
8.61 0.0058825
8.62 0.0082672
8.63 0.0091106
8.64 0.0077385
8.65 0.0052154
8.66 0.003912
8.67 0.0041699
8.68 0.0050418
8.69 0.005303
8.7 0.0025482
8.71 -0.0042882
8.72 -0.011911
8.73 -0.0164
8.74 -0.01695
8.75 -0.013951
8.76 -0.0078495
8.77 0.00027254
8.78 0.0083
8.79 0.015159
8.8 0.020819
8.81 0.02324
8.82 0.019815
8.83 0.011599
8.84 0.0029994
8.85 -0.0024301
8.86 -0.0039497
8.87 -0.0047659
8.88 -0.0080843
8.89 -0.012383
8.9 -0.013609
8.91 -0.0094298
8.92 -0.0012515
8.93 0.0070876
8.94 0.01287
8.95 0.015117
8.96 0.014599
8.97 0.012174
8.98 0.0083736
8.99 0.0035029
9 -0.0026134
9.01 -0.0083897
9.02 -0.011856
9.03 -0.013012
9.04 -0.012971
9.05 -0.011457
9.06 -0.007928
9.07 -0.0043347
9.08 -0.002783
9.09 -0.002923
9.1 -0.003765
9.11 -0.0042071
9.12 -0.0015825
9.13 0.0052685
9.14 0.01232
9.15 0.014965
9.16 0.013309
9.17 0.010402
9.18 0.0083602
9.19 0.007647
9.2 0.0084511
9.21 0.01083
9.22 0.013424
9.23 0.01341
9.24 0.0097722
9.25 0.0044516
9.26 -0.00041022
9.27 -0.0030684
9.28 -0.003252
9.29 -0.0024828
9.3 -0.0028891
9.31 -0.0057438
9.32 -0.0091866
9.33 -0.009562
9.34 -0.0065192
9.35 -0.00277
9.36 0.00041009
9.37 0.0032375
9.38 0.005332
9.39 0.0061694
9.4 0.0061721
9.41 0.006359
9.42 0.0067968
9.43 0.0057412
9.44 0.002119
9.45 -0.0011546
9.46 4.5743e-007
9.47 0.0043645
9.48 0.00648
9.49 0.0041085
9.5 0.00027679
9.51 -0.0018694
9.52 -0.0033173
9.53 -0.0060717
9.54 -0.0092164
9.55 -0.010951
9.56 -0.011459
9.57 -0.011813
9.58 -0.011742
9.59 -0.0097027
9.6 -0.0057632
9.61 -0.0026939
9.62 -0.0022551
9.63 -0.0029088
9.64 -0.0018364
9.65 0.0014388
9.66 0.0036529
9.67 0.0021058
9.68 -0.0012781
9.69 -0.0034389
9.7 -0.0040327
9.71 -0.0038058
9.72 -0.0032072
9.73 -0.0019055
9.74 0.0012745
9.75 0.0062923
9.76 0.011443
9.77 0.014967
9.78 0.016246
9.79 0.015439
9.8 0.012097
9.81 0.0059226
9.82 -0.0014501
9.83 -0.007425
9.84 -0.010959
9.85 -0.012184
9.86 -0.010586
9.87 -0.0050501
9.88 0.0039072
9.89 0.013089
9.9 0.019137
9.91 0.021686
9.92 0.020668
9.93 0.015522
9.94 0.0071465
9.95 -0.0026484
9.96 -0.012134
9.97 -0.018989
9.98 -0.021487
9.99 -0.020203
10 -0.016108
10.01 -0.010152
10.02 -0.0045605
10.03 -0.000981
10.04 0.0018217
10.05 0.0045825
10.06 0.0059823
10.07 0.0047157
10.08 0.0012678
10.09 -0.0027675
10.1 -0.0071323
10.11 -0.011872
10.12 -0.015382
10.13 -0.015919
10.14 -0.014041
10.15 -0.011135
10.16 -0.007186
10.17 -0.0021111
10.18 0.0026628
10.19 0.0054795
10.2 0.0074191
10.21 0.010984
10.22 0.015063
10.23 0.01544
10.24 0.010191
10.25 0.0025294
10.26 -0.0023515
10.27 -0.0031503
10.28 -0.0027011
10.29 -0.0030103
10.3 -0.0027124
10.31 0.00035692
10.32 0.0047357
10.33 0.0065055
10.34 0.0052766
10.35 0.004128
10.36 0.0047954
10.37 0.0059835
10.38 0.0062932
10.39 0.0060719
10.4 0.0061534
10.41 0.0063291
10.42 0.005347
10.43 0.0026174
10.44 -0.00093857
10.45 -0.0049437
10.46 -0.0091875
10.47 -0.011786
10.48 -0.012313
10.49 -0.012558
10.5 -0.012399
10.51 -0.0088479
10.52 -0.0014096
10.53 0.0040065
10.54 0.0025651
10.55 -0.0015067
10.56 -0.003104
10.57 -0.0031454
10.58 -0.0033207
10.59 -0.0030009
10.6 -0.0015976
10.61 -0.00037351
10.62 -0.00094073
10.63 -0.0036743
10.64 -0.0076907
10.65 -0.010332
10.66 -0.0089318
10.67 -0.0049522
10.68 -0.002796
10.69 -0.0043192
10.7 -0.0075561
10.71 -0.0092389
10.72 -0.0080098
10.73 -0.0047632
10.74 -0.0005842
10.75 0.0034655
10.76 0.0052871
10.77 0.0039527
10.78 0.00097362
10.79 -0.0018553
10.8 -0.004707
10.81 -0.0083428
10.82 -0.011715
10.83 -0.013294
10.84 -0.012755
10.85 -0.010126
10.86 -0.0057601
10.87 -0.00081035
10.88 0.0035604
10.89 0.0060839
10.9 0.0066446
10.91 0.0060017
10.92 0.0050081
10.93 0.0044799
10.94 0.0044602
10.95 0.0045242
10.96 0.0045119
10.97 0.0044646
10.98 0.0043537
10.99 0.004247
11 0.0045841
11.01 0.0057397
11.02 0.0073889
11.03 0.0084468
11.04 0.007578
11.05 0.004473
11.06 -0.00019866
11.07 -0.0058493
11.08 -0.011255
11.09 -0.01453
11.1 -0.015321
11.11 -0.014854
11.12 -0.013947
11.13 -0.011926
11.14 -0.0087614
11.15 -0.0062015
11.16 -0.004813
11.17 -0.0028171
11.18 0.00021025
11.19 0.0024813
11.2 0.0037654
11.21 0.0058434
11.22 0.0091824
11.23 0.012149
11.24 0.013358
11.25 0.011865
11.26 0.0068939
11.27 0.00027202
11.28 -0.004594
11.29 -0.0064333
11.3 -0.0051477
11.31 -0.0012017
11.32 0.0025371
11.33 0.0027908
11.34 -0.00027341
11.35 -0.0038855
11.36 -0.0065261
11.37 -0.0082678
11.38 -0.0081068
11.39 -0.0045206
11.4 0.00065014
11.41 0.0033179
11.42 0.0030513
11.43 0.0022699
11.44 0.0025803
11.45 0.0043445
11.46 0.0070533
11.47 0.0095989
11.48 0.011071
11.49 0.011612
11.5 0.011558
11.51 0.0095704
11.52 0.0036289
11.53 -0.0051682
11.54 -0.012535
11.55 -0.015397
11.56 -0.01361
11.57 -0.0099114
11.58 -0.0069462
11.59 -0.0041398
11.6 -0.00073043
11.61 0.0016755
11.62 0.0021448
11.63 0.0017744
11.64 0.0016245
11.65 0.0017129
11.66 0.0016633
11.67 0.0014514
11.68 0.0017108
11.69 0.0032558
11.7 0.0060346
11.71 0.0088024
11.72 0.0099081
11.73 0.0088775
11.74 0.0069291
11.75 0.0052742
11.76 0.0043121
11.77 0.0039715
11.78 0.0034792
11.79 0.0022664
11.8 0.0010413
11.81 0.0010028
11.82 0.0027577
11.83 0.0057324
11.84 0.0080354
11.85 0.0076502
11.86 0.0046913
11.87 0.0012889
11.88 -0.0014363
11.89 -0.0041399
11.9 -0.006791
11.91 -0.008397
11.92 -0.008814
11.93 -0.0082349
11.94 -0.0063143
11.95 -0.0034632
11.96 -0.0011213
11.97 2.1284e-005
11.98 0.00082445
11.99 0.0023912
12 0.0041893
12.01 0.0050341
12.02 0.0050231
12.03 0.0045876
12.04 0.0035584
12.05 0.002226
12.06 0.0016579
12.07 0.002375
12.08 0.0034195
12.09 0.0032132
12.1 0.00206
12.11 0.002121
12.12 0.0041093
12.13 0.0061441
12.14 0.006236
12.15 0.0042425
12.16 0.0016181
12.17 -1.6707e-005
12.18 -0.00039188
12.19 -0.00061063
12.2 -0.0015779
12.21 -0.0034183
12.22 -0.0059155
12.23 -0.008182
12.24 -0.0093838
12.25 -0.0098249
12.26 -0.0097991
12.27 -0.0084648
12.28 -0.005777
12.29 -0.0035935
12.3 -0.0027662
12.31 -0.0024912
12.32 -0.0026039
12.33 -0.0035699
12.34 -0.0049184
12.35 -0.0052385
12.36 -0.003412
12.37 0.00086894
12.38 0.0059373
12.39 0.0082949
12.4 0.0067853
12.41 0.0031698
12.42 -0.00057113
12.43 -0.0035558
12.44 -0.0060649
12.45 -0.0079141
12.46 -0.0078115
12.47 -0.0056252
12.48 -0.0029015
12.49 -8.7948e-005
12.5 0.0035943
12.51 0.0070051
12.52 0.0082688
12.53 0.0079232
12.54 0.0077732
12.55 0.0086155
12.56 0.0097059
12.57 0.0092652
12.58 0.0058178
12.59 0.00074233
12.6 -0.0025917
12.61 -0.0038528
12.62 -0.0043775
12.63 -0.0036073
12.64 -0.00041582
12.65 0.0042417
12.66 0.0074625
12.67 0.007914
12.68 0.0067075
12.69 0.004966
12.7 0.0027676
12.71 0.00031087
12.72 -0.0012424
12.73 -0.0013215
12.74 -0.0015341
12.75 -0.0031077
12.76 -0.0071726
12.77 -0.0094402
12.78 -0.0081505
12.79 -0.0046672
12.8 -0.0012793
12.81 0.00095692
12.82 0.0023926
12.83 0.003004
12.84 0.0028535
12.85 0.0029887
12.86 0.0036407
12.87 0.0040158
12.88 0.0037921
12.89 0.0035514
12.9 0.0042853
12.91 0.0061026
12.92 0.0076809
12.93 0.0080905
12.94 0.0078091
12.95 0.0074888
12.96 0.0073123
12.97 0.0073977
12.98 0.0075191
12.99 0.0063987
13 0.0029269
13.01 -0.0017947
13.02 -0.0051602
13.03 -0.0055505
13.04 -0.0036462
13.05 -0.00079682
13.06 0.0022873
13.07 0.0047638
13.08 0.005986
13.09 0.0061551
13.1 0.0056641
13.11 0.0040951
13.12 0.00069513
13.13 -0.0040341
13.14 -0.0076064
13.15 -0.0076721
13.16 -0.0049686
13.17 -0.0023729
13.18 -0.0013643
13.19 -0.0014611
13.2 -0.0025931
13.21 -0.004849
13.22 -0.0067966
13.23 -0.0069114
13.24 -0.0052244
13.25 -0.0029021
13.26 -0.0013279
13.27 -0.0010625
13.28 -0.0011041
13.29 3.9344e-005
13.3 0.0022822
13.31 0.0037282
13.32 0.0029581
13.33 0.00060665
13.34 -0.0016784
13.35 -0.0030196
13.36 -0.0030378
13.37 -0.001891
13.38 -0.00027393
13.39 0.001468
13.4 0.00284
13.41 0.0034455
13.42 0.0034829
13.43 0.0032798
13.44 0.0030198
13.45 0.0027619
13.46 0.0025042
13.47 0.0022397
13.48 0.0019809
13.49 0.0017264
13.5 0.0014389
13.51 0.0010895
13.52 0.000711
13.53 0.00021995
13.54 -0.00062616
13.55 -0.0017551
13.56 -0.0026795
13.57 -0.0030496
13.58 -0.0030109
13.59 -0.0028977
13.6 -0.0028419
13.61 -0.0027857
13.62 -0.0026656
13.63 -0.0025049
13.64 -0.0023232
13.65 -0.0020757
13.66 -0.0018185
13.67 -0.0016604
13.68 -0.0016056
13.69 -0.0016492
13.7 -0.0017779
13.71 -0.0019406
13.72 -0.0020971
13.73 -0.0021901
13.74 -0.0021643
13.75 -0.002061
13.76 -0.0019525
13.77 -0.0018578
13.78 -0.0017639
13.79 -0.0016642
13.8 -0.0015643
13.81 -0.0014701
13.82 -0.0013741
13.83 -0.0012591
13.84 -0.0011284
13.85 -0.0010142
13.86 -0.0009244
13.87 -0.0008254
13.88 -0.00070511
13.89 -0.00059259
13.9 -0.00050937
13.91 -0.00045875
13.92 -0.00042895
13.93 -0.00039571
13.94 -0.00034057
13.95 -0.00026719
13.96 -0.00018933
13.97 -0.00011385
13.98 -3.8435e-005
13.99 3.873e-005
14 0.00011497
14.01 0.00018761
14.02 0.0002562
14.03 0.00032099
14.04 0.00038217
14.05 0.00043973
14.06 0.00049324
14.07 0.0005421
14.08 0.00058632
14.09 0.00062626
14.1 0.00066213
14.11 0.0006939
14.12 0.00072144
14.13 0.00074462
14.14 0.00076337
14.15 0.00077769
