0.02 0.011176
0.04 0.0018942
0.06 -0.0098498
0.08 -0.005872
0.1 0.0064403
0.12 -0.0015153
0.14 -0.004546
0.16 -0.0018942
0.18 -0.0073873
0.2 -0.012312
0.22 -0.013828
0.24 -0.002273
0.26 0.004546
0.28 0.012502
0.3 0.0024625
0.32 -0.0053038
0.34 0.0071978
0.36 0.0047355
0.38 -0.0054931
0.4 -0.0043565
0.42 -0.010986
0.44 -0.0079555
0.46 -0.018374
0.48 -0.014396
0.5 0.0089026
0.52 0.00322
0.54 0.0053038
0.56 0.0028413
0.58 -0.0034095
0.6 0.00056825
0.62 -0.0041673
0.64 -0.010607
0.66 -0.014396
0.68 -0.010797
0.7 0.0034095
0.72 0.0066296
0.74 -0.0094708
0.76 0.0197
0.78 0.029359
0.8 -0.01629
0.82 -0.023487
0.84 -0.010607
0.86 -0.031065
0.88 -0.0053038
0.9 0.040535
0.92 0.013828
0.94 0.021784
0.96 0.013449
0.98 -0.01951
1 -0.030497
1.02 -0.00094708
1.04 0.0018942
1.06 -0.012312
1.08 0.029738
1.1 0.038261
1.12 -0.0018942
1.14 -0.02273
1.16 0.0060613
1.18 0.038453
1.2 -0.01951
1.22 -0.0089026
1.24 0.022919
1.26 -0.012691
1.28 -0.016669
1.3 0.00322
1.32 0.030875
1.34 -0.016669
1.36 -0.023677
1.38 -0.0020835
1.4 -0.042619
1.42 -0.04546
1.44 0.0037883
1.46 0.030307
1.48 -0.011555
1.5 0.021405
1.52 0.034663
1.54 -0.005872
1.56 0.017426
1.58 0.033338
1.6 0.026329
1.62 -0.021214
1.64 -0.026896
1.66 0.0028413
1.68 -0.01629
1.7 -0.0018942
1.72 0.0716
1.74 0.024625
1.76 -0.010039
1.78 -0.010607
1.8 -0.059099
1.82 -0.047923
1.84 0.014396
1.86 0.01307
1.88 -0.010039
1.9 0.013638
1.92 0.047166
1.94 0.020457
1.96 -0.031633
1.98 -0.088269
2 -0.031254
2.02 0.070464
2.04 0.11346
2.06 0.049059
2.08 -0.034474
2.1 -0.044892
2.12 -0.033149
2.14 -0.0047355
2.16 0.026896
2.18 0.056068
2.2 0.0015153
2.22 -0.054931
2.24 -0.080123
2.26 -0.030875
2.28 0.030497
2.3 0.03542
2.32 0.030686
2.34 0.018942
2.36 0.031065
2.38 0.031633
2.4 -0.018563
2.42 -0.044514
2.44 0.021214
2.46 -0.020457
2.48 -0.093005
2.5 -0.033338
2.52 0.034663
2.54 0.030497
2.56 0.033149
2.58 -0.026518
2.6 -0.043187
2.62 -0.010418
2.64 -0.030307
2.66 0.00037883
2.68 0.068758
2.7 0.084859
2.72 0.02595
2.74 -0.052848
2.76 -0.085995
2.78 0.013638
2.8 0.055879
2.82 -0.034474
2.84 -0.052848
2.86 0.037126
2.88 0.063265
2.9 0.024625
2.92 0.025571
2.94 -0.032011
2.96 -0.067055
2.98 -0.080123
3 -0.045082
3.02 -0.0017048
3.04 0.023677
3.06 0.066106
3.08 0.046785
3.1 0.025193
3.12 0.075578
3.14 0.019131
3.16 -0.090731
3.18 -0.092815
3.2 -0.014585
3.22 0.028034
3.24 0.0064403
3.26 0.045082
3.28 0.036936
3.3 -0.012312
3.32 -0.0037883
3.34 -0.0053038
3.36 -0.056447
3.38 -0.06819
3.4 0.016669
3.42 0.046596
3.44 -0.034474
3.46 -0.048302
3.48 -0.062508
3.5 -0.054173
3.52 -0.027466
3.54 0.036179
3.56 0.085806
3.58 0.0322
3.6 0.013259
3.62 -0.022919
3.64 -0.030307
3.66 0.028034
3.68 0.017048
3.7 -0.027845
3.72 0.018374
3.74 0.084292
3.76 0.029548
3.78 -0.082018
3.8 -0.037315
3.82 0.030307
3.84 0.063076
3.86 0.1182
3.88 0.05872
3.9 0.040346
3.92 0.060613
3.94 0.0079555
3.96 -0.062129
3.98 -0.064971
4 -0.046975
4.02 -0.041483
4.04 0.050764
4.06 0.078609
4.08 0.01288
4.1 -0.028034
4.12 -0.03542
4.14 -0.01629
4.16 0.022919
4.18 0.037315
4.2 0.080502
4.22 0.076714
4.24 -0.2165
4.26 -0.42391
4.28 -0.056257
4.3 -0.18298
4.32 -0.18222
4.34 -0.095846
4.36 0.197
4.38 0.31482
4.4 0.47183
4.42 0.54666
4.44 0.30912
4.46 0.19833
4.48 0.043755
4.5 -0.2523
4.52 -0.21366
4.54 -0.31633
4.56 -0.2989
4.58 -0.16877
4.6 0.026707
4.62 0.044892
4.64 -0.079934
4.66 -0.048302
4.68 0.059477
4.7 -0.067055
4.72 -0.011176
4.74 0.12691
4.76 0.14794
4.78 0.049627
4.8 0.060613
4.82 0.11895
4.84 -0.029929
4.86 -0.17995
4.88 -0.15911
4.9 -0.11611
4.92 -0.023298
4.94 0.035801
4.96 0.16025
4.98 0.17711
5 0.18563
5.02 0.11138
5.04 0.14017
5.06 -0.021973
5.08 -0.17957
5.1 -0.18942
5.12 -0.27636
5.14 -0.38072
5.16 -0.26462
5.18 -0.029359
5.2 0.073873
5.22 0.12426
5.24 0.093383
5.26 0.0037883
5.28 -0.12426
5.3 -0.0083343
5.32 0.091867
5.34 0.12748
5.36 0.10191
5.38 0.18923
5.4 0.21706
5.42 0.21745
5.44 -0.24188
5.46 -0.089785
5.48 -0.012123
5.5 -0.026139
5.52 0.063833
5.54 0.14547
5.56 0.12539
5.58 0.04868
5.6 -0.16839
5.62 -0.30667
5.64 -0.25023
5.66 -0.010418
5.68 -0.0013259
5.7 -0.064592
5.72 -0.11157
5.74 -0.018563
5.76 0.028791
5.78 -0.081261
5.8 -0.20627
5.82 -0.27372
5.84 -0.20401
5.86 -0.08789
5.88 -0.011365
5.9 0.14301
5.92 0.23487
5.94 0.43395
5.96 0.29548
5.98 0.010986
6 0.18828
6.02 0.28413
6.04 0.0028413
6.06 -0.34323
6.08 -0.070842
6.1 -0.029359
6.12 0.092626
6.14 0.11895
6.16 0.10266
6.18 -0.02917
6.2 -0.048112
6.22 -0.026518
6.24 0.10891
6.26 0.17502
6.28 0.11517
6.3 -0.084859
6.32 -0.17748
6.34 -0.2612
6.36 -0.29662
6.38 -0.20969
6.4 -0.072927
6.42 -0.0028413
6.44 -0.022162
6.46 -0.016669
6.48 -0.041483
6.5 -0.0017048
6.52 0.11081
6.54 0.21025
6.56 0.28791
6.58 0.34777
6.6 -0.0096603
6.62 -0.23487
6.64 0.040724
6.66 0.19908
6.68 0.16214
6.7 -0.069515
6.72 -0.16081
6.74 -0.10532
6.76 0.0013259
6.78 0.034852
6.8 0.021025
6.82 -0.056447
6.84 -0.077093
6.86 -0.075009
6.88 0.0094708
6.9 0.082586
6.92 0.059288
6.94 0.008145
6.96 0.0073873
6.98 0.037504
7 0.051521
7.02 0.043187
7.04 0.040346
7.06 0.021214
7.08 -0.05512
7.1 -0.094519
7.12 -0.045839
7.14 0.023109
7.16 0.0079555
7.18 0.0322
7.2 0.092626
7.22 0.091488
7.24 0.061561
7.26 0.019131
7.28 -0.020835
7.3 -0.014396
7.32 -0.015722
7.34 -0.0089026
7.36 0.049059
7.38 0.048491
7.4 -0.060613
7.42 -0.037694
7.44 -0.038642
7.46 -0.023677
7.48 -0.004546
7.5 -0.05872
7.52 -0.07842
7.54 -0.07141
7.56 -0.034095
7.58 0.043187
7.6 0.060802
7.62 0.035611
7.64 -0.003599
7.66 -0.065538
7.68 -0.042051
7.7 0.030307
7.72 0.030686
7.74 -0.0073873
7.76 -0.0011365
7.78 -0.0054931
7.8 -0.039588
7.82 0.0051143
7.84 0.053227
7.86 0.074441
7.88 0.0073873
7.9 -0.089215
7.92 -0.095087
7.94 -0.06194
7.96 -0.089785
7.98 -0.093005
8 -0.03239
8.02 -0.021214
8.04 -0.034474
8.06 -0.0034095
8.08 0.054931
8.1 0.043376
8.12 0.026329
8.14 0.030497
8.16 0.0026518
8.18 -0.013449
8.2 0.021405
8.22 0.042051
8.24 -0.011744
8.26 -0.004546
8.28 0.039399
8.3 0.026329
8.32 0.011933
8.34 0.021784
8.36 -0.013638
8.38 0.002273
8.4 0.032959
8.42 0.046028
8.44 0.033149
8.46 0.008145
8.48 0.0071978
8.5 0.0017048
8.52 0.0064403
8.54 -0.018942
8.56 -0.029359
8.58 -0.014964
8.6 0.015343
8.62 0.012691
8.64 -0.051332
8.66 -0.11384
8.68 -0.136
8.7 -0.09111
8.72 -0.058531
8.74 -0.037315
8.76 -0.014964
8.78 0.044703
8.8 0.076525
8.82 0.080691
8.84 0.047355
8.86 0.024625
8.88 -0.0028413
8.9 -0.003599
8.92 0.038261
8.94 0.055309
8.96 0.0060613
8.98 -0.025004
9 -0.0020835
9.02 0.03599
9.04 0.011176
9.06 0.025193
9.08 0.031633
9.1 -0.027277
9.12 -0.071032
9.14 -0.021025
9.16 0.03277
9.18 0.03921
9.2 0.011744
9.22 -0.025193
9.24 -0.064403
9.26 -0.041483
9.28 -0.019889
9.3 0.030497
9.32 0.070653
9.34 0.058531
9.36 0.01629
9.38 0.013259
9.4 -0.0051143
9.42 -0.028034
9.44 -0.013449
9.46 0.021973
9.48 0.034663
9.5 0.031065
9.52 0.0047355
9.54 -0.014017
9.56 0.0098498
9.58 0.027277
9.6 -0.00037883
9.62 -0.014206
9.64 -0.010607
9.66 0.01307
9.68 0.00075768
9.7 0.011176
9.72 0.038642
9.74 0.022162
9.76 -0.013259
9.78 -0.013828
9.8 0.008145
9.82 0.046596
9.84 0.062129
9.86 0.016479
9.88 0.0071978
9.9 0.017616
9.92 -0.0051143
9.94 -0.020267
9.96 -0.028791
9.98 -0.0018942
10 -0.008145
10.02 -0.048302
10.04 -0.044703
10.06 -0.051711
10.08 -0.046407
10.1 -0.0098498
10.12 0.0051143
10.14 -0.0020835
10.16 -0.031254
10.18 -0.041862
10.2 -0.018563
10.22 -0.010039
10.24 -0.033338
10.26 -0.0060613
10.28 0.034852
10.3 0.041103
10.32 0.041292
10.34 0.050007
10.36 0.050196
10.38 0.040724
10.4 0.028791
10.42 0.028223
10.44 0.0089026
10.46 -0.03277
10.48 -0.066674
10.5 -0.022541
10.52 -0.016669
10.54 -0.025382
10.56 0.002273
10.58 0.024814
10.6 0.028413
10.62 0.0047355
10.64 0.0034095
10.66 -0.01307
10.68 -0.03599
10.7 -0.051143
10.72 -0.053416
10.74 -0.038261
10.76 -0.060613
10.78 -0.03277
10.8 0.015153
10.82 0.015722
10.84 -0.010607
10.86 -0.021405
10.88 0.010418
10.9 0.046217
10.92 0.029929
10.94 0.04224
10.96 0.031822
10.98 0.0085238
11 -0.0092815
11.02 -0.028981
11.04 -0.043565
11.06 -0.031443
11.08 -0.037126
11.1 -0.037883
11.12 -0.035042
11.14 -0.020078
11.16 -0.004546
11.18 -0.010039
11.2 0.030118
11.22 0.044703
11.24 0.021784
11.26 0.0064403
11.28 -0.014585
11.3 -0.023866
11.32 -0.0018942
11.34 0.0041673
11.36 0.013259
11.38 0.04243
11.4 0.050954
11.42 0.038831
11.44 0.013259
11.46 -0.020267
11.48 -0.022162
11.5 -0.022919
11.52 -0.036558
11.54 -0.021025
11.56 -0.0090921
11.58 -0.018374
11.6 -0.040535
11.62 -0.038453
11.64 -0.022352
11.66 -0.040724
11.68 -0.024625
11.7 0.025004
11.72 0.029929
11.74 0.039967
11.76 0.045082
11.78 0.015911
11.8 -0.010797
11.82 0.014964
11.84 0.030118
11.86 0.018752
11.88 0.018942
11.9 -0.023109
11.92 -0.023866
11.94 0.0047355
11.96 0.040913
11.98 0.063265
12 0.059099
12.02 0.042998
12.04 0.018184
12.06 -0.0018942
12.08 0.0043565
12.1 0.050954
12.12 0.05815
12.14 0.04565
12.16 0.047166
12.18 0.028602
12.2 0.020457
12.22 0.010986
12.24 0.00322
12.26 -0.01307
12.28 -0.0066296
12.3 0.002273
12.32 -0.0085238
12.34 -0.011176
12.36 0.0092815
12.38 0.011744
12.4 -0.030307
12.42 -0.064781
12.44 -0.032579
12.46 0.002273
12.48 -0.017805
12.5 -0.013638
12.52 -0.012502
12.54 -0.014206
12.56 0.004546
12.58 0.0043565
12.6 0.0041673
12.62 0.0087133
12.64 -0.016479
12.66 -0.028034
12.68 -0.018752
12.7 -0.00056825
12.72 0.0064403
12.74 0.0020835
12.76 -0.0026518
12.78 0.0041673
12.8 -0.0071978
12.82 -0.0071978
12.84 0.0083343
12.86 0.017426
12.88 0.0026518
12.9 -0.021214
12.92 -0.021973
12.94 -0.017426
12.96 -0.027656
12.98 -0.021025
13 -0.00322
13.02 -0.00056825
13.04 0.005872
13.06 -0.0054931
13.08 -0.025571
13.1 -0.021784
13.12 0.0030307
13.14 0.004546
13.16 0.0083343
13.18 0.008145
13.2 -0.0062508
13.22 -0.00056825
13.24 -0.00075768
13.26 -0.018752
13.28 -0.024625
13.3 -0.017426
13.32 -0.004546
13.34 0.0051143
13.36 0.0070085
13.38 0.011555
13.4 0.038072
13.42 0.034474
13.44 -0.0039778
13.46 -0.015532
13.48 -0.019889
13.5 -0.010229
13.52 0.017616
13.54 0.037126
13.56 0.037126
13.58 0.038261
13.6 0.021784
13.62 0.0024625
13.64 0.0013259
13.66 -0.0085238
13.68 -0.022162
13.7 -0.022919
13.72 -0.030497
13.74 -0.014017
13.76 0.0070085
13.78 0.01288
13.8 0.00018942
13.82 -0.00018942
13.84 0.014964
13.86 0.015532
13.88 0.0053038
13.9 -0.0041673
13.92 -0.010797
13.94 -0.012312
13.96 -0.0024625
13.98 0.0083343
14 0.0090921
14.02 -0.00056825
14.04 -0.011555
14.06 0.004546
14.08 -0.002273
14.1 0.0030307
14.12 0.014585
14.14 0.002273
14.16 0.010797
14.18 0.018942
14.2 0.0096603
14.22 -0.016669
14.24 -0.037883
14.26 -0.042808
14.28 -0.024814
14.3 0
14.32 0.017426
14.34 0.011555
14.36 0.021025
14.38 0.016669
14.4 0.01629
14.42 0.013259
14.44 0.0026518
14.46 0.014206
14.48 -0.0015153
14.5 -0.012691
14.52 0.0098498
14.54 0.016101
14.56 0.011744
14.58 0.0047355
14.6 0.010797
14.62 0.015722
14.64 -0.0018942
14.66 -0.01288
14.68 -0.0071978
14.7 0.0017048
14.72 -0.0070085
14.74 -0.015722
14.76 -0.019889
14.78 -0.010039
14.8 -0.0054931
14.82 -0.0054931
14.84 -0.0071978
14.86 -0.010797
14.88 -0.028223
14.9 -0.031633
14.92 -0.011933
14.94 0.0039778
14.96 -0.0026518
14.98 0.0090921
15 -0.023298
15.02 -0.010229
15.04 0.016101
15.06 -0.0020835
15.08 -0.014017
15.1 -0.002273
15.12 -0.0018942
15.14 -0.013449
15.16 -0.0039778
15.18 0.021025
15.2 0.01307
15.22 0.006819
15.24 0.024246
15.26 0.0197
15.28 -0.012691
15.3 -0.0197
15.32 -0.011176
15.34 -0.020078
15.36 -0.0083343
15.38 -0.0011365
15.4 -0.016858
15.42 -0.012123
15.44 0.002273
15.46 0.0083343
15.48 0.018184
15.5 0.013828
15.52 0.00037883
15.54 0.010418
15.56 0.014017
15.58 -0.018184
15.6 -0.0322
15.62 -0.011744
15.64 -0.004546
15.66 -0.0015153
15.68 0.017805
15.7 0.021973
15.72 0.00056825
15.74 -0.011933
15.76 0.0096603
15.78 0.021594
15.8 0.012502
15.82 -0.005872
15.84 -0.022919
15.86 -0.026139
15.88 -0.016669
15.9 -0.013449
15.92 0.0013259
15.94 0.002273
15.96 -0.010229
15.98 -0.030307
16 -0.023866
16.02 0.0092815
16.04 0.020835
16.06 -0.00094708
16.08 -0.0020835
16.1 0.0028413
16.12 -0.0041673
16.14 -0.0085238
16.16 0.0020835
16.18 0.014206
16.2 0.003599
16.22 0.0090921
16.24 0.025004
16.26 0.011365
16.28 0.0026518
16.3 -0.006819
16.32 -0.0062508
16.34 -0.011365
16.36 -0.028223
16.38 -0.022352
16.4 -0.0085238
16.42 -0.0089026
16.44 0.0077661
16.46 0.021784
16.48 0.026518
16.5 0.0098498
16.52 -0.0051143
16.54 -0.0083343
16.56 0.0043565
16.58 -0.0056825
16.6 -0.013828
16.62 -0.0094708
16.64 0.0051143
16.66 0.012502
16.68 0.026707
16.7 0.03542
16.72 0.043187
16.74 0.046407
16.76 0.037126
16.78 0.037694
16.8 0.042998
16.82 0.027277
16.84 0.013259
16.86 -0.00037883
16.88 -0.010986
16.9 -0.014396
16.92 -0.0047355
16.94 0.021214
16.96 0.023298
16.98 0.018563
17 0.020457
17.02 0.014206
17.04 -0.0034095
17.06 -0.022162
17.08 -0.018563
17.1 -0.016101
17.12 -0.031065
17.14 -0.023677
17.16 -0.0062508
17.18 0.0092815
17.2 0.019131
17.22 0.0197
17.24 0.00037883
17.26 -0.0085238
17.28 0.0017048
17.3 -0.0030307
17.32 -0.0077661
17.34 0.018374
17.36 0.0096603
17.38 -0.00075768
17.4 0.003599
17.42 -0.010229
17.44 -0.0096603
17.46 -0.00094708
17.48 0.002273
17.5 -0.010418
17.52 -0.020646
17.54 -0.011933
17.56 0.0020835
17.58 0.005872
17.6 0.00094708
17.62 -0.010797
17.64 -0.0085238
17.66 -0.0039778
17.68 -0.0064403
17.7 -0.0085238
17.72 -0.017995
17.74 -0.024625
17.76 -0.011365
17.78 0.00094708
17.8 0.010986
17.82 -0.00075768
17.84 -0.015911
17.86 -0.012502
17.88 -0.0047355
17.9 -0.0079555
17.92 -0.016479
17.94 -0.0047355
17.96 -0.0056825
17.98 -0.010229
18 0.0090921
18.02 0.020646
18.04 0.011365
18.06 0.0041673
18.08 0.0073873
18.1 0.014017
18.12 0.0077661
18.14 0.010418
18.16 0.0077661
18.18 -0.0089026
18.2 -0.0039778
18.22 0.012502
18.24 0.017048
18.26 0.018374
18.28 0.004546
18.3 -0.0071978
18.32 -0.005872
18.34 -0.0043565
18.36 -0.01951
18.38 -0.020835
18.4 -0.023109
18.42 -0.021214
18.44 -0.013638
18.46 0.00056825
18.48 0.0085238
18.5 0.0092815
18.52 0.00056825
18.54 -0.010039
18.56 -0.01951
18.58 -0.017995
18.6 -0.01288
18.62 -0.0085238
18.64 -0.020078
18.66 -0.019889
18.68 -0.012502
18.7 -0.0015153
18.72 0.011555
18.74 0.015532
18.76 0.0047355
18.78 0.0017048
18.8 0.00018942
18.82 -0.006819
18.84 -0.011555
18.86 -0.012502
18.88 -0.017995
18.9 -0.0085238
18.92 0.0060613
18.94 0.01629
18.96 0.017426
18.98 0.0030307
19 0.0017048
19.02 0.010418
19.04 0.0092815
19.06 0.0034095
19.08 -0.004546
19.1 -0.0090921
19.12 -0.017048
19.14 -0.015343
19.16 0.00056825
19.18 0.015911
19.2 0.015153
19.22 0.022919
19.24 0.02273
19.26 0.0085238
19.28 -0.0073873
19.3 -0.018752
19.32 -0.021405
19.34 -0.014396
19.36 -0.0041673
19.38 0.013638
19.4 0.031065
19.42 0.030118
19.44 0.013638
19.46 0.018752
19.48 0.0030307
19.5 -0.011365
19.52 -0.0060613
19.54 0.011933
19.56 0.0077661
19.58 0.011933
19.6 0.010986
19.62 0.010607
19.64 0
19.66 0.0077661
19.68 0.01288
19.7 0.0034095
19.72 0.0073873
19.74 0.0018942
19.76 -0.0064403
19.78 -0.015343
19.8 -0.028034
19.82 -0.036936
19.84 -0.023298
19.86 -0.002273
19.88 0.00075768
19.9 -0.010039
19.92 -0.018563
19.94 -0.0077661
19.96 0.0018942
19.98 -0.004546
20 -0.013259
20.02 -0.020267
20.04 -0.011933
20.06 0.0017048
20.08 0.014396
20.1 0.011555
20.12 0.002273
20.14 0.010797
20.16 0.01307
20.18 0.023487
20.2 0.023677
20.22 0.014206
20.24 0.018184
20.26 0.012691
20.28 -0.0017048
20.3 0.00056825
20.32 0.006819
20.34 -0.0018942
20.36 -0.011365
20.38 -0.016479
20.4 -0.011176
20.42 -0.0090921
20.44 -0.0089026
20.46 -0.0034095
20.48 0.010418
20.5 0.008145
20.52 -0.0041673
20.54 -0.0073873
20.56 0.0053038
20.58 0.013449
20.6 0.0053038
20.62 -0.01288
20.64 -0.017048
20.66 -0.0051143
20.68 0.0070085
20.7 0.0092815
20.72 0.0083343
20.74 0.0017048
20.76 -0.0013259
20.78 -0.0051143
20.8 0.002273
20.82 0.0026518
20.84 0.0066296
20.86 0.0079555
20.88 -0.0037883
20.9 -0.0075768
20.92 0.002273
20.94 0.005872
20.96 0.0096603
20.98 0.017995
21 0.00037883
21.02 -0.0073873
21.04 0.0051143
21.06 0.012123
21.08 0.0028413
21.1 -0.0096603
21.12 -0.012691
21.14 -0.004546
21.16 -0.0071978
21.18 -0.008145
21.2 -0.0056825
21.22 -0.0017048
21.24 0.0077661
21.26 0.0066296
21.28 0
21.3 0.0024625
21.32 0.0028413
21.34 -0.00322
21.36 -0.01307
21.38 -0.0077661
21.4 0.0053038
21.42 0.0079555
21.44 0.0073873
21.46 -0.00075768
21.48 0.010418
21.5 0.0064403
21.52 -0.00018942
21.54 -0.0024625
21.56 -0.0028413
21.58 0.0056825
21.6 0.014396
21.62 0.018563
21.64 0.023109
21.66 0.021214
21.68 0.011555
21.7 0.004546
21.72 0.00056825
21.74 -0.0051143
21.76 -0.0056825
21.78 -0.0011365
21.8 -0.0064403
21.82 -0.012691
21.84 -0.020835
21.86 -0.013828
21.88 0.00018942
21.9 0.00018942
21.92 -0.0030307
21.94 -0.0030307
21.96 -0.0034095
21.98 -0.006819
22 -0.0056825
22.02 -0.006819
22.04 -0.014964
22.06 -0.021594
22.08 -0.018374
22.1 -0.0092815
22.12 0.0013259
22.14 0.010607
22.16 0.013259
22.18 0.0064403
22.2 0.0060613
22.22 0.010039
22.24 0.0026518
22.26 -0.0041673
22.28 -0.0087133
22.3 -0.0043565
22.32 -0.0043565
22.34 -0.0047355
22.36 0.0051143
22.38 0.012691
22.4 0.013449
22.42 0.016858
22.44 0.010986
22.46 0.0013259
22.48 -0.0077661
22.5 -0.0071978
22.52 0.00037883
22.54 -0.0047355
22.56 -0.011933
22.58 -0.0077661
22.6 -0.0017048
22.62 -0.0098498
22.64 -0.010797
22.66 0.0018942
22.68 0.0070085
22.7 0.00322
22.72 -0.00037883
22.74 -0.0062508
22.76 -0.0030307
22.78 0.0062508
22.8 0.0018942
22.82 -0.0011365
22.84 -0.0013259
22.86 -0.0070085
22.88 -0.01307
22.9 -0.010418
22.92 -0.0026518
22.94 0.0079555
22.96 0.015343
22.98 0.014017
23 0.0071978
23.02 -0.0013259
23.04 -0.013638
23.06 -0.019321
23.08 -0.0051143
23.1 0.008145
23.12 0.0028413
23.14 -0.0056825
23.16 -0.0043565
23.18 -0.0039778
23.2 -0.003599
23.22 0.0077661
23.24 0.011555
23.26 0.0062508
23.28 -0.0024625
23.3 0.0039778
23.32 0.0087133
23.34 0.0028413
23.36 -0.0064403
23.38 -0.011744
23.4 -0.0053038
23.42 0.00075768
23.44 0.00056825
23.46 0.0090921
23.48 0.010607
23.5 0.0024625
23.52 0.0054931
23.54 0.0039778
23.56 -0.010039
23.58 -0.015153
23.6 -0.0075768
23.62 -0.0077661
23.64 -0.01288
23.66 -0.011176
23.68 -0.0079555
23.7 -0.0034095
23.72 0.015911
23.74 0.023487
23.76 0.024814
23.78 0.014206
23.8 -0.0018942
23.82 -0.0083343
23.84 0.0053038
23.86 0.0083343
23.88 -0.00018942
23.9 -0.00075768
