0.01 0.0002962
0.02 0.00029716
0.03 0.00029519
0.04 0.00029048
0.05 0.00028698
0.06 0.00028803
0.07 0.00028958
0.08 0.00028564
0.09 0.0002797
0.1 0.00028215
0.11 0.00029116
0.12 0.00028805
0.13 0.00026227
0.14 0.00021999
0.15 0.00017588
0.16 0.0001635
0.17 0.00021255
0.18 0.0002791
0.19 0.0002713
0.2 0.00018076
0.21 7.6151e-005
0.22 -1.5425e-005
0.23 -0.00012462
0.24 -0.00022091
0.25 -0.00017632
0.26 4.6657e-005
0.27 0.0002942
0.28 0.00043815
0.29 0.0004903
0.3 0.00050317
0.31 0.00052546
0.32 0.00057046
0.33 0.000541
0.34 0.00028722
0.35 -0.00016885
0.36 -0.00059391
0.37 -0.00080758
0.38 -0.00085327
0.39 -0.00088118
0.4 -0.00096059
0.41 -0.00099832
0.42 -0.00081182
0.43 -0.00035502
0.44 0.00021147
0.45 0.00080688
0.46 0.0014718
0.47 0.0019409
0.48 0.0018677
0.49 0.0014773
0.5 0.0012413
0.51 0.0012441
0.52 0.0012413
0.53 0.0010993
0.54 0.00092545
0.55 0.00079045
0.56 0.00065713
0.57 0.00060256
0.58 0.00074738
0.59 0.00091457
0.6 0.0005949
0.61 -0.00043305
0.62 -0.0016516
0.63 -0.0023404
0.64 -0.0023665
0.65 -0.0021207
0.66 -0.0018803
0.67 -0.001477
0.68 -0.00066248
0.69 0.00034906
0.7 0.0010692
0.71 0.0013187
0.72 0.001298
0.73 0.0012207
0.74 0.00090217
0.75 -0.00010466
0.76 -0.0017804
0.77 -0.0035102
0.78 -0.0045706
0.79 -0.004737
0.8 -0.0045745
0.81 -0.0044903
0.82 -0.0041409
0.83 -0.0033689
0.84 -0.002373
0.85 -0.00093924
0.86 0.0011904
0.87 0.0031922
0.88 0.0038511
0.89 0.0031044
0.9 0.0019463
0.91 0.0012409
0.92 0.0011275
0.93 0.0015116
0.94 0.0022653
0.95 0.0029904
0.96 0.0031406
0.97 0.002479
0.98 0.0014512
0.99 0.000624
1 -0.00015961
1.01 -0.001628
1.02 -0.0044175
1.03 -0.0078707
1.04 -0.0097035
1.05 -0.0085031
1.06 -0.0053633
1.07 -0.0012216
1.08 0.0042168
1.09 0.0096317
1.1 0.012085
1.11 0.010672
1.12 0.0074482
1.13 0.0042471
1.14 0.00056478
1.15 -0.0042966
1.16 -0.0089691
1.17 -0.01142
1.18 -0.010738
1.19 -0.0072322
1.2 -0.0022615
1.21 0.002112
1.22 0.0048127
1.23 0.0063097
1.24 0.0070124
1.25 0.0069899
1.26 0.0063762
1.27 0.0052845
1.28 0.0038371
1.29 0.0022758
1.3 0.00084383
1.31 -0.00061097
1.32 -0.0024007
1.33 -0.0044743
1.34 -0.0058909
1.35 -0.005709
1.36 -0.0040257
1.37 -0.0018288
1.38 -0.00025824
1.39 0.0005091
1.4 0.0012316
1.41 0.0023854
1.42 0.0034077
1.43 0.0033114
1.44 0.0019896
1.45 0.0001692
1.46 -0.0016319
1.47 -0.0033005
1.48 -0.0044467
1.49 -0.0043469
1.5 -0.0029337
1.51 -0.00095654
1.52 0.00066042
1.53 0.001024
1.54 5.5327e-005
1.55 -0.0013739
1.56 -0.0027189
1.57 -0.0038955
1.58 -0.0045819
1.59 -0.0046597
1.6 -0.0041647
1.61 -0.0027994
1.62 -0.00025169
1.63 0.0028571
1.64 0.0051717
1.65 0.0063646
1.66 0.0068965
1.67 0.0071117
1.68 0.0074712
1.69 0.0087746
1.7 0.011507
1.71 0.015051
1.72 0.017784
1.73 0.018152
1.74 0.015814
1.75 0.011223
1.76 0.0042809
1.77 -0.0054332
1.78 -0.015876
1.79 -0.022674
1.8 -0.024466
1.81 -0.024488
1.82 -0.02571
1.83 -0.028144
1.84 -0.030138
1.85 -0.030498
1.86 -0.030255
1.87 -0.031985
1.88 -0.035789
1.89 -0.037788
1.9 -0.033795
1.91 -0.022094
1.92 -0.004273
1.93 0.015266
1.94 0.031662
1.95 0.041637
1.96 0.044186
1.97 0.041667
1.98 0.038878
1.99 0.040651
2 0.048732
2.01 0.059143
2.02 0.065148
2.03 0.062754
2.04 0.050917
2.05 0.030302
2.06 0.005931
2.07 -0.012729
2.08 -0.019895
2.09 -0.018415
2.1 -0.012989
2.11 -0.007515
2.12 -0.0063898
2.13 -0.01238
2.14 -0.023838
2.15 -0.033871
2.16 -0.034295
2.17 -0.025797
2.18 -0.017028
2.19 -0.010552
2.2 -0.0045935
2.21 -0.0033495
2.22 -0.010918
2.23 -0.021488
2.24 -0.025672
2.25 -0.02152
2.26 -0.012952
2.27 -0.0039134
2.28 0.0023546
2.29 0.0036863
2.3 -0.00025433
2.31 -0.00935
2.32 -0.020691
2.33 -0.026871
2.34 -0.023907
2.35 -0.014757
2.36 -0.00066335
2.37 0.019241
2.38 0.038252
2.39 0.047009
2.4 0.048839
2.41 0.053213
2.42 0.060451
2.43 0.06528
2.44 0.06334
2.45 0.049457
2.46 0.022946
2.47 -0.0099403
2.48 -0.045776
2.49 -0.080888
2.5 -0.10383
2.51 -0.10643
2.52 -0.093281
2.53 -0.072111
2.54 -0.046783
2.55 -0.022633
2.56 -0.0082493
2.57 -0.0056774
2.58 -0.0067733
2.59 -0.0044285
2.6 0.0011749
2.61 0.010526
2.62 0.031989
2.63 0.066684
2.64 0.089444
2.65 0.074914
2.66 0.034237
2.67 0.0020133
2.68 -0.0044966
2.69 0.0010921
2.7 0.0006594
2.71 -0.006749
2.72 -0.012956
2.73 -0.012109
2.74 -0.0039928
2.75 0.0080052
2.76 0.021549
2.77 0.029173
2.78 0.025479
2.79 0.023833
2.8 0.034041
2.81 0.039583
2.82 0.027921
2.83 0.012533
2.84 0.0047662
2.85 -0.0023425
2.86 -0.013957
2.87 -0.025614
2.88 -0.032603
2.89 -0.031788
2.9 -0.021273
2.91 -0.0054615
2.92 0.006169
2.93 0.0089581
2.94 0.0069418
2.95 0.006137
2.96 0.0082299
2.97 0.010682
2.98 0.009117
2.99 -0.00050439
3 -0.018338
3.01 -0.039455
3.02 -0.05836
3.03 -0.07009
3.04 -0.06801
3.05 -0.048198
3.06 -0.016219
3.07 0.016084
3.08 0.037492
3.09 0.041178
3.1 0.031455
3.11 0.020883
3.12 0.016675
3.13 0.015385
3.14 0.010311
3.15 -0.00031049
3.16 -0.011633
3.17 -0.017325
3.18 -0.015945
3.19 -0.0095969
3.2 -0.0017166
3.21 0.002611
3.22 0.0008946
3.23 -0.0030177
3.24 -0.0019681
3.25 0.0086563
3.26 0.024125
3.27 0.032065
3.28 0.026651
3.29 0.014411
3.3 0.0033402
3.31 -0.0038193
3.32 -0.0070726
3.33 -0.0076933
3.34 -0.0082828
3.35 -0.0096897
3.36 -0.0093471
3.37 -0.0055287
3.38 -0.00010709
3.39 0.0036198
3.4 0.0037214
3.41 0.0011454
3.42 -0.0015209
3.43 -0.0027176
3.44 -0.0018952
3.45 0.0017559
3.46 0.0069702
3.47 0.0087818
3.48 0.0038019
3.49 -0.004606
3.5 -0.010168
3.51 -0.011246
3.52 -0.011495
3.53 -0.013482
3.54 -0.015546
3.55 -0.015594
3.56 -0.01397
3.57 -0.011475
3.58 -0.007637
3.59 -0.0021221
3.6 0.0036056
3.61 0.0070548
3.62 0.0066055
3.63 0.0030549
3.64 0.00031188
3.65 0.0022683
3.66 0.0079493
3.67 0.012506
3.68 0.012406
3.69 0.0083646
3.7 0.0039297
3.71 0.0018801
3.72 0.002399
3.73 0.0036432
3.74 0.003773
3.75 0.0033431
3.76 0.0041047
3.77 0.0060383
3.78 0.0074763
3.79 0.0073017
3.8 0.0053766
3.81 0.0026307
3.82 0.00091275
3.83 0.00074019
3.84 0.00051047
3.85 -0.0013785
3.86 -0.004707
3.87 -0.0078601
3.88 -0.0093582
3.89 -0.0090726
3.9 -0.0076537
3.91 -0.0053741
3.92 -0.0022841
3.93 0.0013667
3.94 0.0043607
3.95 0.0049768
3.96 0.002844
3.97 -0.0011718
3.98 -0.0058751
3.99 -0.0097907
4 -0.011244
4.01 -0.0095978
4.02 -0.005252
4.03 0.00087758
4.04 0.0069363
4.05 0.010217
4.06 0.0095508
4.07 0.0070864
4.08 0.0052325
4.09 0.0034386
4.1 0.00023848
4.11 -0.0037248
4.12 -0.0065862
4.13 -0.0069663
4.14 -0.0043193
4.15 0.00079099
4.16 0.0062683
4.17 0.0098022
4.18 0.010712
4.19 0.0091773
4.2 0.0049594
4.21 -0.0012558
4.22 -0.0071354
4.23 -0.01127
4.24 -0.014789
4.25 -0.017617
4.26 -0.01635
4.27 -0.0092571
4.28 0.00013786
4.29 0.0075058
4.3 0.012091
4.31 0.015543
4.32 0.018769
4.33 0.020076
4.34 0.017344
4.35 0.011069
4.36 0.0031194
4.37 -0.0048333
4.38 -0.011352
4.39 -0.015526
4.4 -0.016854
4.41 -0.015422
4.42 -0.012114
4.43 -0.0077507
4.44 -0.0025746
4.45 0.0030023
4.46 0.0081081
4.47 0.011401
4.48 0.011711
4.49 0.0095337
4.5 0.0072575
4.51 0.0065228
4.52 0.005855
4.53 0.0034932
4.54 0.00088725
4.55 0.00051194
4.56 0.0016883
4.57 0.0013897
4.58 -0.00091693
4.59 -0.0025544
4.6 -0.0017168
4.61 0.00079203
4.62 0.0030132
4.63 0.0042186
4.64 0.0055889
4.65 0.0075762
4.66 0.0085689
4.67 0.0073857
4.68 0.0047869
4.69 0.0022504
4.7 0.00055994
4.71 -0.00082735
4.72 -0.0030898
4.73 -0.006686
4.74 -0.010862
4.75 -0.014504
4.76 -0.016713
4.77 -0.016784
4.78 -0.01472
4.79 -0.01074
4.8 -0.0050257
4.81 0.00056614
4.82 0.002925
4.83 0.0011179
4.84 -0.0024466
4.85 -0.0049751
4.86 -0.0055948
4.87 -0.0048347
4.88 -0.0030028
4.89 -0.00034182
4.9 0.0026663
4.91 0.0060753
4.92 0.009542
4.93 0.011989
4.94 0.012753
4.95 0.012067
4.96 0.010247
4.97 0.0072394
4.98 0.0028834
4.99 -0.0018431
5 -0.0048837
5.01 -0.0057023
5.02 -0.0054572
5.03 -0.0046396
5.04 -0.0032988
5.05 -0.0025892
5.06 -0.0035241
5.07 -0.0053892
5.08 -0.0064271
5.09 -0.0053578
5.1 -0.0022139
5.11 0.0021756
5.12 0.0069031
5.13 0.010818
5.14 0.012333
5.15 0.010702
5.16 0.0070606
5.17 0.0032311
5.18 3.8435e-005
5.19 -0.0024887
5.2 -0.0043768
5.21 -0.0053671
5.22 -0.005196
5.23 -0.0040929
5.24 -0.0032843
5.25 -0.0039191
5.26 -0.0048313
5.27 -0.0036177
5.28 1.4126e-005
5.29 0.0040681
5.3 0.0065725
5.31 0.0063998
5.32 0.0037897
5.33 0.00058208
5.34 -0.0010339
5.35 -0.00021328
5.36 0.00197
5.37 0.0039257
5.38 0.0048685
5.39 0.0048231
5.4 0.0046185
5.41 0.0052308
5.42 0.0064114
5.43 0.0071246
5.44 0.0069467
5.45 0.0058161
5.46 0.0032998
5.47 -0.00039019
5.48 -0.0036596
5.49 -0.0050095
5.5 -0.0043852
5.51 -0.0030076
5.52 -0.0020516
5.53 -0.0018365
5.54 -0.002734
5.55 -0.0054402
5.56 -0.0093129
5.57 -0.012039
5.58 -0.012308
5.59 -0.011369
5.6 -0.010811
5.61 -0.010361
5.62 -0.0091735
5.63 -0.0073304
5.64 -0.0053745
5.65 -0.0037279
5.66 -0.0019539
5.67 0.0003544
5.68 0.0025009
5.69 0.0038546
5.7 0.0044239
5.71 0.0044157
5.72 0.0039486
5.73 0.0029752
5.74 0.0014273
5.75 -0.00073558
5.76 -0.0032015
5.77 -0.0041614
5.78 -0.001721
5.79 0.0029688
5.8 0.0072217
5.81 0.010023
5.82 0.011098
5.83 0.0096879
5.84 0.0058375
5.85 0.001289
5.86 -0.0018549
5.87 -0.0028617
5.88 -0.0018658
5.89 0.0011851
5.9 0.0056392
5.91 0.0093093
5.92 0.010131
5.93 0.0081244
5.94 0.0046257
5.95 0.00052791
5.96 -0.0037497
5.97 -0.0066703
5.98 -0.0068354
5.99 -0.0049582
6 -0.0019468
6.01 0.0021072
6.02 0.0059113
6.03 0.0071576
6.04 0.0058121
6.05 0.0038608
6.06 0.002741
6.07 0.0025278
6.08 0.0024883
6.09 0.0021652
6.1 0.0016983
6.11 0.0012145
6.12 0.00054604
6.13 -0.00044762
6.14 -0.0014794
6.15 -0.0021481
6.16 -0.0024662
6.17 -0.0024243
6.18 -0.0017619
6.19 -0.00041087
6.2 0.0015244
6.21 0.0037973
6.22 0.0058958
6.23 0.007181
6.24 0.0067974
6.25 0.0044414
6.26 0.001124
6.27 -0.0015734
6.28 -0.0025269
6.29 -0.0017136
6.3 -7.7771e-005
6.31 0.0011732
6.32 0.0012611
6.33 0.00015575
6.34 -0.0019084
6.35 -0.0046329
6.36 -0.0071723
6.37 -0.00892
6.38 -0.010458
6.39 -0.012267
6.4 -0.012914
6.41 -0.010211
6.42 -0.0045143
6.43 0.00091264
6.44 0.0031424
6.45 0.0017375
6.46 -0.0022429
6.47 -0.0069641
6.48 -0.010098
6.49 -0.010785
6.5 -0.009901
6.51 -0.0084313
6.52 -0.0068178
6.53 -0.0052851
6.54 -0.0044011
6.55 -0.0043544
6.56 -0.0043777
6.57 -0.0032962
6.58 -0.0004717
6.59 0.0029502
6.6 0.0046033
6.61 0.0039319
6.62 0.0023633
6.63 0.0011177
6.64 0.00051699
6.65 0.00055221
6.66 0.00069797
6.67 0.00013366
6.68 -0.0012598
6.69 -0.0029391
6.7 -0.0042168
6.71 -0.0043803
6.72 -0.0028473
6.73 0.00042097
6.74 0.0043526
6.75 0.0072565
6.76 0.0085736
6.77 0.0090987
6.78 0.0093407
6.79 0.0089768
6.8 0.0077263
6.81 0.0056997
6.82 0.0034067
6.83 0.0016565
6.84 0.00080252
6.85 0.00066828
6.86 0.00074015
6.87 0.00031252
6.88 -0.00060697
6.89 -0.0012893
6.9 -0.0010753
6.91 9.9183e-005
6.92 0.0017499
6.93 0.0033491
6.94 0.0044516
6.95 0.0048216
6.96 0.0046487
6.97 0.0041457
6.98 0.0032368
6.99 0.0017792
7 8.4913e-005
7.01 -0.0008743
7.02 -0.00038596
7.03 0.00084754
7.04 0.0017006
7.05 0.0023011
7.06 0.0031248
7.07 0.0036076
7.08 0.003236
7.09 0.0024908
7.1 0.0019743
7.11 0.0019009
7.12 0.002267
7.13 0.0026153
7.14 0.0020607
7.15 -1.7923e-005
7.16 -0.0033842
7.17 -0.0071543
7.18 -0.010417
7.19 -0.011734
7.2 -0.010236
7.21 -0.0072145
7.22 -0.0039362
7.23 -0.00013274
7.24 0.0038979
7.25 0.0066887
7.26 0.0078525
7.27 0.0079332
7.28 0.0070389
7.29 0.0049811
7.3 0.002039
7.31 -0.0010913
7.32 -0.0037094
7.33 -0.0054077
7.34 -0.0062939
7.35 -0.006667
7.36 -0.0067912
7.37 -0.0069239
7.38 -0.0069432
7.39 -0.0062349
7.4 -0.0043003
7.41 -0.0011948
7.42 0.0025486
7.43 0.0059989
7.44 0.008038
7.45 0.008235
7.46 0.006688
7.47 0.0039026
7.48 0.0012096
7.49 -0.00035959
7.5 -0.0015023
7.51 -0.0035993
7.52 -0.0064055
7.53 -0.0085106
7.54 -0.008837
7.55 -0.0070936
7.56 -0.0041262
7.57 -0.0012216
7.58 0.00092741
7.59 0.0018319
7.6 0.0012472
7.61 3.0533e-006
7.62 -0.00073906
7.63 -0.00084139
7.64 -0.00086062
7.65 -0.00077312
7.66 0.00013767
7.67 0.001979
7.68 0.003682
7.69 0.0042274
7.7 0.003608
7.71 0.0025188
7.72 0.0013518
7.73 -4.0848e-005
7.74 -0.0014074
7.75 -0.0019055
7.76 -0.00097436
7.77 0.0010187
7.78 0.0030619
7.79 0.004094
7.8 0.0038942
7.81 0.0030604
7.82 0.001803
7.83 -0.00012432
7.84 -0.002606
7.85 -0.0049708
7.86 -0.006059
7.87 -0.0055123
7.88 -0.0041683
7.89 -0.0025912
7.9 -0.00101
7.91 0.0001308
7.92 0.00063145
7.93 0.00051996
7.94 -6.4644e-005
7.95 -0.0010009
7.96 -0.0022312
7.97 -0.0029649
7.98 -0.0023931
7.99 -0.00079756
8 0.0013489
8.01 0.0036206
8.02 0.0051301
8.03 0.0054786
8.04 0.0052248
8.05 0.0049185
8.06 0.0044965
8.07 0.0038039
8.08 0.003402
8.09 0.0039169
8.1 0.0047665
8.11 0.0044818
8.12 0.0024566
8.13 -0.00024502
8.14 -0.0022844
8.15 -0.0032829
8.16 -0.0034907
8.17 -0.0032856
8.18 -0.002751
8.19 -0.001797
8.2 -0.00081694
8.21 -0.00037697
8.22 -0.00040838
8.23 -0.00060302
8.24 -0.00094549
8.25 -0.0015036
8.26 -0.0020616
8.27 -0.0020642
8.28 -0.0014197
8.29 -0.00069483
8.3 0.00011163
8.31 0.0012169
8.32 0.0019544
8.33 0.0016555
8.34 0.00053959
8.35 -0.00037668
8.36 -0.00010081
8.37 0.0011045
8.38 0.002116
8.39 0.0025142
8.4 0.0025249
8.41 0.0023651
8.42 0.0022557
8.43 0.0023781
8.44 0.0024018
8.45 0.0017072
8.46 0.0004579
8.47 -0.0004885
8.48 -0.00076532
8.49 -0.0006482
8.5 -0.00048045
8.51 -0.00038817
8.52 -0.00032907
8.53 -0.00043624
8.54 -0.0010179
8.55 -0.0020349
8.56 -0.0029452
8.57 -0.0035725
8.58 -0.0046479
8.59 -0.0066539
8.6 -0.0087345
8.61 -0.0094083
8.62 -0.0083527
8.63 -0.0065475
8.64 -0.0048669
8.65 -0.0029722
8.66 -0.00036123
8.67 0.0022
8.68 0.0036662
8.69 0.0040508
8.7 0.0039055
8.71 0.0035946
8.72 0.0031458
8.73 0.0023469
8.74 0.0013743
8.75 0.00089624
8.76 0.0013151
8.77 0.0024079
8.78 0.0035043
8.79 0.0040759
8.8 0.0039896
8.81 0.0034291
8.82 0.0027283
8.83 0.0019558
8.84 0.00090664
8.85 -0.00015013
8.86 -0.0004151
8.87 0.00040336
8.88 0.0016984
8.89 0.0027206
8.9 0.0033223
8.91 0.0035244
8.92 0.0032881
8.93 0.0028743
8.94 0.002576
8.95 0.0023535
8.96 0.0018877
8.97 0.00092848
8.98 -0.00041513
8.99 -0.0018277
9 -0.0030583
9.01 -0.0041989
9.02 -0.0054021
9.03 -0.0063436
9.04 -0.0066316
9.05 -0.0063049
9.06 -0.0056984
9.07 -0.0047664
9.08 -0.0030297
9.09 -0.00046964
9.1 0.0022322
9.11 0.0046696
9.12 0.0066779
9.13 0.0076336
9.14 0.0074293
9.15 0.0066754
9.16 0.0057172
9.17 0.0046465
9.18 0.0035458
9.19 0.0023796
9.2 0.00097359
9.21 -0.00021293
9.22 -0.00023959
9.23 0.0009833
9.24 0.0024867
9.25 0.0033508
9.26 0.003302
9.27 0.0025995
9.28 0.0019703
9.29 0.0021078
9.3 0.0030087
9.31 0.0040194
9.32 0.0045013
9.33 0.0040729
9.34 0.002724
9.35 0.0010157
9.36 -0.00034925
9.37 -0.0009734
9.38 -0.00091791
9.39 -0.00056191
9.4 -0.00019658
9.41 7.7015e-005
9.42 2.8419e-005
9.43 -0.00060853
9.44 -0.0017756
9.45 -0.0030811
9.46 -0.0044232
9.47 -0.005857
9.48 -0.0070454
9.49 -0.0077339
9.5 -0.00784
9.51 -0.0073854
9.52 -0.0067505
9.53 -0.0062422
9.54 -0.0053332
9.55 -0.0036696
9.56 -0.0018749
9.57 -0.00042647
9.58 0.00095918
9.59 0.0027249
9.6 0.0046498
9.61 0.0059049
9.62 0.006115
9.63 0.0055382
9.64 0.0042948
9.65 0.0024485
9.66 0.00061125
9.67 -0.00060479
9.68 -0.0013276
9.69 -0.0020162
9.7 -0.0028118
9.71 -0.0034367
9.72 -0.0036315
9.73 -0.0035448
9.74 -0.0034898
9.75 -0.0033708
9.76 -0.0028171
9.77 -0.0017881
9.78 -0.00053154
9.79 0.0008969
9.8 0.0025832
9.81 0.0042547
9.82 0.0053087
9.83 0.0054997
9.84 0.0050006
9.85 0.0040997
9.86 0.0029926
9.87 0.0014567
9.88 -0.00045294
9.89 -0.0018742
9.9 -0.0022532
9.91 -0.0020363
9.92 -0.0019527
9.93 -0.0024005
9.94 -0.0031767
9.95 -0.0037107
9.96 -0.0037638
9.97 -0.0032324
9.98 -0.0021635
9.99 -0.0010832
10 -0.00017194
10.01 0.0007949
10.02 0.0012772
10.03 0.00060116
10.04 -0.00095882
10.05 -0.0026123
10.06 -0.0035948
10.07 -0.0036876
10.08 -0.0031567
10.09 -0.0021235
10.1 -0.00053188
10.11 0.001295
10.12 0.0028627
10.13 0.0041314
10.14 0.0049945
10.15 0.004944
10.16 0.0038519
10.17 0.0021478
10.18 0.00022703
10.19 -0.0014071
10.2 -0.0020047
10.21 -0.001509
10.22 -0.00097569
10.23 -0.0012934
10.24 -0.0022232
10.25 -0.0028811
10.26 -0.0023951
10.27 -0.00062233
10.28 0.0011131
10.29 0.0012777
10.3 0.00017933
10.31 -0.00091383
10.32 -0.0018609
10.33 -0.0030162
10.34 -0.0038811
10.35 -0.0036604
10.36 -0.0021203
10.37 0.00014217
10.38 0.0021749
10.39 0.003523
10.4 0.0040629
10.41 0.0038875
10.42 0.0033757
10.43 0.0026528
10.44 0.0015089
10.45 4.6475e-005
10.46 -0.0012814
10.47 -0.0024808
10.48 -0.0037771
10.49 -0.0050993
10.5 -0.0058444
10.51 -0.005409
10.52 -0.0044559
10.53 -0.0039262
10.54 -0.003494
10.55 -0.0025868
10.56 -0.0015437
10.57 -0.0007055
10.58 0.00019348
10.59 0.0011405
10.6 0.0018089
10.61 0.0020668
10.62 0.001998
10.63 0.0017996
10.64 0.0016779
10.65 0.0017139
10.66 0.0018111
10.67 0.0016432
10.68 0.0008889
10.69 -0.00027316
10.7 -0.0014891
10.71 -0.0028059
10.72 -0.0040408
10.73 -0.0045267
10.74 -0.0037258
10.75 -0.0018277
10.76 0.00033172
10.77 0.0022761
10.78 0.0037878
10.79 0.0045676
10.8 0.0045249
10.81 0.0037905
10.82 0.0026233
10.83 0.0013105
10.84 0.00011317
10.85 -0.00065737
10.86 -0.0010493
10.87 -0.001453
10.88 -0.0018968
10.89 -0.002136
10.9 -0.0021246
10.91 -0.0019192
10.92 -0.0016355
10.93 -0.0014794
10.94 -0.0014833
10.95 -0.0015427
10.96 -0.0015869
10.97 -0.0014925
10.98 -0.001071
10.99 -0.00026158
11 0.00068573
11.01 0.0012898
11.02 0.0013821
11.03 0.0013345
11.04 0.0016713
11.05 0.0026525
11.06 0.0038143
11.07 0.0042057
11.08 0.0037653
11.09 0.0032841
11.1 0.0032412
11.11 0.003551
11.12 0.0039414
11.13 0.0040995
11.14 0.0037261
11.15 0.0027776
11.16 0.0013303
11.17 -0.00072892
11.18 -0.0030613
11.19 -0.0044923
11.2 -0.0043979
11.21 -0.0033044
11.22 -0.0018011
11.23 -0.00018747
11.24 0.00094593
11.25 0.00089071
11.26 -0.000158
11.27 -0.001248
11.28 -0.0018431
11.29 -0.0018391
11.3 -0.0010841
11.31 0.00013348
11.32 0.0010601
11.33 0.0013432
11.34 0.0010329
11.35 0.00017557
11.36 -0.00092807
11.37 -0.0015539
11.38 -0.0011855
11.39 -9.5738e-005
11.4 0.00081672
11.41 0.001014
11.42 0.00064121
11.43 -7.7478e-005
11.44 -0.00099891
11.45 -0.0017994
11.46 -0.0022847
11.47 -0.0026709
11.48 -0.0030131
11.49 -0.0030337
11.5 -0.0025972
11.51 -0.0016982
11.52 -0.00027893
11.53 0.00131
11.54 0.0026382
11.55 0.0036066
11.56 0.0042917
11.57 0.00486
11.58 0.0054165
11.59 0.0059324
11.6 0.0063497
11.61 0.0065577
11.62 0.0062415
11.63 0.0051149
11.64 0.0033461
11.65 0.0016442
11.66 0.00053873
11.67 -0.00024541
11.68 -0.00083258
11.69 -0.0008271
11.7 -0.00076136
11.71 -0.0015254
11.72 -0.0023876
11.73 -0.0025475
11.74 -0.002243
11.75 -0.0019055
11.76 -0.0016671
11.77 -0.0013611
11.78 -0.00081398
11.79 -7.6534e-005
11.8 0.00045622
11.81 0.00044753
11.82 4.2597e-005
11.83 -0.0004467
11.84 -0.001027
11.85 -0.0018089
11.86 -0.0026194
11.87 -0.0029631
11.88 -0.0024058
11.89 -0.0012045
11.9 -0.00010293
11.91 0.00044066
11.92 0.00036939
11.93 -0.00018554
11.94 -0.00099838
11.95 -0.001842
11.96 -0.0024413
11.97 -0.0025107
11.98 -0.0021409
11.99 -0.0016474
12 -0.0011073
12.01 -0.00051963
12.02 -6.346e-005
12.03 8.7904e-005
12.04 -1.2676e-005
12.05 -0.00022355
12.06 -0.00043496
12.07 -0.00049232
12.08 -0.00024775
12.09 0.00011794
12.1 0.00030153
12.11 0.00031966
12.12 0.00026798
12.13 6.1426e-005
12.14 -0.00022558
12.15 -0.00026017
12.16 2.0656e-005
12.17 0.00049479
12.18 0.0013373
12.19 0.002582
12.2 0.0037945
12.21 0.0046115
12.22 0.0048628
12.23 0.0044421
12.24 0.0034285
12.25 0.0020175
12.26 0.00053466
12.27 -0.00049097
12.28 -0.00097638
12.29 -0.0010938
12.3 -0.00085503
12.31 -0.00045586
12.32 -0.00019923
12.33 -0.00020567
12.34 -0.00041365
12.35 -0.00080649
12.36 -0.0014654
12.37 -0.0022414
12.38 -0.002741
12.39 -0.0028931
12.4 -0.0030611
12.41 -0.0033227
12.42 -0.0033225
12.43 -0.0030797
12.44 -0.0029448
12.45 -0.0027442
12.46 -0.0020213
12.47 -0.00090968
12.48 -8.387e-006
12.49 0.00037748
12.5 0.00048467
12.51 0.00076133
12.52 0.0013828
12.53 0.0020278
12.54 0.0023474
12.55 0.0023343
12.56 0.0021198
12.57 0.0016853
12.58 0.0010295
12.59 0.00062156
12.6 0.0010665
12.61 0.0020999
12.62 0.0027421
12.63 0.0026291
12.64 0.0021072
12.65 0.0013962
12.66 0.00062624
12.67 -8.7169e-005
12.68 -0.00077482
12.69 -0.0013623
12.7 -0.0016369
12.71 -0.0015067
12.72 -0.00087731
12.73 0.0003769
12.74 0.0018945
12.75 0.0028183
12.76 0.0029803
12.77 0.0028686
12.78 0.0025464
12.79 0.0016477
12.8 0.00028913
12.81 -0.00089275
12.82 -0.001602
12.83 -0.0018127
12.84 -0.0015607
12.85 -0.0010939
12.86 -0.00068169
12.87 -0.00036901
12.88 -0.00016467
12.89 -0.00017265
12.9 -0.00036063
12.91 -0.00047442
12.92 -0.00021092
12.93 0.00059797
12.94 0.0016266
12.95 0.0020123
12.96 0.0013101
12.97 0.00010838
12.98 -0.00089894
12.99 -0.0017045
13 -0.0023669
13.01 -0.0026331
13.02 -0.002345
13.03 -0.0017129
13.04 -0.0011519
13.05 -0.00068353
13.06 3.8991e-005
13.07 0.00096397
13.08 0.0017183
13.09 0.0022835
13.1 0.0026667
13.11 0.0026571
13.12 0.0023418
13.13 0.0020995
13.14 0.0020991
13.15 0.0023107
13.16 0.002612
13.17 0.0028
13.18 0.0028037
13.19 0.0026243
13.2 0.0022782
13.21 0.0018231
13.22 0.0012301
13.23 0.00049183
13.24 -0.00029676
13.25 -0.0010199
13.26 -0.0015602
13.27 -0.0019142
13.28 -0.0020234
13.29 -0.0017045
13.3 -0.0011353
13.31 -0.00075039
13.32 -0.00080739
13.33 -0.0011847
13.34 -0.0016616
13.35 -0.0020342
13.36 -0.0023437
13.37 -0.0027125
13.38 -0.0030582
13.39 -0.0032343
13.4 -0.0032857
13.41 -0.0031382
13.42 -0.0024835
13.43 -0.0013707
13.44 -0.00043072
13.45 -0.00012161
13.46 -0.00019592
13.47 -0.00025815
13.48 -0.00023574
13.49 -0.00021137
13.5 -0.00020644
13.51 -0.0001974
13.52 -0.00019934
13.53 -0.00025421
13.54 -0.00035536
13.55 -0.00050547
13.56 -0.00075607
13.57 -0.00096191
13.58 -0.00083259
13.59 -0.00042359
13.6 -0.00017211
13.61 -0.00017466
13.62 0.00013137
13.63 0.0011509
13.64 0.0023884
13.65 0.003063
13.66 0.0029457
13.67 0.0024545
13.68 0.0021879
13.69 0.0022039
13.7 0.0020267
13.71 0.0013068
13.72 0.00028306
13.73 -0.00050625
13.74 -0.00086994
13.75 -0.0010173
13.76 -0.0010827
13.77 -0.0011029
13.78 -0.001079
13.79 -0.00091465
13.8 -0.00060534
13.81 -0.00035603
13.82 -0.00028767
13.83 -0.00030452
13.84 -0.00031223
13.85 -0.00032009
13.86 -0.00032337
13.87 -0.00024053
13.88 -7.3147e-005
13.89 -1.4705e-005
13.9 -0.00019047
13.91 -0.00049977
13.92 -0.00084146
13.93 -0.0011472
13.94 -0.0012943
13.95 -0.0011761
13.96 -0.00083402
13.97 -0.0004565
13.98 -0.00019086
13.99 -7.3035e-005
14 -8.6828e-005
14.01 -0.00013207
14.02 -7.6521e-005
14.03 0.00011507
14.04 0.00038644
14.05 0.00055528
14.06 0.00045146
14.07 0.00018469
14.08 -1.9736e-005
14.09 -7.8378e-005
14.1 -6.549e-005
14.11 -2.7743e-005
14.12 8.9499e-005
14.13 0.00031897
14.14 0.00059753
14.15 0.00082333
14.16 0.0009147
14.17 0.00082075
14.18 0.00058064
14.19 0.00030516
14.2 7.0993e-005
14.21 -9.8864e-005
14.22 -0.00020821
14.23 -0.00028066
14.24 -0.00033529
14.25 -0.00038318
14.26 -0.00044255
14.27 -0.00051636
14.28 -0.00057238
14.29 -0.00058715
14.3 -0.00056396
14.31 -0.00049099
14.32 -0.0003473
14.33 -0.00016385
14.34 -1.6146e-005
14.35 5.8148e-005
14.36 7.6493e-005
14.37 7.6411e-005
14.38 8.0477e-005
14.39 9.0049e-005
14.4 9.6559e-005
14.41 8.9791e-005
14.42 7.1522e-005
14.43 5.3906e-005
14.44 4.0923e-005
14.45 3.5316e-005
14.46 5.2008e-005
14.47 0.000101
14.48 0.00016388
14.49 0.00021567
14.5 0.00024202
14.51 0.00023718
14.52 0.00021231
14.53 0.00018244
14.54 0.00015607
14.55 0.00013789
14.56 0.00012854
14.57 0.00012399
14.58 0.00012058
14.59 0.00011919
14.6 0.00012132
14.61 0.00012516
14.62 0.00012796
14.63 0.00012837
14.64 0.00012543
14.65 0.00011958
14.66 0.00011287
14.67 0.00010658
14.68 0.00010062
14.69 9.4766e-005
14.7 8.911e-005
14.71 8.374e-005
14.72 7.845e-005
14.73 7.2943e-005
14.74 6.7064e-005
14.75 6.0814e-005
